NA NA 0.08106554 0.09756056 0.1944882
0.1233211 NA NA NA NA
0.1305355 NA 0.08460294 0.08196609 0.1706968
NA 0.06849458 0.1309624 0.2039017 0.2452785
0.1069408 NA 0.07783883 0.07916625 0.1264066
0.1635024 -0.01926141 0.02771011 0.1622268 NA
NA 0.1470371 0.06532902 0.1766773 0.04885097
0.06984578 0.1586376 0.1361521 0.02148488 0.1620049
0.1645439 0.08676015 0.2594883 0.1177236 0.0960556
0.08063139 0.04055939 0.031924 0.07546744 0.01470971
0.1218809 0.1052516 0.03939829 0.2188599 0.06741479
0.1684327 0.07034664 0.04435717 0.1328409 0.02121095
0.105046 0.1110031 0.09324905 0.04097428 0.01200955
0.04189305 0.04921303 0.2172399 0.04219802 0.001794945
0.06574398 0.02415853 0.04954844 0.2078501 0.0808304
0.05544586 0.1356256 0.0709707 0.1327278 0.04786534
0.04861356 0.09940567 0.02006408 0.05651964 0.01590365
0.01103397 0.01179093 0.06245236 0.06235634 0.09304566
0.02182417 0.03520884 0.005743826 0.0004154736 0.0202245
0.005996853
