0.1246181 NA NA NA 0.3011636
NA NA NA 0.3030108 NA
NA 0.1246181 0.1390817 NA NA
NA 0.1132917 NA 0.2650229 0.04953718
0.1910505 0.1207396 NA 0.2819882 0.1707772
-0.009492136 -0.01861792 NA 0.1820466 0.03708162
0.1024767 0.1832571 -0.01709316 0.01275745 0.0228023
0.2209814 0.1051674 0.1109457 0.1462081 0.2435113
0.1599158 0.08398509 0.1191289 0.07923417 0.06060483
0.03707353 0.02324481 0.07200043 0.09473595 0.1365805
0.01282082 0.06676044 0.1017338 0.05487174 0.2542303
0.04001889 0.08726248 0.1865 0.1436004 0.21194
0.02531354 0.1660729 0.1015675 0.02593672 0.04746822
0.0821038 0.06696328 0.1126426 0.1035362 0.1308717
0.04084733 0.117364 0.09767428 0.1687118 0.1437789
0.04539221 0.09698135 0.1697218 0.01047702 0.07325601
0.02766421 0.03418352 0.09035379 0.01221297 0.02633162
-0.001108283 -0.008988012 0.03589293 0.07643754 0.03400107
0.02267591 0.005019316 0.03673856 0.01803597 -0.001060705
0.009995894
