0.07275928 0.08944328 NA NA 0.1188047
NA 0.2746047 NA NA NA
0.1706968 NA NA NA NA
NA 0.200011 0.0484483 0.1271606 0.2496911
0.2269854 0.07112792 0.1002157 NA 0.1119999
0.05487678 NA NA NA 0.08098146
0.3250758 0.1705655 0.1191267 0.1664918 0.05155377
0.1027682 0.05407743 0.2562687 0.005193148 -0.03882078
0.1170549 0.0565418 0.08424915 NA 0.0536414
0.06993862 0.2751748 NA 0.1017383 0.1495119
0.249474 0.125258 0.126687 0.1605221 0.08931243
0.05543837 0.05863652 0.1853951 0.09385193 0.1343324
0.09156369 0.02476899 0.07160157 0.07841257 0.1747421
0.015062 0.02511439 0.09914923 0.03611337 0.02926718
0.02416845 0.09919446 0.07904765 0.2250481 0.0809705
0.07652891 0.141585 0.0432991 0.05268173 0.1331515
-0.002237973 0.03495996 0.006355287 0.01421708 0.01079884
0.07609645 0.04637378 0.02976606 0.0870241 0.09700037
0.01636024 0.06516606 0.02108417 0.01034735 0.06804515
0.04754981
