0.2012226 NA NA NA 0.1246181
0.0742234 0.1987224 NA 0.197395 NA
NA NA 0.1944882 0.1729759 NA
NA 0.06410106 -0.04749622 0.2635885 0.09528413
0.1258951 NA 0.09447631 0.01813019 0.1602601
-0.06616112 0.06656294 0.1474488 0.04043973 NA
NA 0.1162706 0.06815934 0.06683536 0.1275115
NA 0.1169561 0.07540254 0.07619039 0.03375534
0.05859687 0.1472987 0.1305931 0.1480169 NA
0.2073058 0.1067305 0.06496037 0.03645406 0.0001422162
0.1488558 0.05909881 0.1809422 0.09667463 0.1872744
0.05347962 0.0394103 0.07930456 0.04953547 0.08075728
0.215476 0.09329582 0.01627492 0.158089 0.06742294
0.04137411 0.09381401 0.04641389 0.0569869 0.1679152
0.1398929 0.1057936 0.01181179 0.17384 0.01431125
0.1334218 0.1045871 0.01230862 0.1507093 0.03829326
0.07715384 0.04970688 0.04881907 0.03350008 0.006833812
-0.016273 0.04305576 0.0148866 0.07870504 0.02959233
0.009955619 0.04962142 0.05033379 0.03101856 0.05767009
0.02409815
