NA 0.04763982 NA NA 0.1033973
NA NA NA 0.1316197 0.197395
0.2007394 NA 0.1056105 0.09188314 NA
NA 0.1343209 -0.051716 0.06109901 0.112519
0.2131871 0.1036485 0.05571798 -0.02934323 0.1265425
0.1597774 0.2351549 0.1663469 0.2053624 -0.03975464
NA 0.0816878 0.2548793 0.01837275 0.07745572
0.2803451 0.118979 0.04989945 0.03559185 0.1096742
0.08698846 0.15023 0.1718802 0.1802856 0.05572947
0.09029516 0.1878747 0.1054531 0.03305163 0.2707112
0.2486348 0.1751114 0.09245721 0.1330177 0.169306
0.1168541 0.1646636 0.1001979 0.05013074 0.1283815
0.07597297 0.04114099 0.2452081 0.09736446 0.06484693
0.122858 0.09432736 0.06430685 0.04311793 0.1111071
0.08303447 0.08376775 0.09340107 0.03654306 0.02243251
0.1514164 0.06827759 0.06647408 0.0739086 0.08434029
0.04667835 0.02330946 0.0257486 0.008900577 0.03927568
0.05521079 0.06280446 0.04876267 0.04382653 0.04532412
0.07386337 0.01137695 0.01055028 -0.001137073 0.03962577
0.007418857
