0.1007857 NA -0.06213769 -0.0287722 NA
NA 0.1334821 NA NA 0.05766518
NA NA NA NA 0.1316197
NA 0.09329481 0.1873984 0.1196086 0.1069115
0.1075344 -0.02368353 NA 0.009048245 0.1216465
NA 0.2304517 0.2766883 0.2884944 0.2515201
0.02632855 0.1219811 0.1197304 0.05720472 0.07258963
0.1559062 0.0929136 0.09907583 0.05725896 0.2171031
0.09247342 0.001086766 0.06559818 0.08867827 0.0551882
0.08128361 0.08388897 0.07007059 0.04495079 0.09735494
0.07693262 0.2010053 0.05529849 0.0514001 0.1123704
0.0812692 0.1666633 0.1433233 0.07660171 0.04928252
0.1491063 0.08983601 0.01604044 0.09865841 0.06975294
0.06555883 0.01090202 0.08451467 0.1917011 0.09610974
0.05356726 0.04116112 0.06970807 0.206869 0.0940154
0.04611605 0.1211411 0.02834524 0.02181061 0.09576389
0.04031168 0.09828912 0.02831907 0.0152992 0.08809868
0.02063509 0.007994729 0.07534887 0.03405064 0.09279977
0.07916752 0.05635281 0.05758311 0.02842598 0.03354358
0.1143797
