NA NA 0.153785 NA NA
0.04043973 0.01818749 0.1939246 NA 0.03446962
NA NA 0.1033973 0.1246181 NA
NA 0.1163683 0.2992568 NA 0.04399604
0.08690849 0.01616367 0.1939246 0.09820482 0.06167138
NA 0.01706426 -0.02968973 0.12814 0.0427196
0.1364947 0.2552736 0.07535211 0.08644709 0.1283057
0.09229637 0.05126781 0.06047696 0.1662693 0.01487231
0.06476321 0.1051884 0.1295718 0.1283637 0.2337234
0.2926587 0.08510359 0.05451925 0.1486756 0.02975409
0.2290196 NA 0.1657136 0.0887619 0.1113776
0.083574 0.04125166 0.08061955 0.2102059 0.07068644
0.238744 0.07606663 0.060794 0.05111599 0.1287133
0.03907028 0.1055124 0.06763633 0.05938436 0.1086288
0.02898191 0.1147424 -0.0004633627 0.03916902 0.0492249
0.1009123 0.05067319 0.07291494 0.01938772 0.141426
0.002783433 0.0254823 0.1117357 0.02369964 0.01862421
0.01183302 0.07719635 0.03634919 0.01425151 0.004055106
-0.01244933 0.09738222 0.007520586 0.00490049 0.01182153
0.02267398
