NA NA 0.1563156 0.172059 0.1944882
NA NA NA NA 0.1286192
NA NA NA 0.09750241 NA
0.1033973 0.07788863 0.1535206 0.09278902 0.2565433
0.08505298 NA 0.03442011 0.1735992 0.02923402
-0.0400177 NA 0.03734976 0.0476826 0.2358605
0.2439399 -0.002436546 0.2165863 0.1097827 0.09991868
0.1666276 0.03080781 0.0104615 0.01969235 0.2052314
0.2527457 0.1213116 0.07111039 0.03636224 0.0338061
-0.007299849 0.1421603 0.1098344 0.09605608 0.1755904
0.01104217 0.002009721 0.1490814 0.1478642 0.07410093
0.06932691 -0.02476928 0.1274715 0.03664505 0.1811918
0.0005747693 0.06103553 0.1405648 0.0422131 0.1140025
0.08503003 0.06076057 0.1200271 0.101371 0.1056273
0.06185536 0.009149111 0.09499359 0.05510729 0.1021524
0.1785104 0.109674 0.03509796 0.04299843 0.1109384
0.04782289 0.01521791 0.02879303 0.02897364 0.08465381
0.05701299 0.05684662 0.03507635 0.03249145 0.01141351
0.004653081 -0.01570325 0.01739668 -0.01404016 -0.006238437
0.01566492
