0.1579663 NA NA NA NA
NA 0.3037002 0.1099102 0.1148042 0.2025245
0.1413716 NA -0.01654773 0.05466305 0.1939246
NA 0.01384559 0.2200093 0.1167027 0.1312092
0.1780101 0.2131297 0.2024545 0.07686631 NA
0.03935426 0.08613285 0.09195236 0.04520765 NA
0.09552807 0.1751923 0.1388983 0.1085083 0.08819966
0.1399008 0.05944262 0.168622 0.07432819 0.09570413
0.0164324 0.2570482 0.1299512 0.1308165 0.1202825
0.06946814 0.002740284 0.2526067 0.05847132 0.01790729
0.06856938 0.1463636 0.02555759 0.1958945 0.05131051
0.1331068 0.12805 0.2242758 0.1060134 0.1255772
0.2425414 0.08693018 0.174915 0.04853085 0.0569648
0.0392916 0.1043445 0.02782159 0.09305419 0.052705
0.1634853 0.05217333 0.0103835 0.08340969 0.08579194
0.06114074 0.2140608 0.1353564 0.0534399 0.01787832
0.01778971 0.00248065 0.08566566 0.08689315 0.04784928
-0.004678219 0.03208759 0.1042546 0.1326578 0.01408845
0.03219072 0.003045833 0.04551948 0.04278423 0.06643817
0.004805736
