0.1942937 0.06151468 NA NA NA
NA NA NA 0.03836442 0.1522437
0.1503228 NA 0.2388795 0.1246181 0.1033973
NA 0.1248566 -0.02004784 0.2162916 0.03260909
0.1472688 NA 0.1342642 0.02077699 0.06490039
NA 0.0871407 0.08097121 NA 0.1343826
0.1398562 0.08123598 0.2832912 -0.002466897 0.07410842
-0.06059737 0.1519967 0.06954128 0.01982251 0.07404854
0.1358935 0.01757079 0.1522834 0.1543395 0.04181362
0.1276247 0.121938 0.03446962 0.1468287 0.02244489
0.1003274 0.07564178 0.1176517 0.04326146 0.1835511
0.08796973 0.1090346 0.02128595 0.1452867 0.07256215
0.1084955 0.06930704 0.08049431 0.1453445 0.03590375
0.04687645 0.04242528 0.07845233 0.02046135 0.04134159
0.07600764 0.1133761 0.2109139 0.01686387 0.07859599
0.05280952 0.05774954 0.02935235 -0.005976851 0.08606521
0.03701485 0.05091907 -0.006846488 0.008221666 0.02510997
0.05113625 -0.001288335 0.02992022 0.005709192 0.03498745
0.01311116 0.07099815 0.03114608 -0.009208877 0.03273622
0.05743324
