NA NA 0.1760977 0.2604475 0.2211205
0.08200224 0.03735745 NA NA NA
NA NA NA NA NA
NA 0.0696198 0.1178444 0.056856 0.05189869
-0.01949226 0.1202397 0.09900286 -0.06482267 0.06323126
-0.009138242 0.03774294 0.08809041 NA 0.1097179
0.08934538 0.1423289 0.06275234 NA 0.230217
0.1763252 -0.01725252 -0.02701653 0.09882588 0.1116842
0.2178516 0.07563167 0.09910318 0.1998892 0.1076437
0.09756056 0.06540727 0.1912118 0.06242319 0.1949083
0.05981298 0.1163196 0.01013684 0.04562293 0.1328053
0.175464 0.02268534 0.1119265 0.2337646 0.0318607
-0.007394713 0.2046778 0.03473109 0.08717712 0.06560902
0.0196655 0.1143961 0.1418914 0.1238637 -0.003970209
0.09517901 0.116837 0.03269351 0.129349 0.01525193
0.04413217 0.03886045 0.1184231 0.05977817 0.08399896
0.01933876 0.01132096 0.02160852 0.005603614 -0.001100155
0.07073176 0.04263638 0.0180563 -0.00647921 0.02590807
0.05508343 0.04058049 0.04460396 0.0180699 0.01812436
-0.002563455
