0.1454911 NA 0.1978993 NA NA
NA NA 0.1030786 0.09756056 NA
NA NA NA NA NA
NA 0.2386192 0.1303739 0.03723268 0.2907384
0.07732202 0.1810283 0.1474193 0.1015331 0.07624503
0.2283168 0.05863439 0.1143562 0.1677387 NA
0.1643577 0.08932648 0.09599752 0.0138333 0.06072049
0.07191795 0.05538521 0.22916 0.05917375 0.05676561
0.01918066 0.2380592 0.2808057 0.2299186 0.2614409
-0.02893241 0.2649905 0.08378622 0.1108183 0.1872834
0.05931372 0.08128589 0.03218512 0.2437378 0.2520398
0.03739808 0.03218304 0.05177119 0.1001545 0.1129467
0.1376853 0.02788406 0.02347832 -0.03307353 0.1218672
0.09211956 0.06703814 0.06399191 0.03460015 0.03639015
0.06691009 0.03204088 0.1280087 0.0267349 0.03974241
0.07735113 0.03028772 0.01137995 0.06554254 0.02049443
0.02871472 0.03912032 0.03912036 0.03260975 0.01504145
0.01887662 0.01771346 0.0256784 0.02365235 0.04166983
0.05353697 0.04425529 0.03358725 0.05662221 0.02840449
0.04106547
