NA 0.2247481 0.1134129 0.1105138 0.1282209
NA 0.1316197 0.1939246 NA 0.1511582
NA NA 0.1175314 NA NA
NA 0.1299696 0.2160032 0.08173113 0.2905719
0.05325679 0.1399516 0.1385946 0.1498204 0.2100716
NA 0.09845953 NA 0.1268355 0.01205444
0.23878 0.3452212 -0.009961022 0.3082941 0.03247549
0.1502439 0.1389402 0.09318177 0.0286069 0.1514032
0.004476105 0.08687044 0.2035903 0.15804 0.04890887
NA 0.08205569 0.2553012 0.1803377 0.1084831
0.02271552 0.1496261 0.08010592 0.1368369 0.1737793
0.08216819 0.07625663 0.1523979 0.03097 0.02807137
0.05282309 0.04651208 0.0319843 0.1753143 0.08084397
0.1283873 0.07135092 0.08422224 0.0525916 0.1239367
0.02390603 0.08547183 0.01284284 0.08386121 0.02282768
0.1104977 0.1015354 0.04688698 0.009256675 0.056788
0.08560625 0.05104144 0.02082113 0.02278936 0.02370973
0.0467248 0.05211549 0.04998079 0.04699629 0.01565111
0.02000012 0.1152175 0.009052754 0.0376762 -0.01508125
0.0681213
