0.09756056 NA NA 0.1706968 NA
NA 0.1329139 0.189769 0.1550338 0.01756756
NA NA 0.2300159 NA 0.1099102
0.1041131 0.09756056 0.1901342 0.08436999 0.06988246
0.2954662 0.2854233 0.07823913 0.06536884 0.03566635
NA 0.1689434 0.3109866 0.2918741 0.1477719
0.06512173 0.1129494 0.01443273 0.02644227 0.2066876
0.1051402 0.04014309 0.28536 0.03044681 0.1788922
0.2532257 0.009685774 0.06545302 0.239841 0.06194763
0.142857 0.07446997 0.07002026 0.2773528 0.02450929
0.08671512 0.02575291 0.06724378 0.03621248 0.03813857
0.1207937 -0.0281932 0.06421683 0.1192447 0.002583755
0.03058055 0.05934229 0.1324933 0.2013497 0.07063832
0.02350169 0.01436866 0.05829448 0.1238742 0.1982219
0.05617738 0.06183437 0.119224 0.1033799 0.01589899
0.02643922 0.04170115 0.02008081 0.1269272 -0.003691393
0.05300877 0.01276273 0.03002543 0.03663914 0.06161052
0.04561118 0.02139355 0.09963991 0.03846606 0.03774342
0.06054211 0.02988975 0.03425205 0.01204387 0.004625366
0.04453645
