NA NA NA NA NA
0.08944328 NA 0.1082915 0.03586616 0.1978993
0.0888748 NA 0.2762468 0.09756056 NA
NA -0.0463983 0.1533758 0.2799903 0.1864127
0.2264927 0.1316197 0.1684794 0.03778642 -0.06254984
0.09185233 NA 0.3163038 0.1215786 NA
0.3174012 NA 0.2247113 0.1098528 0.08062648
0.07760088 0.1337133 0.03991707 0.2579373 0.2399705
0.03667896 0.2353036 0.007175654 0.07634756 0.03952574
0.04498702 0.04143231 0.07621014 0.0005709014 0.0715579
0.1010883 0.1698663 0.2019401 0.1170637 0.2178187
0.04880141 -0.01535245 0.1609068 0.06297687 0.06288341
0.03316391 0.1513173 0.09947067 0.1623508 0.09366016
-0.006706271 0.08071491 0.05764162 0.0410624 0.09962445
0.1112933 0.04263096 0.01429552 0.05006315 0.02330192
0.0774586 0.01416137 0.04750741 0.0178713 0.1266849
0.01177146 0.05846617 0.04029467 0.05303204 0.09177714
0.09206353 0.03630215 0.06816407 0.03963314 0.0861474
0.009470798 0.06771996 0.01588721 -0.0002539551 0.05301245
0.04146214
