0.141892 NA 0.1229911 NA NA
0.1334989 NA NA 0.09756056 NA
NA NA NA 0.3011636 NA
0.1503228 0.02694211 0.19044 0.1178717 0.2751525
-0.02761881 0.2309672 0.2028372 0.03090891 0.1323164
0.1711059 NA NA 0.1609311 0.1811783
NA 0.1091265 0.07639563 0.1401671 0.04169847
0.0730995 0.08212362 0.04298742 0.04704967 0.04807133
0.1511582 0.1508374 -0.002833225 0.03672006 0.1385262
-0.02514085 0.01565347 0.0007543601 0.1093354 0.1319505
0.07946351 -0.04630521 0.08011453 0.2317653 0.03143355
0.2562686 0.1085922 0.1881672 0.1739948 0.0243182
0.1754202 0.1368032 0.05958995 0.0494462 0.05820387
0.1314612 0.06949083 0.06566632 0.1543809 0.004249754
0.04816802 0.1056122 0.04786284 0.01116515 0.03206365
0.06997623 0.006894381 0.01704148 0.107849 0.06824059
0.04730695 0.01392042 0.06664434 0.04347753 -0.002233854
0.01475656 0.04506973 0.02085499 0.09154019 0.03200631
0.04053039 0.01806629 0.07519303 0.07694084 0.002687973
-0.002108306
