0.305804 0.0974824 0.05067749 NA NA
0.09756056 NA NA 0.2118818 NA
NA NA NA NA NA
NA 0.08561006 0.1593357 0.1516708 NA
0.02971177 -0.001130176 0.2673381 0.05183722 0.2481468
0.0908661 0.2055651 0.1726885 0.1286192 0.1441176
NA 0.2090063 0.1697085 0.1198674 0.1027892
0.2860158 0.09044291 -0.01014542 0.07406334 0.2390296
0.0734905 0.1828243 0.07629855 0.05609967 0.01195715
0.09596043 0.04242339 0.03361249 0.04007757 0.03167845
0.07780749 -0.005437055 0.08725913 0.1889366 0.04243781
0.0699503 0.1069621 0.02266682 0.1798115 0.02931122
0.08288555 0.04119783 0.1692772 0.08929274 -0.007350932
0.1291036 0.07950271 0.08671193 0.04671008 0.0989764
0.1031213 0.02878886 0.08017626 0.04641318 0.07158483
0.0635433 0.1823407 0.1097781 0.1756235 0.05519329
0.03746382 0.03244515 0.02514553 0.04380933 0.0250375
0.07751573 0.004380473 0.02732917 0.03515068 0.06053249
-0.01414778 0.03001442 0.03893114 0.008158728 0.01470483
0.007770137
