0.1251068 0.08944328 0.08176675 NA 0.09809743
0.1251068 NA NA NA NA
NA NA NA NA NA
NA 0.04595382 0.03922048 0.0388542 NA
0.09249417 0.204319 0.1503228 -0.04585556 NA
0.01951957 0.07251433 NA 0.08228875 0.13499
NA 0.124924 0.1091811 0.08195923 0.1703724
0.2737314 0.05727303 0.1983458 0.1424147 0.2426903
0.06769459 0.06790739 0.08334221 0.150724 0.1443392
-0.05337224 0.02131843 0.1409471 -0.006860554 0.1597471
0.09590738 0.2392469 0.1168611 0.03992946 0.08682338
0.1161712 0.1082955 0.05356482 0.2561958 0.2227576
0.07015173 0.07398115 0.02981194 0.1552258 0.08387332
0.05532768 0.04476537 0.1215913 0.06979507 0.07525806
0.06353497 0.1267416 0.08779107 0.1406916 0.1442518
0.1235437 0.07500701 0.100829 0.09917853 0.1044548
0.06866944 0.04426233 0.009487233 0.03904467 0.01827247
0.01844601 0.1347128 0.006948464 0.008012569 0.1279474
0.02034515 0.09298025 0.04374777 0.007046731 0.01316394
-0.008957431
