0.04098247 0.05129449 NA NA 0.1706968
NA NA NA 0.05183722 0.1316197
0.1511582 0.1316197 NA NA 0.200011
NA NA 0.08396905 NA 0.04294965
0.268514 0.1865901 0.04167426 NA 0.1247541
0.2732695 0.1808156 0.1353839 0.0329529 0.125516
NA 0.1147948 0.02277121 0.1514805 0.1134708
0.1529623 0.03711443 0.2219011 0.01445192 0.3120399
0.1881977 NA 0.06385584 -0.004797629 0.07724918
0.1569718 0.2847281 0.07835863 0.1413591 0.1222161
0.1461321 0.1766906 0.03796409 0.05982075 0.07441424
0.1296355 0.05043893 0.2009628 0.1240488 0.1055293
0.1166915 0.1667494 0.176829 0.03003995 0.1364199
0.0681275 0.04867812 0.0585987 0.08636022 0.06042029
0.1293323 0.04740254 0.09907029 0.09570262 0.07060537
0.01541468 0.02210447 0.08653903 0.05074387 0.2002299
0.1147856 0.008468616 0.03710995 0.05528069 0.02358619
0.04734921 0.01907245 0.06924302 -0.009521132 0.03479126
0.01679748 0.03852028 -0.007440408 0.01508177 0.02492617
0.0009183523
