NA 0.1976736 0.09756056 0.1118902 NA
0.2937482 NA NA NA 0.06857416
NA NA 0.1294487 NA NA
0.02268768 NA 0.3080753 0.2996547 0.160249
0.07893407 NA NA 0.3201475 0.07255864
0.215184 0.1146325 0.03153387 0.1844029 -0.01977905
0.1405775 0.1156726 0.268006 0.03632187 0.1682811
0.1000778 0.2272664 0.05219702 0.1087201 0.0830104
0.04843311 0.09918662 0.08399805 0.2593922 0.219976
0.07824729 0.1050689 0.1070036 0.08025281 0.2539792
0.06334946 0.08463301 0.03802306 0.08103754 -0.04035014
-0.001399354 0.01942603 0.2476144 0.1911318 0.08032465
0.1135812 0.0509758 0.02421028 0.01735929 0.02116241
0.1064545 0.06424845 0.08441056 0.1147868 0.05084255
0.01509881 0.03433171 0.01378708 0.118128 0.07649526
0.02762637 0.07806841 0.02410626 0.1321153 0.1006947
0.01343677 0.03190783 0.1350882 0.04069396 0.0499315
0.05144712 0.1058763 0.005521368 0.04545414 -0.0008960851
-0.003880815 0.00658444 0.1837819 0.09475457 0.05325149
0.03183385
