NA NA 0.08944328 NA 0.1033973
-0.06485138 0.1757822 NA 0.08944328 NA
NA 0.1511582 NA NA 0.2553165
NA 0.05815027 NA -0.007825049 0.2141654
0.06236693 0.1736419 0.0484009 0.01245368 NA
0.2541498 0.1772341 -0.03868508 0.2273276 0.2910496
0.1391642 0.133208 0.1001591 0.1323213 0.1112977
0.1142356 0.1490476 0.1189275 0.06543786 0.1846371
0.1275961 0.04203802 0.09007618 -0.006939038 0.08405967
0.05454825 0.2541318 0.1343731 0.2233109 0.1253819
0.09584975 0.1710408 0.05430703 0.0880985 0.02990892
0.1194426 0.2412031 0.141216 0.06673907 0.09518403
0.1415677 0.08423978 0.1834961 0.08077894 0.01062848
0.1000006 0.1173257 0.09558858 0.0481179 0.06909442
0.05703132 0.05686708 0.05164628 0.01404332 0.09384779
0.1000217 0.08988313 0.06634389 0.04915186 0.02559618
0.01831501 -0.01579161 0.04008975 0.02041317 0.01508252
0.0586783 -0.006364691 0.05045497 0.01976598 0.01537374
0.02953032 0.03801278 0.00230494 0.03819004 0.09615973
0.00877205
