0.1583342 0.1680412 NA NA NA
NA 0.05550822 NA NA NA
0.1706968 NA -0.01591985 0.141892 NA
NA 0.1246181 0.1973896 0.01106473 0.03614453
0.2750409 0.2984306 0.04640985 0.2007394 0.0100316
0.08521025 0.2626874 0.1179325 0.1684994 0.2098871
NA 0.07679165 0.06915385 0.08706798 0.05800358
0.1690374 0.1666486 0.2423906 0.06473376 0.1128199
0.1643933 0.02550327 0.1774811 0.1039352 0.2915868
0.1409616 0.04509246 0.04698042 0.1278545 0.1883649
0.1610492 0.145998 0.001738175 0.1348986 0.1757344
0.03045481 0.0999228 0.07349046 0.156569 0.04752595
0.08553936 -0.04273217 0.1539057 0.0780964 0.09420901
0.08026227 0.03324402 0.1123925 0.03041427 0.05717987
0.1259119 0.08253926 0.1376835 0.1070156 0.1399074
0.06416249 0.02110787 0.06913153 0.03394566 0.1016024
0.02567409 0.05224253 0.10126 0.07936393 0.01509019
0.003908831 0.00360037 0.04084123 0.003320897 0.0618176
0.05480648 0.02781664 0.03574061 -0.001389355 0.08576623
0.09034519
