NA NA 0.1939246 NA 0.1706968
NA NA NA NA 0.1838755
NA 0.1706968 0.09756056 NA 0.1316197
0.1404776 0.1543443 NA 0.1186769 0.2580334
0.004222274 0.0650339 0.1204418 0.08133277 0.2380945
0.01233028 NA 0.1640461 0.2605953 0.1596263
0.08518436 0.1205544 0.05654443 0.1464906 0.07444088
0.06488741 0.1390745 0.01198328 0.1011647 0.1940333
0.0583222 0.1282173 0.1624784 0.03666676 0.2643928
0.2878447 0.06612513 0.1754085 0.1229168 0.1537837
0.2092971 0.05709186 0.1268418 0.17425 0.1036041
0.1289069 0.1052946 0.02338023 0.2095952 0.164575
0.1378318 0.1016541 0.1134035 0.0934054 0.0918086
0.0895533 0.04975509 0.04720614 0.0972578 0.05393943
0.01747138 0.031963 0.03929817 0.1217984 0.05735905
0.1227167 0.07638935 0.1310513 0.1076164 0.1059323
-0.002118654 0.01958677 0.1047024 0.1141371 0.04566045
0.04515611 0.02171023 0.03336336 0.0362039 0.07566393
0.01709742 0.06758091 0.05540125 0.02622241 0.008618801
0.007036495
