NA 0.3030108 NA 0.1089634 NA
NA NA NA 0.1997027 NA
0.1706968 NA 0.1944882 0.1511582 0.200011
NA 0.2287186 0.2257755 0.1887949 0.05543744
0.1465555 0.1211367 0.05683062 0.002358592 0.1370345
0.1458125 0.07322377 0.08146219 0.1006593 NA
0.09467991 0.1064145 0.1363632 0.1025792 0.07609118
0.1944674 0.1997812 0.05903244 0.03713493 0.01472069
0.08256824 0.2401464 0.04304137 0.05147135 0.1290387
0.03003008 0.3017259 0.07969052 0.0463866 0.1544467
0.1377248 0.2359198 0.005130136 0.03962818 0.0667813
0.07085496 0.0896952 0.08461263 0.0476307 0.06349072
0.0585995 0.06783419 0.06927994 0.106136 0.1282073
0.1278176 0.1289016 0.07292037 0.06240492 0.03770147
0.1947836 0.03454223 0.0627708 0.04958995 0.03181311
0.04659833 0.03829943 0.1309666 0.02994777 0.0105978
0.08715659 0.02792991 0.07817964 -0.01004464 0.000242487
0.02005238 0.07187206 0.09880733 0.04136984 0.0633459
0.01853584 0.02230779 0.03883413 0.03165817 0.0031846
0.03834877
