NA NA 0.1770238 NA 0.1976736
0.03568058 NA 0.1316197 NA NA
0.141892 0.2762468 NA 0.1309624 NA
NA 0.1289356 0.0426748 NA NA
0.08944328 0.2898407 0.1769181 0.1226555 0.0154294
0.09525624 0.1164789 NA NA 0.1459803
0.1805188 NA 0.1522901 0.007339804 0.02997342
0.06075676 -0.02691084 0.03860185 0.125654 0.08370344
0.09381512 0.031584 0.1417109 0.07718166 0.2555259
0.1449663 0.1969885 -0.003012561 0.158579 0.09966273
0.0964089 -0.001866344 0.05011378 0.1508025 0.03331982
0.01958268 0.09698185 0.1024642 0.1476097 0.05598975
0.180872 0.2413878 0.02739936 0.07759425 0.04228356
0.08757648 0.09124632 0.07232489 0.00950637 0.01536728
0.1136453 0.0448086 0.05023756 0.08243304 0.04569772
0.01525305 0.07098193 0.04853311 0.05208178 0.1715534
0.06125117 0.07785214 0.04866938 0.05979252 0.04715098
0.05412258 0.02367967 0.02474157 0.008864381 0.03888596
0.0478287 0.04185196 0.01311096 0.0321071 0.02665587
0.009196872
