"quartet" "wQuartet" "cluster" "phylo" "mutual" "shared" "clusterNorm" "wNrqs"
"mb49" 0.785714285714286 0.827889886854077 0.225812436212743 0.785495303083083 0.187110976259026 0.0915509038585952 0.102750240146454 0.179271106860673
"mb50" 0.631687623704937 0.744075395037308 0.238703462729965 0.11871988062196 0.155442992483498 0.0904878925984507 0.200646815295541 0.15552548983748
"mb51" 0.76695584956124 0.814197544138836 0.238720013750736 0.602666408595099 0.183256722878753 0.11620503992606 0.14202906322134 0.190101527412221
"mb52" 0.686746987951807 0.730950974601299 0.203051010932645 0.686534407390557 0.157083793397766 0.0746664058080668 0.0757440373586048 0.130019253076891
"mb53" 0.686427966737749 0.723992698273488 0.214285977251217 0.293651743181199 0.145947770259547 0.0899236133229855 0.155849086262022 0.145352355055915
"mb54" 0.634146341463415 0.727058465749259 0.198421101396069 0.633907678652695 0.148767171945797 0.0674211841166024 0.0695541044105983 0.0997132315624596
"mb55" 0.771796054815805 0.795074266284896 0.220071216047623 0.618885890257127 0.176483413474612 0.103868325761527 0.121350644209325 0.158040175990973
"mb56" 0.754023145367585 0.789507654971213 0.200569455673719 0.582980915541425 0.152582217018228 0.0854347414094371 0.0993804213609249 0.143663752938659
"mb57" 0.833333333333333 0.890928657340001 0.222796692978759 0.833176063695861 0.188076980733391 0.0923559891703991 0.0992551247260579 0.171456256411955
"mb58" 0.726190476190476 0.827965112286244 0.212318676851881 0.725953078157694 0.168505966291621 0.0802968880520251 0.0871115591441051 0.158298821351947
"mb59" 0.867080531826772 0.834799963712238 0.190197662511694 0.796349102894468 0.153779179102469 0.100852932309421 0.0873859234151246 0.120557811895693
"mb60" 0.731088078430446 0.741092762002825 0.205657512349503 0.445392155376983 0.153126135512376 0.0908963544390034 0.119811033670267 0.129810550664037
"mb61" 0.829481443478745 0.853502451601022 0.226374389441721 0.702003250748826 0.179422757419695 0.110802818270905 0.128451650552616 0.19529885114463
"mb62" 0.695121951219512 0.758914358484559 0.198864870183334 0.500603579261321 0.155432339793265 0.0719549822961442 0.0688200726980005 0.123755401793309
"mb63" 0.776810711734982 0.793166011490777 0.229245582471035 0.461252051337379 0.1681702692717 0.107278312083212 0.15528242924207 0.170785860552294
"mb64" 0.94047619047619 0.967659521435693 0.232373828704458 0.940399049234027 0.198790312697259 0.0989638604105716 0.110354609052481 0.224964439691506
"mb65" 0.776657073614655 0.803075279031109 0.228443011058536 0.520240897281445 0.171721148209419 0.10578177768561 0.14480853870102 0.175961681737509
"mb66" 0.626060868758853 0.721555410581684 0.220315766247435 0.117772613201781 0.142475627942552 0.0686127074605418 0.180757701291042 0.143796713790207
"mb67" 0.629983919335955 0.616988720818396 0.174489109531641 0.240760977930472 0.125542489710068 0.0731024482333032 0.0851814256941415 0.0953378835396833
"mb68" 0.621447551180948 0.71084594145097 0.214156799809283 0.117724761844138 0.138968556918864 0.0664780264992597 0.173838703159712 0.137904754426513
"mb69" 0.628382693559491 0.727562774673266 0.223776019780399 0.117811648026968 0.145709098758096 0.0651626123881278 0.184731040118565 0.145888021974245
"mb70" 0.843714886679896 0.860278664279598 0.200325616148038 0.737703168061314 0.160083461091084 0.101924067321702 0.0991057175077475 0.150973787652442
"mb71" 0.63191385346072 0.729478805567195 0.227787203102563 0.119242645176067 0.147992414941428 0.0677195146475718 0.189173951085506 0.148645881851826
"mb72" 0.749044801601607 0.75253331767745 0.205008142213408 0.451475896325939 0.145314530375958 0.101604284113598 0.13609606199904 0.153877279526222
"mb73" 0.66935637794845 0.741166050990129 0.197114492644787 0.295269482291798 0.135089401760086 0.0868156984361006 0.137328414358542 0.111723063832246
"mb74" 0.75609756097561 0.858325666973321 0.244956061274813 0.75593845243513 0.196423999926643 0.0964428368671084 0.122947491948978 0.207497120051696
"mb75" 0.720701511198787 0.766922298556745 0.199530164773858 0.534081128542068 0.154079202533798 0.0956176701337929 0.113020438667115 0.12517423057632
"mb76" 0.697358263745165 0.758888405166159 0.202006065025996 0.554052651823204 0.156048018183606 0.0892179887176752 0.100715580218288 0.121764733912676
"mb77" 0.694205784287232 0.727859552414207 0.213788902068264 0.328901653625477 0.148981082614293 0.0919141690164122 0.150939047243607 0.146940190897656
"mb78" 0.778675640860177 0.78058393403516 0.178394724975704 0.552260969546039 0.128522618351047 0.0831672550578548 0.0884687030947411 0.093919462778115
"mb79" 0.806906535334199 0.773038639739298 0.179487673072961 0.617666252153931 0.129964580544822 0.0945928729813316 0.100749899728983 0.0945116555540405
"mb80" 0.5998265229093 0.594217788318435 0.160597831693517 0.168010031852739 0.109293558597759 0.0588882899204583 0.0801604654727684 0.0778990886498217
"mb81" 0.819277108433735 0.85474557921328 0.176909216584195 0.819050825526671 0.142694164817266 0.0684665393989155 0.0455639885023692 0.114413055951943
"mb82" 0.869047619047619 0.922114794352363 0.193234948068942 0.86887790831486 0.159300244083045 0.0785352502273196 0.064994346380007 0.15727736435583
"mb83" 0.623081717942935 0.631171639001424 0.158709569189045 0.131662183361588 0.105440608384422 0.065337313709246 0.105689467974261 0.071207462294705
"mb84" 0.717752220380914 0.718550472986416 0.195073381874995 0.403879531685574 0.136465885759412 0.0862578206077201 0.13097975766208 0.138295542308062
"mb85" 0.60651616358758 0.635379366368806 0.160476431683922 0.121084367369383 0.107572557838552 0.0656233297209015 0.109656748230384 0.0734374485425434
"mb86" 0.845238095238095 0.826302488335925 0.161165730363136 0.845096253849055 0.13218133356483 0.0629532822639592 0.027827515974639 0.100054173358656
"mb87" 0.616589505767567 0.679910571871438 0.197376921367616 0.140855490776663 0.12925140783105 0.0651094646777853 0.15407560875376 0.119482634455854
"mb88" 0.625045573613927 0.727990794006874 0.224546489821863 0.0957834852747772 0.143765798454296 0.0638060801142477 0.185555247324375 0.143352658359521
"mb89" 0.692307692307692 0.739488320355951 0.173563868440078 0.692098146652366 0.132577708556361 0.0580285903752391 0.0375376370102601 0.0736762687874996
"mb90" 0.916666666666667 0.912274166511455 0.176756019397811 0.915616482689066 0.15133642084926 0.07503004984944 0.0458959838068781 0.127022306358403
"mb91" 0.618742838814 0.690462733423242 0.198252624566025 0.0957376667204122 0.126396061459241 0.0677701774458313 0.157152560797555 0.118015886872047
"mb92" 0.843373493975904 0.799256819525378 0.174840109264735 0.843177382123115 0.147878335013781 0.0723681511004681 0.0426462797907499 0.120015840641795
"mb93" 0.770363505269564 0.738933458452876 0.174483003450486 0.534185372834844 0.124850068450564 0.0882346447424613 0.102817617325816 0.0852181402424747
"mb94" 0.753086419753086 0.702763466042155 0.154827509301365 0.75304467994329 0.123405955848608 0.0582076961615652 0.0189524044330112 0.0803141898396643
"mb95" 0.809556253337725 0.799590282001216 0.177518374937353 0.664563680073532 0.134312401679944 0.079586578261134 0.0721949282864376 0.103479432610452
"mb96" 0.625376070626343 0.622365744658738 0.155091458568812 0.143673859285444 0.102813532337902 0.062653353371544 0.0992817363180229 0.0687556097119326
"mb97" 0.617158269722467 0.722235447803742 0.221207436694159 0.0957834852747772 0.143525667371729 0.0686106995779898 0.182048300404837 0.140790469178661
"mb98" 0.819277108433735 0.776964596102827 0.171051896808338 0.819110256303291 0.141319250952993 0.0686332147927068 0.0382511809392503 0.109888390941375
"mb99" 0.798731287332898 0.78348132015413 0.172678405636244 0.625851018069978 0.129675987504164 0.0757844249750201 0.0668606779058286 0.0961146085103874
"mb100" 0.588912779285616 0.578308148566587 0.148401424185653 0.14387102630936 0.0984759451880374 0.0585667396408824 0.0745566169312704 0.0634040051410789
"mb101" 0.618109772424912 0.71032136900306 0.196630653193477 0.188779419351132 0.134481655575301 0.0852004581172275 0.145896791226462 0.117718245073986
"mb102" 0.753086419753086 0.740479548660085 0.158290483912586 0.752983787274036 0.124606562730877 0.0558319592810127 0.0229721080476413 0.0823889089560737
"mb103" 0.814697964783542 0.774850720056199 0.176589288564553 0.629323612229265 0.129507090504585 0.0873182673253158 0.0873518238726075 0.0939638911281615
"mb104" 0.615386200526703 0.665509215175945 0.18950419327355 0.199331806498943 0.125212177847798 0.0651243052799236 0.138340078975738 0.120740384183294
"mb105" 0.82729101659765 0.782845108836374 0.175829028045063 0.665134353228602 0.134875322668899 0.0908334729669082 0.0865091698156977 0.094119559727916
"mb106" 0.611478793033201 0.707838474798347 0.211528427579974 0.0992452502857182 0.134482918458279 0.0693701861991829 0.171545241806889 0.131178639958992
"mb107" 0.624736642001269 0.707828080326356 0.207600100766376 0.0992452502857182 0.133948757889691 0.0620359535549902 0.167423224999458 0.127629008866521
"mb108" 0.607213550096839 0.639564050227663 0.162003169110485 0.119707985891517 0.107749308094657 0.0590429554641431 0.113048367464638 0.0752157909868039
"mb109" 0.677630999825994 0.699292532147902 0.186362670440455 0.332592899750085 0.12711535931527 0.0826383807533484 0.129589706719813 0.113448535930904
"tnt1" 0.682484589139864 0.693085955312358 0.173146341697671 0.554625201670119 0.132271234436759 0.0717418069781708 0.0676399741633544 0.0874220726753507
"tnt2" 0.610896095118868 0.66695348436117 0.193729394886104 0.14079063368535 0.128573500228624 0.0648413998845665 0.144868913188515 0.119942240974773
"tnt3" 0.72289156626506 0.735587540933668 0.181213788493657 0.722841753023995 0.148006970757678 0.0649912169235003 0.0497560685277637 0.114624027900675
"ufb1" 0.72289156626506 0.639417693169093 0.153777298628553 0.722799170954815 0.122818331233648 0.0555202276616669 0.0184819147993278 0.0762935272075749
"ufb2" 0.700959733695171 0.62683869359262 0.145606672076365 0.592985278686116 0.108972859815337 0.0628832184332848 0.0370355396136041 0.0680526742112172
"ufb3" 0.667310944626102 0.684675177441823 0.182160360075061 0.319933986975381 0.124696673412476 0.0763321690640545 0.125112020707323 0.110746730005813
"ufb4" 0.660986693348633 0.692250594808104 0.18913910904982 0.285100930052304 0.126995826967645 0.0825889548268591 0.137961921945187 0.105828786154448
"ufb5" 0.664864468091958 0.730603711316048 0.219106870175039 0.236870244657275 0.143005089869676 0.0797193677638468 0.177836436478973 0.12938886194767
"ufb6" 0.738095238095238 0.674395851677918 0.150491848452653 0.737814542470305 0.118445877174762 0.053903673520935 0.0154569504568525 0.0696342907207981
"ufb7" 0.727247616398647 0.715385448801656 0.173277840929611 0.439110320147503 0.121077859654614 0.0866869037334602 0.107364545569669 0.0794062497043393
"ufb8" 0.754204693376027 0.774778048907118 0.205186042382369 0.523166129472251 0.152770054293531 0.103011715838491 0.119240002928972 0.156977290809072
"ufb9" 0.758928846715833 0.775940138603634 0.22063451550465 0.484317930753783 0.165705973086214 0.101273118552382 0.136153625559172 0.168476181878619
"ufb10" 0.602056720269364 0.651031956076903 0.170469544672972 0.196301383879642 0.111457757711815 0.0599196085230115 0.123451347980304 0.082793747037125
"ufb11" 0.618325644642814 0.630699892209443 0.157632776631745 0.226983112402251 0.104136134849814 0.0575362838591769 0.106672877977707 0.0693098908025006
"ufb12" 0.640906597452443 0.611393514460999 0.16970612311899 0.466261528659018 0.119612048401136 0.0635712131983336 0.0643763841029819 0.084856958976172
"ufb13" 0.777019685979496 0.787847685517808 0.175697083249366 0.644431307046655 0.133911189750872 0.0807355407967279 0.0694876295206058 0.0894571370191124
"ufb14" 0.773809523809524 0.821155943293348 0.185008052216579 0.773516387089305 0.149226200438449 0.0717551308000769 0.0554597314195657 0.136149530937537
"ufb15" 0.710849153195932 0.706626510460005 0.188256882435674 0.381775434442035 0.129186799927258 0.082663770955665 0.128079343525656 0.120520303572872
"ufb16" 0.775568768268289 0.751604931257812 0.18051244787918 0.582789265658907 0.136170040492979 0.0839854799191941 0.0918983655381322 0.124625214189973
"ufb17" 0.738095238095238 0.78636395684975 0.196445490416283 0.738050780624471 0.161116088855176 0.0746421517581845 0.0687152255117499 0.138399432101707
"ufb18" 0.789904972600269 0.748650512805134 0.17308590298508 0.570864638421576 0.129201195814772 0.0776153407703637 0.0836687621240435 0.113707575965925
"ufb19" 0.603581659176426 0.677328214952661 0.191342347047956 0.154297458328051 0.1233915606114 0.0596355817560563 0.149310909026674 0.112123578399231
"ufb20" 0.594824812636734 0.652647095868301 0.172447054132137 0.154233103509871 0.111627027639333 0.0549563535902482 0.126793882183812 0.0874109049797361
"ufb21" 0.678571428571429 0.723556220665261 0.198631275181494 0.678508555699083 0.161804719462742 0.0738885075128424 0.0712484551158047 0.130168649890576
"ufb22" 0.707961167960319 0.718850610577673 0.183338218296189 0.451769585013759 0.131349576048057 0.0727646399656803 0.0950296964871608 0.121601842384187
"ufb23" 0.622402705218153 0.702478587385985 0.204417672949908 0.184049724301957 0.132461030582542 0.0637896470133335 0.164079439253562 0.124701109364815
"ufb24" 0.598363054857245 0.584729881385147 0.146746173530347 0.259755156202055 0.0962057905914809 0.0587283594733686 0.0787822318996892 0.0607137194052389
"ufb25" 0.586955697287815 0.575964146880331 0.149438549891138 0.259364921811081 0.0996935092066525 0.0567242803618486 0.0756836750884946 0.0650680202642389
"ufb26" 0.698388540217131 0.642254793695412 0.150319460160821 0.491980618479769 0.108333333832704 0.0656760405939767 0.0576620498613103 0.0676465860898911
"ufb27" 0.734686808761873 0.727261756678982 0.192751941554658 0.403879531685574 0.131789093981413 0.0832320906344633 0.12847346878515 0.132066390103496
"ufb28" 0.659943441113975 0.717968493436962 0.183797492614078 0.294903575728379 0.124071584051501 0.0787240081687916 0.118472126742423 0.100759567720496
"ufb29" 0.712857366082546 0.713000064479878 0.186279264419372 0.391949397802821 0.131291643309124 0.0765360989884259 0.12148539393954 0.126784546791907
"ufb30" 0.660994977758001 0.738339355435986 0.225639775192299 0.213495463885771 0.145316960222717 0.08398744082512 0.185386650719138 0.137981361786261
"ufb31" 0.60676953457379 0.698575193592145 0.208648787047168 0.0946998287162146 0.135493786319546 0.0648958656720967 0.169224860061821 0.13064058890547
"ufb32" 0.698795180722892 0.585838742740007 0.156446028745042 0.698418042544452 0.120798758773259 0.0565782752461447 0.0224439159481149 0.0744059214860297
"ufb33" 0.760465764472004 0.683112241807499 0.160285006913133 0.664462698284753 0.123932931640302 0.0746878488126503 0.0536566437753191 0.087567652531609
"ufb34" 0.738095238095238 0.779008623711702 0.19738119163266 0.737814542470305 0.160704424722985 0.0756747731185367 0.0697996625796642 0.155100292393394
"ufb35" 0.650602409638554 0.680564674983585 0.177848156890481 0.65036447308505 0.137151898843367 0.0621714855878628 0.0458387291547678 0.0841001191817291
"ufb36" 0.843373493975904 0.764943989456839 0.154525904095969 0.843177382123115 0.128092103879774 0.0615372754892949 0.0202187713849914 0.0944708118981646
"ufb37" 0.580657537529038 0.573583145997035 0.149308759141377 0.262463760677249 0.099565659967778 0.059376715130712 0.0754129178842355 0.0657005203915864
"ufb38" 0.799589282731993 0.751296542553191 0.158567806808767 0.713925834018767 0.123864413887507 0.0775954314856034 0.0520623553058203 0.0799607466697444
"ufb39" 0.617910499056798 0.669845570150642 0.192009062575116 0.135026711747332 0.126276454495975 0.0651769469261127 0.147398859967815 0.115517777873206
"ufb40" 0.754365060197156 0.753549110270422 0.215629545227859 0.378080500008992 0.152258982223787 0.085998024289387 0.147544350367979 0.153317321938363
"ufb41" 0.608243930273915 0.659402443824514 0.190425967116609 0.140620394868293 0.126003332993169 0.0633490843598473 0.139325061480362 0.117927211069808
"ufb42" 0.82110936597994 0.815763392624276 0.198767797390657 0.674502894639695 0.158750078094488 0.0890680342671295 0.0973507156719714 0.133862101554284
"ufb43" 0.703457549846002 0.745712959594566 0.192883957749518 0.416034564458581 0.138552727440203 0.0895183994242855 0.122864922114758 0.11625670933972
"ufb44" 0.672856373728595 0.733928726766608 0.190107538225438 0.319727652737496 0.132544153322388 0.0859910005898201 0.125427503799951 0.10872459808745
"ufb45" 0.610813321873842 0.640432029939597 0.165024330254577 0.198484515653208 0.107077376807099 0.0585872375414065 0.116230773330048 0.0755659205059582
"ufb46" 0.678055423240212 0.695582296216929 0.186493363953783 0.324626701053769 0.126628368281005 0.0831432346986216 0.132712574322046 0.106959300819037
"ufb47" 0.64478968693609 0.73127793145819 0.223845432216357 0.178357322514331 0.147083465739762 0.0714043084892026 0.184484975034344 0.144301104897345
"ufb48" 0.785714285714286 0.816747572815534 0.185849881990745 0.785436577242499 0.150387908158475 0.0733342871997024 0.056435375563232 0.135503295739024
"ufb49" 0.687334806060265 0.696149658228908 0.187080143591639 0.336587118707347 0.128854869436391 0.079858473807243 0.126743780376674 0.123438225847477
"ufb50" 0.662137713644545 0.67639286158438 0.169933685511541 0.316742916185787 0.116221016699824 0.0790734275622821 0.103481931212482 0.0908875004589681
"ufb51" 0.659222219529574 0.584823361999629 0.16312053437402 0.435678054033906 0.1147799494097 0.0594160202271665 0.0565366739670612 0.0815057739174225
"ufb52" 0.692666950941505 0.74428748989825 0.196449629187008 0.358357171446103 0.137193084595686 0.091801431893649 0.132279832948513 0.114807332954321
"ufb53" 0.624843333417076 0.733743317042379 0.227900935233578 0.143789140111521 0.148111581605228 0.0727256077561586 0.189436230003271 0.147822323122175
"ufb54" 0.634586768776291 0.656364583465677 0.161597935926216 0.283602219985622 0.109234927131848 0.0717199401434349 0.108732916077903 0.0667832484542002
"ufb55" 0.65253836433744 0.652647564904028 0.156358981818088 0.330640315773864 0.106882772612227 0.0744730253254021 0.09759064119187 0.064853587067836
"ufb56" 0.672591565485897 0.650374776278075 0.15291484292443 0.378108123302664 0.104958760538566 0.0705956715646733 0.0901458908592246 0.0645143001982858
"ufb57" 0.646118409832321 0.582443456921138 0.146606985775861 0.458251050458198 0.103265518531669 0.0505275610522275 0.0383638141488038 0.0564455857218238
"ufb58" 0.620006679588851 0.719981379583439 0.217054489578745 0.154329081782689 0.141721561511883 0.0635506699863568 0.177686535396499 0.137716972706125
"ufb59" 0.657760787940457 0.690358272951217 0.185872476593716 0.277230836313864 0.125372051210625 0.0800506174194622 0.13200482860175 0.108868607606251
"ufb60" 0.655579798269784 0.713400882974094 0.204845434741138 0.23688790156849 0.133960531805326 0.0747929483963467 0.161973915698586 0.117010682881383
"ufb61" 0.601233808425225 0.596350877192982 0.148919145644536 0.248047854871109 0.0979368871712524 0.0618728122553856 0.0858058287019194 0.0599406918449568
"ufb62" 0.592844507705528 0.628159971807085 0.158480766338116 0.177450833616279 0.105759361228274 0.0609229608323503 0.10932019001308 0.0739939552624127
"ufb63" 0.676785422705359 0.691484373096879 0.184308676360562 0.332592899750085 0.125560088035777 0.0804166456875219 0.12739239162066 0.112251560289496
"ufb64" 0.671388969366494 0.720730517500711 0.171611736382026 0.384374496170699 0.118968083534421 0.0756163457342569 0.0916855372143913 0.084648440366757
"ufb65" 0.620024689713072 0.712096275952298 0.213075487624855 0.105792969657845 0.138125843973362 0.0559237618961173 0.173150079839589 0.136669639002932
"ufb66" 0.599773009058766 0.637537108997876 0.168991953604869 0.166359080337419 0.107632687805761 0.0495882114629606 0.123150285524109 0.0927627009392222
"ufb67" 0.605836947699681 0.625599885395029 0.164003337013043 0.179822110053653 0.104215976468406 0.0494468050768063 0.116643080502833 0.0885873607091034
"ufb68" 0.732525005799494 0.717602689930934 0.170755638854999 0.516730077985726 0.123794512539141 0.090321380645226 0.0986400848536082 0.0805379663507923
"ufb69" 0.716647650147056 0.709294875397637 0.171609723270236 0.444331438765557 0.122086487160187 0.0847290963860565 0.105468844173607 0.0796940443156002
"ufb70" 0.62505026922301 0.717973136280487 0.218315737404623 0.107092783345632 0.141126140185191 0.0575227187935846 0.178990898003234 0.142122805633169
"ufb71" 0.710843373493976 0.609858367499068 0.14234774191235 0.71079605300182 0.114035115711512 0.0488471669982142 0.00522498301931427 0.0663049442466433
"ufb72" 0.627735565509656 0.701002791597137 0.182624281900056 0.199357276379531 0.123558595788923 0.0708161004956438 0.125442750201679 0.100340697234707
"ufb73" 0.607627819447343 0.701028537261718 0.193615814241428 0.164886710176838 0.131278454383813 0.0776021894991948 0.144724666737585 0.116138440018973
"ufb74" 0.745848231369275 0.723979761821746 0.17070627087652 0.486752736989031 0.120035600160741 0.0820574190991011 0.098713016277507 0.0801529033851892
"ufb75" 0.592416891308058 0.641484445824397 0.165530627430263 0.196177925285795 0.109155699642984 0.0652730874258843 0.116740297538517 0.0785533961725209
"ufb76" 0.663633848964071 0.672828936807748 0.171157337843375 0.518422980222277 0.128557915389889 0.0672517442142577 0.0653971738003627 0.08863952155938
"ufb77" 0.619198700490919 0.60895494716025 0.156704558437551 0.446067424642352 0.109491189767211 0.0552031508517989 0.0497421487483323 0.0682771229935156
"ufb78" 0.597368423086502 0.653537405021756 0.17125971688959 0.189653883315596 0.112964842535181 0.0579520405481594 0.125541043740931 0.0855343680172959
"ufb79" 0.695833978613612 0.710833276964819 0.187370675206503 0.357250629342151 0.127623867969551 0.0812617907640837 0.127038161273292 0.120409153123199
"ufb80" 0.7780503636992 0.751747180437415 0.191683709687175 0.487543466725752 0.13657849139348 0.0756844016426421 0.10427761532733 0.144765705538859
"ufb81" 0.633529418212497 0.672153136097603 0.196735277304596 0.166996667677147 0.129953513389939 0.069378016107377 0.143571301606604 0.126314094151095
"ufb82" 0.761273928290576 0.748679526926168 0.182031803901136 0.523090519989504 0.135426889884564 0.0830014463917541 0.0935820148910683 0.128120491093532
"ufb83" 0.734154763268801 0.728413232408186 0.184111916359406 0.463472302218718 0.131311640401016 0.087598404051064 0.105958301660392 0.132989566602209
"ufb84" 0.765432098765432 0.792852876766872 0.172834630797802 0.753105018154529 0.137277712380319 0.0620416317948155 0.0395422061685733 0.0946586855046528
"ufb85" 0.608813552620955 0.618494116188187 0.161775297479032 0.20150332901233 0.104398196980343 0.0535791453413378 0.112809845272694 0.0863642136474559
"ufb86" 0.621604626619712 0.69238788406667 0.197210198872656 0.189449307488289 0.127304395502231 0.0642661335111824 0.15604993517513 0.117172389996525
"ufb87" 0.604360038311256 0.634286932836198 0.161628190946649 0.198322548980839 0.106398626163809 0.0633870690447728 0.110861863625035 0.0729067594106766
"ufb88" 0.677240642723531 0.684602255957499 0.184685894792741 0.34465921187121 0.128293582997177 0.0843612252561319 0.114012226292063 0.114542381596572
"ufb89" 0.592343277071343 0.664703723526264 0.193100731040233 0.117616440274501 0.124432379009426 0.0648852295811077 0.147354645597796 0.120760115634253
"ufb90" 0.585365853658537 0.615126811594203 0.169408215201557 0.585166088725829 0.126554934846904 0.0516469879764618 0.0355167210887098 0.0628127697049502
"ufb91" 0.696388911936485 0.722954031650339 0.171312673791069 0.544719484041975 0.126938091969495 0.0729104820185412 0.0658981292438163 0.0907689217209015
"ufb92" 0.727343808068346 0.705576777665393 0.166146519729339 0.505623894011192 0.122122112866639 0.0821998976981857 0.0859237406075151 0.0986943524826045
"ufb93" 0.706311511717257 0.689476468912374 0.166283539742652 0.452442101838089 0.118543304802325 0.0797880572539747 0.09375735924582 0.0939387541138298
"ufb94" 0.615000641475139 0.648030464285055 0.173024128592014 0.200937815463776 0.113396830619609 0.0699108726247412 0.127433717192661 0.0913818349776349
"ufb95" 0.650114565218214 0.718779960176012 0.208379542523917 0.213543156384751 0.135008179535343 0.0667324270384595 0.166542166377402 0.123427470477679
"ufb96" 0.77287774971812 0.71311706629055 0.15025407022431 0.673384230441667 0.116179467190763 0.0665622512262233 0.0418770713743819 0.0671983455502174
"ufb97" 0.656386657547002 0.645813273381134 0.152495425373902 0.354268911684575 0.103466591702131 0.0702813763042496 0.0896953944969572 0.0628709641513588
"ufb98" 0.738095238095238 0.684215774254662 0.156348471304521 0.737992054783887 0.124687349311933 0.0551227357100171 0.0222445219617275 0.0777846527783307
"ufb99" 0.747524574720505 0.760913621605972 0.174538143976941 0.495955941174206 0.124801378698579 0.0835888159833892 0.0948609560192355 0.086690345796422
"ufb100" 0.624237398484323 0.645282491522336 0.174853906364776 0.222686318156765 0.11670105504307 0.063123289366967 0.126496215941081 0.0981554396146417
"ufb101" 0.658536585365854 0.665946918578498 0.173336115130012 0.65832586323754 0.1329576616613 0.0580232846793662 0.0404362938584241 0.0807132130843676
"ufb102" 0.610132373015692 0.66143181033598 0.188762488139295 0.199574290192236 0.123031476981378 0.0682122595701424 0.139597222681127 0.120113623056842
"ufb103" 0.743351047612563 0.713850897981327 0.169276354610603 0.486699471821528 0.120837861857747 0.0819792946261789 0.10304402685661 0.0761966802057494
"ufb104" 0.70594325298831 0.700745231004066 0.17058422418084 0.408368759546898 0.120938517254301 0.0787270647760091 0.109022139954903 0.0772162436026592
"ufb105" 0.761904761904762 0.72538050185109 0.16447896015123 0.761713648617278 0.131917402308984 0.0629191977940846 0.0316674053900212 0.105706909708315
"ufb106" 0.683004551551831 0.706837394187318 0.203221290691452 0.328025166829506 0.140250623929207 0.0866064624186736 0.133816136439551 0.13700838680407
"ufb107" 0.625234755132017 0.681288710914841 0.18621038326671 0.264621799289777 0.128686287612439 0.0863805252834797 0.121427375941676 0.112401579464775
"ufb108" 0.605953525664288 0.623253705475438 0.154983540820275 0.226952560322782 0.103671559626564 0.0623454582849301 0.101689835409568 0.0693604863779226
"ufb109" 0.748670068168395 0.756336790758055 0.198079238898769 0.499316874997589 0.146904249016091 0.090495922241771 0.111364715692999 0.153493257616019
"ufb110" 0.75 0.665227248191731 0.141363276928106 0.740500604154607 0.108110892335182 0.0494324868101081 0.00487733255633014 0.0572121484981311
"ufb111" 0.639134383274179 0.614657893329054 0.152351447758513 0.29545758563834 0.103742136151361 0.0596101040666063 0.0932630254959397 0.0683573844572628
"ufb112" 0.621604577566841 0.667107388366917 0.185184303497205 0.174434913825272 0.12522927037336 0.0595065287469095 0.1312625470516 0.113927350118279
"ufb113" 0.571766556128579 0.573777304208844 0.14318934015798 0.250730824646328 0.0958419920393836 0.0585449433203173 0.074844346934439 0.0572192816655072
"ufb114" 0.705017338490686 0.695623359991403 0.167785986094555 0.414480446761152 0.113925319134414 0.078820582909137 0.105998064188151 0.0720248033126388
"ufb115" 0.664653305374839 0.649157667386609 0.174932531235775 0.488116843009681 0.127465110921792 0.0684390412382637 0.0700479363360789 0.0979934872016315
"ufb116" 0.6800817967944 0.734545776663305 0.178833054124121 0.372280024790017 0.124323157748073 0.0832587637677735 0.10722268893537 0.094810494962494
"ufb117" 0.666459492608285 0.699874708658721 0.193967870638202 0.273077100172881 0.129323529689305 0.0790492792631002 0.145124362104649 0.10748839382587
"ufb118" 0.750324827011829 0.7521107903435 0.201567687290159 0.463472302218718 0.144249793188338 0.0946152649473047 0.125086154366759 0.155781007393933
"ufb119" 0.73792535114348 0.737592137592138 0.191379385411926 0.431643557535205 0.137972463381804 0.0777148231672103 0.103453794783595 0.142860455708872
"ufb120" 0.716368249782648 0.704863738661268 0.178114586957528 0.419234353717577 0.122411908127349 0.0753306201307556 0.0990432230860791 0.115765259632646
"ufb121" 0.734939759036145 0.801267172699329 0.216743373185706 0.731399969566714 0.173130874558626 0.0841403393760856 0.0915566933715225 0.167811499680565
"ufb122" 0.650310409280225 0.701138795056078 0.195280341919425 0.249186742432185 0.127139048142502 0.0765323674882886 0.149659761224436 0.107349673427447
"ufb123" 0.616780500136934 0.60986755320679 0.159923190328833 0.215770033788015 0.103039076358665 0.0547150135627936 0.10910472222121 0.0865277584728791
"ufb124" 0.587798777590457 0.588296446256121 0.174149870867545 0.416403656985824 0.129606416257989 0.0687495867425473 0.0690888606361743 0.0850682640341199
"ufb125" 0.607879993242971 0.72233909220624 0.222864736221128 0.0955406440731657 0.145025615061502 0.0672480431404333 0.184147343653469 0.145646592561758
"ufb126" 0.736962373745273 0.648911609498681 0.147373667411119 0.601267151187154 0.110673763968706 0.0634094196925015 0.038629300620452 0.0690073546698798
"ufb127" 0.735730804702321 0.737215151284201 0.193867355399478 0.451545784403137 0.137910484420015 0.0911556880683329 0.116648210561275 0.146151859397471
"ufb128" 0.608083750028746 0.650907463522031 0.175727345200852 0.166328975930973 0.111722034041043 0.0510350848167732 0.131294998025047 0.0976905613552849
"ufb129" 0.657703138996332 0.685931240841821 0.185130346404971 0.286868475424286 0.1243529126861 0.0776365718802645 0.131213594548288 0.10850363517681
"ufb130" 0.63855421686747 0.674328206861585 0.171745450741973 0.646215305708916 0.133527816489565 0.0554415337574941 0.0387675707206072 0.0805905318404881
"ufb131" 0.6875 0.705719648325595 0.169903677267831 0.687314632712492 0.127870094942755 0.0569477661356059 0.03470704242197 0.0777889060579145
"ufb132" 0.68572032273467 0.691318542815058 0.184510224206237 0.336655103775827 0.125595859442946 0.0791090584759808 0.127625799425025 0.112026993100901
"ufb133" 0.666666666666667 0.736871112510826 0.187016667321907 0.66646957907289 0.14599436204037 0.0647935096889636 0.0577876290831207 0.112834731087195
"ufb134" 0.702380952380952 0.757990141516934 0.186468376141612 0.702171423691889 0.145876089515341 0.0661412649979544 0.057152183420002 0.118511026789504
"ufb135" 0.777777777777778 0.803825956489122 0.175433389558683 0.779100704137194 0.13748253632606 0.0627988610492527 0.0417041841092115 0.102308707358503
"ufb136" 0.742986883310711 0.713216018740588 0.18662270044407 0.451769585013759 0.132983114292049 0.0735811490324259 0.0986693412860752 0.140816811392963
"ufb137" 0.734556240079108 0.735019171388823 0.194025334002442 0.475398820034299 0.138494441096654 0.095661524196611 0.116821321875593 0.146907608613604
"ufb138" 0.72289156626506 0.637159437395495 0.147380891499756 0.722680316625731 0.115015873876285 0.0507191534199371 0.011062840284964 0.0683570682463156
"ufb139" 0.62166473557528 0.609603291760138 0.16137768407197 0.225222826612714 0.104003185737499 0.0522697977208963 0.108528696326626 0.091912371666494
"ufb140" 0.689688449387776 0.695675379272528 0.183883533271389 0.361646032305705 0.127703944842427 0.0788790412139756 0.123381781708616 0.117042220441451
"ufb141" 0.640177897422813 0.684734182918757 0.183282791395539 0.249232647978807 0.120226218714773 0.0730754861442201 0.135519120941737 0.0985788309870326
"ufb142" 0.607893265303356 0.655005884389062 0.177560343947986 0.166328975930973 0.113215436620811 0.0520959326036592 0.133226804413356 0.100199087203328
"ufb143" 0.578254943764659 0.64192707725579 0.166356553334904 0.154233103509871 0.108533187318339 0.0555665575130919 0.120367389977769 0.0835252806723904
"ufb144" 0.594718882614596 0.630127705964803 0.159074692229277 0.200754481293168 0.104245536980884 0.0587617652670881 0.109933455710975 0.0720221827987989
"ufb145" 0.714285714285714 0.608616688527898 0.143751780301756 0.7140328880045 0.110877175257917 0.0493264315893754 0.00764550422255157 0.0523431277997585
"ufb146" 0.73743207308335 0.670587612866817 0.148663331985407 0.570260503966559 0.109735429928664 0.0701342975278439 0.0560929992381139 0.0579050075570266
"ufb147" 0.620675123871498 0.671400914744815 0.193581566755208 0.199022951012954 0.127564977511845 0.0698325620745193 0.140208863117012 0.126161314344684
"ufb148" 0.610428670856446 0.694624161189206 0.204054085090841 0.105681928836987 0.132577642464615 0.061759801863873 0.162650113633331 0.129491162073655
"ufb149" 0.624891337000744 0.737607503167985 0.231482782479701 0.131638719333011 0.148778603590418 0.0706747475941385 0.193198207358929 0.150936497086242
"ufb150" 0.600755693011578 0.568455958964495 0.150225905548424 0.30660743958894 0.102860316697544 0.0541692256899531 0.0687946290743457 0.0694610858759022
"ufb151" 0.608792648513212 0.593128590761232 0.146219452227418 0.247546532487345 0.0979975428679214 0.0628579846064535 0.0867035769357612 0.0612906988194868
"ufb152" 0.641213803358791 0.592327042631235 0.152706668011472 0.306635065355318 0.103474098006675 0.0592761111777704 0.0851311028756682 0.0736158294059113
"ufb153" 0.727654842150439 0.689779302920199 0.152832091688851 0.630740641029734 0.116824615302709 0.0708570058334283 0.0456006340579217 0.0668384583152341
"ufb154" 0.71170116210244 0.70848576142314 0.16294957893834 0.554918544472 0.11800800942267 0.0680714092852376 0.054857516581099 0.0696120965756185
"ufb155" 0.615458837773172 0.696324613571278 0.201390218446129 0.177882417652754 0.12836712181191 0.0705314984173251 0.160444038715818 0.121022674409403
"ufb156" 0.635170961024447 0.588270075745991 0.159313206725794 0.284478064553993 0.104553651691096 0.0645909564976834 0.0922933651591391 0.075353411463523
"ufb157" 0.650602409638554 0.753846153846154 0.222317115829422 0.646056621803332 0.169798450492521 0.0812940022156236 0.0973556590596873 0.160168510181832
"ufb158" 0.605014167873848 0.649274576233854 0.174334061013419 0.189595870275867 0.112155581303662 0.0621002788783634 0.129853160135815 0.0963761860046293
"ufb159" 0.627224761265564 0.713953530234572 0.211702643533867 0.177918211513757 0.135364859227429 0.0624772678286914 0.171728292205919 0.130697823774168
"ufb160" 0.61112637915344 0.671026673056667 0.18676459585362 0.177793397124549 0.11980908379572 0.062094768408907 0.143790623445169 0.105613212021219
"ufb161" 0.637943637924205 0.683723808427354 0.190955248918441 0.234332892374792 0.130657519920508 0.0661321235339602 0.134423388493332 0.11872476962437
"ufb162" 0.61610899996557 0.686016629245536 0.19743937918033 0.128969837311149 0.129496901642161 0.0631481540555976 0.154994617064167 0.1205497305664
"ufb163" 0.582771604697807 0.642083843222265 0.166159971397291 0.177544489091368 0.105635494487229 0.0572513935889022 0.121236874209181 0.0899266940910429
"ufb164" 0.649014411259816 0.619664848450768 0.176818427713259 0.465507736528285 0.127680531739836 0.0726823204626513 0.0724673263033731 0.0923719403446857
"ufb165" 0.666157189995325 0.694082438682371 0.192537204117587 0.283965036146628 0.125370893003149 0.0788770859673119 0.146793718840523 0.106305679283267
"ufb166" 0.587758719687466 0.61370389678092 0.156104774194881 0.282691442286444 0.107713547306731 0.0648179923258582 0.0826970825947915 0.0830744403335402
"ufb167" 0.726190476190476 0.601499583449042 0.141691104601467 0.724834323529391 0.111054899508901 0.0496285189341307 0.00525727059067099 0.0598004726492402
"ufb168" 0.619697940021349 0.708675226595684 0.208049351992302 0.179973958113324 0.135056333473983 0.0673569245809188 0.16788974321247 0.128218459148499
"ufb169" 0.76332397118247 0.716446490056918 0.166122118384784 0.533855350778156 0.120420197995319 0.072405262425094 0.0757502699444014 0.0839473514594738
"ufb170" 0.618146342411753 0.593876891640542 0.150324237450175 0.259200953800237 0.100693534390947 0.063542994669456 0.0873137198591882 0.0664214789700846
"ufb171" 0.619283929195826 0.664244361459659 0.191902101926037 0.158521663677226 0.126795425273442 0.0638427239209621 0.144618515542121 0.11511368113652
"ufb172" 0.729966485818616 0.709256033839263 0.173118596880309 0.40616361627148 0.118839572600059 0.0777343867015447 0.111726595894825 0.0777710625371534
"ufb173" 0.556313788685216 0.545152669945131 0.139062303993255 0.225569141330829 0.0904248816314452 0.0550770524088419 0.0703881105485545 0.0553309672254077
"ufb174" 0.698795180722892 0.662497518364106 0.159426570687907 0.698614653555199 0.123826950073129 0.0545902115186219 0.025034401143039 0.0748866901462887
"ufb175" 0.702815276301341 0.669341459285593 0.152787141064676 0.614133254983115 0.115093785951235 0.0662653940958933 0.0451284591375118 0.0676632021400059
"ufb176" 0.627153159092388 0.669670278040591 0.194790373613856 0.167108579115497 0.12866418301006 0.0710000344697262 0.143959959666971 0.123054619767403
"ufb177" 0.69762459728771 0.727853866934724 0.173293176141503 0.481941749340108 0.125178167139816 0.0779912357396878 0.0834283465442822 0.0935499015847447
"ufb178" 0.693350650637176 0.732807075182696 0.189118580243162 0.418421982380773 0.14091256681706 0.0854022244729031 0.111225036172883 0.110867185714247
"ufb179" 0.656879068513815 0.712777832174679 0.182710093414644 0.365473070299442 0.129931709809565 0.0822409632159868 0.111518423742817 0.100277220193522
"ufb180" 0.665195936220538 0.701138090077052 0.198397702365467 0.248720347827766 0.128146800677765 0.0753397680538523 0.152951546944505 0.10940527461243
"ufb181" 0.659881023963484 0.704069703961974 0.197626053701468 0.260413496705908 0.127955591465983 0.0744161858224344 0.153370775825119 0.11028953985898
"ufb182" 0.786082430741245 0.783754427390791 0.20204944360442 0.61205637720016 0.155426220673125 0.0879307214824582 0.100626849962052 0.158491545331329
"ufb183" 0.631023193997023 0.618915097849542 0.152834049955205 0.271738863670317 0.102619882318439 0.0606488118041892 0.0968752164792903 0.0683248544593771
"ufb184" 0.757809422537123 0.715319703042295 0.168680292899071 0.564445126458474 0.125181811472504 0.0796873541849385 0.0783263709981426 0.0894285601396218
"ufb185" 0.691358024691358 0.605119417371747 0.145701749137763 0.691244611249327 0.112940491472662 0.049770565116434 0.0083595311855364 0.0582058350518627
"ufb186" 0.701942090050241 0.720014680808559 0.191957493368971 0.357301901968063 0.133330532057427 0.0852657032034797 0.127445502199083 0.133751886071868
"ufb187" 0.706633016381455 0.687396171903214 0.167203018202793 0.481476444548022 0.12422741453918 0.07314123923055 0.0872536072779793 0.106372482384305
"ufb188" 0.6394244157841 0.643803395695901 0.166124089801856 0.494402376759787 0.123602415445689 0.0656057864033116 0.0597216842782291 0.0812185896120813
"ufb189" 0.619038911395061 0.723273000140818 0.221760669615775 0.130129688012817 0.144048592154805 0.067037279083687 0.182991751497277 0.143203566642898
"ufb190" 0.664281436959204 0.717309132078228 0.182334163326711 0.382992382023428 0.134556520984882 0.0788442725692959 0.10380232954395 0.103562532959797
"ufb191" 0.64369524407232 0.624068720325486 0.146660755739842 0.366191776208622 0.0993250592083822 0.0667507624756862 0.0727431821734472 0.0579428946764493
"ufb192" 0.638494443774318 0.607106961060857 0.142445992483223 0.389529476001179 0.0971412787518889 0.0592715305973084 0.0603733511194038 0.0571685844021201
"ufb193" 0.686237199753391 0.614871074580797 0.14519729548784 0.460382086546771 0.10257176878738 0.0567795365098637 0.0528681809714811 0.0662168630869625
"ufb194" 0.649801184281547 0.588834983281977 0.142250244930842 0.494386026537776 0.102853259854565 0.0507199979959513 0.0334544704125472 0.0509367700785992
"ufb195" 0.593883673230907 0.57990126863339 0.142658812797173 0.271636717939825 0.0959459750099882 0.0594716478672852 0.0743693019892381 0.0536527532019555
"ufb196" 0.748648222674404 0.717880338939309 0.181661256429287 0.46369421225109 0.131148540660304 0.070077329869719 0.0931713988128123 0.134897621651119
"ufb197" 0.753239431321363 0.707559750688067 0.16833151385861 0.530181950522244 0.122785026316018 0.0757690762587462 0.0886663002999344 0.102478989119637
"ufb198" 0.670745483276819 0.713189780395704 0.206317556277388 0.248708244961416 0.133364701481658 0.0775165966314747 0.162524182386991 0.115439326960684
"ufb199" 0.713772130955287 0.752040196565623 0.217301264185946 0.338488498881838 0.152455542160618 0.0902114578218303 0.149361178451888 0.156887268502586
"ufb200" 0.642827226263721 0.672302390695671 0.181003151688804 0.481626699261001 0.136456418779578 0.0761807136105625 0.0770436603487953 0.0943193576528013
"ufb201" 0.674517427550392 0.692966700878093 0.178112411631319 0.419370754237374 0.128723512614116 0.078959340281062 0.0888649336414435 0.100534093178069
"ufb202" 0.581616034970428 0.670808604307727 0.195745825916258 0.0950127065239688 0.126846920093781 0.0621509729304158 0.151372039966356 0.122016967394233
"ufb203" 0.616568348041776 0.703158582962821 0.206063757851704 0.167862558373672 0.133070845191804 0.062217976238197 0.165803629967389 0.126603255315238
"ufb204" 0.614104891792869 0.574040101471916 0.14603489274189 0.307231745834446 0.0988473900468621 0.0538324871021165 0.0719848760575147 0.065303023418746
"ufb205" 0.606509267992794 0.574707117486607 0.154317776189891 0.318697468759588 0.108078961246953 0.057361121815677 0.0732786112801412 0.0744814442172428
"ufb206" 0.69292950912799 0.691959567491396 0.178801405257273 0.511377583424449 0.130715252201666 0.0671720581830207 0.0748570496521609 0.116411679479708
"ufb207" 0.62471921155897 0.680944275369422 0.190018202096618 0.208458952347759 0.121663316627322 0.0688742513973322 0.147926423753225 0.109752469500323
"ufb208" 0.731003762049037 0.720299259204794 0.19121998923811 0.415713109112516 0.132754083607619 0.0799196938858113 0.12681953221081 0.130494877166784
"ufb209" 0.686669907944076 0.686306774736198 0.181818065329614 0.331666500689705 0.118749957534422 0.0763314034399089 0.132313556892796 0.0974833871009898
"ufb210" 0.628587882662307 0.667079532406947 0.182099399550348 0.215288117806239 0.116195451232203 0.0659490399371464 0.138895232086326 0.101645160729631
"ufb211" 0.763149396800796 0.726015851536826 0.168557844930018 0.54631370431991 0.12293388118344 0.0834887320461875 0.0963780796041997 0.0781742701387718
"ufb212" 0.630471239073775 0.680120319397485 0.193621121473932 0.164755890130992 0.131079683124319 0.0671132329141929 0.137284414518217 0.122781548190243
"ufb213" 0.632306280728342 0.728151054832005 0.221171481991428 0.177949267277165 0.14393749320305 0.0648468323720704 0.182010537832885 0.140090600966985
"ufb214" 0.656005642689686 0.6884068572678 0.186767975858005 0.272011291186002 0.1222076300709 0.0692422260809562 0.140697658670793 0.102187414665238
"ufb215" 0.730535593514504 0.721492320612643 0.187267230081904 0.445315645243842 0.135538943316913 0.0778084920558975 0.0991311960497898 0.139822061788588
"ufb216" 0.675713850380469 0.682092112200428 0.172192379060393 0.391869427407385 0.119883934448301 0.0884887595130943 0.100167379864853 0.0935682883549132
"ufb217" 0.597605580713245 0.696580707905889 0.205537142187202 0.109485177519874 0.134695049124999 0.0638106189140898 0.164220577194232 0.131448139325055
"ufb218" 0.575 0.613612048391079 0.179087324354125 0.574950090014194 0.135010231521631 0.0576721339327677 0.0445494126956266 0.070761236850598
"ufb219" 0.603523805739692 0.616634830187457 0.159729753720418 0.453386185975181 0.11586625020302 0.0612700734188325 0.0511514509928566 0.0549761736188213
"ufb220" 0.666549660108267 0.70046015032669 0.167583965765219 0.437440064722879 0.118237524782985 0.0711153310467065 0.0766726073302283 0.0787004416550957
"ufb221" 0.660181558585864 0.699868356096758 0.164459937190582 0.416713623631586 0.117216845226742 0.0701707559926723 0.0734468125614997 0.0795015840416732
"ufb222" 0.707432670160606 0.684980773235938 0.166766990853616 0.440394308778834 0.117903273317604 0.0797452124698052 0.100243856133111 0.0879936987723666
"ufb223" 0.67115102493544 0.688064006329587 0.186369156492791 0.272231176894702 0.122199784664677 0.0693229976707129 0.137093298226784 0.10084708131812
"ufb224" 0.583707224328332 0.59900871070565 0.14775797496088 0.227083270067501 0.0979337547616926 0.0618164320526106 0.0882923704929187 0.0595966275969945
"ufb225" 0.670623244630474 0.680105096859767 0.196277254114875 0.326647910860091 0.134969644000915 0.0777241882587765 0.118806249928305 0.132757991897707
"ufb226" 0.591639541102391 0.677977131956099 0.186884345268529 0.154297458328051 0.117747307418229 0.0518123255952602 0.144621194575256 0.10980635079152
"ufb227" 0.694723199422734 0.637330976001048 0.146050878809011 0.587428192524923 0.111434994871482 0.0622853679110735 0.0367054397562931 0.0689952882192144
"ufb228" 0.759090103641089 0.723194400254534 0.169356865766213 0.578562422438064 0.128474094209256 0.0817133406755099 0.0788329761333616 0.0851897392497448
"ufb229" 0.582339909033257 0.638873202690664 0.165912360459276 0.159667379710829 0.108483856109658 0.0614891634386455 0.1186358603103 0.0813750040049929
"ufb230" 0.569641790909126 0.588857221660384 0.145115405062818 0.189719958775001 0.0965010275113104 0.0586461137574067 0.0886016189833586 0.0591240219674651
"ufb231" 0.6171711316844 0.669959091398428 0.185790954577686 0.166298455708051 0.119214365185195 0.053225254532902 0.142767058976785 0.106842698272939
"ufb232" 0.725875912766016 0.696203000898972 0.166072127171563 0.511343977400908 0.122648957097271 0.0754900546809954 0.0861904878062892 0.0997229452134389
"ufb233" 0.679411746962348 0.668079506086822 0.163155626891963 0.433339778432592 0.116887228023464 0.0752631671543201 0.0904882830455277 0.0939094943249624
"ufb234" 0.591020270559126 0.658552894159846 0.173515241531957 0.184068243607174 0.11003790621354 0.0497096055212752 0.129857224478183 0.097240291183672
"ufb235" 0.65 0.654818576113403 0.162744884856913 0.636124431232536 0.119470797173584 0.0519519882658572 0.0272632876639021 0.0553746845406583
"ufb236" 0.679059899815317 0.701097977332557 0.187704069682467 0.332615989308092 0.129133479036436 0.0827048779747718 0.1273963081502 0.123135542271504
"ufb237" 0.669199192300303 0.68643835511165 0.183268636700412 0.331744052669347 0.124458614342285 0.078865543093976 0.129292120045517 0.104352250098074
"ufb238" 0.707629581643842 0.701859414753606 0.187683216166793 0.379953034588502 0.128570918388414 0.0781709335238804 0.127463149240866 0.11990934206237
"ufb239" 0.620601068206685 0.622216309942111 0.164020740149846 0.213225970865167 0.104528381431129 0.0555762053667366 0.115212813989947 0.0873810051317855
"ufb240" 0.655541437247479 0.629268102134973 0.15543470274155 0.356890056351761 0.108623955254262 0.0725629744180857 0.0926986986988667 0.0669610613796926
"ufb241" 0.616396424487278 0.585266971448288 0.141421263331845 0.388382070360568 0.0957201268640764 0.0533373025891363 0.0486842913022756 0.0534434624145936
"ufb242" 0.714859487701991 0.700207971282869 0.169158310298925 0.456246177787124 0.121848548022166 0.0750201350877576 0.0892252873696949 0.104986709080186
"ufb243" 0.616124558737151 0.656428520108364 0.175808286223974 0.208378113635462 0.114999805084943 0.0609276591241002 0.131404991599657 0.0951210280694981
"ufb244" 0.655044700384973 0.689520244005917 0.198794155712318 0.258287677270624 0.134373494278793 0.0780408963369345 0.142810037527875 0.128230744435281
"ufb245" 0.692304242194946 0.733005798256097 0.189672423414355 0.432126697911573 0.139621023686675 0.0874327638413668 0.111982631688003 0.112941173062303
"ufb246" 0.701714733002086 0.725376568316559 0.209550713052175 0.302250583471672 0.14564496405166 0.0798335047976299 0.146362056644735 0.14327242443447
"ufb247" 0.597278899150231 0.637732979494028 0.162060471818235 0.184017957913301 0.107123802740322 0.0532716802134147 0.114601878310847 0.0777436805272012
"ufb248" 0.551180153449048 0.540621505699361 0.135401377232594 0.20169367717348 0.0862893742953464 0.0506053059381794 0.0712093880630751 0.0514855249491019
"ufb249" 0.570510978155562 0.547278852498871 0.143478997611071 0.247375669618634 0.0921794628086193 0.0520754206309268 0.0692073511721863 0.0591367058854694
"ufb250" 0.659532771162312 0.692226362707722 0.191880815284083 0.24020707184507 0.124162946788149 0.0711770670125585 0.144617410132262 0.105122152714572
"ufb251" 0.59875124025702 0.660219343681241 0.189705468059604 0.109875742419868 0.126267693005457 0.0627943759519794 0.142270128291195 0.114745838981495
"ufb252" 0.611229016559201 0.663685963540931 0.191441094873562 0.12702471729732 0.125895975061477 0.0617833114504564 0.145543777104108 0.113444027814528
"ufb253" 0.613086433622017 0.670868431608504 0.192462951722442 0.142365515352808 0.125402784538905 0.0606423652237654 0.147859755301664 0.114770501078321
"ufb254" 0.637882893784015 0.716712249099274 0.213466079550722 0.190341879708304 0.141773520253607 0.0683237670085132 0.173136569544266 0.132751647462933
"ufb255" 0.687221006000146 0.659825566062615 0.174105058865091 0.361881356289024 0.123179347795332 0.0668947695606427 0.0948619845763456 0.0927077997716787
"ufb256" 0.6625 0.566778127458694 0.145976662984814 0.662454990698298 0.114446317153523 0.0493312990173307 0.00783617085141679 0.0621469865939132
"ufb257" 0.655840008448592 0.688080542468622 0.185147446877309 0.28690668928839 0.125796983417091 0.0805714305826701 0.128232747214144 0.115739027949211
"ufb258" 0.722185808854976 0.705000343902607 0.160432127084357 0.571093226641608 0.119255450989005 0.0828140223292412 0.0696466887590206 0.0696121309477569
"ufb259" 0.712237300675906 0.739855608107733 0.213856965473815 0.338488498881838 0.152133402147645 0.0876995154741525 0.14537825496372 0.149465847779612
"ufb260" 0.656052778716442 0.690850610658718 0.193525913159237 0.249380343035379 0.133391449056638 0.0690630509904909 0.13717367744817 0.121010044983394
"ufb261" 0.71816642890565 0.631148585506754 0.164629119526696 0.427955633751241 0.115405018381879 0.072639485704616 0.084363416573749 0.085914209490514
"ufb262" 0.685453218349846 0.652132919397493 0.153740549821324 0.413637055654529 0.105985398371071 0.0706904405137822 0.0863085446727725 0.0674459917635368
"ufb263" 0.604322882058951 0.684181009357263 0.198232112262788 0.105608954869886 0.129289723786321 0.060222979950404 0.155829275162922 0.123083333082717
"ufb264" 0.669173903484935 0.717365062941887 0.207600028986305 0.251697913270076 0.134769258351548 0.0742450122283202 0.164891546817396 0.11842606086279
"ufb265" 0.705036699295367 0.62816412318377 0.153165486791332 0.520660997549648 0.107067889794967 0.0577069874481978 0.0457449641489769 0.0820523983711597
"ufb266" 0.697922080578484 0.653884131634751 0.158049371820489 0.417238202821824 0.107092135780267 0.0643328992296332 0.0664767144867577 0.0833252355484031
"ufb267" 0.692169529658333 0.676367674481949 0.162264514135862 0.363580906247916 0.109174919545473 0.0661385016460686 0.0814026217552501 0.0788153795519493
"ufb268" 0.64479372225314 0.66422802012885 0.16758790871412 0.281287026579235 0.112829578283318 0.0726654104353083 0.105590809677235 0.0889855969073776
"ufb269" 0.693628857085595 0.7002219821114 0.183781391256373 0.356415711549003 0.124918031572835 0.0794779816498708 0.126828314278697 0.108814580211895
"ufb270" 0.601157813666864 0.661402223663399 0.187228595814519 0.146280807356182 0.124020220440225 0.0633707127365536 0.141129133220022 0.113633701120369
"ufb271" 0.614967306871113 0.633385284064072 0.168093487838889 0.203763366538925 0.10790744004395 0.0560937795410587 0.120978974363245 0.090663571232568
"ufb272" 0.592206970866244 0.574676401086305 0.144892646598816 0.283253241449552 0.0984387653333051 0.0587427587877054 0.0707435821369221 0.0585903373547015
"ufb273" 0.615980926919601 0.642281504095577 0.170820922374124 0.18962758249466 0.109484867978896 0.0480997439105189 0.125111153465795 0.0930082702866825
"ufb274" 0.608286483229628 0.624980422220574 0.162809836902798 0.189655345556482 0.104677092441281 0.0461252704540493 0.115396087107219 0.0867490005071125
"ufb275" 0.614457831325301 0.680476515668867 0.185532106880405 0.614331679116617 0.143342926742334 0.0613273696433309 0.0547677013368001 0.0874653431466955
"ufb276" 0.737471028264613 0.696643632096512 0.186873632225025 0.426827964657354 0.129159822850363 0.0887598918484328 0.1162839104406 0.116704088759602
"ufb277" 0.576739916191002 0.607561916737552 0.153560216257769 0.189804515069203 0.101839630645064 0.05798136370076 0.100123370368069 0.0640832859913268
"ufb278" 0.585574884250732 0.640151632422094 0.164202327388632 0.191742425583583 0.108963966649935 0.0603825884072549 0.116828901719019 0.0790958042431216
"ufb279" 0.610208695749374 0.663906262977326 0.181169367659532 0.177773245632069 0.116685480530656 0.0581818153610559 0.137917205320406 0.102943616395146
"ufb280" 0.777385363698591 0.72521461033496 0.167598499451526 0.642458166896459 0.128586621467679 0.0741217542837784 0.0622361204445979 0.110684809286179
"ufb281" 0.616938130132515 0.718091432423219 0.21790277343716 0.131652187370505 0.141352891563473 0.065318794077065 0.178985420519038 0.139898084427949
"ufb282" 0.682095877690499 0.645736795444783 0.172070881003921 0.369455740712391 0.122697242016478 0.0663011633650756 0.0927975499201434 0.0893556960389701
"ufb283" 0.592829506734816 0.572624671173592 0.168709506055494 0.415180534564725 0.122842920679694 0.060765414502876 0.063269787065313 0.0817665328142731
"ufb284" 0.709079756108782 0.655822097706181 0.146468410829736 0.629415843350263 0.11221556461368 0.068387914042348 0.0376085871853889 0.0529460550283023
"ufb285" 0.60719349280041 0.725533502291249 0.223930731240159 0.0947208977638594 0.146946443802674 0.0682577990719824 0.185313331004679 0.147881466077917
"ufb286" 0.616049605592857 0.617598571580747 0.152217296632842 0.224168502442568 0.100450678705632 0.0539406642669475 0.0987880371352136 0.0651114879867057
