NA NA 0.1099102 0.06639832 0.1316197
0.1706968 0.1014497 0.1482685 NA NA
0.1441143 NA NA 0.3300335 0.1838072
NA 0.1002392 0.1241939 NA NA
0.1106962 0.1316197 0.04695259 NA 0.03035538
0.0255123 NA 0.1318185 0.05799301 0.03597593
0.1522437 0.204382 0.07988935 0.01427523 0.0996639
0.2615418 0.06518315 0.03678153 0.1267215 0.1220652
0.2614203 0.2674631 0.2054414 0.04963645 0.2337584
0.1967424 0.1380742 0.1490142 0.05840105 0.03624624
0.2455047 0.03911119 0.05124305 0.06097189 0.06455848
0.03147545 0.1339223 0.12495 0.06376993 0.08845645
-0.005528051 0.1646182 0.1459159 0.07487747 0.03701072
0.1053754 0.09366017 0.1065638 0.1034984 0.1147883
0.04518309 0.1349435 0.06156414 0.06584443 0.06895896
0.109898 0.2866379 0.01937804 0.06729054 0.08289231
0.006458851 0.01309974 0.05151497 0.02532938 0.009004079
0.05196135 0.05203497 0.03129203 0.005731015 -0.008666933
0.02852648 0.04130607 0.03769749 0.02421252 0.001303139
0.04980993
