0.2607106 0.1522437 NA NA NA
NA 0.1316197 NA NA NA
-0.02631701 NA 0.1255145 NA NA
0.1706968 0.05434566 0.2683039 0.114111 0.2392413
0.1758415 NA NA 0.1115653 0.1500676
NA 0.1276183 0.202446 0.1124142 0.1371089
0.1042176 0.1602974 0.06398775 0.07868452 0.1429836
0.03443888 0.1344037 0.05548831 0.2500809 0.02568798
0.01109718 0.1341967 0.2172238 0.01755083 0.1015702
0.0360659 0.04700302 NA 0.07717115 0.1698124
0.1647757 0.1275505 0.09655057 0.02412677 0.03135349
0.06421396 0.1546875 0.1934053 -0.007918983 0.02156229
0.09665643 0.1289239 0.08492698 0.07539075 0.01430613
0.09503344 0.2285552 0.08491068 0.001937675 0.1023716
0.01366982 0.08254276 0.02062337 0.06872083 0.03672557
0.02930322 0.07832563 0.1392816 0.05806468 0.1201034
0.02135594 -0.001812368 0.009923112 0.0235204 0.01770401
0.03887138 0.04388812 0.04938337 -0.002428213 0.04009581
0.01891693 0.03982819 0.02387851 0.01445478 -0.001943652
0.03677651
