NA 0.3182436 0.1251068 NA NA
0.02483563 0.07422248 NA NA 0.03836442
0.22806 0.1309692 0.1875525 0.3018959 NA
NA 0.05450882 NA NA NA
0.1990491 0.2610502 0.09027623 NA 0.06472886
0.05495048 0.2968354 0.1551324 0.3155635 0.1172939
NA 0.2587672 NA 0.07815568 0.3343857
0.06361528 0.04908997 0.01292177 0.24217 0.2255782
0.151246 0.04077805 -0.003765473 0.212965 0.0510308
0.02889686 0.09178946 0.2947234 0.0536901 0.08209045
0.1632664 0.1930574 0.1176656 0.1382134 0.1129829
0.06471474 0.02849259 0.1375068 0.1715763 0.03641941
0.07606904 0.1252045 0.09520381 0.159517 0.09222492
0.06315316 0.07824565 0.06265635 0.04845071 0.07654518
0.05001913 0.08026365 0.05391255 0.1216455 0.06201604
0.06061624 0.1533984 0.02685839 0.06186649 0.08862247
-0.00244915 0.04863267 0.01590677 0.08276095 0.001128286
0.02720217 0.05077594 0.02439994 0.007239356 0.01328276
0.01983781 0.02580417 0.04052055 0.03357358 0.04728823
0.01646079
