NA NA NA NA NA
0.1316197 0.1706968 NA NA NA
0.1944882 0.3030108 NA 0.1976736 NA
NA 0.1000899 NA 0.2674296 0.1291152
0.1978993 0.2212073 0.09666371 NA 0.07424897
0.04162171 NA 0.2855408 0.138242 0.125912
-0.02539 0.1537029 0.146773 0.03687224 0.2245881
0.04376497 0.03545154 0.05085047 0.06158299 0.1101955
0.14763 0.09811476 0.1248924 0.06414557 0.1310878
NA 0.1660693 0.3714644 0.1745242 0.09634542
0.2099906 0.1665788 0.03667337 0.1122962 0.03196878
0.1462933 0.08501358 0.07042556 0.09038747 0.1235602
0.04339374 0.1901177 0.07186323 -0.01123756 0.0525721
0.05790251 0.08004512 0.05726588 0.08966052 0.06746847
0.1038597 0.07431798 0.1316849 0.07634721 0.1246222
0.04882049 0.01400284 0.09367598 0.09555046 0.08828555
0.04762766 0.07165049 0.07688107 0.1267106 0.008664021
0.0303373 0.1059506 0.06760602 0.001355811 0.02029228
0.05316427 0.008195368 0.0502709 0.007320296 0.08632475
0.03838734
