0.1706968 NA NA 0.1698605 0.3665506
0.1260954 NA NA 0.1304681 0.09246003
NA NA 0.1902353 NA 0.1706968
NA NA 0.2629257 NA -0.05285578
0.2359932 0.1845356 0.04041731 NA 0.05578273
0.03049251 0.1055136 0.138242 0.1385578 0.0806387
0.08694319 0.1023118 0.03611447 0.1676983 0.01821396
0.1238655 0.1371981 -0.0004198267 0.1536775 0.2378182
0.09270499 0.07160633 0.04330914 0.1286773 0.2046682
0.103996 0.09720082 0.1271971 0.1314469 0.01122383
0.01247407 0.2059294 0.09429524 0.09413627 0.1381654
0.1153991 0.1997758 0.01366369 0.04045292 0.1037694
0.04181836 0.1080332 0.06174577 0.03459621 -0.000614224
0.1640189 0.09454839 0.03749356 0.08701577 0.1233171
0.156103 0.1109487 0.05280387 0.1094251 0.275109
0.06368896 0.1336053 0.05024597 0.06894072 0.2017939
0.09283374 0.002597181 0.01916683 0.0687901 0.01827378
0.02628811 0.009235174 0.0301008 0.00800592 0.05752853
0.02715754 0.03694207 0.01768022 0.02774177 0.03591914
0.03944958
