NA NA 0.1706968 0.141892 0.3020814
NA 0.08054418 0.2998048 0.04843053 NA
0.1902353 NA NA NA NA
NA -0.03227064 0.2000107 0.0993778 0.04684087
0.05646509 0.2062806 0.07394128 0.07690209 0.03131152
0.03979636 0.1706968 0.1799563 0.1885197 0.07381745
0.2243736 0.1246555 0.09063935 0.05998517 0.166026
0.1260646 0.03619219 0.2491562 0.07722144 0.0725358
0.03979397 0.07331457 0.2053279 0.05561762 0.1810249
0.03463883 0.05030645 0.1257586 0.06254229 -0.006520575
0.03690312 0.04244736 0.1489683 0.02856347 0.03901343
0.1922283 0.1584654 0.1527015 0.1388945 0.06237601
0.02603341 0.05296392 0.05783168 0.05678508 0.1482008
0.1482159 0.06318072 0.04512606 0.01685607 0.1069808
-0.02011844 0.1016969 0.02809415 0.09244742 0.05305286
0.08528455 -0.004951018 0.08384254 0.08585434 0.1174003
0.01079269 0.05232508 0.06091473 0.004480652 -0.01336378
0.1145607 0.04356239 0.04701794 0.02139678 0.03610217
0.02437454 0.07134339 0.04406984 0.0537035 0.02056166
0.06853417
