0.2293544 0.14897 NA 0.1530827 0.1503228
0.2325258 0.09756056 NA 0.1099102 NA
NA 0.1706968 NA NA NA
0.06337057 0.2506744 0.01491425 0.16469 0.1366967
0.3137561 0.03401351 NA NA 0.1498838
0.1510442 0.1867225 0.1439688 0.04206809 0.1516339
0.08666238 NA 0.1134882 0.2188727 0.09813697
0.2176753 0.245828 0.1528359 0.08608469 NA
0.08588857 0.1408811 0.04375185 0.05711091 0.1068381
0.05127611 0.1784433 0.3029414 0.1805355 0.03973503
0.04975495 0.09358674 0.007959372 0.160035 0.01616593
0.09312177 0.1366455 0.06904139 0.1434044 0.00380956
0.05041819 0.06716989 0.1692082 0.1309656 0.06241574
0.01689725 0.04896654 0.1390309 0.01876732 0.05638241
0.2640976 0.0400266 0.1178618 0.06368138 0.1104164
0.05162801 0.0758627 0.1097495 0.158316 0.00459354
0.06057058 0.06522498 0.02526394 0.002878394 0.02611849
0.04764018 -0.0001680321 -0.01614462 -0.003420731 -0.006464312
0.09695483 -0.003484276 0.05841494 0.02600241 0.05065262
0.07697346
