NA NA 0.3030108 0.05437828 NA
-0.05942401 0.2472214 0.2668938 NA NA
NA NA NA 0.1316197 0.1503228
NA 0.08251039 0.2096242 0.09579898 0.06134121
0.08562184 0.1745945 0.1907645 0.1255971 NA
0.2099238 0.08531507 0.1251466 0.08156667 0.303493
0.1107667 0.0652089 0.07817342 0.04393503 0.09470831
0.1648863 0.1197571 0.1330052 0.09166221 0.07893405
0.07071922 0.02809959 0.1018779 0.1478383 0.07415353
0.06563126 0.06517533 0.1191792 0.08566779 0.01406065
0.03892456 0.05608327 0.2087185 0.09218484 0.1635546
0.02505896 0.1096966 0.2029932 0.05524311 0.2687325
0.07015555 0.1354561 0.1052309 0.1346684 0.1109107
0.06344735 0.06481496 0.1088529 -0.001966922 0.03420516
0.07669876 0.03965675 0.03073187 0.09145551 0.1486
0.06948499 0.06245324 0.04971333 0.08275178 0.0762772
0.05259791 0.05251862 0.01837469 0.0327008 0.02013232
0.002710466 0.01009597 0.0296149 0.02765937 0.01995957
0.0780733 0.006834951 0.005354529 0.009936315 0.007138444
0.06142713
