0.2226329 NA 0.2047782 0.08944328 NA
NA 0.1978993 NA NA 0.1944882
0.1511582 NA NA NA NA
0.03329881 0.008359863 0.1635121 0.1835947 0.213227
NA NA 0.05260641 0.009966581 0.1951943
0.06638472 0.1706968 -0.03671697 0.09103539 NA
NA 0.2778526 0.2195451 -0.04078183 0.07072368
0.1502099 -0.01927885 0.1767454 0.07448459 0.04729376
0.1548839 0.1885845 0.02767488 0.04321761 0.1621829
0.0331596 0.1406533 0.04143459 0.02022236 0.07553209
0.03572108 0.08677292 0.1497941 0.1307096 0.1229223
0.03118458 0.1584889 0.01841472 0.03764409 0.1086513
0.2316146 0.1678729 0.08658921 0.07014461 0.07153545
0.04230563 0.06489194 0.1445356 0.09351459 0.0233001
0.0609648 0.08536478 0.05059982 0.1232245 0.06319536
0.1281412 0.09602239 0.1943275 0.1131475 0.06791423
0.008334485 0.04290565 0.05110439 0.04991023 0.07139911
0.03818112 0.01958964 0.09080306 0.05679096 0.03820031
0.04696142 0.01073844 0.007168234 0.01947416 0.06333211
0.03691719
