NA -0.06616112 0.08944328 0.1627043 NA
NA NA NA NA 0.2167706
NA 0.327922 0.09820482 NA 0.1976736
NA 0.0616065 0.2260558 0.141892 0.1010552
0.3527401 0.2929648 0.0482913 0.1211608 0.07767073
0.03907459 -0.04650867 0.09412601 0.08923001 0.1381164
NA 0.09110524 0.1026084 0.08933203 0.02680906
0.01027971 0.01841182 -0.04087217 0.05353223 0.137414
0.1944882 0.1050035 0.2251488 0.107406 0.07270132
0.1651644 0.1443376 0.2372906 0.05917113 0.01222462
0.04114563 0.08999329 0.07841031 0.04235889 0.05763704
0.07230432 0.07917091 0.05554845 0.05978458 0.1178177
0.1458038 0.1158979 0.02522842 0.2303464 0.1669595
0.06022121 0.0264408 0.05334446 0.2486624 0.1385679
0.05351867 0.03188754 0.00376998 0.1079424 0.05394592
0.06078159 0.06057376 0.03590105 0.06773702 0.02275862
0.05463517 0.04766822 0.172086 0.02508913 0.002570271
-0.00551394 0.02724449 0.02706629 0.009577625 0.04231966
0.04927804 0.007155711 -0.009136526 0.03497504 0.05064169
0.01828885
