NA NA NA 0.09756056 NA
NA NA NA 0.03307695 NA
NA NA NA NA 0.2762468
0.1651106 NA 0.1687445 0.143359 0.2223419
NA 0.1558024 0.02714369 0.1183914 0.01350959
0.04337972 -0.04672048 0.03972769 -0.002540994 0.02744671
0.0879916 0.1706968 0.02768002 0.2214377 0.1337254
0.1038362 0.0595978 0.1634018 0.03510567 0.04154393
0.006059406 0.131315 0.2273156 0.07366717 0.02443313
0.2535488 0.1897076 0.08623092 0.04641943 -0.01433746
0.0302999 0.1088153 0.09437764 0.1712231 0.1206363
0.09211947 0.1652234 0.200853 0.09528013 0.001253171
0.1871076 0.04476388 0.110091 0.2485126 0.03425534
0.04554001 0.08135746 0.02286707 0.02916843 0.08107974
0.06628799 0.06699548 0.05456652 0.1238775 0.03598115
0.03326153 0.002514662 0.162631 0.05707189 0.1754447
0.026084 0.03424518 0.05433192 0.05798193 0.1186309
0.04261209 0.01695993 0.07710336 0.01971238 0.01117079
0.01509586 0.01302678 0.06680573 0.0743822 0.02795137
0.0217356
