0.08944328 NA NA NA 0.2007895
NA 0.269555 NA NA 0.1942937
0.3011636 0.08200737 0.1777804 0.1941498 NA
NA 0.2288935 NA 0.1669949 0.08655612
0.1522475 NA 0.1911499 0.01684335 0.1316197
0.1395788 0.215288 0.09242299 0.1304016 NA
0.1056526 0.09002974 0.1592297 0.060913 0.1297403
0.04369616 0.1343983 0.04772621 0.1431672 0.2320162
0.1673486 0.1148353 0.1968316 NA 0.0259383
0.04689831 0.2098699 0.06752733 0.158587 0.07236459
0.02424986 0.1466891 0.01588651 0.02907402 0.1189209
0.126246 0.01956441 0.142365 0.04729792 0.1279704
0.03716475 0.1388679 0.01976759 0.1738368 0.1140862
0.07006759 0.04598241 0.1400778 0.01569152 0.09904404
0.1101659 0.1363235 0.1338952 0.07644219 0.06374205
0.07660948 0.1160213 0.09238273 0.121165 0.02958237
0.01699375 -0.007551936 0.01095534 0.02361305 0.001709424
0.04919244 0.01962265 0.01488977 0.05588148 0.04451093
0.02682922 0.02005272 -0.01645469 0.004144798 0.04426695
-0.002797244
