NA 0.2996547 NA NA 0.1706968
0.1316197 0.07107933 NA -0.006778448 0.252708
0.2797621 0.1301281 NA NA NA
NA 0.1715883 -0.05061746 0.1357549 0.1093716
NA 0.06947454 0.1128915 NA 0.2603331
0.04321071 0.04315039 0.07404879 0.1153675 0.1344075
0.07986788 0.2041183 0.09731955 NA 0.05201032
0.1771437 0.2235639 0.16986 0.1214845 0.3118151
0.1601831 0.2021638 0.05868445 0.07543854 0.1326646
0.1852003 0.1630024 0.05014473 0.031179 0.08335936
0.0582549 0.1736743 0.118011 0.1508847 0.2116679
0.04465472 0.1016158 0.07049502 0.05618499 0.04431774
0.08618508 0.1872213 0.06534283 0.1369102 0.006332764
0.1372047 0.1322423 0.1325616 0.01424612 0.03416648
0.03304957 0.009210222 0.1733856 0.03302074 0.04617346
0.04342363 0.1360695 0.05605554 0.04496547 0.1419865
0.03476725 0.06766309 0.01428872 0.02752633 0.08329682
0.0265614 0.008996045 0.07109421 0.1309949 0.06254402
-0.0009702301 0.04297919 0.05338057 0.03745356 0.04937275
0.05294424
