NA 0.3019455 NA 0.1241939 NA
0.141892 NA NA NA 0.2996547
0.2499986 NA NA NA NA
0.1099102 0.2675233 NA 0.0892677 NA
0.1439533 0.1942937 0.1274949 0.1614417 0.1200008
NA 0.1652777 0.04209252 0.1390742 0.1819019
0.1142387 NA 0.202668 0.09666008 0.1860018
0.3069355 0.05862107 0.0666212 0.1112813 0.09729949
0.1979071 0.2033152 0.01083244 0.2284224 0.07758822
0.07748227 0.1443084 0.2849044 0.07788979 0.0459813
0.07165352 0.2236927 0.03604399 -0.0259244 0.06243451
0.244951 0.03415973 0.2370043 0.1138892 0.1620116
-0.06059737 0.0304332 0.1688551 0.1090484 0.140423
0.06832916 0.07955757 0.1142457 0.02361112 0.05091301
0.09265184 0.05674973 -0.004195534 0.1129091 0.00744794
0.02202554 0.0498586 0.1197811 0.05891155 0.04331478
0.03172835 0.02605521 0.01569663 0.02496201 -0.007033194
0.1461184 0.01134461 0.04862735 -0.001039777 0.01993111
0.01207996 0.01227843 0.005534349 0.0172485 0.0533124
0.03853741
