NA 0.1454245 NA NA NA
NA 0.08054418 0.1316197 NA NA
NA 0.1528012 NA NA NA
0.2325258 0.175878 0.1089269 0.1339332 0.151619
0.08021505 0.1626604 0.05052958 0.1916271 NA
0.01002382 0.09026448 0.195529 0.01665605 0.04815697
0.1805943 0.03643255 0.03409556 0.106125 0.03285978
-0.008682179 0.1409765 0.05471374 0.2227953 0.1297993
0.08721139 0.1408698 0.0989532 0.01570132 0.0935023
0.1460499 -0.03280706 0.2570062 0.06996052 0.1473894
0.06728132 0.08581521 0.2079723 0.1524347 0.1590369
0.1891056 0.2348442 -0.001888478 0.1454376 0.1232345
0.0206309 0.1921235 0.04791792 0.07517016 0.057671
0.1555511 0.06366167 0.1367858 0.06255736 0.04446959
0.1046742 0.0293282 0.1576744 0.1873499 0.08619937
0.02165152 0.1286631 0.1256851 0.05930267 0.008302496
0.01960308 0.03294633 0.01555902 0.02508972 0.01275449
0.04112299 0.102932 0.04503914 0.0413276 0.008722956
0.0372543 0.0172771 0.02915982 0.01818035 0.08087888
0.0098409
