0.004953328 NA NA NA NA
NA NA NA NA NA
NA NA NA 0.1099143 NA
NA NA 0.2741347 0.1170021 0.1368449
0.106446 -0.01454 0.1837755 0.09733777 0.1275827
0.06637064 0.2493073 0.1016384 0.272663 0.2261995
0.08399014 0.04368168 0.07225161 0.1018882 0.1867361
0.05230989 0.065547 0.03965908 0.1818211 0.03988176
0.1555159 0.05187933 0.1704144 0.01405305 0.02367373
0.0634517 0.08741226 0.07360269 0.06547195 0.1043497
0.1680061 0.1150747 0.1822419 0.2323297 0.06667902
0.1775491 0.08703369 0.1057891 0.03815482 0.1928709
0.1291629 0.06095922 0.03622983 0.09364133 0.02880507
0.1447828 0.1521725 0.1668816 0.1593029 0.04944061
0.03572343 0.05921512 0.1007066 0.08201577 0.05623438
0.07270548 0.02827327 0.08332572 0.08665654 0.09168674
0.01611774 0.04601264 0.04326318 0.02863887 0.04347292
0.0297195 0.03268071 -0.009188613 0.04358129 -0.003099753
0.004807093 0.08997282 0.07223408 0.02776032 0.01167932
0.0338755
