0.1251068 0.1942937 0.1318185 0.1738249 NA
0.07595204 0.1248369 NA NA NA
NA NA NA NA NA
0.04259289 0.07589595 0.01586443 0.07711233 0.08113744
0.03379273 0.1316197 0.1922568 0.09480406 0.09249919
0.1405913 0.1297419 0.1792964 NA 0.07642401
0.2463504 0.06656494 0.1858206 0.1604319 0.1629422
0.207838 0.2743025 0.05106866 0.3449678 0.1124061
0.02737916 0.06045757 0.1609088 0.1870259 0.07769815
0.2650109 0.2115222 -0.005918 0.2351381 0.08123663
0.1145573 0.08770043 0.1873946 0.08402174 0.1152455
0.1757828 0.1474381 0.04437851 0.07473956 0.115047
0.233713 0.0229165 0.104193 0.1812166 0.05874451
0.09742196 0.1451556 0.04377611 0.0214883 0.07807673
0.01420721 0.1829859 0.08188619 0.03609056 0.1101346
0.02185603 0.04280191 0.02676924 0.078183 0.1613166
0.02806895 0.0905416 0.03362015 0.07716746 0.03953191
-0.0009694583 0.01046492 0.01648061 0.08008128 0.06983576
0.0394058 0.01124348 0.0768498 0.05434217 -0.01108181
0.05590839
