NA 0.1279405 NA 0.1316197 NA
0.1939246 NA NA 0.1002392 NA
NA NA NA 0.1543238 0.09799439
0.1263012 0.1316197 NA 0.1353264 -0.05345389
NA 0.239497 0.09863185 0.2472792 0.1162514
0.06446121 NA 0.1789202 0.2762468 0.02077699
0.1423891 0.2573447 0.04329819 0.1651703 0.1487892
0.07105259 0.1016125 0.06684636 0.07648478 0.05187042
0.09459763 0.09691787 0.07878293 0.2375822 0.1112313
0.1817852 0.1272982 0.1271797 0.05614022 0.09710534
0.01837868 0.04597864 0.08708582 -0.007978457 0.07046746
0.06812569 0.1123274 0.02233871 0.01354175 0.1627754
0.1742233 0.0154431 0.1861272 0.05589323 0.06926605
0.007843374 0.04090061 0.1451643 0.08514016 0.1549656
0.1095145 0.1222559 0.00778765 0.06928784 0.07215652
0.1257627 0.1573548 0.04231582 0.1032796 0.1353482
0.02672173 0.01220027 0.04123697 0.02025798 0.01972775
0.03131426 0.003868297 -0.003731226 0.03643717 0.03004738
0.0195703 0.004312557 0.02656853 0.02552145 0.01350426
0.02016259
