0.2348863 0.1246181 NA NA 0.2292241
NA 0.08696627 NA NA NA
NA NA 0.1976736 0.04547825 NA
0.1246181 NA 0.1414006 0.1884064 NA
0.2494622 0.1542158 0.1294036 0.01536959 0.2293544
0.2372906 0.00856941 NA NA NA
0.1115505 0.06732445 0.02222726 0.09645962 0.1218446
0.06136731 0.2258397 0.0493043 0.03114515 0.2683129
0.1284769 0.09269623 0.02990892 0.07566123 0.04502076
0.2824125 0.05674985 0.08129745 0.05869617 0.07766598
0.1659262 0.08828233 0.07850654 0.1474457 0.1495491
0.07930875 0.02845648 0.1836385 0.137126 0.1859447
0.06127145 0.04131844 0.04489888 0.1779171 0.06365297
0.06701478 0.05177629 0.03973068 0.05024015 0.01448353
0.05675329 0.03189054 0.03557246 0.05592257 0.1087958
0.05467337 0.06296259 0.06775726 0.01426903 0.09019354
0.01898561 0.06270489 0.01165321 0.01296885 0.005054773
0.01479385 0.04186665 0.05318982 0.009132248 0.0436803
0.02898997 0.01280159 0.02497877 0.007213075 0.04885246
-0.01137525
