NA 0.1944882 NA NA 0.1875945
NA NA 0.1563156 NA 0.1233469
NA NA 0.1844682 0.1944882 0.1706968
0.2940434 0.2652572 0.09100762 -0.06880013 0.209838
NA 0.1266636 -0.0597088 0.03881152 0.3064373
0.2963627 0.2076935 0.09955614 NA 0.06424445
0.04433452 0.141892 0.09052544 0.1011029 0.04231272
0.2519702 0.105336 0.1380494 0.1114708 0.1920437
0.04830395 NA 0.185498 0.02662391 0.09655733
0.1047924 0.0111213 0.2495294 0.1007618 0.08630379
0.06270229 0.09819784 0.06175779 0.1515151 0.04598305
0.01788813 0.1333535 0.02845227 0.2732361 0.06255522
0.09987606 0.2068359 0.1547142 0.0558918 0.122655
0.1092282 0.0858809 0.01261313 0.1421731 0.07173131
0.07840488 0.05521826 0.0147404 0.08114182 0.1002601
0.2623264 0.0791443 0.05423215 0.05467108 0.05087249
0.01935226 0.0491477 0.06974118 -0.004230538 0.07699551
0.0270794 0.03249684 -0.001815767 0.0506937 0.01150038
0.02824505 0.02436946 0.03472673 0.04127371 0.08321998
0.1250252
