0.1294487 NA NA 0.1099102 NA
NA NA 0.1503228 NA NA
NA NA 0.192054 NA 0.196951
NA NA 0.110313 0.1159144 0.07570516
0.1220679 0.0537483 0.1105068 0.05129449 NA
0.1779778 0.2340882 0.04656958 0.1362146 0.125377
0.07426876 NA 0.1319222 0.08294131 0.06899736
0.0687262 0.2068743 0.09721537 0.07105784 -0.033003
0.1002171 0.2017887 0.1858418 0.09733134 0.0681553
0.02473475 0.1196239 0.1204178 0.1544858 0.06590429
0.1508083 0.1478189 0.08861273 0.0418215 0.1601841
0.03416602 0.1984514 0.06094726 0.2226077 0.002713827
0.09053627 0.08767356 0.2287072 0.1665539 0.0688552
0.04606724 0.07823832 0.06727419 0.0719874 0.08793385
0.1119869 -0.006042525 0.137285 0.03364035 0.06398461
0.1480035 0.004376266 0.06625117 0.1957879 0.1316333
0.04198985 0.02419066 0.06984079 0.05742167 0.01885893
0.0224031 0.01195861 0.04214614 0.07904133 0.03980602
0.03967289 0.03617386 0.01762177 0.1235229 -0.004658517
0.03005918
