0.1316197 0.03620485 NA NA NA
NA NA NA NA 0.0816878
NA 0.04648169 NA NA NA
NA NA 0.07175279 0.04048013 -0.02657017
0.2553605 -0.03879997 0.1301785 0.1480367 0.1298955
0.03836442 0.1789388 NA 0.08561262 0.09485177
0.2586427 0.06886943 0.04846339 0.04241076 0.1408406
0.06576594 0.05345454 0.155461 0.2657539 0.09480693
0.06291297 0.1422449 0.1918819 0.1696552 0.164948
0.2642128 0.1671975 0.01915159 0.2353853 0.1059289
0.03288516 0.207587 0.1476789 0.1837742 0.1129445
0.1151542 0.1368887 0.08602085 0.1818907 0.1817505
0.03161994 0.04490975 0.06928364 0.07825838 0.0905008
0.1941832 0.155557 0.1365968 0.08655208 0.0459247
0.03264396 0.02540054 0.07193334 0.08359514 0.07639064
0.08896325 0.02781524 0.03919049 0.07700349 0.06500877
0.007177835 0.002039792 0.06297001 0.05083368 0.02806882
0.01348876 0.01026079 0.02764882 0.07375692 0.01169156
0.01238825 0.04167885 0.02566228 0.01680736 0.03396414
0.07786543
