"quartet" "wQuartet" "cluster" "phylo" "mutual" "shared" "clusterNorm" "wNrqs"
"mb49" 0.891566265060241 0.92272471118625 0.218889730358113 0.891430348658547 0.182102684946891 0.0906716324660492 0.0882041126689994 0.179295834893942
"mb50" 0.646587093941164 0.71533816697543 0.234590839939246 0.0726920243990536 0.151257211389193 0.0958411084685124 0.196383857069594 0.152226709771809
"mb51" 0.860150403684376 0.850252545078642 0.219383349514807 0.770752892946541 0.17375923175697 0.111558890426132 0.115540125519194 0.156575991966084
"mb52" 0.802469135802469 0.894040577497933 0.26324374865221 0.802361291977526 0.211354535374478 0.10488694106522 0.138370051719072 0.218183847444327
"mb53" 0.626619901399807 0.716001970238517 0.235037260600971 0.108482699590208 0.153208571251394 0.0788187248855911 0.195831644170766 0.159170387465972
"mb54" 0.741213420066013 0.788876248261914 0.218943128659077 0.51616552237292 0.160983257469558 0.111097162942345 0.13077418395283 0.153066748041133
"mb55" 0.783809661554712 0.794930663972817 0.207295491655073 0.528248885130042 0.154422942494355 0.0953746955957321 0.118216497758373 0.147902957272606
"mb56" 0.788311510291974 0.810863984260659 0.211892307683285 0.612183088142522 0.160526162352881 0.0951311337366684 0.106815015101129 0.160015393620281
"mb57" 0.651735933229754 0.711916077585633 0.204115036258333 0.280967141110967 0.147363400604774 0.0960734785105693 0.114319092605277 0.124405274666995
"mb58" 0.827910577424076 0.830295031482856 0.205803981532566 0.696810753231692 0.155458259960663 0.0963824533156984 0.0997776950444468 0.14221594827264
"mb59" 0.629468740775154 0.727528010495787 0.240778829071992 0.0966969118770931 0.156541934408744 0.0786031433945326 0.202877010920017 0.162176334507524
"mb60" 0.645643469510775 0.69499143369744 0.201340653960474 0.0969371085724882 0.136540907610801 0.0806256831954529 0.155959551638796 0.114424905852511
"mb61" 0.783132530120482 0.848523385615374 0.205540994386869 0.782920128173993 0.166563670038141 0.0774860149649045 0.0726220328619734 0.163645317687671
"mb62" 0.792682926829268 0.815663988503495 0.231557172010268 0.792674357391506 0.188957568949774 0.0930725509107694 0.101547344967809 0.17817525670932
"mb63" 0.829268292682927 0.899504155318109 0.234703007478248 0.829122111660751 0.19183471349927 0.0943487562989739 0.105488142467522 0.187108973861713
"mb64" 0.646341463414634 0.764513545976245 0.223775874081794 0.45173703240844 0.170011682273728 0.0801477319967105 0.0924339713101364 0.161150181772914
"mb65" 0.786018212222528 0.801134647458206 0.218247426868694 0.551288210806952 0.163120993408161 0.107155840802202 0.130193656512242 0.152308442147938
"mb66" 0.628226884967633 0.728578789329228 0.242726422883233 0.0978368732640916 0.158045025289438 0.0767961188713212 0.204688849973047 0.165722616570569
"mb67" 0.734059315533596 0.723212428767522 0.194472846750873 0.420010251889444 0.13777372725191 0.093429952749609 0.129033529633452 0.116788329247181
"mb68" 0.691007144698001 0.741984891357961 0.225376624589774 0.434398568357301 0.164792571888311 0.0991353369191732 0.137912578400317 0.145333119227913
"mb69" 0.771781956745298 0.765431201550388 0.222674717259924 0.588063498139762 0.168347991581504 0.0958617717907093 0.119343162234117 0.163388738598713
"mb70" 0.690052028428036 0.719875114275059 0.202862341784899 0.360272674324174 0.142352347579437 0.0984114199900868 0.142786822494259 0.130394235869512
"mb71" 0.675188420059339 0.705689998603898 0.204838325590016 0.12116967328143 0.140564491784495 0.0818055880218473 0.156370739292973 0.11798016781293
"mb72" 0.747793910308973 0.81526412419531 0.249680723136541 0.603700239213281 0.192900857559403 0.115287476525722 0.14932498745318 0.188840407481857
"mb73" 0.636244615956779 0.698131815959186 0.21712304906736 0.143978319027646 0.141992680537167 0.0791347520207554 0.174856185697001 0.140942318998915
"mb74" 0.806080983033361 0.798607902033272 0.198179854358697 0.650165167203406 0.148128911746164 0.0886825268019943 0.0915159894049173 0.13387172259119
"mb75" 0.702540247246362 0.724379989837611 0.212496062031405 0.263416363898615 0.143923709566756 0.0865417312203189 0.15298838561232 0.14061642360031
"mb76" 0.678552420088287 0.700687769738584 0.201859555420425 0.145449228608421 0.138412484308585 0.0815291380490713 0.151080135473627 0.114458280150408
"mb77" 0.7 0.776978417266187 0.204469433923313 0.699788705039238 0.158476100704972 0.0745272035742334 0.069141713421121 0.135228538971589
"mb78" 0.754674657327987 0.755276957286516 0.196330200274662 0.480518429788185 0.143959376350438 0.0906154687610646 0.117221579684455 0.131737832890397
"mb79" 0.792682926829268 0.761690885072655 0.174852503306366 0.792492531389968 0.141363493123407 0.0688750877334604 0.0353612487814017 0.109281585005871
"mb80" 0.682693302236507 0.715570545250141 0.198244884177911 0.384323274317369 0.138095361662757 0.0933226926433003 0.133138706890649 0.131997904930147
"mb81" 0.633000469655648 0.677058028497478 0.18353380880941 0.207041669119223 0.132715252346791 0.0833952971572561 0.10291956973175 0.097596301399464
"mb82" 0.647309060880878 0.676019832494084 0.178831142772465 0.194469725803532 0.126395447862295 0.0801674391048378 0.105989230025828 0.0958813122961278
"mb83" 0.719512195121951 0.713234005258545 0.171144636948126 0.719250642591745 0.130766955735694 0.0620576511171867 0.0314844674921229 0.0873370216428443
"mb84" 0.754083466328684 0.725270065483059 0.194902522318982 0.468053560779577 0.137712938848131 0.0946877780836093 0.123508236599538 0.120654486600694
"mb85" 0.831325301204819 0.833205756276791 0.198463094905152 0.831113875691073 0.162750563946315 0.0785544803022435 0.0643599476107705 0.15500645783743
"mb86" 0.698795180722892 0.76164628280885 0.204887384043724 0.694996843897732 0.160843770023392 0.0766521352966876 0.0718590685969279 0.139304030202241
"mb87" 0.759631922065454 0.754347018302734 0.199219121809168 0.566942689446071 0.149752654059275 0.106491367514076 0.120531440548997 0.112390053810429
"mb88" 0.793161529340658 0.794268659736449 0.218208050177262 0.610077248073492 0.163381804724956 0.0991661535247937 0.113618376116616 0.158288794971844
"mb89" 0.780487804878049 0.819710566739429 0.196662536738766 0.780236038287786 0.15483614845267 0.0762262001873978 0.0613020730791995 0.12669927708855
"mb90" 0.623070537974979 0.721802778693684 0.237457272960433 0.0846066059338457 0.153717319789464 0.0760476963821165 0.198821128826821 0.161478187759407
"mb91" 0.795180722891566 0.845365025466893 0.209112846627964 0.794983422767488 0.168075862497441 0.0821510693238102 0.0767914828233436 0.158548847909132
"mb92" 0.645351928675757 0.692033669946895 0.200275279200139 0.0858169506545412 0.134646209490982 0.0700500464387029 0.156091907527729 0.114446055929806
"mb93" 0.762302686911742 0.799716591411279 0.214354408438311 0.624659299564371 0.164905288251652 0.106395765169059 0.109842198642379 0.151664904737858
"mb94" 0.827507563028783 0.830025600081109 0.218960585122051 0.647890210034978 0.168048222123243 0.103031364204141 0.114753403455342 0.159575667494331
"mb95" 0.785569757791271 0.819477838494232 0.216561189069738 0.637175403530995 0.164752930033902 0.101639102220726 0.111495133142472 0.158772510522067
"mb96" 0.628007549720842 0.718590064444951 0.234922471535929 0.0963700383122133 0.152375204942587 0.0680756630448818 0.196157895316199 0.160477921779941
"mb97" 0.717686261230331 0.702136938508504 0.188871377221143 0.388653404161866 0.131515907241193 0.0860191580721657 0.127740346778047 0.108038959217675
"mb98" 0.640804576731683 0.699514961938343 0.220574351940439 0.073542317775776 0.141785181018099 0.0827533239887389 0.181428680945326 0.140528559562224
"mb99" 0.7 0.796007896468524 0.21412032386918 0.699788705039238 0.166380307495909 0.0781026062774246 0.0814636064606893 0.146882196695967
"mb100" 0.819277108433735 0.861542231661493 0.193937423799113 0.816863365239822 0.154733932119579 0.0749671282039016 0.0590770977209697 0.134418980720513
"mb101" 0.719512195121951 0.835195530726257 0.207215290436718 0.719294891001123 0.1615622983579 0.0763569057179615 0.0739900298808887 0.146345894870841
"mb102" 0.75609756097561 0.778884462151394 0.190021858612863 0.755817820319762 0.150111225832957 0.0731047148162863 0.053542456386076 0.118483315622172
"mb103" 0.663003686438376 0.678774243303017 0.189977852465926 0.145457452871224 0.12705805705767 0.0801864459385418 0.132700974634961 0.106613998103526
"mb104" 0.64869906411655 0.700719646577039 0.205081234610584 0.110332163635956 0.140416524170377 0.0869132601350079 0.158409038037664 0.11877871571148
"mb105" 0.879518072289157 0.900642029439399 0.201702449790677 0.879367054065052 0.165174375438063 0.0825895256589315 0.0681412709104642 0.156809308296059
"mb106" 0.72289156626506 0.768455903071288 0.197763747043898 0.722663086063419 0.157861218009913 0.0756778743824312 0.0635435935971457 0.139378450834311
"mb107" 0.710843373493976 0.675845026917307 0.168147590252259 0.710599791469924 0.13044417108236 0.0601419172989832 0.028972431226503 0.0827129335057496
"mb108" 0.75609756097561 0.801785965405709 0.195892998535447 0.755924471271907 0.155951105746521 0.0762700153894549 0.0607650583864825 0.141007024248067
"mb109" 0.763123215147854 0.767402992605206 0.189818223464902 0.540212013721611 0.138099212538307 0.0832296383584431 0.0986866425238844 0.113772581290813
"mb110" 0.5875 0.662037771782257 0.192579931289342 0.587163231173109 0.142205416568429 0.0662740980036345 0.0562871893619332 0.0978952481684244
"mb111" 0.66721951908113 0.675253119297245 0.176912223172177 0.169991355936442 0.120891523039864 0.0781694298927844 0.114857387196366 0.0910549419239637
"mb112" 0.662650602409639 0.760296540362438 0.209696064290644 0.662406043952845 0.161744130723696 0.0763964185857044 0.0774722771835238 0.135190291428787
"mb113" 0.701760815572385 0.749890528810241 0.206105407760874 0.524601677112929 0.152274768513592 0.0920104403756555 0.0996371393207294 0.135091274715753
"mb114" 0.807228915662651 0.793273301008235 0.196185925496117 0.806987286504083 0.159222339646515 0.0767780618809492 0.0617017906480326 0.146536059361268
"mb115" 0.721489740695338 0.727678020758075 0.192227277238754 0.420318403867837 0.13927079387252 0.0938591532756771 0.120635275990638 0.122205900594072
"tnt1" 0.676873783717232 0.692040587679081 0.196667105383722 0.147161305774603 0.133680984296592 0.0803238056514264 0.142965430474309 0.111871499980422
"ufb1" 0.775174708851465 0.756395670622963 0.189990803264368 0.564268292309779 0.139149173795117 0.0867785048845922 0.0988786345965211 0.117735210504796
"ufb2" 0.676231636111645 0.6540233241957 0.178238821892153 0.323080650762975 0.121548312521225 0.0753430800913045 0.120082634420072 0.099097459198227
"ufb3" 0.678941883071802 0.661381342389133 0.183101222148778 0.315105149111041 0.122850035981088 0.0832008081535985 0.128466254849991 0.0982055989386921
"ufb4" 0.686746987951807 0.754397254397254 0.201427402381989 0.682663943502025 0.154881040183492 0.0729298756332315 0.0678202060034858 0.128354896560897
"ufb5" 0.63891203516594 0.680202844986892 0.199830439900134 0.2523537501314 0.135283347923419 0.0914413312730954 0.151053126155783 0.124737924912898
"ufb6" 0.7375 0.788064778525475 0.196821306299535 0.73726887865349 0.154232545438162 0.0736552722467279 0.0612445097047755 0.133683051610371
"ufb7" 0.626576441625413 0.712325866435204 0.230716661444729 0.120706906900523 0.148271697638752 0.0801915081489758 0.19245307458335 0.150893735812811
"ufb8" 0.682382124676083 0.686434250303924 0.195313773744453 0.287656186148668 0.132875843308478 0.083034642210001 0.141528255148821 0.10786595279096
"ufb9" 0.673848053156649 0.667601533998152 0.18847917663595 0.287640768186016 0.127045197570361 0.0839038291571056 0.131105254615802 0.10155563671857
"ufb10" 0.79715768137686 0.783345116502956 0.199459181960466 0.609148835829234 0.149735608245151 0.0997051655153231 0.109695736970918 0.120643069391101
"ufb11" 0.652941066152117 0.719418030141272 0.206935299621834 0.471595660246839 0.152888401518862 0.089744523107899 0.100944877015609 0.130979606487099
"ufb12" 0.667614795445872 0.662281848158276 0.174297781000319 0.311835269216029 0.117695219983958 0.0788404713065602 0.107216898343537 0.0900067459492151
"ufb13" 0.802471712198094 0.755650040883074 0.170562375272651 0.66572278496785 0.126906593306866 0.0753198566748371 0.0599048172259212 0.0993796213137876
"ufb14" 0.664486566057358 0.639402430481528 0.165946517757508 0.419229078201895 0.11862367317884 0.0747529049343741 0.072428234337037 0.0887920231700289
"ufb15" 0.639208410091229 0.637882087042805 0.176638094208003 0.442407780949172 0.127372461996908 0.0687631638438902 0.0671891742371934 0.0970769601556225
"ufb16" 0.775187311832291 0.764050752573817 0.198645036343855 0.609226280740524 0.152984418759027 0.101944320262556 0.108741589804363 0.11767407750091
"ufb17" 0.745667713087236 0.739234877211094 0.185650474404717 0.480106127054266 0.130607829447529 0.0828693873821389 0.105431780355128 0.108387674578783
"ufb18" 0.620946238691344 0.675993255415863 0.202933704229206 0.180716777342563 0.134051362278248 0.0825647240159124 0.158884997713228 0.129185058910528
"ufb19" 0.662761523781836 0.682214727656541 0.191813725516805 0.239970286115862 0.130987337453838 0.0774411114514907 0.140395168161479 0.10633812302192
"ufb20" 0.667519618091589 0.678977612993034 0.191592541733866 0.264312730644684 0.130674570584217 0.0816452595006001 0.137558294643854 0.104377798753942
"ufb21" 0.662650602409639 0.691274554591138 0.171108710188942 0.662347963912238 0.124634116373949 0.0566597199895512 0.0324289687796434 0.0734108104417704
"ufb22" 0.758566488543995 0.75620167907793 0.199597711686594 0.53031091112726 0.148486966536791 0.102182602901698 0.128761739065562 0.10987864971359
"ufb23" 0.746165020524051 0.745351558937673 0.200537119089573 0.469621911193916 0.143531042404182 0.0999542602348037 0.13569794362187 0.110722418201359
"ufb24" 0.729534161449482 0.745110237298746 0.203888752390765 0.433281494912102 0.146215927007384 0.100744246949448 0.143955877612774 0.112377627898101
"ufb25" 0.684268588593883 0.719621573048948 0.195515932770796 0.386610715798826 0.142412382483834 0.0957333388929485 0.116194610802586 0.120817520674802
"ufb26" 0.685245059053 0.705678701497235 0.201938925784619 0.275339732991596 0.137259024865557 0.0813251667407851 0.136927918129768 0.134517039114112
"ufb27" 0.750839557139202 0.737381817018349 0.185631232425585 0.517525804372187 0.132823081308398 0.083877996357196 0.0942677764297297 0.109251342504548
"ufb28" 0.739341884190165 0.767884130982368 0.190341564730232 0.626033892776726 0.144251890354903 0.0882804170716469 0.0826349942882645 0.12395973322431
"ufb29" 0.647578079711928 0.697190112389299 0.220981717648432 0.142944144925854 0.143357487901644 0.0852078354138086 0.181857533157777 0.138266272113322
"ufb30" 0.727913775590968 0.689442939251092 0.18385689199271 0.425064794872449 0.127893096523731 0.0835351972465511 0.117576854180429 0.105002578416914
"ufb31" 0.665968172039162 0.679411261338354 0.178666029494568 0.316689293881381 0.126555145275099 0.0830681611957999 0.111923431685633 0.0931153442386088
"ufb32" 0.782360790832531 0.76316931224847 0.195017965350809 0.5777091816363 0.145658385251783 0.0955449969125302 0.104707600282192 0.118238572734148
"ufb33" 0.598083295834826 0.668539048494741 0.195812233523092 0.187370217732797 0.132089490153974 0.0842724850869 0.148545071689518 0.122123633050077
"ufb34" 0.652923596477913 0.661280812797976 0.184323486770726 0.264245808769244 0.122743347590069 0.0792034958395601 0.122815324985027 0.101572795655939
"ufb35" 0.771084337349398 0.751052833078101 0.161693095884793 0.780282671299707 0.128101637463601 0.0599720168628862 0.0214380514496819 0.0876973822193236
"ufb36" 0.727624900259997 0.666177923692347 0.15408449195068 0.619693218018897 0.113618991264156 0.0699612410354506 0.0412367117112876 0.0647241824161038
"ufb37" 0.670014678051321 0.692858794145245 0.196433558210568 0.24271812402701 0.134710413373361 0.0810151148888559 0.145303957043425 0.112192207112851
"ufb38" 0.820615114231393 0.788978392288834 0.198169821974128 0.61383557977269 0.148465236958554 0.0957459268052338 0.108213061470637 0.122099275310638
"ufb39" 0.778194615077479 0.758914285160152 0.193165110364643 0.553512702949205 0.140328239041876 0.0989318032177854 0.113850072713122 0.110367941947293
"ufb40" 0.657024317711184 0.650973586798018 0.17350754067414 0.311739444022805 0.120011896112733 0.0781473804075335 0.100216644020532 0.089023617698046
"ufb41" 0.653590250774385 0.6650781022606 0.172452348853447 0.276374458526103 0.119293723022534 0.0815117699086945 0.110049013724206 0.0858168472504304
"ufb42" 0.70254109204031 0.742629604104449 0.219694950789507 0.517317618278286 0.162908848336552 0.0928876553427953 0.11499039392696 0.141416665470629
"ufb43" 0.807228915662651 0.80259813611974 0.162884794537654 0.807046717360983 0.130173764696422 0.0623996534196893 0.0228291302420717 0.0962424079002792
"ufb44" 0.676298169835677 0.708536732270592 0.205780018965365 0.215099015613402 0.135728218035464 0.0805403655040353 0.14956069746149 0.13203204555538
"ufb45" 0.662880338269289 0.697152706113636 0.194821572266001 0.298920000508238 0.136713517881224 0.0828989484111485 0.137886256088217 0.122086943435356
"ufb46" 0.644553823581304 0.676449372029368 0.19515897054298 0.264289707088128 0.133038295160424 0.0813362749519263 0.143947867102302 0.122466292985167
"ufb47" 0.610280919898837 0.705341593863685 0.223344813739872 0.108478519298684 0.144969048618236 0.0805733768002464 0.182970576150963 0.148808933652034
"ufb48" 0.659531217075786 0.640258966043495 0.176060940805337 0.274719486258567 0.116147174154639 0.0738849660599779 0.123614895156085 0.090830445590968
"ufb49" 0.649580512920726 0.676877785575617 0.182033799198273 0.3352112840056 0.129524542918577 0.0793818558138565 0.101271455845487 0.101112630918132
"ufb50" 0.650602409638554 0.590501527244063 0.151213542361121 0.650284669318743 0.112854319171179 0.0505589633767895 0.0092051898739025 0.0504798036888654
"ufb51" 0.648192470297218 0.692580027715738 0.199330554837535 0.206656967396061 0.136342872783883 0.0773098805670505 0.150524659009262 0.113443082990489
"ufb52" 0.747725106968017 0.725010966973742 0.174914864043796 0.6293387765033 0.133160002395344 0.0816904102357012 0.0648379835121468 0.0950181433977055
"ufb53" 0.642961691708745 0.692421216059451 0.196371606880288 0.181950320543702 0.133876024389704 0.0738573215048601 0.149190090302979 0.109664294107487
"ufb54" 0.632983282364753 0.693687478440842 0.214223479601593 0.143447105720793 0.13797973057578 0.0883595429088576 0.173968038226163 0.131144528385705
"ufb55" 0.636412250235936 0.699114384401067 0.219961925390279 0.14347227591212 0.142433707438931 0.0914873722592411 0.18044688832882 0.137523363996591
"ufb56" 0.634671452917062 0.690045551185217 0.201758866453066 0.143614134108021 0.13423413863478 0.0710941602289845 0.158697769700222 0.118266852804715
"ufb57" 0.621068048644334 0.69359730902041 0.212750569444853 0.120206875026941 0.139224273566769 0.0665334204487459 0.171107733330736 0.138182499145424
"ufb58" 0.632317893275572 0.691170066052116 0.211269261182173 0.119941391711125 0.138373535045358 0.0579485432397481 0.169548068863755 0.137264076928417
"ufb59" 0.674113112633409 0.668584420445566 0.194208684815088 0.38654596121028 0.138969112690991 0.0823464770960866 0.103857865191394 0.11791115089929
"ufb60" 0.638253298534053 0.677005462395344 0.19252598971372 0.215289512827052 0.130114937889255 0.0798122485946898 0.138506686193609 0.120014114705005
"ufb61" 0.629550686781918 0.69764139268182 0.219616489472884 0.11925977455701 0.141754221675036 0.0835242408483891 0.180423739917425 0.139573380847067
"ufb62" 0.742901497839596 0.734821603574011 0.195701585947209 0.469850935183517 0.140454523214377 0.0926695320489227 0.124520804396676 0.110601845930633
"ufb63" 0.634107258344509 0.653768202417291 0.168629658564371 0.276459241732707 0.116051061562203 0.0789975157743503 0.101071493041802 0.0841657042930785
"ufb64" 0.621951219512195 0.609359104781282 0.17564828341498 0.62173631612785 0.130917244510182 0.0591600898345435 0.0376088986335837 0.077068584641769
"ufb65" 0.778021830170619 0.729838546513981 0.194497701087053 0.504045123478923 0.137036808434744 0.0923217598558996 0.115150516073955 0.124825226771573
"ufb66" 0.749193648206579 0.720271561478501 0.189267339146985 0.504129105295334 0.136381350799012 0.0951140231974926 0.109404929662021 0.112455960057144
"ufb67" 0.5625 0.68071606616814 0.21167479925573 0.562101307597704 0.155910757027944 0.0711167222482331 0.0763177397793066 0.121040266611621
"ufb68" 0.665732656689017 0.690428175814812 0.196845891005886 0.182238378827986 0.133449822607276 0.0692510651825368 0.149698725997925 0.109076375002516
"ufb69" 0.62041961111874 0.718215003358193 0.232086622291404 0.0966788960362466 0.150427600949246 0.0810056770401314 0.193890974642641 0.153515485472555
"ufb70" 0.634385244005408 0.683703532908052 0.194039460228736 0.446430139853052 0.137834996514834 0.0773872962834232 0.0865600531915397 0.11415587376495
"ufb71" 0.710474054733519 0.735288753007391 0.200459763333921 0.374347789460724 0.143407660838888 0.0866923711993732 0.121625898099571 0.129622751456752
"ufb72" 0.686866992232051 0.707766726123893 0.195422544751812 0.312724152953139 0.136586444635349 0.0859650387005042 0.124137203649537 0.12699600396836
"ufb73" 0.70102432638585 0.714620227992796 0.201684024233673 0.300021542483178 0.139684853678557 0.0902030627665328 0.136879518059395 0.13493193923975
"ufb74" 0.658536585365854 0.590038666912171 0.156969963396732 0.658265246895704 0.117967375259352 0.0522593867816789 0.0150689222060045 0.0591347812937808
"ufb75" 0.718953534328662 0.675877544478282 0.159259667692622 0.633800601921555 0.122044612359186 0.0760857037349705 0.0469520127369921 0.0651570655799066
"ufb76" 0.792144938370157 0.757066978754051 0.192582695738672 0.54142975098007 0.139692465885459 0.0869554496271535 0.101999119494842 0.119695846617907
"ufb77" 0.622086342743411 0.692295948427494 0.212625266589808 0.108265322443324 0.139593596686466 0.0668852731480007 0.171691206852122 0.137540028019039
"ufb78" 0.637874682486516 0.701898507023157 0.222988183140171 0.131375024194099 0.143312734706787 0.0913750913605456 0.183964768205059 0.140543213283841
"ufb79" 0.76834943929454 0.780546579768881 0.189297534111849 0.61403690195365 0.143600454230949 0.0824469273413652 0.0814520792311553 0.12384298441758
"ufb80" 0.618609598370595 0.698422508584819 0.216574365462539 0.120120149748884 0.143028444629277 0.0697772882974162 0.175133795243726 0.143898974493245
"ufb81" 0.684848955602493 0.706218477923981 0.193113407097625 0.396225371083218 0.134984950978849 0.0886245105921945 0.121599942556895 0.130919989138832
"ufb82" 0.734939759036145 0.689333461575454 0.152691692737684 0.734607518943114 0.119581188471648 0.056180418025183 0.0109306459158832 0.0736905466602664
"ufb83" 0.725585152621618 0.727771679473107 0.18942089195946 0.432131511032107 0.139017022504646 0.0879359910101501 0.109632158902374 0.121516254546236
"ufb84" 0.640491522089059 0.670401162387302 0.193846304308446 0.21697553681977 0.128017796450546 0.0828855877653536 0.142579468335195 0.120856004464594
"ufb85" 0.657212273123976 0.684822402284102 0.201000141151677 0.191672647073958 0.133741646101198 0.0806493287406433 0.150136532241205 0.123897432692764
"ufb86" 0.668626998434982 0.672719763470326 0.178115922649535 0.339606856822463 0.125410931703104 0.082368691174476 0.105210566189305 0.0941631322835527
"ufb87" 0.663006647182283 0.67740189933352 0.183699836493606 0.339315085309748 0.131834169372462 0.0819705008624231 0.103101990250789 0.0993732412580099
"ufb88" 0.605462528486113 0.686234061970531 0.209556069421611 0.131912766051923 0.137112072451219 0.0735017599023707 0.170238060481898 0.132540516249098
"ufb89" 0.601159886316601 0.646087022839773 0.182266806488073 0.131565128191222 0.119108685608508 0.0569820642400063 0.139752818515591 0.102731678707482
"ufb90" 0.759816968391782 0.72342096906286 0.169138879863507 0.555415704312559 0.121723653964457 0.080717879272043 0.0759756647335538 0.0910508675670376
"ufb91" 0.708349998431927 0.741888515693509 0.203221306074765 0.395535760690363 0.146523392382618 0.082491270669376 0.124505086387138 0.140117896929006
"ufb92" 0.605047625241609 0.655122727615255 0.18753643375082 0.121259299771616 0.123449518288767 0.0635011267618476 0.145894784050279 0.108278479727064
"ufb93" 0.736014514991524 0.718389892384369 0.182497926492621 0.535978459959903 0.134956319261693 0.0920697385045286 0.0907829471204699 0.103652637355873
"ufb94" 0.763136420693774 0.721951534316414 0.158226046940455 0.638099529990066 0.11644376678776 0.0732005469155833 0.0462472400486169 0.0804626451080447
"ufb95" 0.660019243772109 0.671100990477404 0.175306272090402 0.267385616559736 0.118420606353645 0.0786491237583659 0.117001035461417 0.088729236848624
"ufb96" 0.636814708466198 0.651580587272476 0.165592065744357 0.26746164504841 0.111984036054695 0.0762972065072068 0.102683772176076 0.0794793066735412
"ufb97" 0.637310009774793 0.695943259196687 0.22044699214335 0.143490273831188 0.142945770255711 0.0849142060804761 0.18129595244302 0.138754139320742
"ufb98" 0.749472729999538 0.698707440100883 0.167481496593039 0.617210773681783 0.126270212860443 0.0734575175653823 0.0564129100359546 0.0953316895252372
"ufb99" 0.638627694436111 0.662216223511945 0.187948482979525 0.179420268476359 0.124396794743992 0.0729217703020664 0.13840481000906 0.117795876436421
"ufb100" 0.671271510716439 0.680246503733559 0.193105820834227 0.239152661083363 0.130674949062963 0.076110877236868 0.127439474800874 0.12274751026182
"ufb101" 0.670731707317073 0.675667566756676 0.1920535594803 0.67069606233771 0.150761869573681 0.0686152177621353 0.0553602712283597 0.121634679261324
"ufb102" 0.629751077533241 0.68417071548943 0.205044687883754 0.133425070267011 0.132418866272735 0.0742607744151523 0.163737747751886 0.124226522472242
"ufb103" 0.573170731707317 0.506034868126956 0.16086143685829 0.572896875766805 0.118110395009578 0.0504332819915678 0.0203459643094083 0.0437424420287127
"ufb104" 0.634441468825429 0.652554137818217 0.193412299727529 0.324977860044673 0.137523632763329 0.0771376674100168 0.11387396482961 0.109328902298213
"ufb105" 0.700944039352526 0.688830623588462 0.186813475894653 0.340665360380727 0.130238233639801 0.078401101954142 0.125510159939273 0.109359803947531
"ufb106" 0.71550563431575 0.680809915902365 0.187807917845982 0.446999776510556 0.135886127829632 0.0783315688791384 0.0967394005616381 0.111743165128127
"ufb107" 0.702212305517352 0.723111178841139 0.203109164481301 0.350881357647839 0.142827482074536 0.0827655792125616 0.124143835797705 0.132765911269616
"ufb108" 0.621862235657739 0.617332559980939 0.171795293570495 0.19119884328691 0.112669777988301 0.061802861982435 0.119037187504656 0.0922010226054898
"ufb109" 0.618805762639371 0.702893438164373 0.219668116025479 0.0855531942610704 0.142951766719603 0.0634436992665511 0.18085538415501 0.143267551279348
"ufb110" 0.757706137885925 0.727426023510336 0.187045779774304 0.523765328938467 0.135639077123751 0.0889536553253443 0.0956023463775643 0.10952861116178
"ufb111" 0.72278717391011 0.724910371481604 0.195689659616323 0.420617975010807 0.139898747844584 0.0843619334084227 0.116385466940798 0.126883340981083
"ufb112" 0.645787629483387 0.684242066016145 0.196884401988881 0.215436398132528 0.131754363047009 0.0826612220896615 0.145749553055517 0.123030660571121
"ufb113" 0.738089839675736 0.713632808929424 0.175282896956549 0.486073230675385 0.126711033727711 0.0766575716175452 0.0940806233173941 0.100017118038843
"ufb114" 0.705669228711772 0.714184710027133 0.20335070155377 0.300208797668387 0.140400259535905 0.0820553576214129 0.132475567581887 0.136091393419477
"ufb115" 0.661570389417402 0.655485172040273 0.185310637196557 0.287130209140563 0.12264117232498 0.0812264734393709 0.119107988294373 0.104025119344519
"ufb116" 0.672871901944675 0.692772596843615 0.192829946223845 0.300208797668387 0.134164037866812 0.0798214711790042 0.121018817021756 0.12170009544628
"ufb117" 0.518518518518518 0.602045560204556 0.196120744795501 0.518171482019429 0.142008579877637 0.0619521062586865 0.0597920306674782 0.0908229612727726
"ufb118" 0.731707317073171 0.701877035050757 0.164896693899932 0.731383078014254 0.130580054172823 0.0603545417679263 0.0237224089477052 0.0941278041793474
"ufb119" 0.684579865857139 0.703283666468228 0.193181162909732 0.372233775496939 0.13624483791204 0.0946311885501076 0.127663788327793 0.124839291688701
"ufb120" 0.640323603759179 0.672299096797401 0.188979582973219 0.273339120608504 0.130074650625582 0.0803698981257916 0.134786756136458 0.118283978007948
"ufb121" 0.633711126742677 0.687958643622915 0.199039675538632 0.133685753851136 0.133057400623099 0.0682463921182742 0.154783494126251 0.115225480056807
"ufb122" 0.650198242976487 0.676173034522252 0.186329173953501 0.239705508057107 0.129046424974881 0.069852506783832 0.128822201785784 0.116766830889082
"ufb123" 0.625117507422515 0.684046290690433 0.208790073207093 0.108941960966813 0.134278807166337 0.0768189216542526 0.16870760270414 0.130707296771029
"ufb124" 0.623179322167575 0.706049646867249 0.225710827388105 0.108409723963226 0.145195979158264 0.0611905170795058 0.187244372075659 0.147012821065126
"ufb125" 0.698795180722892 0.749783399757408 0.179422090539714 0.69847706601953 0.138594663956141 0.0644642971163467 0.042133240133198 0.0970218229437427
"ufb126" 0.708691840653825 0.720550721750391 0.196117150059552 0.38422542804254 0.138406394673264 0.0956083254507529 0.130838191043809 0.124045529990966
"ufb127" 0.708421786507293 0.70203236608984 0.192959197222635 0.420702525539421 0.1423570827929 0.0846846055896684 0.113385783694301 0.12279985608045
"ufb128" 0.650384883737793 0.650417282386883 0.181277810182497 0.288524693336608 0.12270886626533 0.0726617649810088 0.123386626054607 0.112229774593779
"ufb129" 0.62737159985577 0.662555744540657 0.188429511115532 0.25229598429253 0.126050787377777 0.0746547887041254 0.136790219957994 0.119028451743982
"ufb130" 0.62288112488459 0.677461185385389 0.2008824303411 0.143950965645001 0.130937367615962 0.0687055282866025 0.156680182266138 0.130281699772129
"ufb131" 0.657739461848034 0.653291593264454 0.169994599319351 0.287600662008246 0.113728234198951 0.0781866083988955 0.107418224783967 0.0848253228726423
"ufb132" 0.61302806495648 0.706338640680192 0.221986576723527 0.0848164300633937 0.144214706499004 0.0736143122369824 0.183288557592581 0.144967237313067
"ufb133" 0.617455402749204 0.67235291141802 0.18983173817691 0.15721853986345 0.127664406968536 0.068470631970339 0.145047193362274 0.105090394822093
"ufb134" 0.613734955660709 0.637158081705151 0.16481655720883 0.276555502550707 0.115879230757872 0.0764457833807695 0.0907314784436319 0.0781348785445663
"ufb135" 0.682919879877835 0.633281581698932 0.152778413757601 0.560604004990384 0.110751531806675 0.0674719469639572 0.0396731393252306 0.0599883038477561
"ufb136" 0.702196786694337 0.714125060245265 0.207571851827287 0.273429123757309 0.141716866512695 0.0785129829046715 0.143069535890886 0.139428663986649
"ufb137" 0.757110034179185 0.768687960960461 0.189681102099737 0.553650421632014 0.14070158359582 0.0913009497685852 0.0987719981179774 0.120429421447426
"ufb138" 0.630824449449433 0.679203655787934 0.200430765512363 0.131510529592065 0.130539379017451 0.0704978259759264 0.158887344116267 0.120043375611273
"ufb139" 0.603834963399841 0.599099835564952 0.16466005322697 0.15532220942422 0.104976913507671 0.0523472691480002 0.115592991458747 0.0829993145098909
"ufb140" 0.613748760131992 0.617354260996119 0.173688589513471 0.145278812631707 0.111121981299251 0.0625005233295745 0.126702917633693 0.0880287348933617
"ufb141" 0.647900645380745 0.553626215810431 0.147031886832373 0.509185682063289 0.103843189816963 0.0603117315045828 0.032791769842076 0.0423354194511709
"ufb142" 0.768900601696035 0.747990482927143 0.163844750917193 0.674433734410614 0.125238902900123 0.0780918569879398 0.0526133843153605 0.0838634715490553
"ufb143" 0.736699938739301 0.749318145355367 0.200765183336352 0.481809256289175 0.147469146786712 0.10173519047331 0.135944504659517 0.109331038473921
"ufb144" 0.582478038352691 0.60288932840313 0.158447700316801 0.249425659637755 0.112008790537209 0.0703779767380803 0.0836713926668282 0.0737440216682967
"ufb145" 0.66584613169015 0.660698766570511 0.173886138151782 0.316331749590568 0.1213633613324 0.0697528142244804 0.111526607499814 0.0957626598842028
"ufb146" 0.615247462325979 0.629209806292098 0.184566546681875 0.278636770357872 0.126138898537029 0.0680136133121491 0.104155924160511 0.100182446386853
"ufb147" 0.614414597880766 0.611878823655683 0.171967629978278 0.269425286965697 0.116629628127644 0.0694871962361332 0.0984980609906662 0.0843032287783785
"ufb148" 0.642141667019746 0.683806726288827 0.193848093933632 0.203496184403026 0.132947951823069 0.0734910941386619 0.146516364119539 0.107306442878643
"ufb149" 0.619379531616807 0.711838482143024 0.227311261615609 0.121249815542368 0.147651825735658 0.0814041354944574 0.188924296765661 0.150084023076484
"ufb150" 0.686746987951807 0.686573766865738 0.171600928387234 0.686413771426035 0.13265783713136 0.0614396052587552 0.0330035387812369 0.098553182806268
"ufb151" 0.701061496448946 0.712381200070107 0.188648769747355 0.408317366271967 0.134707485342695 0.0869565158272075 0.116739609345963 0.123751282586629
"ufb152" 0.646721959701112 0.640393469193849 0.175959166865134 0.299251587525889 0.118723739387106 0.0755890089124496 0.113822101337218 0.108821797330643
"ufb153" 0.641799281949467 0.660549813187354 0.186632022203448 0.276473603410457 0.127578928172333 0.0771663729381981 0.132259650012474 0.115061807132051
"ufb154" 0.666842193040909 0.666241093696101 0.186009868773996 0.287278770862907 0.124022339110317 0.0800185654431191 0.124628872911806 0.10287248458348
"ufb155" 0.607592141759693 0.633402118701884 0.179311850899003 0.13183729338584 0.114816380134203 0.0569087220380209 0.135002467544708 0.0954834055945121
"ufb156" 0.628019756425082 0.69678613939955 0.19915916985838 0.442536883688689 0.141790471027301 0.0799142615973082 0.0917835335663332 0.123826268175751
"ufb157" 0.646767759278535 0.596119008873469 0.154087016674911 0.515312784405977 0.110747443059832 0.064249452658257 0.0411564425741763 0.0571723903680582
"ufb158" 0.670382429481328 0.632531496833997 0.152669537127481 0.485875081761653 0.109442069181035 0.0725324801111948 0.0574139609814039 0.0617422310868069
"ufb159" 0.737529976775427 0.744249748237664 0.193747471237943 0.511478035740617 0.142704083900226 0.100184892166297 0.122371144484916 0.105628110997595
"ufb160" 0.676623933775704 0.689362454885257 0.195986213611886 0.263412162406345 0.134086678414778 0.0816570770709653 0.14483311896634 0.109794478156612
"ufb161" 0.686521046227135 0.707893960070328 0.189929779131974 0.372233775496939 0.135410756091408 0.0918728961272575 0.12414837733713 0.119896825415094
"ufb162" 0.633885553909087 0.682962732351757 0.204324793056867 0.131507399117331 0.133447186581516 0.072981563676876 0.163562807026908 0.12517986753019
"ufb163" 0.716049382716049 0.776266115820215 0.219840209317771 0.715841076058354 0.177187189765308 0.0808921407140912 0.0876099946669229 0.164778591927128
"ufb164" 0.681443306770481 0.675265508978493 0.174277032372544 0.508421815540868 0.126620800121894 0.0704150515746156 0.0634834681903011 0.0938271889980985
"ufb165" 0.759036144578313 0.76244438848317 0.173048912027547 0.758793538987004 0.138834818852792 0.06424773548757 0.0346937809653079 0.105994130855794
"ufb166" 0.671035650100438 0.663324366864595 0.174163214036257 0.303050307712183 0.120983369737332 0.0752161506884805 0.11183646332105 0.0980195415976843
"ufb167" 0.619258476736257 0.694051583805015 0.215436873756373 0.110280518278691 0.139256759277452 0.0691079169076763 0.176269722788924 0.137624605973623
"ufb168" 0.640787708495205 0.706091432060832 0.22692833477404 0.122140662999938 0.146484187269303 0.0661291106770092 0.188477986624347 0.146091764276107
"ufb169" 0.778802756395748 0.724729389450276 0.190975189906618 0.539979952702233 0.135653984357353 0.0909456554531643 0.0999737478850173 0.119906522388065
"ufb170" 0.725738848294977 0.710821911029739 0.18633268173063 0.444054125141358 0.134618590173388 0.0941309685433966 0.1141784412672 0.108437679552401
"ufb171" 0.654737780079076 0.67709009333814 0.187039462312242 0.239871727160722 0.126949050152932 0.0805043050609507 0.132694192995288 0.104426381951753
"ufb172" 0.804878048780488 0.748629924516596 0.153432775883347 0.80465425625581 0.121005359640504 0.0585640545848469 0.0109363459529038 0.0751837622655763
"ufb173" 0.7061778658113 0.724810332576956 0.193997822977636 0.408226408679089 0.13708446506651 0.0899650030937853 0.122562743236246 0.126742280785598
"ufb174" 0.638442816543182 0.650614680866271 0.188874717260103 0.312655561376227 0.132701259425165 0.0687585048886706 0.10888892729462 0.102743903995215
"ufb175" 0.615992724185529 0.699723721801503 0.220367548339348 0.131930122468275 0.14399274322351 0.0767766645963414 0.18163562171602 0.142914192984012
"ufb176" 0.698795180722892 0.759910664433277 0.189199155510525 0.694935323745009 0.146024889542209 0.0672721280398563 0.0535460815424396 0.116431538963953
"ufb177" 0.701747362439332 0.671950183979621 0.185140835594131 0.382958380554826 0.124668647816688 0.0809643696365921 0.104647872436443 0.109249249261712
"ufb178" 0.717925236432185 0.691161985493836 0.178921842466311 0.534600728849126 0.130063648275528 0.069422689858415 0.0687515079693417 0.0980958996845242
"ufb179" 0.652589715145596 0.66769424024713 0.175585013444328 0.313018576138869 0.126571315221105 0.0809921860445676 0.102455152284642 0.0884977793725228
"ufb180" 0.700660137290568 0.726746773475745 0.19828130033499 0.322968129436036 0.138051176837952 0.0796951874897919 0.126941936350557 0.132882805380437
"ufb181" 0.615883330603157 0.680279932592467 0.204217969428173 0.109527207395652 0.13416407109226 0.0518081399121409 0.163421346548802 0.128052936243966
"ufb182" 0.623280657307203 0.62490226043062 0.176200023128194 0.181581531258447 0.116411910824641 0.0702104847871785 0.12597000541315 0.0924536089417562
