0.2263832 0.1489483 NA NA NA
NA NA 0.1246181 0.2819882 0.1706968
0.312198 0.1944882 0.2763689 0.176769 NA
NA NA 0.2556264 0.1629806 0.1511567
-0.01298946 0.1109536 0.1586034 0.1643809 0.111601
0.1099597 0.1860638 NA 0.2061055 0.03501236
0.1016156 0.2624289 -0.06595909 0.08859866 0.04008108
0.01860675 0.08804546 0.03600444 0.07676375 0.2178176
0.1690264 0.1207162 0.02528255 0.07572067 0.1798573
0.04315342 0.06090177 0.03108689 0.09094747 0.1279774
0.2035999 0.1123164 0.08533715 0.0575932 0.1037742
0.1290857 0.07975647 0.06846328 0.2249005 0.06281915
0.02979708 0.02856659 0.09507889 0.1377338 0.05889694
0.04491509 0.0941601 0.1275075 0.02061722 0.09918482
0.1540414 0.0461357 0.03510619 0.1638141 0.06033818
0.1217704 0.06037104 0.0365975 0.05231168 0.07774448
0.07802526 0.04097595 0.05807597 0.1102949 0.04746042
0.0383211 0.01915029 0.03359497 0.06267647 0.03619487
0.01789761 0.03964428 0.02095981 0.0588393 0.01102517
0.004457836
