NA NA 0.1718544 0.06398339 NA
NA 0.1571704 NA -0.009492136 NA
NA NA 0.1286192 0.2329282 NA
NA 0.04434391 NA 0.1663987 0.1540131
0.06005523 0.009262585 0.02937873 0.2547944 0.1417327
-0.0664796 0.2940626 0.09447282 0.169115 NA
0.09155741 0.1375567 0.08283489 0.09046094 0.1843273
0.1694279 NA 0.1389513 0.1765791 0.04081258
0.168001 0.2804027 0.1331262 0.09947683 0.1597738
0.03810162 0.08308437 NA 0.1951527 0.07995618
0.216341 0.1175323 0.2408889 0.07601854 0.1376224
0.04392013 0.1119668 0.00509922 0.1645775 0.09044082
0.2861737 0.06567152 0.05683195 0.2094271 0.0009084763
0.1293944 0.10553 0.1830568 0.02279375 0.0735786
0.0774715 0.05766448 0.08821068 0.03291375 0.1040713
0.1141477 0.1653207 0.07959175 0.1060909 0.06092504
0.01966369 0.03635217 0.01858662 0.04473645 0.07453281
0.02088563 0.03156279 0.07306599 0.01827368 0.03270953
0.08320828 0.005919919 0.02606978 -0.01626008 0.06225534
0.03086226
