NA 0.01225715 NA NA NA
NA NA NA 0.124959 0.0725323
0.0793501 NA 0.1246181 0.1334821 0.074074
NA 0.08537143 0.04948228 0.125882 0.02265413
NA NA NA 0.360828 0.01763697
0.0816878 0.04427601 0.09717559 0.01074905 0.06457951
0.06790194 0.06582777 0.008073574 0.09756056 0.02621988
0.1593324 0.1195446 0.03305109 0.1184431 0.2569511
-0.02682634 0.027749 0.07132789 0.004317579 0.1257006
0.07171979 0.0501303 0.1954461 0.00303194 0.02782883
0.1723171 0.1206456 0.1107067 0.02360972 0.05484934
0.1135742 0.09421779 0.107173 0.1853409 0.1056182
0.2600043 0.03215521 0.0956952 0.02851248 0.1140521
0.03326613 0.1776597 0.1404597 0.06610544 0.07716873
0.1439769 0.02430932 0.06433754 0.1567637 0.156781
0.07963043 0.1708267 0.08141629 0.1724381 0.04210772
0.01230655 -0.005042916 0.02292983 0.01451653 0.02806215
0.06155754 0.006927803 0.0950023 0.01163992 0.0122944
0.0286594 0.0768138 0.05519717 0.1021883 0.02565919
0.1057592
