0.1099102 NA NA 0.04635569 0.08944328
0.1283682 0.07198071 0.3258235 NA NA
NA 0.1576255 NA NA NA
0.09991718 0.06927208 0.08177864 0.1181939 0.1792415
0.2762468 0.1897128 0.3286205 NA 0.09756056
0.1124584 0.0246416 0.1836771 0.155074 0.20295
0.1454182 NA NA 0.1316197 0.07249957
0.1398605 0.09642074 -0.03979343 0.1558106 0.07941585
0.1370858 0.05672897 0.06793101 0.2532274 0.03822714
0.1408938 0.0437328 0.03813215 0.01300287 0.09292622
0.07681505 0.1352857 0.0862269 0.04888921 0.1415157
0.02895223 0.1383702 0.1148527 0.07523458 0.1749096
0.1063151 0.2520686 0.02541951 0.04982364 0.06648122
0.2122711 0.04858914 0.01321161 0.0598114 0.1282536
0.1484157 0.1351207 0.0484126 0.04006342 0.02559053
0.0239754 0.03848234 0.1298314 0.03533816 0.1170271
0.02258702 0.02867665 0.03143182 0.00948307 0.01669087
0.00895728 0.0731192 0.04519446 0.0847685 0.04064131
0.1008365 0.05106109 0.003738343 0.003857689 0.06637893
0.02750362
