"quartet" "wQuartet" "cluster" "phylo" "mutual" "shared" "clusterNorm" "wNrqs"
"mb49" 0.869546192119088 0.894563385242396 0.205078508218614 0.783920681246868 0.171881560452816 0.109371483806606 0.107615277459338 0.157419903874417
"mb50" 0.850040360908894 0.839295774647887 0.213239518316852 0.702735549956386 0.169634120820302 0.104385854629341 0.116480291782241 0.155461864167285
"mb51" 0.701342467999275 0.751226782919323 0.204191957294108 0.363558548340608 0.150408982144211 0.0957979746167566 0.14682128091445 0.131753192747869
"mb52" 0.806818181818182 0.855832700508207 0.219921027167234 0.806647971805654 0.190376314785443 0.0954298043214094 0.100783711189274 0.17399824207063
"mb53" 0.920454545454545 0.947312632497818 0.216440844614975 0.919425851102634 0.190237343168991 0.0956616129789435 0.0967720188504044 0.188683322783066
"mb54" 0.740156152516582 0.77718364801571 0.208258046974017 0.510933237313925 0.159673828907754 0.0976717904941279 0.125013552356426 0.135490431336373
"mb55" 0.795454545454545 0.878522403883712 0.239266793360055 0.795325067200433 0.20815087851282 0.101617376010998 0.123084053444285 0.197426863633659
"mb56" 0.732079493248392 0.772557117325991 0.205828370544152 0.558296570748709 0.158986226486828 0.108983469172437 0.121969190968993 0.135893411079734
"mb57" 0.635539276620328 0.751916488222698 0.243668766837945 0.147510355531262 0.16937139642516 0.0759400946364172 0.206145949076142 0.178992573976462
"mb58" 0.637667077653607 0.752085470775942 0.243598073355694 0.147483561964853 0.170514324001207 0.0716279267179859 0.206294952725416 0.176818632202932
"mb59" 0.764705882352941 0.830412662521198 0.214124909334154 0.764390866267602 0.178777961924229 0.0875067911593773 0.0936829601849371 0.170582485179544
"mb60" 0.717647058823529 0.729860365198711 0.197660339578453 0.530120550897895 0.16342958059281 0.0780847199388956 0.0725962930417579 0.120746336063938
"mb61" 0.707431084219567 0.67193075584653 0.178793099569862 0.299604051313747 0.129653720638294 0.0807181318032442 0.092122570196372 0.0997829582401372
"mb62" 0.769101270840158 0.786128887092222 0.203291929484067 0.532920418542035 0.158318170072187 0.102865267193023 0.129320862408397 0.145035911359095
"mb63" 0.78574684005035 0.797042944177522 0.195480017343862 0.618963657947661 0.152025536659409 0.0933581386388777 0.0962597408384125 0.145715685874157
"mb64" 0.637162204922806 0.751524404562156 0.243795193035095 0.158772742902763 0.169904412766412 0.0810257719880892 0.205961287791647 0.180334864093496
"mb65" 0.660289727872717 0.744011063273388 0.230365039077721 0.136716806260414 0.160313788390972 0.0717480271042274 0.192403169451607 0.157529828251298
"mb66" 0.701149425287356 0.771662231453236 0.201082547778286 0.701122834200805 0.16985740415739 0.0781107043639342 0.0783197983088492 0.147549013185423
"mb67" 0.662790697674419 0.702700796840843 0.192077225309452 0.662536814643619 0.155295657363055 0.0715979489200707 0.0665452275281401 0.116901414163695
"mb68" 0.799655917085198 0.793028220225668 0.205834411371242 0.67015723046882 0.171006650931441 0.103224684259203 0.108463859906914 0.141304347915275
"mb69" 0.695048751514168 0.702235114345653 0.175375690760477 0.56363677180977 0.137277839892557 0.0818258536737182 0.073708793594483 0.101765414595808
"mb70" 0.75 0.810073875083949 0.189973735446636 0.740845335428035 0.160222609946135 0.0769405947708484 0.0662627287518953 0.138127525126441
"mb71" 0.635288753409555 0.749454002755517 0.239090122731564 0.183548040026162 0.167775944950112 0.0969260279573494 0.200599467511851 0.175554219106076
"mb72" 0.78592529397753 0.811766841376807 0.220138552988196 0.639251020265436 0.181432769777796 0.104082470787532 0.124264049887501 0.163061539948386
"mb73" 0.840909090909091 0.897452837113705 0.197245888398709 0.840788705870377 0.169187436583844 0.0810129876052978 0.0746455189782235 0.154479105791954
"mb74" 0.807321427595879 0.810454246214615 0.202434973490095 0.590382155898575 0.154677088049169 0.107854186005378 0.128478058626952 0.13316416821253
"mb75" 0.77251027505685 0.786887872699708 0.195977473761154 0.578258284414781 0.152327258251169 0.0984246878325964 0.111474120384548 0.142554694453454
"mb76" 0.712318971516851 0.735897309271514 0.195645946299144 0.385201764634029 0.139853326009624 0.101568162109563 0.137517815033299 0.124680622012983
"mb77" 0.795454545454545 0.840959500533969 0.183318191398143 0.79515559561166 0.156207569570541 0.0719001991969657 0.0585907188301701 0.122576366774415
"mb78" 0.719717450710853 0.769473659771076 0.205863866655901 0.571173317931422 0.158643312551801 0.0968282500498253 0.107665217931046 0.143131741143814
"mb79" 0.806099864746131 0.79592354785725 0.181576235522181 0.63495484054429 0.140154532557194 0.097146408504954 0.0957573478602908 0.113292756053198
"mb80" 0.6558025697678 0.647675879692596 0.163870730236435 0.327648733320088 0.119801799025436 0.0746758628438381 0.0991918501660925 0.083593484944631
"mb81" 0.770114942528736 0.767347855378397 0.184626607084409 0.769844853931075 0.158309552715 0.0747510672652578 0.0592436088216352 0.13101419646532
"mb82" 0.700473758148562 0.748962572659892 0.201124914129761 0.375151215944923 0.148394337742947 0.0926625622321019 0.139313888840988 0.135206329468656
"mb83" 0.687629149135557 0.64970900967411 0.164526049867259 0.270312927715525 0.119204042075638 0.0710320030525622 0.0865588176962436 0.0823901825142531
"mb84" 0.639636244136268 0.722994509959728 0.21156697453936 0.215449579243484 0.147198417621333 0.0889556685290055 0.169679908844173 0.147579007467837
"mb85" 0.787516197161981 0.76549583693933 0.169994517289294 0.645684579687215 0.130641367120054 0.0807496765497195 0.0683052766666546 0.0992705145306638
"mb86" 0.675604634072898 0.663297959880287 0.174491698992244 0.361685051198538 0.129013771951502 0.0766456119465427 0.105019816099218 0.0986656364057042
"mb87" 0.651769872263138 0.732349296550896 0.220689522551941 0.148141571226048 0.153777696076054 0.0813932547100107 0.182021465888392 0.147312165079393
"mb88" 0.658537461638582 0.703194416642516 0.195775977631026 0.171366893621369 0.138963968402512 0.074225051587279 0.150904082222499 0.110221189975707
"mb89" 0.738636363636364 0.737625418060201 0.167210806633602 0.735441835219429 0.13730511233991 0.0647706576181274 0.0400233387893767 0.0949731480329186
"mb90" 0.772303238398619 0.764298011391931 0.192990732732342 0.477040093523232 0.141547752160611 0.0947960383328042 0.130558923956824 0.110317104094958
"mb91" 0.724137931034483 0.751600512163892 0.173556397402626 0.723931910059205 0.142002756379889 0.0657453580253198 0.0460380361651997 0.0996070902656288
"mb92" 0.703919391212273 0.748069384785109 0.181363771208959 0.588677820510106 0.147403680338591 0.0855294795207352 0.0807962565286786 0.125352577982454
"mb93" 0.672819571031047 0.689027698690701 0.184779465326031 0.171181490933166 0.130138939144302 0.0819740080142634 0.136272779022196 0.10043164540145
"mb94" 0.643777099500256 0.628043235921883 0.15527779079332 0.294811662914129 0.111516001265075 0.0674471939688062 0.0943425713741687 0.0717002939799579
"mb95" 0.788235294117647 0.769301753306675 0.148284155067925 0.787964365350211 0.123780838919444 0.0566294001504093 0.0150420971523173 0.0775007083945962
"mb96" 0.677379902344689 0.660621644104969 0.158317628841352 0.427851854883163 0.112723315969322 0.070320262731219 0.0698730653050438 0.0794285973647563
"mb97" 0.661507072124092 0.716533962131075 0.198882507765865 0.24957465925301 0.139673256321217 0.0761321872513658 0.149372799728791 0.124500422769327
"mb98" 0.709329142247371 0.6540929140173 0.178043733369821 0.3388689910703 0.131012391153746 0.0736821338158245 0.0764483236175056 0.0910498430758363
"mb99" 0.752254084383519 0.712008471584892 0.178390122285298 0.509263002148304 0.12924803735703 0.0799487009574151 0.0919853325600157 0.108871941541141
"mb100" 0.646435697264922 0.625352700899451 0.154224905266894 0.24200956097689 0.112121160707421 0.0720673896124776 0.0884108219809766 0.0628642341973703
"mb101" 0.688424790136783 0.7155137571576 0.203491594583128 0.328470138263444 0.140312020078112 0.103951941818703 0.154188410129545 0.127062009827341
"mb102" 0.758620689655172 0.78924111431316 0.162322114452903 0.758404980905017 0.12662500003126 0.0605083326795548 0.0330703290024704 0.0871038013321826
"mb103" 0.777666094467367 0.767274112642072 0.192188270308635 0.49339468182352 0.139494450246739 0.0921450725207387 0.124282426795783 0.117099477278678
"mb104" 0.776470588235294 0.681040317122692 0.147985088491096 0.776404791825701 0.124093207982546 0.0564262553902657 0.0167015559437706 0.0722974426938887
"mb105" 0.791554439609325 0.785412854315271 0.19650479151292 0.564120913110922 0.149178634601616 0.101953580932562 0.128972471218323 0.119047432528321
"mb106" 0.665284620110241 0.631506987031266 0.1571742148629 0.273892412357285 0.115953244498699 0.0726795322897796 0.0858487654855321 0.069982938830386
"mb107" 0.632075316268398 0.628399074709347 0.155149118157595 0.304092726755866 0.112335489372961 0.0735007802467835 0.0940164882994594 0.0706132435388162
"mb108" 0.624969519141229 0.62320248326541 0.154212837465201 0.24997032630776 0.107562067780628 0.0654956367317258 0.099421106785371 0.0663755798964017
"mb109" 0.806357084653667 0.781639195438169 0.171690183854137 0.700940736517936 0.136077029640255 0.0872872201331379 0.0701332985694213 0.107222842291582
"mb110" 0.660013650222684 0.693867418842889 0.186833646511779 0.177182186324556 0.132682301499446 0.0732838411706116 0.140109574631715 0.101213238088313
"mb111" 0.626895216073617 0.620055275099439 0.152292903656013 0.269898377641719 0.107992680982138 0.0652957142947209 0.0944696056463285 0.066992363630513
"mb112" 0.74298011945483 0.755715977918334 0.192137405802192 0.417876973340995 0.138548299983074 0.0923329449061827 0.133792116921624 0.103187394592107
"mb113" 0.667121739852111 0.626763729588567 0.160979735036736 0.292300089992564 0.116892825071217 0.0696575024113774 0.0824032658732642 0.0816327433950829
"mb114" 0.654033549520468 0.701320570407942 0.195136404103151 0.159879907456947 0.137301375082998 0.0626945027357791 0.151410668545506 0.112521248570641
"tnt1" 0.642909399232177 0.705257520712167 0.196608261384815 0.204301640306862 0.137669421407487 0.0720400067064217 0.154748040403471 0.118683704355512
"tnt2" 0.636722595877038 0.622157379221148 0.153495902376038 0.270905309788722 0.108800143090733 0.067021645563154 0.0959073376636864 0.0667433083473567
"tnt3" 0.704545454545455 0.623868982989504 0.150137186975131 0.704393966870113 0.124204562574065 0.0556866244685103 0.0203421559341291 0.0688977897134188
"tnt4" 0.653963940205786 0.619273653721338 0.145393793331465 0.360424490510235 0.101072996580687 0.058307267645338 0.0660480318747643 0.065923904063082
"iq1" 0.759036144578313 0.671225529632609 0.142150020664046 0.758853295588801 0.119239482000491 0.0561291443280291 0.00897684827502789 0.0665275894712949
"ufb1" 0.749798410101473 0.780223889900022 0.209778665243414 0.546019464877299 0.163721531100941 0.0882399621213334 0.112540508661235 0.147407316391754
"ufb2" 0.652600548054243 0.674862656792993 0.18264138951755 0.29417016661938 0.128091505345175 0.0729556150696561 0.13397634602021 0.0975716945171367
"ufb3" 0.640670209544493 0.609967593991157 0.152930925451069 0.382857491158781 0.110787330488014 0.0696647583603875 0.0813551848856383 0.0670444186494746
"ufb4" 0.827108677546276 0.833360763660303 0.201162399211797 0.658738094328133 0.160300947173427 0.105531396292471 0.117348861550513 0.140455192534862
"ufb5" 0.734475178653814 0.73829709082949 0.18992844289821 0.399423804615673 0.13785591463779 0.0914345034401485 0.131308985074929 0.102348215730163
"ufb6" 0.715553344394002 0.731323872086512 0.191249890501189 0.384045303067072 0.138804734735491 0.087657583891718 0.136082381628428 0.101273040999965
"ufb7" 0.597701149425287 0.677825464949928 0.194056814780394 0.611361004204863 0.150287945140194 0.0694948845440242 0.0708672290040304 0.0954316448197345
"ufb8" 0.686649259487083 0.718781383316328 0.185393390902808 0.420449639619544 0.140685030487439 0.0931919451271431 0.109476777361239 0.113992075764473
"ufb9" 0.695536844761889 0.716300445546291 0.181972239728551 0.42026923238619 0.136849788113291 0.0948896604811468 0.113023824349667 0.109636256210034
"ufb10" 0.755746365247445 0.7141078123551 0.193449373170837 0.539826383460928 0.151693060059376 0.0924317268443604 0.108713590278677 0.122674799668103
"ufb11" 0.852272727272727 0.856132284021576 0.162659394343368 0.852168950558618 0.136607499898646 0.0671026531631199 0.0347768134874464 0.10943129874705
"ufb12" 0.681853022444145 0.704514813305495 0.201686853588471 0.275142964960675 0.135524580083661 0.0890657124888516 0.154198590552349 0.123794741836184
"ufb13" 0.660971113447416 0.694584083591601 0.192812502729131 0.292966743767323 0.136356583476537 0.0754446867983231 0.146387334234726 0.105584852828065
"ufb14" 0.650338968015383 0.610853486733975 0.148701268756161 0.416543964990776 0.108165029310091 0.062919401512141 0.0592462114757907 0.067289850414635
"ufb15" 0.816091954022989 0.822312588401697 0.16520414255959 0.815954606706137 0.138586533216024 0.0672959876359971 0.036397047466793 0.106695000934794
"ufb16" 0.648319789591753 0.681390915553244 0.1835895729891 0.269262098014253 0.129231338509627 0.0719369548583057 0.136627087009439 0.0992462788253199
"ufb17" 0.693504478679591 0.631582481408739 0.143931015549795 0.524124540230644 0.107332031480909 0.0668487723030389 0.0535135930051953 0.0575467809416497
"ufb18" 0.701149425287356 0.718721588922302 0.181018487090598 0.700838005656882 0.149401852728304 0.0691882016740084 0.0558359740002755 0.109856009635458
"ufb19" 0.674418604651163 0.766824169530355 0.195659383517497 0.670263287637962 0.156218913067742 0.0732353843790792 0.0724957224832546 0.122310577410022
"ufb20" 0.674522520217862 0.668762798413645 0.177564706245969 0.31586073731826 0.124233992450773 0.0777957246780423 0.124362297437442 0.09665973136032
"ufb21" 0.675886714441542 0.660277747950893 0.174688883299229 0.373962739330995 0.127658896883241 0.0685537791168039 0.0980328464871907 0.0920143514654621
"ufb22" 0.599386735663536 0.563885047328437 0.154788656563165 0.272146083476933 0.109619079417825 0.068538148333256 0.093747791293368 0.0679552299694957
"ufb23" 0.654925794165006 0.70807797436932 0.200249336073223 0.225755987597127 0.139335825948274 0.0732646785701828 0.159242872843317 0.123932694663357
"ufb24" 0.658946134832727 0.709721861682566 0.199286541310327 0.248479872902921 0.138811509413603 0.0718439792690442 0.155786269797738 0.116713303995869
"ufb25" 0.775308172057384 0.747612985359643 0.17002300858937 0.60877638946056 0.130379301442349 0.0766952185642353 0.0679724099262317 0.0938461514822364
"ufb26" 0.770116888157308 0.744033166509753 0.166693724417889 0.567835591050374 0.124524521693007 0.0827141418085977 0.0789097416704507 0.0862290463941927
"ufb27" 0.818134917326079 0.801986105783574 0.182409380205906 0.662412792203444 0.146600417831655 0.0885951638237197 0.0964617351407536 0.12388476879017
"ufb28" 0.761363636363636 0.738322249819726 0.163629525866491 0.761183058805566 0.137204426590668 0.0648822013613367 0.0358951080425634 0.0990746425608432
"ufb29" 0.668575008936531 0.695447267149277 0.190865487897428 0.280739358667227 0.134353278078232 0.0789984719445612 0.144326084188415 0.105884619584527
"ufb30" 0.65883670430887 0.649991880176388 0.165670435864371 0.349614848963496 0.116735371987907 0.0776195358947839 0.108824687425022 0.087328444003491
"ufb31" 0.795517466403103 0.812539608770966 0.191604394644625 0.613198006610457 0.150979096279069 0.0953272343004579 0.106788037167439 0.133285719402107
"ufb32" 0.650745137419178 0.711886061511165 0.192537235837851 0.24956977934978 0.132945988721372 0.084312244663037 0.144568945779748 0.12450384198924
"ufb33" 0.652238668503387 0.716189049147002 0.206410873224127 0.225910419149537 0.143074507511054 0.0774205770945535 0.166699336330987 0.132873677864738
"ufb34" 0.626881245441376 0.624412546054209 0.15445078847084 0.271984102920727 0.110312945475357 0.068592804454428 0.0967746828313225 0.0674435098471209
"ufb35" 0.701446585534872 0.740227380862945 0.177927545215946 0.523979429029134 0.140192011759892 0.0890241038694089 0.0915610472763672 0.115309051580385
"ufb36" 0.642848292517239 0.712826509398658 0.206250627092636 0.237556849873485 0.142102733410104 0.0806091174343004 0.165542478195612 0.130361122390443
"ufb37" 0.661393309555432 0.617837020750309 0.157672890928284 0.408304939720594 0.113439412337107 0.0665066445128968 0.0792053949777837 0.0754835034808903
"ufb38" 0.886363636363636 0.880630630630631 0.182687443293768 0.886477881881971 0.163710670461802 0.0790065140424324 0.0578636399197736 0.15293838363765
"ufb39" 0.811764705882353 0.839942631767659 0.194158246000684 0.81163994828522 0.164661621528294 0.079346583697397 0.0679839833392552 0.147580392908702
"ufb40" 0.853780066242547 0.831891109537154 0.172161009489956 0.723899950100486 0.13525681117791 0.0854547713787846 0.0707371995798711 0.109164626252216
"ufb41" 0.627646665958223 0.631460352578008 0.155401073994419 0.252563072539747 0.107676906985043 0.0646466746950618 0.103108554097388 0.0677379193810306
"ufb42" 0.632991063406921 0.643150134419778 0.158085724173789 0.244178094780241 0.110068360871586 0.0644037403089177 0.107956821944059 0.0708402895355023
"ufb43" 0.802325581395349 0.724899794701339 0.143867600693051 0.802168691871264 0.122354500800009 0.0562132433247309 0.0109928748369401 0.0768189942692081
"ufb44" 0.758322827463552 0.753602984118611 0.190979603369956 0.489312648321356 0.142497780032676 0.0962396831255587 0.128388885152088 0.107819745335785
"ufb45" 0.581055188657826 0.562353047834716 0.146902072759805 0.192918172618247 0.0989523021755158 0.0546845029176091 0.0961657107050854 0.0649913866616809
"ufb46" 0.71264367816092 0.665341231842895 0.162039669931554 0.712405306280055 0.132546986100188 0.0622334601835806 0.033277538400385 0.0905243270813497
"ufb47" 0.649413994869231 0.697388390891044 0.191882891885742 0.206303755887423 0.133367749156901 0.0596406996340416 0.143878182403071 0.12013868618223
"ufb48" 0.715909090909091 0.768961238046573 0.181360686374281 0.715606014299725 0.148984875358925 0.0696262584959643 0.0563342544667045 0.109764072739053
"ufb49" 0.765007285294268 0.773399139138886 0.192634486375331 0.499295652621101 0.143438880064277 0.0980065614692845 0.124758663725838 0.115466530830741
"ufb50" 0.761740621384824 0.740063783504775 0.173107218420042 0.568057203170627 0.133670626133288 0.0886119361744232 0.0963139838699717 0.102504800527163
"ufb51" 0.599153794360314 0.61806389192482 0.151347737685606 0.214940571923327 0.107366587535258 0.0675391678709258 0.0988059482145067 0.0699492510887325
"ufb52" 0.605970245279023 0.631434958650554 0.155470785758769 0.217285951655163 0.109407455264338 0.0678670017807321 0.105209846343021 0.0743842268869322
"ufb53" 0.704545454545455 0.729244756360156 0.174455362320609 0.697579316660509 0.144482366352323 0.0639299908313669 0.0483743169670055 0.100838552568152
"ufb54" 0.650191958913296 0.638800451884564 0.157156601516213 0.31977333959606 0.111327408894549 0.0684377244998307 0.0963601067938527 0.0756483173948736
"ufb55" 0.741176470588235 0.577140835102618 0.137858748971813 0.741062102621 0.117120013064363 0.052868590632028 0.00501488971434742 0.0641412877259432
"ufb56" 0.718564041607869 0.633318258172891 0.142377848236008 0.652294220555775 0.115839368117795 0.0678790405266473 0.0363069720889931 0.0570135311376627
"ufb57" 0.633753120524051 0.685803593458819 0.185591245927399 0.208956699441302 0.12907437523984 0.0689239105614 0.142335104816173 0.107294033800273
"ufb58" 0.696960203418721 0.656133128460847 0.172726902953015 0.51466970662685 0.1278551643818 0.0716240586548157 0.0707798437766049 0.0868911413588077
"ufb59" 0.657003890529642 0.667988308777488 0.176252599450499 0.303840641442876 0.123993568457177 0.0714594622482275 0.125291897627914 0.0926455433670254
"ufb60" 0.658296211649154 0.624447889750215 0.15412332120915 0.394639372362108 0.112020701708131 0.0700561441737519 0.0828508481627713 0.0664334025657185
"ufb61" 0.660514111260162 0.675300402074404 0.18088825589317 0.288616971367465 0.126018172098384 0.0762116078608484 0.132116541960672 0.0975759352957474
"ufb62" 0.61816919646755 0.618687058323903 0.149124862292861 0.259795053189001 0.104478259939255 0.0608445797564602 0.0939999165760385 0.0672125037779442
"ufb63" 0.668863708631174 0.693657388142567 0.176389379219948 0.293783071630744 0.127118215463252 0.0734623953881022 0.125410469318723 0.089293506012003
"ufb64" 0.683290100759886 0.692980479496921 0.175840887783876 0.304876980388398 0.126522925732581 0.0808661351385414 0.122494926472679 0.090895485599587
"ufb65" 0.662202665677747 0.57451114922813 0.142245216783609 0.435569422932227 0.100523973757215 0.0632156383605921 0.051551091367174 0.0550498636592325
"ufb66" 0.702807685395252 0.597357749334685 0.152897924418289 0.503226288198248 0.113588969374302 0.0578080944703027 0.0482293036259593 0.0678630064880683
"ufb67" 0.707946347540315 0.724075468355552 0.187607534109558 0.401974517465147 0.138237331036172 0.0959187910146911 0.124607361602116 0.116797634691211
"ufb68" 0.647626491488697 0.699771218280149 0.19500446426192 0.233646684843999 0.134831226480869 0.0779196760537299 0.154284636661508 0.120850723000395
"ufb69" 0.749260768521989 0.695035460992908 0.146945010223793 0.59758339292555 0.111559510639035 0.0748629399504588 0.0564779475403884 0.0602339270705329
"ufb70" 0.652037603753345 0.711562911831128 0.190381712879686 0.275097602242698 0.133612681565475 0.0853641991269691 0.140346648853038 0.121441071004066
"ufb71" 0.625339769646566 0.714381755600733 0.199078099662806 0.20394080303554 0.137632306897128 0.0775872425349724 0.154458476953759 0.13121896726386
"ufb72" 0.712079136210509 0.731723204466627 0.18646415799122 0.42541747613582 0.139068964037583 0.0879972835388913 0.110682802345554 0.115700920439402
"ufb73" 0.647477520783272 0.719990645967873 0.210926114365597 0.196817131943948 0.145803094279833 0.0647049346270921 0.171772661282899 0.138832595101901
"ufb74" 0.619657128345743 0.640947778390579 0.161877253906933 0.20355839318681 0.1112616361512 0.054468510822773 0.117334204344883 0.0804743168799511
"ufb75" 0.614787593619634 0.628095554633515 0.157360147317438 0.205670218396766 0.107262613294348 0.052667490329594 0.111561681806 0.0738196986428252
"ufb76" 0.62920738484318 0.603279019932883 0.144765226908368 0.316501964359474 0.102029660253481 0.0562835508525664 0.0827607897038393 0.0537253716621343
"ufb77" 0.7041120744806 0.672060796530113 0.165073942439429 0.464225259067708 0.122296055080946 0.0832130465545446 0.0875119821156256 0.0840223644412525
"ufb78" 0.627607618724758 0.582075724063236 0.148422202748044 0.328519476463387 0.109022408606016 0.0592361516822762 0.0768415580673756 0.0587820819544119
"ufb79" 0.574323503218976 0.567910398917022 0.145033111126622 0.158939088157077 0.0957594826510171 0.0464107209777841 0.0973254097377956 0.0622392556805376
"ufb80" 0.627971151352509 0.721111121985593 0.205619098013645 0.1945951101714 0.139951302415669 0.0787812356097306 0.162508601396068 0.138875983234177
"ufb81" 0.636170473242032 0.746965657990037 0.236992883410748 0.147510355531262 0.166499250664347 0.0652095246727823 0.199138864256943 0.173317108549787
"ufb82" 0.666254525520974 0.670228359048841 0.176257325501539 0.290322855880994 0.123061222374675 0.0785408486788907 0.125294773034097 0.0941595982005209
"ufb83" 0.660519370570918 0.619328784291881 0.150944275712222 0.364224471327872 0.10722463755674 0.0637843381117405 0.0793034250574614 0.068180131752903
"ufb84" 0.686766428440003 0.693988923682623 0.184800205927495 0.328045466326502 0.133641534858495 0.0791681129965403 0.126003813218058 0.113638297711327
"ufb85" 0.68480342936738 0.692357935989549 0.168999890443873 0.374184350376217 0.124028915796598 0.0845396807357776 0.104774291637328 0.103371040083729
"ufb86" 0.653784409923531 0.695363738701994 0.187213429828744 0.271732170302467 0.133226490616927 0.0915139593080079 0.136916560496732 0.121851843800097
"ufb87" 0.69208122714888 0.605417138542846 0.141294156517759 0.587866653647514 0.110503571633391 0.0631311212531544 0.0350892491662194 0.0604846519314115
"ufb88" 0.755392509989939 0.761015977645626 0.189664599436858 0.58808003005104 0.151636153281424 0.1010454875183 0.104644719868899 0.135059161066657
"ufb89" 0.715909090909091 0.626586706646677 0.14121996693104 0.729282965079221 0.115603721775988 0.049531397612056 0.0100630562611326 0.0542727540013618
"ufb90" 0.718779241832939 0.737813260894771 0.185676517782788 0.477670582185205 0.142773236392841 0.091223388134209 0.109786290025094 0.113651109642017
"ufb91" 0.656020886158773 0.639926190658053 0.155612869634727 0.370968436864063 0.11091842346778 0.0679018777442992 0.0943413471268807 0.0626853813375414
"ufb92" 0.706836452868217 0.667756940221232 0.155399121283102 0.492055850815997 0.114970035084105 0.0758192794511502 0.0660042500233962 0.0692720962618738
"ufb93" 0.693192756336478 0.715283979790364 0.188911717738633 0.328923264452137 0.133592632432135 0.0783593643514291 0.136367882256529 0.0996626876939911
"ufb94" 0.647636070920407 0.720238854802304 0.205697775655097 0.185724323221239 0.144059082483967 0.0728904699916119 0.164967191226629 0.129055905108631
"ufb95" 0.749210541211404 0.700882184349966 0.175669933979803 0.515612706817025 0.132675570821916 0.079499107756005 0.0883991886635116 0.103987607964982
"ufb96" 0.798446697453283 0.777109124254929 0.172545824551652 0.677916024389951 0.138755385092522 0.0859391601036662 0.0711691607776103 0.106423826746728
"ufb97" 0.615683276904388 0.625334628227645 0.156975086843296 0.225761943124772 0.107848092413836 0.057307066918326 0.109914664714566 0.0725442690720161
"ufb98" 0.625222247467653 0.608325434281552 0.150396447449019 0.247129428690749 0.103092785232389 0.0593455299793324 0.0998417731630401 0.0678233327297154
"ufb99" 0.661334776819854 0.721012224455501 0.199310542165225 0.260917339584463 0.141698761434339 0.0849013307639321 0.1475756403175 0.125901216409158
"ufb100" 0.628312656295199 0.739107229219775 0.228301197878498 0.181476625017633 0.158733143457635 0.0918955991534949 0.188731347057288 0.165362794069872
"ufb101" 0.79719758099024 0.754169976171565 0.166254936319943 0.670235492638184 0.132340830347909 0.0779330276614838 0.0637616036605606 0.0962593498162769
"ufb102" 0.786461218509501 0.760986657762163 0.178293831255281 0.562743609322717 0.13454104305364 0.0815423806109652 0.091900086736405 0.118226449381441
"ufb103" 0.744439774891976 0.745128852126135 0.189707859532738 0.405084729099496 0.139092167401489 0.089989630944084 0.131252884026567 0.101583336222646
"ufb104" 0.72281846657433 0.744535605820226 0.191132774387263 0.394603153194598 0.138818674084716 0.0885435045664956 0.136049172306749 0.0991595985639238
"ufb105" 0.615471779715601 0.604613331689361 0.149695904232042 0.236474763948138 0.102622128868739 0.058163267202071 0.0990744807428574 0.067792060700025
"ufb106" 0.756986252566405 0.766444533402407 0.19267625873531 0.4931801175231 0.143091962536935 0.0985827585180192 0.130135637016585 0.10758153825721
"ufb107" 0.732986965140371 0.741444660709013 0.193593145237115 0.360587350990591 0.138446779157198 0.0883897235922801 0.138531371158467 0.103364773130968
"ufb108" 0.6265436054721 0.590933628561495 0.169396468048372 0.29490530730568 0.121980120845788 0.0765671496990554 0.105053742772525 0.0881223072072128
"ufb109" 0.594932482030058 0.566430357028396 0.155278484076121 0.215821743456878 0.107824957948799 0.060143526843843 0.100633325156598 0.0745536789482225
"ufb110" 0.633396749601708 0.619607923553295 0.146794330851234 0.327200479485291 0.102832235618081 0.0638350194319942 0.0849535408792998 0.0551419783373302
"ufb111" 0.777511978822382 0.720140678320217 0.145488887716068 0.650858341546468 0.115130966384026 0.0667773798489481 0.0401429621432377 0.0661098108835719
"ufb112" 0.68682756576547 0.712536629239563 0.197943856292452 0.328434002845351 0.136995199748963 0.0981301351481523 0.146026102017605 0.123943789740842
"ufb113" 0.635368659377319 0.694275264235242 0.195661385654577 0.214851023158555 0.134379512922492 0.0707142472839397 0.154966453902492 0.120234431568749
"ufb114" 0.609355246286828 0.610945593452918 0.153004284060531 0.219552514787737 0.103915548664965 0.0586007896003064 0.104288253442527 0.0697070669779015
"ufb115" 0.735632183908046 0.765618236906651 0.184576178344746 0.735371072681928 0.151766370767903 0.0731374109145081 0.060019888033743 0.113974268078833
"ufb116" 0.690192417008776 0.663636207988768 0.177056407119275 0.406934817975344 0.130084089890097 0.0791961823754832 0.100511321135519 0.102213460787342
"ufb117" 0.628845518930134 0.659459115448904 0.16978160805422 0.196742575410079 0.117183887627519 0.0562611975313215 0.126500771450154 0.0890490093166486
"ufb118" 0.61931054805445 0.713478559766263 0.202368930047379 0.160216074255522 0.137452443503801 0.0587695341945998 0.16003992874806 0.137959316933586
"ufb119" 0.644660504586878 0.691864380854638 0.186466048899313 0.22664176788058 0.131687214658837 0.0734635255395229 0.143259314714996 0.107504836593908
"ufb120" 0.747126436781609 0.663513167987727 0.152564789296673 0.746880376455377 0.127710366896509 0.0590704346204937 0.0223467346355252 0.0879091915362286
"ufb121" 0.875 0.927774333539988 0.18871996191915 0.874873374182224 0.165670983218034 0.0783961225485382 0.064817473056435 0.152652045720976
"ufb122" 0.723131657398793 0.655930340688139 0.142614589077106 0.595228914349018 0.112846140033561 0.0728646156271318 0.0518807409494555 0.0556414160680528
"ufb123" 0.673804471289913 0.698196576440939 0.175984282760875 0.396309826548964 0.131760401105811 0.077308684875779 0.0994007058249773 0.117290881411599
"ufb124" 0.694765793900269 0.727904248086497 0.188030870406778 0.385101544061571 0.140349667912463 0.0833482484642647 0.11974969122572 0.128642889021086
"ufb125" 0.693651221747601 0.693937417298768 0.177728952556711 0.374708770941892 0.127494405537339 0.0810298921016023 0.118277827014271 0.0914690830664467
"ufb126" 0.69883496086114 0.709616735453101 0.186083584698866 0.364355998681644 0.133604634059774 0.0849013967154022 0.130564525061251 0.0972802555487791
"ufb127" 0.62580708641376 0.615534561575587 0.151154391090765 0.250046879542671 0.104565005989069 0.0615416763940428 0.102350624657325 0.0691344121074994
"ufb128" 0.678707933295396 0.684022599865634 0.183871230286489 0.315521506891042 0.129550530139647 0.081458045402726 0.133354308438192 0.0996819111452806
"ufb129" 0.738069730273155 0.684952151307362 0.188252480866155 0.562894172659401 0.147489609186122 0.0851933212183479 0.0885312277917187 0.115217166845947
"ufb130" 0.660795396252045 0.716781377952481 0.206393453655019 0.203109051700859 0.143888096400594 0.0611336466641285 0.166250326835455 0.132237469594034
"ufb131" 0.648834147052432 0.694118198359651 0.192853102779878 0.248593700407191 0.135752749744013 0.0750923317903913 0.150787704062762 0.112699265084412
"ufb132" 0.702794345872286 0.724085682074408 0.186490159906972 0.378937867499404 0.135263355203013 0.0954943086058202 0.123424055205971 0.114307338476698
"ufb133" 0.743543333396431 0.750201473635736 0.187963357166766 0.432821154616444 0.134979570684176 0.0923622985533002 0.125125848958617 0.106557566548556
"ufb134" 0.607464631539705 0.612921449338555 0.15303983868925 0.196769317206241 0.103001662887394 0.055028063106107 0.105783805838381 0.0699885704500198
"ufb135" 0.661961612240066 0.647940653990394 0.161013930577786 0.314487407914897 0.112562113739136 0.0730465121939336 0.103850032797967 0.071667834226088
"ufb136" 0.647269580486646 0.703061430894061 0.19811276972552 0.203298658203275 0.135949381102425 0.0659471018212933 0.157984681185029 0.125315951559326
"ufb137" 0.666327722295432 0.671004381054803 0.181021075994287 0.296211614234058 0.12590108967079 0.0763491437950516 0.130288127597384 0.0976941604584121
"ufb138" 0.620369434401275 0.616587038992667 0.152392054200686 0.226985738647858 0.105034403570745 0.0571801912588503 0.103612444066872 0.0681978508087071
"ufb139" 0.699619624262014 0.688756855575868 0.190496533037738 0.363238402160106 0.134826504952801 0.0865375083545268 0.127720399327417 0.118180737332527
"ufb140" 0.642936337793447 0.695038991706845 0.193152952228715 0.230996923020776 0.133042098370697 0.0734178282241012 0.152329828661631 0.119074943238264
"ufb141" 0.67816091954023 0.648060723872998 0.153106216962108 0.677778800148591 0.12123898836537 0.0546413656914125 0.0227713505343848 0.0598552213125261
"ufb142" 0.648709338201825 0.666229413349028 0.172701279318856 0.271654928322479 0.121217352580346 0.0796458802377838 0.125179877334365 0.0936424090296364
"ufb143" 0.708401235008159 0.74928118063729 0.192718908558037 0.411887031101837 0.14475318020869 0.0890267788429589 0.124886595014921 0.129815123605216
"ufb144" 0.621285734863855 0.583681877770148 0.142361605929441 0.324223651192182 0.10054088276942 0.0571189876936344 0.0757114040792193 0.0563150915260784
"ufb145" 0.610513550988822 0.622566878930879 0.152597208462651 0.227068748861087 0.105077445290407 0.0591897371609506 0.10216433245023 0.0680927677058132
"ufb146" 0.705882352941177 0.651887357699221 0.143847705860185 0.705506062986404 0.117012184035955 0.0513342132757659 0.011126928226698 0.0599162609347636
"ufb147" 0.764156546698372 0.785276357494852 0.198396233860689 0.660634678754031 0.162091714711813 0.0974184153214785 0.0992741773989578 0.139104341758664
"ufb148" 0.693142968611647 0.634074497325308 0.158036919961112 0.415208773225128 0.113387734988545 0.0645682697646844 0.0794830734986249 0.0805278130480322
"ufb149" 0.689285857198004 0.641027767411646 0.15552740617459 0.40185272573682 0.111693593291949 0.0669527910851554 0.0842845378312008 0.0723574471176968
"ufb150" 0.616103243201764 0.58413687867277 0.153184758907305 0.305753906031434 0.108883838554634 0.0604915839786393 0.0820044380036399 0.0693943286801776
"ufb151" 0.70468383277771 0.665942885120967 0.147207112884221 0.494942018378663 0.107231322272763 0.073562671171254 0.0674530439649163 0.0592536631994037
"ufb152" 0.67816091954023 0.573490061162079 0.142073091009574 0.677948914053169 0.116608297716641 0.0504762092772277 0.0100402536838417 0.0527835618790564
"ufb153" 0.64509379702595 0.71550093629438 0.20955827100458 0.222325289387448 0.144913214374687 0.0773124079343467 0.170005256394865 0.134423585567737
"ufb154" 0.716037424759835 0.746359074776649 0.186644079514138 0.524124239351883 0.144452063418826 0.0909158394456856 0.101193336064476 0.134641503113663
"ufb155" 0.716695965505301 0.738381048028591 0.196139094228863 0.336541948284713 0.140586634151397 0.0868106300686063 0.144018651140615 0.104688161283383
"ufb156" 0.693190254246636 0.711760130118096 0.177872641611392 0.531616417149057 0.140335545407062 0.0754508656670535 0.076876249959014 0.129323917459903
"ufb157" 0.751937068502856 0.723837392234598 0.162390766873954 0.615799616668898 0.128682330224113 0.0749621605562075 0.0590984724228312 0.0853061675717766
"ufb158" 0.641063811840844 0.691147416862852 0.189899000111027 0.249542225356313 0.130275129979007 0.0735910234767596 0.141684207353512 0.121332833693773
"ufb159" 0.566024009364492 0.562812772357952 0.144404249612766 0.176148029349689 0.0964709848912741 0.0493180412011981 0.0951875757291601 0.0632544295527334
"ufb160" 0.615118913249688 0.726648872165456 0.222174675422342 0.102463119655445 0.153261405423959 0.059169722317628 0.183942289150238 0.15625424703567
"ufb161" 0.635896848987244 0.744168358447946 0.231887359990414 0.137833342100547 0.163544004846584 0.0660632035716553 0.194132338223778 0.165198179213889
"ufb162" 0.639383420353317 0.698098929042985 0.190599548046569 0.226792363776608 0.134572709758564 0.0784250179917022 0.147612343727804 0.111055678177499
"ufb163" 0.698255523151858 0.717909463682509 0.185286531057478 0.385140346833654 0.133784889050863 0.0954742153435045 0.122127116872924 0.116097142637917
"ufb164" 0.627519503569747 0.629333164761009 0.153562716024795 0.274891051895915 0.107191379660647 0.0678423247414232 0.0987280244429879 0.0663333071117094
"ufb165" 0.631293675207094 0.679737558681653 0.180837510402837 0.231899260354745 0.127071702502869 0.0748414785183136 0.13634444463034 0.101008052219915
"ufb166" 0.675748301360318 0.673221773917308 0.173445206867479 0.362706730284123 0.1246281616775 0.0841851893294246 0.113912901772608 0.0963070108066629
"ufb167" 0.689655172413793 0.665904544155473 0.158694004172332 0.689402134578533 0.13134816456212 0.0560108886436353 0.0292190844277204 0.0704313358668086
"ufb168" 0.745833438703459 0.71181943261482 0.152446181865482 0.637304669328063 0.11906024949357 0.0715614680691667 0.0479579661352935 0.073706872102029
"ufb169" 0.733437194020584 0.728199039900893 0.163138412782275 0.486373011335271 0.121020076954868 0.0829000089402436 0.0851509133948958 0.074715482977616
"ufb170" 0.748718477938305 0.641341088340083 0.147183918890647 0.622796026879548 0.113222758160848 0.0680975886830161 0.0424174906039321 0.0732496873984871
"ufb171" 0.625967974028506 0.726748665753593 0.22509215042389 0.124851750405607 0.156369005531977 0.0607555981780645 0.187003166568336 0.158372444593439
"ufb172" 0.605591720278698 0.656735417614783 0.183924064959191 0.158613377442975 0.126638467716577 0.0515780657555672 0.142645394493385 0.11285196286464
"ufb173" 0.852272727272727 0.769110044313146 0.146989418503288 0.850475710751991 0.127302021992095 0.0612933026801665 0.0167136455116422 0.0865265867042516
"ufb174" 0.711529514574397 0.719434287932021 0.187226658322142 0.351664929672512 0.130880530879138 0.0818957022786932 0.134683584905675 0.100479966492481
"ufb175" 0.657003944282463 0.711463212355347 0.201561170133121 0.225790386416911 0.138977277165568 0.0603904182461814 0.159145788976573 0.121895085931839
"ufb176" 0.627720927488267 0.630400374236709 0.154080922895603 0.246767320763223 0.108512050603687 0.0643588492327649 0.101679756755229 0.065565844709369
"ufb177" 0.636888530544771 0.689860660332183 0.188519156895858 0.206536438267968 0.131460925099205 0.0730930994762573 0.145423393868886 0.108779485589184
"ufb178" 0.652505901365359 0.682142895813933 0.180358473045228 0.24656885131018 0.127163920822993 0.0776590247706203 0.135859955038603 0.0997923362603574
"ufb179" 0.719845695206785 0.697461147460484 0.185552196126527 0.463042341105916 0.135741426952761 0.0822025774327737 0.099768422201712 0.118902956941833
"ufb180" 0.623425287247458 0.715648247374076 0.200623037411935 0.192601368011648 0.137128019300521 0.0799976295987391 0.156095584521601 0.134640950236153
"ufb181" 0.641073136357645 0.711400200892899 0.20505086223153 0.208513130571396 0.141830196189361 0.0738839361394574 0.165278378767121 0.131782969094804
"ufb182" 0.734154597076712 0.729060174508452 0.184910543382434 0.420107102516479 0.133166516959553 0.0877031639279811 0.121689678719879 0.104670878154591
"ufb183" 0.626232816110104 0.600561944290637 0.150408774175718 0.237981060181936 0.102367527840064 0.0600413573263553 0.0978567299886665 0.0698273952473992
"ufb184" 0.634757943282971 0.627311559688516 0.151771010173948 0.300567620764899 0.110037548887776 0.0666522867558667 0.0905139689585044 0.0677490293680897
"ufb185" 0.612123621430342 0.613029756034611 0.150431603648721 0.210272118066068 0.103280767777295 0.0539812080902903 0.103047650682764 0.0669102043881964
"ufb186" 0.616867764062734 0.613332696235103 0.152089302988488 0.233245747508823 0.104699468509446 0.0576553026646569 0.103341573580239 0.0674469566634022
"ufb187" 0.684860304688372 0.695955280080198 0.178736596778571 0.340705617141778 0.125697284770525 0.0758845181943845 0.122757020285867 0.0913190143032041
"ufb188" 0.658393978452028 0.725659924656719 0.213176017902358 0.207993517275335 0.147755924353994 0.0690904105713633 0.174135153953472 0.140857161209284
"ufb189" 0.602724229614369 0.646830540697886 0.178127654668951 0.158602907060722 0.123005571764822 0.051069824848984 0.135988111860249 0.106047823245967
"ufb190" 0.653080277531713 0.736348609735715 0.218940277900505 0.192623137647071 0.151197496603281 0.0685635423681164 0.179859425985974 0.146389330044658
"ufb191" 0.638874099320683 0.620794160915766 0.147756119801307 0.290042958150003 0.107765703906744 0.0655683037502334 0.0897341767105102 0.061605726080435
"ufb192" 0.714962773877451 0.759071968169476 0.19989783645992 0.41377515250417 0.149721080489894 0.0937665282350809 0.132614589842895 0.136239105869635
"ufb193" 0.669236160430215 0.706226249057855 0.186639981853449 0.283814176757471 0.130917210100368 0.0842763582635215 0.136384175127279 0.117180653823448
"ufb194" 0.818181818181818 0.842425129969979 0.177285617144832 0.818084282246771 0.153422627757382 0.0721969719942873 0.051636821569821 0.13818429301255
"ufb195" 0.628862114607941 0.623963917381269 0.14906064620323 0.289023768387897 0.109608368040734 0.0733543643320353 0.0909737916748914 0.0626409403612775
"ufb196" 0.743548371611804 0.759232129052487 0.192894274351505 0.46443033741418 0.148004886635705 0.0927141209050466 0.12507669603211 0.125776532981594
"ufb197" 0.652223552298602 0.637608270466611 0.162988259379715 0.355297163553751 0.119314518859172 0.0695598666261307 0.0852760529980052 0.0952501165097966
"ufb198" 0.651247497696453 0.626928852341795 0.158167816605708 0.317689440392967 0.115591062119113 0.0668970472651786 0.093047786966619 0.0756513329051228
"ufb199" 0.628452843811899 0.704092588770626 0.203457890882664 0.192805607507666 0.139960227686003 0.0787166188043774 0.160175689285206 0.134713137496576
"ufb200" 0.627338960710399 0.640012867709055 0.165034055889849 0.316796784994788 0.114726490738474 0.0738191946132144 0.110907968259992 0.0826888952495607
"ufb201" 0.685714928688464 0.617298727478896 0.159740268947495 0.508964534443177 0.117798985211402 0.061454131809151 0.0555881442564062 0.0748800870288847
"ufb202" 0.704545454545455 0.717842935022838 0.180286861567301 0.70428183536436 0.151421997271307 0.0684458653572115 0.055096430103539 0.115452817308906
"ufb203" 0.6898497920876 0.712991982616067 0.182212796995227 0.379023115203177 0.133752196911184 0.0930267922028417 0.113311439726204 0.111747999170233
"ufb204" 0.641378250151203 0.630787503780623 0.158103343225425 0.326385866111948 0.111591967358143 0.0752752375740622 0.100783585047831 0.0812551904205773
"ufb205" 0.629839255910005 0.582417582417582 0.139265974258652 0.361462155109912 0.0993166591509029 0.0608084321598934 0.058926552987347 0.0555435279072275
"ufb206" 0.631593240085578 0.600797401663966 0.138502582174423 0.326609353762134 0.0970903432257606 0.0572131788924857 0.0657921195131694 0.054516609696203
"ufb207" 0.629012215911649 0.608436732202486 0.137765691169639 0.297261782255922 0.0969971451783789 0.0578241130749182 0.0708199524874764 0.0518097289719097
"ufb208" 0.635248665551014 0.675360726249882 0.185115005374172 0.271253535562027 0.128195188762209 0.077065971301768 0.140846057489092 0.103234188205416
"ufb209" 0.640087545325617 0.651061595655749 0.174350044435345 0.281918731284857 0.118711315972135 0.0789086543943466 0.126881707040625 0.0933697651637064
"ufb210" 0.644404418268992 0.617824392931638 0.162231351820755 0.303195584832703 0.108489036869012 0.0728772585151306 0.101619340956459 0.0793376625162722
"ufb211" 0.651917957693024 0.616169844967786 0.165668531533272 0.298483651964986 0.109344994961605 0.0708097872424048 0.100987584447673 0.0881157956319237
"ufb212" 0.752196734583597 0.725649377219831 0.160338941719826 0.577742995138244 0.122458892849532 0.0816186083934138 0.0716711448727472 0.0781221355143265
"ufb213" 0.65578670572637 0.636504940601754 0.163333793741768 0.338469109200628 0.115601695378693 0.0756517427114729 0.102862637963719 0.0896179114239039
"ufb214" 0.747302851131066 0.755871968068775 0.185941708840943 0.544012586009051 0.144577737399795 0.0884566964189087 0.100383589258439 0.130869057153623
"ufb215" 0.725475730264645 0.723568354537664 0.18503018090917 0.45186047574186 0.13576676743768 0.092072238590195 0.12181523772439 0.102900820021829
"ufb216" 0.62906882996449 0.625190809506861 0.151827246969296 0.274788685762815 0.106064503026614 0.0647401511896458 0.0968801266084059 0.0662695521037803
"ufb217" 0.64350880793837 0.71733548854469 0.205324905762418 0.19740404186566 0.141349855047833 0.0634748662227651 0.165133169618256 0.13204803100035
"ufb218" 0.640654695161935 0.709673312934054 0.204038192773581 0.222325289387448 0.141106985046491 0.0733807203020446 0.164206624606199 0.130671859790509
"ufb219" 0.611540521181859 0.657651142100593 0.173290327424855 0.214556778768019 0.117559493510383 0.0631685035817483 0.130191636368448 0.0958185815762043
"ufb220" 0.727207740656299 0.720109070298258 0.18414656175653 0.385773060770876 0.128978056087603 0.0812969842146464 0.128641662708302 0.0995799922407999
"ufb221" 0.667226035512208 0.704990550181832 0.182927041652235 0.283895355917861 0.130112907925126 0.0809908269841435 0.13014626706274 0.113154907583962
"ufb222" 0.64333978602005 0.719090334706442 0.210500403132772 0.215060424152166 0.143795481374492 0.0694538487020295 0.170557539759939 0.137107398506311
"ufb223" 0.616466954928964 0.615357516464663 0.159354794803514 0.270587161590247 0.106850057601051 0.071132862148006 0.104819224620498 0.0711826843579012
"ufb224" 0.632911401938353 0.615784233636271 0.159479913982556 0.291766730233642 0.107801311012906 0.0692356483562361 0.102052961819174 0.0720534849460647
"ufb225" 0.733222212451958 0.776851013868845 0.189737301570315 0.611298377941054 0.1500758027513 0.0920453307506191 0.0898566665053028 0.120727917509274
"ufb226" 0.578548841461298 0.594413421495621 0.152523762484287 0.135904384808632 0.10129104437704 0.0416806310534168 0.109646576060689 0.0752552974794198
"ufb227" 0.616474649977279 0.603637345210379 0.146224813198489 0.225067708543808 0.100505049776977 0.0545542514206556 0.0971399249804648 0.0629574289820545
"ufb228" 0.665976158539497 0.614316072820004 0.148768855906437 0.362572924569043 0.105412068454168 0.0647551858448533 0.0769637405313664 0.0673162905359509
"ufb229" 0.72884857051345 0.681384674778729 0.168829266683632 0.501068498114734 0.128111270058587 0.0778822816978985 0.081419007403683 0.0910940935290457
"ufb230" 0.672328216065209 0.688431911862186 0.188972724227377 0.30348017419063 0.132848121852827 0.0793589835306758 0.140661897831358 0.103136825661136
"ufb231" 0.731236928683024 0.729086533054412 0.186446978231267 0.381079336052249 0.13232437225152 0.0863959023346045 0.12756052544916 0.101332160185176
"ufb232" 0.649759030809075 0.695480231005811 0.184606109896108 0.225965928633563 0.128213029693852 0.0665326904788283 0.139124353549884 0.100089161672318
"ufb233" 0.651857048300827 0.700196356437762 0.196563783302017 0.225934783854284 0.138035683093974 0.0643021795129211 0.155368346819557 0.119128825567908
"ufb234" 0.670835749692437 0.673973944994989 0.17783141716113 0.288562797428988 0.123406685524996 0.0786962917760456 0.126976854560075 0.0952848632216025
"ufb235" 0.65377624185222 0.680516046315958 0.178341835121321 0.277945325962521 0.1261230019618 0.0831667860927982 0.132553311761973 0.0975101627980453
"ufb236" 0.738525403604827 0.657661023769149 0.160034963424507 0.573876818495803 0.123437306664781 0.0673769625112164 0.0558353575145836 0.0965146039509051
"ufb237" 0.698639508310691 0.632818807884113 0.153219828097745 0.499560763365656 0.111638495712372 0.07101081695071 0.0635834660405197 0.0766650284354512
"ufb238" 0.679962297850226 0.71667791487128 0.188470365539764 0.351142222953764 0.134265009409009 0.0981947847373045 0.133176877322305 0.117039484697413
"ufb239" 0.628259786044147 0.620007599230192 0.150392948225311 0.280851295928518 0.105791934721072 0.0621818700600008 0.0925896915943059 0.0694499018334812
"ufb240" 0.612715444999211 0.612765534143011 0.148030578687241 0.247166146340878 0.10229502247209 0.0602411791809985 0.0953499092979499 0.062948562298513
"ufb241" 0.61168503329644 0.620097382644459 0.147911591225265 0.232496261433196 0.101704835646025 0.0548488710635389 0.0972249458594551 0.0627658980556527
"ufb242" 0.615598004254825 0.633673380870591 0.154779332904933 0.204692895005297 0.105719199253972 0.0534720680281101 0.106150756960376 0.0699338861397933
"ufb243" 0.627982161731183 0.661832943389045 0.165248845501203 0.21510481718488 0.113325557927509 0.0557561631035146 0.119890557735513 0.0831395160373752
"ufb244" 0.698774921468899 0.677560751677057 0.171590092575238 0.339075755600034 0.121675863335664 0.0757802696551618 0.107526289666504 0.0956767037617381
"ufb245" 0.610118051109859 0.602622075901638 0.148185671598444 0.214321519390902 0.100881335463908 0.0556583912097014 0.0991924923859173 0.0658482688310922
"ufb246" 0.646309192141351 0.63147666260417 0.161120628941059 0.327544300029801 0.11765819356647 0.0741773559743538 0.0959929345644 0.0800246826563697
"ufb247" 0.704545454545455 0.737486270202416 0.174075934667096 0.704225769611484 0.143786322942455 0.0658873643536867 0.0479369413443489 0.0941924652975292
"ufb248" 0.663762918679193 0.649782302471507 0.161064527583086 0.3588713583429 0.117709996296756 0.0788267422692961 0.0905386440783875 0.0814556870608933
"ufb249" 0.632226460537434 0.741237718523628 0.22924173757867 0.16075810168349 0.160734727508289 0.0634938813422563 0.190677913505148 0.16749595956462
"ufb250" 0.631457018819206 0.7423225477519 0.230151804894071 0.160735449693368 0.160958256101418 0.0615819126519462 0.191957099401017 0.167055728025416
"ufb251" 0.645480694710949 0.707265820831764 0.207203211414171 0.226048866779185 0.145190671939314 0.0882961864725506 0.165079522410681 0.142659551033479
"ufb252" 0.747282162626276 0.739052957970165 0.188126983934236 0.427795096175033 0.136914023506867 0.0899471396827696 0.125070219262902 0.107044973218682
"ufb253" 0.710037618481561 0.721657701949522 0.183729354192887 0.419336458100959 0.134878086446277 0.0911001333133488 0.114955772033222 0.116688910244147
"ufb254" 0.66428435462535 0.686619335157105 0.184911764692564 0.303035008532429 0.131094693670726 0.0741198795230366 0.136415227610696 0.0986971590139104
"ufb255" 0.607678752313079 0.571050870147256 0.151920653842071 0.259875175404228 0.108352070287575 0.0537480098949522 0.0863269441775117 0.0778769292772844
"ufb256" 0.646952191534793 0.690378803250852 0.182826005661441 0.254909942050876 0.129003083938988 0.0846444969719235 0.138441783139347 0.101823526673443
"ufb257" 0.636808151395627 0.674164592454664 0.177935251402209 0.231754496736082 0.12440434116024 0.0707422979788422 0.133284548528107 0.0993345979104824
"ufb258" 0.60855013730485 0.585632291601602 0.139157161370304 0.259387759077532 0.0935238895150991 0.0534750808130291 0.0858337282973791 0.0490277497419392
"ufb259" 0.680542031950669 0.687052200614125 0.175326587856634 0.497077759191091 0.132960639873518 0.0717728204683061 0.0733518617214818 0.108203900112923
"ufb260" 0.676301459681333 0.688334287283887 0.18763584037739 0.328958976652394 0.128167884776239 0.0892975936389503 0.132272092224777 0.11150151272021
"ufb261" 0.63113013060089 0.617742321393758 0.166821886850311 0.261061783367663 0.115249377658299 0.0660991110822586 0.1152760140732 0.0865209259991942
"ufb262" 0.651162790697674 0.646931015752308 0.164935474080108 0.651008935958215 0.133697525205489 0.0598721017859454 0.0351862932191294 0.0789152745436491
"ufb263" 0.68955516465985 0.683429047707749 0.171895861669719 0.312250701618321 0.123303125830056 0.079171434476443 0.115532259159004 0.0879162299604231
"ufb264" 0.654481078674435 0.689637097505121 0.189884019809681 0.251950451959221 0.132623950617502 0.0640193142746626 0.144685526138179 0.104410377339065
"ufb265" 0.644373418556854 0.667622708607614 0.178026112645874 0.266041038330128 0.12289952412858 0.0611329885309901 0.13074588796042 0.0933163078649041
"ufb266" 0.629218927161356 0.672066772200573 0.179338125030653 0.211260132098009 0.12435836317299 0.0699639189221534 0.134765733342502 0.0994235107802488
"ufb267" 0.660828191769829 0.677831315559987 0.181663279331874 0.275666915402877 0.12545348613919 0.0761462953712737 0.13294705524478 0.0984481867341994
"ufb268" 0.64384166285674 0.636388366879188 0.163654320162426 0.339428510872712 0.112173770951646 0.073211220975671 0.106576056552541 0.0870795672066224
"ufb269" 0.776065185830239 0.749818678866324 0.178123696965858 0.587899085163724 0.143440614408231 0.0830386800707571 0.09131768212284 0.12208341809035
"ufb270" 0.646267263422355 0.70010734829661 0.197165073750692 0.228320451660378 0.135978946900014 0.0744361487655197 0.156547893127897 0.121804671993507
"ufb271" 0.797619047619048 0.733778047301395 0.13922724799655 0.797356767395693 0.117375700019525 0.0543377554121066 0.00462524925764837 0.0730495934620197
"ufb272" 0.626404708689199 0.621060542136905 0.148378673990016 0.264374117823757 0.107026259402351 0.0640918301108974 0.0931739511303455 0.0612334561017791
"ufb273" 0.632285215797797 0.632516229091511 0.151568576679797 0.269544431567489 0.10730548210312 0.0645558193822146 0.0990100916240812 0.0649929265868295
"ufb274" 0.643041111840918 0.627855470879001 0.152664282256351 0.296618074951398 0.106434605241256 0.066160590241831 0.0950197923942877 0.0685479164711407
"ufb275" 0.643601736632128 0.629734838400511 0.149941293822197 0.291703837439206 0.106436820617225 0.0664485198655836 0.0949521446583941 0.0638101264658231
"ufb276" 0.661402418434023 0.633695255589246 0.160936724096142 0.361512882941892 0.116118116877226 0.0717059030905093 0.0903241020640303 0.0832779930219875
"ufb277" 0.603948834932935 0.553058242293508 0.141363841695471 0.304883938636713 0.101725904163954 0.0574712915718785 0.0746873001609306 0.0514047462455886
"ufb278" 0.642574587499702 0.654667715547534 0.169066561893051 0.249281367065037 0.118350729914493 0.0746750814439339 0.121338612583567 0.0893988318064161
"ufb279" 0.66352785607196 0.638201593777544 0.168424015098591 0.351330098786148 0.122703297423203 0.063669572624599 0.0911860886722095 0.0879911862310638
"ufb280" 0.612870354250206 0.642426274593481 0.163915379765993 0.215585766025617 0.111887894685352 0.0651223827194059 0.115843028739329 0.0822645015660475
"ufb281" 0.614721092571532 0.664946137817327 0.17646326272176 0.192112412778514 0.120086863344417 0.0561005217618491 0.134225862697345 0.099913684091397
"ufb282" 0.697199277130252 0.723095817179185 0.178931181414129 0.559302883478161 0.142509331011212 0.0764029540866557 0.0780648288602019 0.124835696742302
"ufb283" 0.623736343104866 0.543319530928976 0.15061312781337 0.431452514237344 0.108153740105734 0.0546347861569921 0.0456410624450712 0.0518431136894366
"ufb284" 0.668774843499575 0.627948316165327 0.159745311433603 0.360575882479653 0.110325399500783 0.0705913961323141 0.0945984082260365 0.0772303466463391
"ufb285" 0.716892689461922 0.729420212248077 0.184457545275964 0.425236001319546 0.137665270213417 0.0916244152144438 0.115745315695296 0.113293711360549
"ufb286" 0.753246238144587 0.748118430055359 0.189435994599698 0.475151348550026 0.140472455018594 0.0926330205508119 0.121098244058447 0.114115001061212
"ufb287" 0.634840275571718 0.693061050558929 0.187549849222246 0.208653611278198 0.131527110949483 0.0761610873530573 0.144381185117758 0.108340867532616
"ufb288" 0.644650003933549 0.714040869768004 0.205959999399235 0.222404948099276 0.142312023770126 0.0782803560173312 0.166232012160706 0.132212132578912
"ufb289" 0.735632183908046 0.752789195537287 0.181666773632542 0.735371072681928 0.147557424361276 0.070742924098558 0.0566660706758179 0.112309377810819
"ufb290" 0.645929962372783 0.666042551913635 0.173446576999378 0.255109168494072 0.121159332282088 0.0745974323450297 0.12738122711659 0.094023506891551
"ufb291" 0.716872116520599 0.637646898756782 0.139902493349297 0.548276315122826 0.108901078493872 0.0678087329554183 0.0486456997165108 0.0506803883881535
"ufb292" 0.644955457642261 0.704769261981678 0.185946694101805 0.249626955679729 0.129658669248037 0.0808779726579139 0.135648050581995 0.118324570588676
"ufb293" 0.644454261058718 0.71568929496826 0.210017378880339 0.226436761437163 0.146037666827076 0.0798714056943776 0.1704863130617 0.134146599791331
"ufb294" 0.638641267742822 0.700877234046683 0.199471078226259 0.248965303323994 0.139367049585648 0.0788052539355062 0.15773898547007 0.120286800148787
"ufb295" 0.655453798238712 0.632195740340944 0.162527905506535 0.317767442891394 0.118717474101254 0.0711349622905545 0.0977451510679569 0.0800198705347272
"ufb296" 0.662718162953576 0.698918855840581 0.193331749799377 0.236869301328133 0.131642780681541 0.0638530312094971 0.149507972986963 0.112727786122389
"ufb297" 0.675398417273614 0.648702360412282 0.165166174520098 0.381764847906057 0.11499795151525 0.0720963753709193 0.0875151331773793 0.0905195586564808
"ufb298" 0.619833038123496 0.603364899928934 0.142678323423348 0.282216023737558 0.0970840429569502 0.0526060466716435 0.0841543886903235 0.0523982259733685
"ufb299" 0.730561480459542 0.661630680775583 0.145236439302468 0.643597841821631 0.117496545299412 0.0715098582407071 0.0388992396678574 0.0647795046545735
"ufb300" 0.619551627938359 0.641319430782346 0.161877519437855 0.196706895729998 0.110936811208389 0.0570075049368936 0.117354600225867 0.0811605587280912
"ufb301" 0.780822905134958 0.762314642766058 0.18453957047281 0.528229317134645 0.135752980349619 0.0862031973142804 0.108796487814347 0.11632040797633
"ufb302" 0.773339179933273 0.755537315155635 0.183358361398204 0.533402167396164 0.13587888184595 0.0903684048700888 0.11462497583747 0.106373751104427
"ufb303" 0.659950801689448 0.66975230921793 0.174516605458042 0.304554916506764 0.121250797178212 0.0792844734552722 0.123418499909656 0.0918749499971792
"ufb304" 0.649459102581242 0.693178603153659 0.188472482860195 0.223468066616196 0.132026984664294 0.0769552494312381 0.145386615322637 0.108618699417957
"ufb305" 0.562339870810501 0.527638232543512 0.131451194096585 0.192867532841689 0.0867909258199905 0.0435961177271765 0.079710375079909 0.04518640733273
"ufb306" 0.620904546351913 0.62762613184201 0.154968672913536 0.214342373059163 0.106767124160297 0.0554682409787395 0.10903804980234 0.0731886479387782
"ufb307" 0.616382420847936 0.615919262973613 0.151314990517889 0.205788974053743 0.103611251510505 0.0536049605720132 0.103938603204494 0.0678256765981628
"ufb308" 0.726964073695272 0.710024006580825 0.160694015489929 0.505342963996262 0.119390237268932 0.0772118093051218 0.0720498817654876 0.0775911530228487
"ufb309" 0.648452563919321 0.722283081961143 0.212782558967899 0.185431526669585 0.146715734774537 0.0652387505641344 0.173727357998578 0.140449587087034
"ufb310" 0.666115186980037 0.680292668313669 0.17237984983025 0.282498146889281 0.121523054977946 0.0734958028992095 0.123187907452063 0.0891998582234935
"ufb311" 0.658894009189099 0.610001788162365 0.153480674579331 0.345245730393523 0.107597280016355 0.0589840135233339 0.0744896520664327 0.0732389554251278
"ufb312" 0.664561326608925 0.655595217175784 0.170835734964162 0.294786206839445 0.11723772249716 0.0752517148437807 0.117242335745913 0.0915075303447318
"ufb313" 0.788539663135216 0.785832481977639 0.180537684194184 0.604169898187339 0.143571981378007 0.0860097854172176 0.0941715478604003 0.121712787712611
"ufb314" 0.739778521144248 0.743563302027265 0.181252931170489 0.46480689868355 0.132730766858452 0.0900590687644499 0.117830752186012 0.0965308898271762
"ufb315" 0.657555067343569 0.618307376131062 0.160750285640735 0.394173532401984 0.110644601000023 0.0661701336600725 0.0825694662729263 0.0822297137872434
"ufb316" 0.624213455531348 0.687621101495517 0.186914373573892 0.180978611698037 0.128642605282807 0.0600065077174772 0.145777298211951 0.112497690179581
"ufb317" 0.620027255597482 0.614886264915677 0.166011738475124 0.249698492086482 0.115347659251003 0.0664419263121464 0.116412959149768 0.0840031892173395
"ufb318" 0.589191997457343 0.664374837303298 0.185555593147129 0.136476640499109 0.125774714197974 0.0582861070181548 0.144812399789889 0.114021008400469
"ufb319" 0.605296910625981 0.682431345686978 0.195952025288193 0.1249795869496 0.133265236368333 0.054354273693887 0.156065215425319 0.125213323650901
"ufb320" 0.617559606502414 0.624038214629347 0.155365233695646 0.259748609224442 0.111745962179246 0.0729914317944803 0.0979038415604503 0.0767617372640014
"ufb321" 0.639359763636262 0.601423394600242 0.1583147435817 0.3208781227491 0.112389254280554 0.0594256143399286 0.0874665403037731 0.0761441510731551
"ufb322" 0.635970652831598 0.659835712534484 0.171780691329641 0.312637786238306 0.120153692986112 0.0740034106803995 0.120447299823546 0.0867083185686986
"ufb323" 0.717647058823529 0.634207916328555 0.149410749609454 0.707144217007674 0.125666197329593 0.0567026417180963 0.0183468914191206 0.0685133639250236
"ufb324" 0.597828767238033 0.671080612350844 0.191509428843533 0.147713262031555 0.133822157744289 0.0568450130736635 0.151394178933251 0.12314342785604
"ufb325" 0.581966534199476 0.653572377882821 0.182883339139863 0.147722606598152 0.126225897066639 0.0585214701763484 0.141995335100417 0.113357450329936
"ufb326" 0.644507508355203 0.689244936093135 0.191383062241822 0.260048384414884 0.132193103460187 0.0781322761105895 0.148411945355648 0.110802709441109
"ufb327" 0.637687717722164 0.660386204427073 0.179274439759284 0.268999167552 0.122055246665284 0.0744877543942171 0.13345902042476 0.0977888646795355
"ufb328" 0.620807390368209 0.631656001753708 0.156264011962432 0.262626809248033 0.110771737330741 0.0737920217269387 0.101718431160893 0.0765977622699765
"ufb329" 0.687422490785537 0.664450414580877 0.163438474025297 0.443416564353262 0.120984870187085 0.0798982833858403 0.0929089014146378 0.0863149226658689
"ufb330" 0.606052009093131 0.630792943005481 0.154505191973657 0.234047827022239 0.109745297669354 0.0714074969079578 0.102157204413865 0.0729516599378143
"ufb331" 0.632031870984531 0.632246603447844 0.159360004193767 0.326967480213984 0.111873343369807 0.0707484362547316 0.10212669113027 0.0801718442034053
"ufb332" 0.747126436781609 0.759882253994954 0.18754930563133 0.746895055744793 0.161769767690273 0.0729237186646916 0.062294563334112 0.136745006401286
"ufb333" 0.738636363636364 0.747825423470166 0.177926063274419 0.738422569429084 0.151631555146058 0.0696955312099659 0.0523750796332821 0.11154689966109
"ufb334" 0.784916573548287 0.700370407448193 0.143765950924035 0.707139812121415 0.119047287533612 0.0701296614113453 0.0375835090851629 0.0648077160049117
"ufb335" 0.725828619357664 0.732738765388493 0.190912257894859 0.426311025533558 0.140433190770133 0.096886277997027 0.132363325911147 0.103148683822628
"ufb336" 0.789220639963485 0.789928774511241 0.175321996326392 0.669962945763845 0.138027556442629 0.0840929203601171 0.074210398004876 0.106270008770258
"ufb337" 0.696890632176259 0.725047719707845 0.179386413956216 0.423056772550428 0.134543699994579 0.0788752157136451 0.103195818099515 0.122033393674375
"ufb338" 0.63399516365075 0.628345251850233 0.150578884758311 0.303941940172246 0.106759035440184 0.0674903868785767 0.0927358241712779 0.0668462915421597
"ufb339" 0.642773668164245 0.687078410182034 0.181945629466105 0.246209819460117 0.129817580367075 0.0789995593110415 0.137516200332942 0.101581726940532
"ufb340" 0.693059972073957 0.691992372493304 0.175721132837396 0.320603035975764 0.126649283785377 0.0799049776562224 0.119563667004694 0.091907153618462
"ufb341" 0.669735110442657 0.650485387804631 0.156678317273094 0.372630954286795 0.113506312859363 0.0749030849696088 0.0913090882419907 0.0802771828927212
"ufb342" 0.667451320820163 0.637382646188836 0.156011809242319 0.369651617624253 0.112345625783185 0.0724583203878775 0.0850043593929638 0.0841665617812272
"ufb343" 0.753319296837643 0.719862985431885 0.180021084090563 0.532318743385453 0.139498131852229 0.0847439420639771 0.093787814834613 0.108891513972773
"ufb344" 0.72275391750305 0.731283916751148 0.186515320446039 0.454516750123449 0.140108983225035 0.0943757096508859 0.117949823877032 0.118898694027602
"ufb345" 0.730510018267282 0.703507459964251 0.17043223089875 0.530694669251158 0.129940362569009 0.0855780622257112 0.0930997068825314 0.10144616992608
"ufb346" 0.710605395849527 0.715824512847365 0.182689765795373 0.397296387960772 0.131463654910764 0.0847550741178064 0.123597984958368 0.0958337005195047
"ufb347" 0.696885533274456 0.712178265292996 0.182490300928137 0.402086023960717 0.136523867373404 0.0911634104352804 0.113585550936317 0.115141568966029
