NA NA -0.02306058 NA 0.2688773
NA NA 0.1805503 NA 0.1246181
NA 0.1435554 0.1706968 NA 0.2957552
0.2695337 0.1155601 0.09285788 NA NA
0.1988017 NA 0.1503228 0.08515915 0.09863512
0.1486466 0.04204952 0.1016589 0.2623943 -0.0507402
0.04040142 0.2642023 0.01493663 0.04928579 0.1783792
0.1741759 0.004150458 0.01580968 0.0159407 0.1286673
0.203585 0.2105911 0.1570225 0.09357704 0.1008641
0.005369051 0.006573073 0.1246181 0.09742957 0.02930517
0.09659859 0.09657789 0.1143163 0.1140962 0.1908423
0.09762003 0.1503666 0.1634085 0.1956094 0.0192413
0.1683374 0.07408458 0.04521209 0.1329401 0.0797771
0.03464143 0.09969636 0.01458738 0.04594447 0.08030242
0.07610829 0.08773033 0.06092749 0.1022975 0.1065514
0.05355657 0.04778916 0.05886659 0.215936 0.04111457
0.0144088 0.002610735 0.02682359 0.06008447 -0.002079283
0.03768611 0.0006355082 0.07028339 -0.002025009 0.0003008061
0.01600689 0.03049519 0.04137046 0.03138459 0.0008419087
0.0305425
