NA NA NA NA NA
0.08404 0.1976736 0.1286192 NA NA
0.01601654 0.1077359 NA 0.2003953 0.1424876
NA 0.200011 0.1587365 NA 0.2223749
0.08818418 0.05556492 0.1808182 -0.01022287 0.1062622
NA 0.1349214 NA 0.1252602 0.1257099
0.1942438 0.07963566 0.1132696 0.01246302 0.08489079
0.1749297 0.09863004 0.1483149 0.05851032 0.1087754
0.07517495 0.03078152 0.07980554 0.2177125 0.119949
0.03800895 0.03385843 0.1176386 0.08165669 0.07008168
-0.008861738 0.1665193 0.03877708 0.02125608 0.06552692
0.1643973 0.03838379 0.08445578 0.1176909 0.04509811
0.2835321 0.1395531 0.1759345 0.10475 0.02294538
0.0006813577 0.003393426 0.03816948 0.03450931 0.06808369
0.03275058 0.01801033 0.07210875 0.1526225 0.07901289
0.1899627 0.01348155 0.2211333 0.02663872 0.02719297
0.01761227 0.02432745 0.03925248 0.01744868 0.05096851
0.03673629 0.01322645 0.06963136 0.06065997 0.005602683
0.008240404 0.05317852 -0.006571434 0.0568976 0.01600272
0.03673623
