0.1312092 NA NA 0.2851144 0.1706968
0.200011 NA 0.1841704 0.1562665 NA
0.1987224 0.09525624 NA 0.08944328 NA
NA 0.2924583 NA 0.02725414 0.09706114
0.3226286 0.09395701 0.1054611 0.2393426 0.01883319
0.1873827 0.1316197 0.2430183 0.03427959 0.0325004
0.04918745 0.05635314 -0.001315212 0.1222041 0.09719997
0.1528666 0.1010079 0.2016356 0.1325715 -0.01325749
0.08096445 0.1101314 0.05622813 0.2707716 0.0245536
0.1906235 0.149293 0.05645452 0.06539829 0.1004247
0.1110302 0.1083341 0.03918443 0.0515439 0.1059313
0.033078 0.05180958 0.1840072 0.1427792 0.1777042
0.1386295 0.03400932 0.04884785 0.1067212 0.0765224
0.07110446 0.06546299 0.03727582 0.06077242 0.1365578
0.03804487 0.03420546 0.03904806 0.04647163 0.189079
0.08903161 -0.004549515 0.1982497 0.05423705 0.04867075
0.04010837 0.008688101 -0.00484404 0.04402209 0.008682516
0.0263263 0.0789628 0.02175823 0.04530281 0.0600261
0.02491708 0.01554874 0.02096443 0.02702046 0.07046837
0.0316394
