NA NA NA 0.1039352 0.2704951
NA 0.1229359 0.1283632 NA 0.200011
0.1309624 0.2970173 NA NA 0.141892
0.08944328 0.04695259 0.001218629 0.02258199 0.1899598
0.1897853 0.1246181 0.1400877 0.1662127 0.0877445
0.05126487 NA 0.2746698 0.008830184 0.1843148
0.2366494 0.05017324 0.0844702 0.1056845 0.05459907
0.0863561 0.08028974 0.1456021 0.1706968 0.2233408
0.2431482 0.1394077 0.03019994 0.120577 0.00886472
0.1531161 0.1259884 0.1386905 0.03807677 0.1314317
0.04579186 0.112244 0.007426138 0.1790589 0.13759
0.2316327 0.1571944 0.1843071 0.2284794 0.06708274
0.1266774 0.1444821 0.07719559 0.1142053 0.06210147
0.09608696 0.1445727 0.03488388 0.0453201 0.07134268
0.05686754 0.06258086 0.1531428 0.02308202 0.02088967
0.05142534 0.06420692 0.0282381 0.08465656 0.2255685
0.07383299 0.13267 0.05626321 0.0386709 0.02157848
0.1283872 0.022313 0.04562251 0.002263407 0.02417625
0.01645036 0.01795414 0.06438986 0.06039478 0.01954965
0.01891929
