NA 0.1732946 0.1980294 NA NA
NA NA 0.1595696 0.1999691 0.1939246
NA 0.1141415 0.1440353 0.03175593 NA
NA 0.2623943 0.2677471 0.07749202 0.130283
0.06486513 0.1486787 NA 0.2062429 0.07363846
0.122181 0.086874 0.06123313 0.02362002 0.03477531
0.3067707 0.02584154 0.2428687 -0.02729206 0.01438832
0.03528911 0.09816674 0.05221962 -0.01653094 0.1899745
0.1039449 0.3352125 0.1483467 0.09516805 0.1416828
0.05476844 0.07161047 0.1327866 0.06076995 0.1702609
0.1149043 0.01727535 0.1072643 0.08150125 0.03527742
0.06219511 0.06319302 0.2516671 0.143856 0.185959
0.196647 0.1477657 0.01045216 0.0807146 0.07441552
0.102251 0.07762843 0.07588302 0.0460759 -0.014822
0.05278212 0.1129649 0.04199774 0.05313121 0.06828377
0.06818192 0.1102748 0.03723959 0.02817713 0.04242891
0.002416341 0.03641443 0.009094451 0.01353844 0.02042715
0.0466045 -0.00685606 0.01198739 0.0342391 0.01941086
0.005956488 0.02585563 0.05597714 0.06407394 0.03517094
0.04241779
