0.2974418 0.1602364 NA 0.1902219 NA
0.06504575 NA NA 0.2762468 NA
0.1944882 NA 0.04293564 0.08054418 0.1171773
NA NA 0.2567222 0.1968781 0.01857951
0.04200052 0.005223962 NA 0.08916649 0.141892
0.1012361 0.1316197 0.2853277 0.1166675 0.2015112
0.2961478 NA 0.182922 0.1070132 0.1305908
0.02885912 0.1112411 0.1271825 0.1947376 0.0735435
0.05782004 0.1556739 0.09690582 0.1724633 0.2354915
0.1307676 0.08544932 0.06715329 0.01668082 0.02667635
0.07104332 0.05975772 0.1592467 0.05370915 0.1453425
0.03734708 0.07290973 0.2552898 0.1094285 0.1507114
0.1182394 0.0341327 0.04686431 0.1653627 0.0521115
0.1247292 0.02014998 0.02023627 0.1219054 0.05760928
0.1550524 0.06367361 0.01640287 0.0146061 0.02791606
0.03022155 0.1156314 0.179245 0.05713378 0.07563203
0.02079504 0.00706703 0.01343633 0.01511031 -0.01440067
0.001244757 0.03468026 0.06117125 0.1173807 0.03544304
-0.008963509 -0.0145188 0.02726734 0.01505273 0.05450103
0.01450974
