"quartet" "wQuartet" "cluster" "phylo" "mutual" "shared" "clusterNorm" "wNrqs"
"mb49" 0.776802735759615 0.789172606278689 0.215866947723801 0.658743305008886 0.175083537845996 0.107800618533513 0.116576204912364 0.141273175569922
"mb50" 0.80952380952381 0.906460608877527 0.256212922758567 0.809394409230056 0.213292481262623 0.105439050247393 0.136662843175661 0.192097037684173
"mb51" 0.731707060438459 0.767761233862269 0.236159207568609 0.295489698379269 0.180122062028932 0.121081650562566 0.154429288348279 0.162352855240165
"mb52" 0.880678747377193 0.893739399749281 0.220324472583122 0.775256823612947 0.180117811403676 0.115727457949482 0.121321424168244 0.16279921174275
"mb53" 0.716594232220788 0.736793764925079 0.207697129721182 0.44641937758876 0.160561472558005 0.100219489349853 0.122493128895668 0.129579550850012
"mb54" 0.776470588235294 0.883011562810652 0.24964057391117 0.776216077338357 0.204719460354482 0.101327718405926 0.129824321978673 0.207266014991069
"mb55" 0.657867986770839 0.697584980022847 0.202836265696708 0.118181480718508 0.144890122088409 0.0940201877423583 0.153896225512791 0.124864785647871
"mb56" 0.823529411764706 0.919407980754145 0.263603733154212 0.823398742117947 0.223439895676522 0.11175435152158 0.146017097253006 0.213250958054557
"mb57" 0.696739985229001 0.746427172736988 0.196054844461361 0.386154500915767 0.150879117440769 0.0998372001749252 0.137909688273765 0.120045942187578
"mb58" 0.785145714713086 0.806476105404198 0.227445783914212 0.564270971749104 0.178550986294342 0.102854494745498 0.129621209685902 0.164332722736886
"mb59" 0.865426543852184 0.904122114613074 0.2464318092068 0.775189445188257 0.205340050421408 0.128892592367152 0.150743865371773 0.205036636843566
"mb60" 0.626504001187656 0.686496436124383 0.196407626052512 0.0813567608722489 0.134983938762055 0.0615080414586595 0.157005199582554 0.119562927111719
"mb61" 0.722128724008927 0.715589691506919 0.206374451648146 0.404404802493524 0.154784253164064 0.0862883403799116 0.12116789608055 0.135261058604546
"mb62" 0.67842858910978 0.673417871533539 0.179066587762302 0.256456235491197 0.12995227552015 0.0822444663603906 0.119718325468828 0.0976152735989515
"mb63" 0.731254438341907 0.727612154632661 0.177468506928976 0.587974014343572 0.137188163822897 0.0784148452244712 0.0733155666903915 0.0939950693751161
"mb64" 0.794165079415841 0.813509159173013 0.215566534581478 0.574264948952966 0.172129871175928 0.114045580787786 0.141637484885433 0.154262838108943
"mb65" 0.870588235294118 0.911616555018954 0.238923845012093 0.868995359996028 0.204942653101327 0.101247738504387 0.117396362108117 0.208418187415687
"mb66" 0.625412411666145 0.660194935193917 0.179882121195295 0.0471305475384381 0.125398132958309 0.0616511314292557 0.139435691331494 0.105761291854011
"mb67" 0.729411764705882 0.752659409020218 0.213075922201594 0.729382977042515 0.177466048203007 0.0844087988034335 0.087421082295472 0.143829225470795
"mb68" 0.941176470588235 0.958316999869332 0.223060309589247 0.940457775074611 0.194135823748357 0.0978993743211554 0.0989997614758806 0.183070213832029
"mb69" 0.728395061728395 0.832910321489002 0.201345725521904 0.728140590415815 0.159661853947035 0.0752572017352836 0.0702084586171724 0.127643530000463
"mb70" 0.777511595998063 0.769428726455314 0.18130263267999 0.606566316075358 0.141546324718996 0.0949827672761724 0.0932047655485617 0.0956006229134738
"mb71" 0.678571428571429 0.809387827949313 0.242348973311088 0.476718786478411 0.1956865573636 0.0948384910342791 0.120067185216924 0.16944766210236
"mb72" 0.770386760583093 0.777103962129382 0.179353505688192 0.549726262680719 0.137803093824168 0.0878848931215253 0.0911795828636136 0.11325896173189
"mb73" 0.715506699468634 0.690791805935379 0.18209854832114 0.386713388009698 0.13514443715507 0.0862980998481634 0.112797985492952 0.113422121512456
"mb74" 0.693229743296341 0.664990870300142 0.169884118036868 0.343777177492895 0.125120525106454 0.0782779177404835 0.105383365557258 0.0988421185625544
"mb75" 0.746347450162946 0.772478320401643 0.219655653575218 0.497155533536396 0.170567785757016 0.09784750547025 0.120251970377558 0.147027411434848
"mb76" 0.699719396812445 0.706309928858645 0.202383319781925 0.23619572810482 0.153010801185304 0.0935484520736797 0.12733785567936 0.131544357421033
"mb77" 0.615824970870346 0.661640081306221 0.178711137271311 0.0814042428176469 0.124541245617715 0.0513155778278542 0.137435744587568 0.104398496184015
"mb78" 0.625603558097725 0.681404890926487 0.19241109120496 0.0813824951155921 0.133217130039453 0.0624962734080644 0.152584593094677 0.115600441429403
"mb79" 0.726190476190476 0.752616555661275 0.1732095242014 0.726070529838862 0.138000595296555 0.0625613294846386 0.0399579823231711 0.0930510585324546
"mb80" 0.648853426163317 0.689636950810899 0.194949188675017 0.118151443796395 0.139810736294108 0.0847502325105584 0.14746994887126 0.116783190097249
"mb81" 0.745573187820249 0.756813533086406 0.176177689111251 0.604872596617358 0.136545920474537 0.0828649277191221 0.0713302252130184 0.103825597862153
"mb82" 0.746535761313767 0.764068005336435 0.181078420416656 0.50921171897102 0.138255684206147 0.0949836777070657 0.103796053614836 0.114236260746958
"mb83" 0.695417247631969 0.743508266506138 0.189422099873164 0.397787216999308 0.145893359710372 0.0997943833308372 0.126212502958238 0.117445001158123
"mb84" 0.638950057930635 0.635833197612253 0.170325728704862 0.17526671489068 0.120925861127319 0.0640708492148683 0.119315738715769 0.0865995822153751
"mb85" 0.655034318303188 0.617883870712166 0.152930850146144 0.247913691122555 0.108055182126973 0.0600482583635192 0.0954004068470298 0.0779547475223022
"mb86" 0.618772280467723 0.670203304440105 0.183965953460897 0.0823501455569451 0.127583480715283 0.0528773409947473 0.143392485655332 0.10950203129314
"mb87" 0.682352941176471 0.694645820595685 0.177176434214782 0.68208423050939 0.140056607398399 0.0615125737004141 0.0457892186666349 0.0775858338491706
"mb88" 0.745461685806414 0.722365566176039 0.171284287786453 0.615548373634721 0.131774873804405 0.079634343367793 0.0655991605173531 0.0900412089765459
"mb89" 0.72289156626506 0.713766584974225 0.172502974868136 0.715902362015529 0.135747610185895 0.0643532769690429 0.0395815290070713 0.084647592434372
"mb90" 0.824605959845276 0.843272137755773 0.223219525929791 0.617647020266776 0.180117306878441 0.10960263991137 0.139726312075534 0.171995938775986
"mb91" 0.617708745819518 0.6639924832281 0.180698738262314 0.0471175980242203 0.126106933703871 0.0543843767139358 0.14052696940579 0.108276083938469
"mb92" 0.661078321200898 0.693949024632117 0.200730984058432 0.155424248573126 0.144952648376833 0.0940324017024234 0.149376298550162 0.125558641566644
"mb93" 0.680334327746234 0.645281746031746 0.162348196058611 0.310842038482413 0.118040959416943 0.0707517049671217 0.101885651859404 0.0894382945587197
"mb94" 0.672429757829529 0.667474144631217 0.183002005980906 0.179155217267739 0.135348615054266 0.0791227428581733 0.113709495706131 0.11215647568503
"mb95" 0.814039877813638 0.831997996995493 0.21833309929459 0.605684212311412 0.17620413116429 0.10474416064128 0.134483305590465 0.168339309769492
"mb96" 0.650602409638554 0.563048933500627 0.147255333998796 0.650402652458043 0.115813485837254 0.0480818594963598 0.0104709746236842 0.0446623773779495
"mb97" 0.688722527200024 0.655524506542471 0.179407579844371 0.327678543344043 0.13142230842123 0.0697547437039851 0.102000599168165 0.1012313135341
"mb98" 0.719512195121951 0.71738399462004 0.174725286669372 0.715964638726912 0.141020962955809 0.0639290871166442 0.0397838061890226 0.0906931299223599
"mb99" 0.6298046493301 0.671068662104234 0.188484353951667 0.069990102897107 0.128923811619783 0.0561983593141948 0.148830166635944 0.111286801336746
"mb100" 0.670588235294118 0.666000958619588 0.176304598454593 0.670477197163986 0.143162615191711 0.0616747554129927 0.0447781694982382 0.0871599358045029
"mb101" 0.80952380952381 0.748546691403834 0.135538985167079 0.809324231282217 0.109231808540916 0.0512553771831455 -0.00311389339623544 0.0486887217320636
"mb102" 0.760707588819584 0.779105543362981 0.202773410825148 0.473873357598147 0.15840517173679 0.0933518569930125 0.135061394368112 0.135749087764844
"mb103" 0.788235294117647 0.792237442922374 0.169864234328603 0.788113315067597 0.13756896205412 0.064847784003146 0.0373094178237916 0.0923440855247826
"mb104" 0.659749854616615 0.624330766048811 0.155239655405708 0.262540792157539 0.111254564044128 0.060241006150576 0.0941919244102615 0.083644923144814
"mb105" 0.621500082406754 0.669933048182188 0.184254310298579 0.0823501455569451 0.128236758738377 0.054851094098573 0.143696223976285 0.108135482990959
"mb106" 0.821428571428571 0.776163228429453 0.156807298613551 0.821186408044666 0.130898957414898 0.0641971448195944 0.0218661298516117 0.10014715537213
"mb107" 0.650537899444475 0.697407729864454 0.179211431234703 0.269712905915231 0.131563326646421 0.0751655967534713 0.128798411956929 0.0990060238507659
"mb108" 0.795180722891566 0.840557275541796 0.175164921542556 0.795103912074555 0.141051463015196 0.0652763595798823 0.0407756152986079 0.0926254696917539
"mb109" 0.783983382997952 0.759614804081386 0.17346032404143 0.671051158416167 0.134675155991302 0.0840952632357537 0.0682740470604301 0.0922217351354766
"mb110" 0.604781794586975 0.62632605689117 0.16058030391429 0.104651920552417 0.112674189140263 0.0565129886294704 0.116296173687761 0.0885739230497199
"mb111" 0.707317073170732 0.707586698760809 0.172856719356913 0.703543732318866 0.134986925899351 0.062774405655317 0.0377046917730568 0.0794941484745974
"mb112" 0.821428571428571 0.833081081081081 0.182870659119481 0.821303866780479 0.152627912273292 0.0728703774652812 0.0518053544025165 0.130534055255196
"mb113" 0.736723130472106 0.74548873235484 0.168777585264725 0.639322847414522 0.134463478130135 0.0783601070803066 0.0623846350399964 0.0907988963761316
"mb114" 0.642404779009873 0.678241416355654 0.189204755194687 0.120938668700775 0.135078740814144 0.0779660980790482 0.142951964525731 0.110290053856697
"mb115" 0.730301533126829 0.745665552027426 0.176915643430631 0.603772550077806 0.137137711004586 0.0815447421620448 0.0712902601323616 0.103708763055111
"mb116" 0.785714285714286 0.772445403073605 0.171255442017893 0.782966660553554 0.137463674042431 0.0651586454352784 0.0385792643188188 0.0902208903895961
"tnt1" 0.618451136970955 0.643572830193591 0.172067802404307 0.0353062698288284 0.120740595531313 0.0497579663431052 0.130899826704791 0.0995445611070876
"tnt2" 0.641248554553659 0.66751145212284 0.184186722725671 0.107596545678449 0.131050906051453 0.0685254360185172 0.137621510940028 0.105364980850201
"tnt3" 0.647875813416918 0.679862591560074 0.191893760231467 0.108855119659158 0.137247046056056 0.0771101952802642 0.144175592578102 0.113387034828566
"ufb1" 0.714285714285714 0.662287756925827 0.149965162952049 0.714017046479282 0.119478335830399 0.0547773441557542 0.013735833781578 0.0611158687341341
"ufb2" 0.734632286332803 0.752520649272262 0.19501498683895 0.410262194162265 0.150277127261231 0.0901253540724567 0.132416290035156 0.123795126627759
"ufb3" 0.727425622518501 0.684804790490519 0.17715102756608 0.439996176741922 0.135473423046536 0.0709400876216956 0.0888014557643885 0.0995504048543345
"ufb4" 0.691535897361024 0.652560096696374 0.167112476907819 0.32368658965298 0.12141157411885 0.0746608415751506 0.102390135160441 0.0941999890751875
"ufb5" 0.653172224884394 0.628288570039938 0.156205853113004 0.350487908693278 0.113108395015631 0.0733556359591093 0.0906083619635596 0.0694189124618431
"ufb6" 0.636625509283324 0.6270105240171 0.166101888293859 0.163477054272795 0.119959626218557 0.064702361674762 0.116886739207866 0.0790292911765546
"ufb7" 0.754343949620387 0.744777108607325 0.16364216714372 0.604804415331109 0.124200433199311 0.0746109678478503 0.0574416104932344 0.0938984962807987
"ufb8" 0.702380952380952 0.635994587280108 0.14909951099317 0.702391122060465 0.120711585156496 0.0500683842637674 0.012486128282329 0.0444201458027334
"ufb9" 0.618571591379938 0.665370157036318 0.180370139609565 0.0590730202295389 0.126243901151825 0.049277392671332 0.140321731322136 0.110017195681513
"ufb10" 0.664141043705928 0.695588224106144 0.20191769035271 0.244344823341855 0.145356237575466 0.0952219147781236 0.147847462599575 0.131734485477235
"ufb11" 0.726582092357921 0.775715521059625 0.233167512086813 0.499555938130379 0.176261166349861 0.107817972047897 0.136137056042229 0.163051308184264
"ufb12" 0.705882352941177 0.570942993104788 0.144764576503345 0.705703264114423 0.115664804985483 0.0507174597427724 0.00820188481119003 0.0477207396512935
"ufb13" 0.594903132120389 0.556999036448816 0.149809984911264 0.202838565703732 0.104568131824339 0.057404604078238 0.0772501819940329 0.066103261333941
"ufb14" 0.581010824220367 0.557593018251083 0.144798480069096 0.0933848677805824 0.0973245371281349 0.0471395457106523 0.0959977483771301 0.068795233285082
"ufb15" 0.575859295184858 0.560696285277392 0.145516453893156 0.0698633491045998 0.0971567693637984 0.0401325273692132 0.0994005065231913 0.0681014533992335
"ufb16" 0.627503745528966 0.616050966430764 0.165842447853255 0.235498864781129 0.117484005755861 0.0726664959611704 0.10093110488112 0.0878552588383651
"ufb17" 0.781858628951529 0.779507941451261 0.175008790307685 0.666502554306157 0.137019554190818 0.0859846123997275 0.0700787396339478 0.0906914849896509
"ufb18" 0.637166779312138 0.629406252303286 0.167150480796432 0.153565173031981 0.117525865438841 0.060542460816902 0.117971204534328 0.0820115269202254
"ufb19" 0.618389701180519 0.650790370683689 0.175634024460081 0.0951298562704286 0.122761766761643 0.0610001933930998 0.134657309597644 0.102183499730782
"ufb20" 0.601148944874723 0.568142119573241 0.152654763674428 0.130030350917847 0.105134628956804 0.0508795163229172 0.10064964821667 0.0781706684334211
"ufb21" 0.67019850836254 0.692103052366284 0.200783336377854 0.243977130885925 0.143162453986199 0.0855695855415789 0.143182434604651 0.135774992241736
"ufb22" 0.671597579531554 0.69345236948472 0.204679527633397 0.247378436490546 0.148174862887022 0.0918015618537573 0.142978928478458 0.141863346724322
"ufb23" 0.709069761027499 0.742946236738925 0.184791045289709 0.479362840042362 0.14132311734351 0.0998086302263491 0.107376704891285 0.119253426646899
"ufb24" 0.703744512118618 0.742321564879936 0.187116339847731 0.45144167778702 0.145305427579515 0.104834381715992 0.117801525504575 0.116933334445853
"ufb25" 0.664497161914916 0.649707200575784 0.172872119071175 0.280250712143944 0.127211840167275 0.0770075835270341 0.102388269636598 0.097322260946978
"ufb26" 0.67798512099537 0.663009161275474 0.176245443408242 0.27529008398785 0.127368903596082 0.0816247247881791 0.112009731280607 0.0997864128162669
"ufb27" 0.834817818174979 0.743321002877106 0.135233394503105 0.751360474410573 0.107244886949076 0.0658335371994679 0.0255059365402671 0.0500484834375588
"ufb28" 0.796672751034634 0.785419808949221 0.180597636972741 0.700664961546762 0.144933548817428 0.0905714538201145 0.0763383381654831 0.120808942140831
"ufb29" 0.764226982120504 0.767023035085848 0.177243006757341 0.592380345326185 0.136579200806698 0.0903031344051731 0.0886661036520479 0.11512495593804
"ufb30" 0.62487068313594 0.658338703513788 0.17733033254789 0.0707876127183066 0.123548173252207 0.0496978437116995 0.136993335952313 0.105551212464868
"ufb31" 0.70805916757974 0.663255254854166 0.15860864407102 0.499733586426374 0.118670378072912 0.0731282864935424 0.0683983861624121 0.0728801416247844
"ufb32" 0.613471683123992 0.641597962777921 0.170543956382766 0.0940151357319882 0.119135844832047 0.0543353894799885 0.128878138421282 0.097402556231909
"ufb33" 0.694117647058824 0.721877643078658 0.199836537672766 0.694097549992165 0.163011424149862 0.0749378797050686 0.0720676529809259 0.118125167650218
"ufb34" 0.702380952380952 0.71425482848083 0.182913918583586 0.702212264212737 0.149168578906578 0.0676151151828375 0.0522879248855963 0.102456920312748
"ufb35" 0.677448239369378 0.714207716224992 0.181493883203588 0.318868362895765 0.136969500847685 0.0807907520351548 0.125869236792269 0.104507358091215
"ufb36" 0.780437256072238 0.767502410800386 0.215167425839117 0.568990681307217 0.169805257355964 0.0965686578467976 0.115448180354356 0.147474188242769
"ufb37" 0.615782766655683 0.65837876164498 0.180840392273325 0.0590961354515232 0.124435202270104 0.0565871179253462 0.140859246132521 0.105354237337356
"ufb38" 0.741459971449215 0.713841019672729 0.182679417870924 0.487808036518137 0.141839025760666 0.0767543513963887 0.0949826098772803 0.113744137987068
"ufb39" 0.698154476815681 0.733665384332443 0.185146611626235 0.401895859896519 0.140409259783996 0.0932896373113354 0.12168180270105 0.113453802447307
"ufb40" 0.619035103759451 0.648448658045587 0.173338565156085 0.0951298562704286 0.121392835282796 0.0551559382623903 0.13224097390063 0.0996056308352627
"ufb41" 0.637722868213628 0.65255144866711 0.17147977346093 0.18695527687456 0.123221144220569 0.0763745686798117 0.115196652597733 0.092690322055995
"ufb42" 0.748504031785544 0.74324569356301 0.174930588671144 0.503224647956617 0.130833969574975 0.0875181263098606 0.0971958999549445 0.108556276163127
"ufb43" 0.611167792186646 0.670515652296139 0.185400593858212 0.0593596732282793 0.128225148328613 0.0533332181173312 0.145595687021493 0.111280681150492
"ufb44" 0.639724943101251 0.670507026073637 0.184896416769647 0.177502513808411 0.131222525972604 0.0765098301291019 0.139735827351611 0.104579998668093
"ufb45" 0.64382217192596 0.676891890413442 0.187128663772408 0.191462190210069 0.133261670689698 0.0771051598517618 0.140783666174845 0.108356034449284
"ufb46" 0.63855421686747 0.566611762426122 0.155613863947114 0.638279943383201 0.120980421561596 0.052102558488999 0.0201702531100842 0.0497629022295535
"ufb47" 0.655566455017973 0.642164064482524 0.165129911281113 0.189067190131631 0.117259937907578 0.0640318234895431 0.108375576784094 0.0827050775380391
"ufb48" 0.616796732193914 0.671191201293658 0.184575690025882 0.0813824951155921 0.126844654639233 0.0494175651826697 0.144362786670487 0.109840511196124
"ufb49" 0.648393340626783 0.679032033078403 0.189484047632346 0.179293595813141 0.135026519474121 0.0694799872717409 0.141654738055337 0.111781782246239
"ufb50" 0.654323775863012 0.641216981852128 0.172001400597504 0.292402441362244 0.130529356554393 0.0730796777492865 0.101854026354524 0.0979938253212665
"ufb51" 0.647780595928559 0.603644857976321 0.148560759090274 0.210016258154067 0.103270144723741 0.0517298451898775 0.0937391874323314 0.0719907584960622
"ufb52" 0.732955167494417 0.724230469287582 0.212762392805573 0.49982884696873 0.164560922967797 0.0858866441585189 0.112680799161275 0.142992031289032
"ufb53" 0.657690594121748 0.68590047419485 0.194930071034397 0.197708743091607 0.137653513112172 0.0802263321118557 0.143167640782579 0.123142255777332
"ufb54" 0.661865235721605 0.648540507084981 0.172859329709543 0.26067870156255 0.127495406168917 0.0782142321854708 0.108546765502065 0.101682624859248
"ufb55" 0.612461269175497 0.659617063502822 0.17758149105332 0.0823501455569451 0.122052361926671 0.0477641854837856 0.136691638615215 0.102825110084022
"ufb56" 0.621198278016528 0.672334409328629 0.186411086162178 0.0823310740661978 0.128551797022368 0.0541081866292487 0.146289518896356 0.109924276372869
"ufb57" 0.660500657825817 0.686880226519625 0.19757084796076 0.235848300370506 0.14300241462852 0.0847519152900778 0.139792114536313 0.132046598919664
"ufb58" 0.702380952380952 0.573975543731915 0.149187432414505 0.70221359908474 0.118899461834574 0.0542785677626609 0.0123233358968894 0.056927051859443
"ufb59" 0.60483216771981 0.626522683643281 0.164370950171961 0.0811014441366707 0.114735447757845 0.0468792836928268 0.121828524378328 0.0924708189608158
"ufb60" 0.793142475651442 0.789285346514262 0.177058328364119 0.648495479580891 0.136759028815814 0.0820613095770687 0.0723229429942917 0.117967257474425
"ufb61" 0.656477083391222 0.6131146878033 0.15240732688441 0.266663674045685 0.108901841695608 0.0580975552479699 0.0911441796669906 0.0777449221141932
"ufb62" 0.701370114851735 0.662723269917754 0.151832093068291 0.505517555706779 0.112861213839677 0.0695880290080894 0.0610288129538619 0.0640197412138484
"ufb63" 0.600817500423444 0.628191639279242 0.161487112437462 0.0939288141366305 0.112286804112305 0.0580584049522017 0.118090081164403 0.0894228606963888
"ufb64" 0.790271287465417 0.782894940191018 0.17468028628596 0.671110579072132 0.136851750574778 0.0823512730809781 0.0696781333743976 0.0936777308050847
"ufb65" 0.753861149930308 0.767327669596669 0.19960928787161 0.486025332927708 0.156810478858465 0.0955961148766414 0.13170431300657 0.131078438906878
"ufb66" 0.604049020665552 0.629140208400068 0.164057849003714 0.152149052502726 0.114115325811823 0.0665915008920083 0.114698351101243 0.0912711280714952
"ufb67" 0.686392135028417 0.714777814077984 0.181048099062683 0.326988873495019 0.137202157417888 0.079044134396487 0.125432243237399 0.1042580201316
"ufb68" 0.665979160538244 0.657754965409507 0.179698539787912 0.292402441362244 0.134336170629524 0.0814646799502884 0.110203260975744 0.107840565164292
"ufb69" 0.678233531974194 0.677527435542547 0.193534568756311 0.327346597922076 0.146614426955947 0.0844331212657495 0.117656551067651 0.124875539206315
"ufb70" 0.672390899762953 0.718658757721978 0.184654004589229 0.316141511999198 0.138749603422217 0.0832496725222498 0.129283029472635 0.108810527805155
"ufb71" 0.681270684254124 0.714448148372629 0.183524347774731 0.316198887989361 0.136031381816359 0.0851080335016969 0.131002234810767 0.104699023863327
"ufb72" 0.607174568347795 0.652953112108131 0.173600015652779 0.0814112295543222 0.122101260778104 0.0630154557749199 0.131510931260339 0.101290214336732
"ufb73" 0.652458316903269 0.644510483737824 0.168797415568729 0.210455680716135 0.120246435277921 0.0726613488014941 0.112332076494546 0.0887173032802969
"ufb74" 0.639011500787072 0.642622195908164 0.168976441900476 0.175194805008302 0.120261269094569 0.0728810782082863 0.115455957788484 0.0891105817342719
"ufb75" 0.68618565708175 0.709587190522788 0.17427524651025 0.419732139598597 0.132039053657001 0.0846548551927948 0.0960198343881617 0.102442543868884
"ufb76" 0.833333333333333 0.78414852371011 0.165208207944316 0.831222706825714 0.139528713138787 0.0677726273195802 0.0317516360502382 0.110671062495142
"ufb77" 0.542168674698795 0.508670520231214 0.156234740688694 0.541745863581892 0.115807423972031 0.0485460671641382 0.0209875326204246 0.0241147866308855
"ufb78" 0.664151014878056 0.637543291843741 0.175733393830362 0.319812007569012 0.131325321919944 0.06816070926432 0.086934718472203 0.0960670670833755
"ufb79" 0.671505548272523 0.666407244293471 0.180222627249774 0.299780893917343 0.134724598214419 0.0810035994924808 0.102666153974286 0.103341648695993
"ufb80" 0.721685190296741 0.731252579593812 0.167097170126546 0.568639909818682 0.131209892435344 0.0864758827402701 0.0770674149083069 0.0931722336855152
"ufb81" 0.694570160196443 0.736685610249953 0.18605715576303 0.408250060092513 0.13984620664231 0.0971093328670866 0.12258515746656 0.114907504157466
"ufb82" 0.700945080482487 0.740195596476719 0.17900444817871 0.430322691703374 0.135790401266083 0.093526533563622 0.109158113991424 0.109336267952989
"ufb83" 0.614594508435416 0.634395569058065 0.167751857150989 0.0820605566350346 0.117883518178559 0.0475507591522425 0.125929617659903 0.0952285115114819
"ufb84" 0.657510837114961 0.694638165363781 0.200733225787342 0.211623406993268 0.142500297535185 0.090160758762425 0.149343912680175 0.127972688181864
"ufb85" 0.770912313421094 0.763198579935868 0.18897905245341 0.515661442992112 0.146355347284064 0.0844237807693371 0.101980435676704 0.123651641989531
"ufb86" 0.58670007015473 0.56178663671639 0.148494096210127 0.116862726535671 0.101296028849432 0.0476290568923025 0.0982891763047822 0.0731931753706904
"ufb87" 0.584167844770784 0.562455543812893 0.147597084125417 0.106294062499655 0.0996220020538989 0.0477161972595467 0.0990108476048195 0.0722788815534699
"ufb88" 0.75 0.748001279181324 0.158151205973343 0.746730586513959 0.125714751235988 0.0590632433554596 0.022472756455613 0.082706853339635
"ufb89" 0.615247353098944 0.667199238261234 0.187051259676785 0.0716324630482796 0.12791822253698 0.0546787413783939 0.147325437229423 0.110973294397781
"ufb90" 0.702380952380952 0.741474423269809 0.180733145389277 0.698655765650931 0.146017479566583 0.0662823383202932 0.0493249893336443 0.103199731891151
"ufb91" 0.770391551203717 0.724371532399169 0.176658467522782 0.509866322813161 0.135043004229655 0.0737099525814723 0.0880800983233239 0.109036910990079
"ufb92" 0.664151196161743 0.667390144424247 0.179461381049189 0.336212618628651 0.136234459849334 0.0840111407149904 0.102007347575853 0.0978794377388853
"ufb93" 0.613910611882949 0.637241160714988 0.169752869528847 0.0840088178722144 0.11837152707579 0.0487740663572017 0.12803993965779 0.0974504123050913
"ufb94" 0.705882352941177 0.619431864965006 0.143657466891742 0.705646542460801 0.114755277329454 0.0533634425171866 0.00691799362061429 0.0580673802037025
"ufb95" 0.679410388420543 0.726007954058358 0.185435434261908 0.338859574698143 0.138066312947147 0.0883783968415771 0.130117526828488 0.10742964113336
"ufb96" 0.643617718760916 0.696977313216585 0.175437573884111 0.268859802234756 0.129085059234655 0.0773904988370754 0.122395256244552 0.0969161039884358
"ufb97" 0.61111661586093 0.59592665119114 0.161989857507957 0.235690396652705 0.113407190486286 0.0696425086125536 0.0907536120036176 0.0826908787664555
"ufb98" 0.780012018657359 0.729199734495397 0.176344009095403 0.53390736457923 0.137504683790545 0.0771932890470988 0.087791609029122 0.113781218919862
"ufb99" 0.6633710215944 0.623975985509581 0.155504383548498 0.259428517243608 0.112565574186193 0.0580321216504701 0.094615080804663 0.0836167789183857
"ufb100" 0.647169396463123 0.601621508114103 0.147594610085503 0.226456890522509 0.103447118622488 0.0532901114561394 0.0897617868079785 0.072086743803848
"ufb101" 0.736314857139957 0.748495851841406 0.181865955231977 0.485840959258073 0.137313900119105 0.0954878471804099 0.112374926637953 0.114004435079536
"ufb102" 0.648304077019247 0.681218004064083 0.191910354942097 0.188828550362986 0.137196042236529 0.0792292296481218 0.13999003596463 0.119482280510429
"ufb103" 0.654590668673317 0.645229248367415 0.171230687016647 0.260230575991132 0.12598330240126 0.0769991174659563 0.106861774597188 0.0992037791667076
"ufb104" 0.692698912030843 0.684685421437139 0.184968234162877 0.340008239418496 0.137805661531933 0.0820072116392525 0.107972239650021 0.110012102173251
"ufb105" 0.773809523809524 0.771402128644146 0.168586468253076 0.765281524301446 0.136107955686578 0.0636674154604153 0.0353903787308819 0.0851090171272275
"ufb106" 0.615530282103342 0.666280918397565 0.185372876120724 0.0707925803891568 0.127391134748547 0.0517915084123186 0.14556663069846 0.109633011694842
"ufb107" 0.605955403514463 0.649995366159932 0.178598479026606 0.0479336553709572 0.12152366350548 0.0508815584947902 0.138507910667829 0.103078858689389
"ufb108" 0.654560237882809 0.61551622186305 0.152206066642372 0.256620923747014 0.109033205936581 0.0534740205122516 0.0910789506846724 0.081119911549622
"ufb109" 0.617022393951647 0.647232782829973 0.177358697913743 0.0465727471500102 0.121384541384278 0.0420565713184232 0.137207618917736 0.102567326891762
"ufb110" 0.631040747485856 0.589440504334121 0.14487368556948 0.174910566918251 0.0994005242036248 0.0485412462047761 0.0923123197602025 0.0669852170339775
"ufb111" 0.73195785845666 0.771446195733095 0.226475440076773 0.511479348794504 0.172607828971293 0.106217582835619 0.128527996189898 0.158768004987408
"ufb112" 0.613339717660949 0.65230352995227 0.17360065196575 0.0584120965818357 0.121440832698689 0.0475789617028005 0.133266152079806 0.10256431208959
"ufb113" 0.626818742010601 0.620534962220711 0.169719248212661 0.235690396652705 0.122812439710623 0.0736168667324282 0.0991400505719695 0.0939182834726363
"ufb114" 0.72289156626506 0.750522388059702 0.175622559550764 0.722722891470755 0.141320055701321 0.0642380270950775 0.0421434871201889 0.105961865723359
"ufb115" 0.720327126542287 0.729110626610414 0.168145966803664 0.520355724760473 0.129422081132737 0.0833550277901097 0.07858968870291 0.0974074855281299
"ufb116" 0.678783554470639 0.717826037979712 0.17598574285333 0.401484629288547 0.135417581825287 0.0904312189235072 0.105739320006175 0.105100853232654
"ufb117" 0.638415880727453 0.62812177453719 0.166919181235661 0.15361492933378 0.119369200916212 0.0653357239313656 0.119410597358117 0.078678963052247
"ufb118" 0.633712530709465 0.620589948339026 0.164048159221872 0.151352987697616 0.116460668251085 0.062714324484836 0.117772942807208 0.0750768461098014
"ufb119" 0.574349762955126 0.537634261953254 0.130377483291203 0.127901797985229 0.0897288672504187 0.0395765111148877 0.0834669740997956 0.0645501465838148
"ufb120" 0.569947428461968 0.529313049087569 0.127537685636393 0.12927040671784 0.0886119328058041 0.0423278628991315 0.0792610075070584 0.0620442980093657
"ufb121" 0.571914727482768 0.530568999673998 0.129791652274435 0.130710783767 0.0896719078150155 0.0448761625923328 0.0802470372104689 0.0655945019466536
"ufb122" 0.567374713863851 0.523130054714543 0.127619360609995 0.129039606573861 0.088544953234754 0.0422422590748639 0.0762245460184416 0.065053796029621
"ufb123" 0.570879137242631 0.532306617859551 0.131237197450603 0.186056787895642 0.0939495667354596 0.0505355903090471 0.0724255427173875 0.0653755611540357
"ufb124" 0.681266083897008 0.66119355225791 0.176449398942769 0.299950025318276 0.128638136585957 0.0812683474966083 0.106355839935771 0.103002745095796
"ufb125" 0.726697797133443 0.735421360074962 0.175131047601175 0.479621495149159 0.130772253888347 0.0897731977228889 0.0973207685036134 0.0915106098234434
"ufb126" 0.705051369846981 0.676870055691872 0.178231510721676 0.317465658628315 0.128865541837299 0.0835056398921239 0.114260812047608 0.098052207861807
"ufb127" 0.702380952380952 0.67506105006105 0.152255947658526 0.690999656530183 0.121685236891129 0.0556909805924187 0.0159966981711078 0.0755685700873992
"ufb128" 0.882352941176471 0.783055492121489 0.132693173730643 0.880849668064351 0.111966837564146 0.0537631935165303 -0.00579706119680021 0.0630690348754832
"ufb129" 0.709264051654049 0.675767135599127 0.180477640221137 0.380568242359276 0.133026152742019 0.0823665296284251 0.103336504159683 0.114889907775464
"ufb130" 0.611527599595233 0.630803131261031 0.166863721546439 0.0830207357054117 0.116436258799135 0.0466402847705349 0.124456497186264 0.0945436035521103
"ufb131" 0.621999280787159 0.63469315182565 0.155755328568826 0.210508413982419 0.112307196346494 0.0672476301560563 0.107607527977531 0.0788035760887404
"ufb132" 0.615122628253905 0.653100579886202 0.168600041904881 0.175578144089052 0.119577715199338 0.058830351349825 0.124755970189386 0.091167362979943
"ufb133" 0.607142857142857 0.494964454976303 0.134493267848251 0.606668827066171 0.0984844971035628 0.0437258218254756 -0.004215637216199 0.0167574459115043
"ufb134" 0.666666666666667 0.684132519616391 0.174103813428398 0.662247353702737 0.134799411914583 0.0607244549014947 0.0392383601843051 0.0904501771913713
"ufb135" 0.660408049449239 0.636676403550268 0.165017598756386 0.210455680716135 0.119381622953352 0.0632798536629154 0.108295488779483 0.0823448587588556
"ufb136" 0.632164435630789 0.593856030119599 0.144450374420416 0.188567336723068 0.0995851132209492 0.0472455076948736 0.0893641476504068 0.0678883914433966
"ufb137" 0.65620550915725 0.67872126937254 0.200563439519904 0.248230651460945 0.144203171146458 0.0877363844018242 0.132835818202687 0.138511078844593
"ufb138" 0.660566984524643 0.648669110615237 0.170604466111516 0.251012217364643 0.124669457743386 0.0747144659694984 0.105960582857718 0.0927302605603658
"ufb139" 0.655070937857934 0.681790917759482 0.193119308479782 0.227045073386073 0.140096422185996 0.0838819096452922 0.138496817160713 0.122895725815055
"ufb140" 0.669323479538308 0.673771119641601 0.182498539425963 0.311905737639194 0.136469057024495 0.0822430024540372 0.105153276722756 0.10450278981144
"ufb141" 0.768362268527328 0.737543774253303 0.169426007871739 0.561585465590727 0.126481821070903 0.0813345987939755 0.0801854303640832 0.110237728481072
"ufb142" 0.700757939386998 0.716605747867842 0.171057956336632 0.539801717487478 0.133710320963606 0.0883033319419573 0.0814563286264003 0.0966079376517774
"ufb143" 0.728582432719076 0.735135586846614 0.175043182956747 0.530993805367221 0.135272332785542 0.0889882335373407 0.0858723245562467 0.107931545397936
"ufb144" 0.650203942669077 0.674362712059228 0.189349970714203 0.188658353673971 0.134708708847173 0.0763732816540504 0.134430779969788 0.121470204962188
"ufb145" 0.611177027912926 0.658734601332126 0.182360640955532 0.0581497515749594 0.125405502829932 0.0416752509045036 0.142407222363863 0.108442959181374
"ufb146" 0.623529411764706 0.520567630680798 0.144054013884777 0.623236491507628 0.109246140466524 0.0478014708925021 0.0073778606343873 0.0338688565834459
"ufb147" 0.68016043897249 0.665722342013601 0.17510739374785 0.312127857662709 0.130596999078758 0.0795166790512631 0.105029799043609 0.0944488515245483
"ufb148" 0.583487153024898 0.553909786930494 0.141423060958215 0.105582946222479 0.0962625764037824 0.0478418783453955 0.0907356425101402 0.0690821733842106
"ufb149" 0.613243913081181 0.649698448016343 0.166270155737077 0.189575796813526 0.119129442967669 0.0637441020329685 0.121312224756937 0.0889894849543467
"ufb150" 0.60685934653618 0.56860421893876 0.150947037956376 0.166724282473898 0.106390300572035 0.0595776523451171 0.0964171712107579 0.0810672438112103
"ufb151" 0.600266959360963 0.562797268552753 0.147464592779209 0.142682609703743 0.101893815312768 0.0579145761523261 0.0951410416465893 0.076448807070596
"ufb152" 0.63292850336219 0.669512426782381 0.182851724932398 0.151811485301396 0.129616318432719 0.0671303292981571 0.136286237284598 0.104382881056251
"ufb153" 0.77553093548684 0.784007581056384 0.202769583537338 0.509296856308905 0.158544350537876 0.0947657296818693 0.127535229286316 0.143792910010038
"ufb154" 0.706166423297522 0.683517713321225 0.175734658635118 0.386431307278234 0.129384927092707 0.0767757400044727 0.0981744631000097 0.107437111974605
"ufb155" 0.572081911739344 0.558735712268777 0.144245525066719 0.0835276374369017 0.0965469634587733 0.0425585116335408 0.0968439885944985 0.0680804530275731
"ufb156" 0.72289156626506 0.64119983277592 0.149012234705273 0.722604029917515 0.118682419477868 0.0534523344053718 0.0118728965074404 0.0580422423439908
"ufb157" 0.648416786044102 0.671193129739797 0.187240934267712 0.217336305739922 0.135332104321414 0.0717676722248708 0.137302652919339 0.11143620397824
"ufb158" 0.69993798275126 0.73328780993195 0.181959363936886 0.413445417538028 0.138800240498754 0.0926798970871315 0.112320774592151 0.112697733655659
"ufb159" 0.821428571428571 0.867394333488156 0.193613223464924 0.821373325223834 0.161265820395386 0.0792709692062786 0.0636500895527609 0.131216112886024
"ufb160" 0.629408452032135 0.614083701408408 0.161127956525546 0.141636685272623 0.11485349563527 0.0620415381712025 0.113295313336209 0.0729277782666617
"ufb161" 0.713830202378003 0.728494623655914 0.18074383885436 0.591602183616083 0.1401841759752 0.0816736516189434 0.0758825184316793 0.101697608250242
"ufb162" 0.695121951219512 0.712949894142555 0.166577561033868 0.691060549199437 0.131647827804055 0.0583006043157196 0.0306832908014206 0.0841825137278436
"ufb163" 0.671945130918646 0.659568175096125 0.180660233972025 0.299512311035579 0.13623367734437 0.0839100241462473 0.111156265018354 0.109038564397994
"ufb164" 0.734939759036145 0.637187274786369 0.145533567102312 0.734667308215737 0.118296496824172 0.0547890061259909 0.00731416714406239 0.0550586194623268
"ufb165" 0.69978277059894 0.694751781266292 0.156774224746331 0.575781778999949 0.11882609849075 0.0717302567131424 0.0494265944603821 0.0800976497730679
"ufb166" 0.670731707317073 0.543701272055806 0.144575509486711 0.670574839659986 0.11494740058166 0.0503528111195779 0.00631396330739004 0.0451653816123751
"ufb167" 0.654761904761905 0.552989815468388 0.147534582675277 0.654373211397944 0.115306862040093 0.0502228611471911 0.0106716041185462 0.0401638151128277
"ufb168" 0.637763380437124 0.594160497754921 0.146200755736352 0.224106158573336 0.103181896050169 0.0522067100712678 0.0883850875247816 0.0717151892386178
"ufb169" 0.63866826280019 0.596573274467265 0.147218691368167 0.214872017932459 0.104203586689074 0.0519112204362023 0.092406365867304 0.0711683851154213
"ufb170" 0.725079378676065 0.722133390798405 0.179783028499423 0.368631297731519 0.13624160237519 0.0699666342643792 0.115913859045907 0.110806390428103
"ufb171" 0.691335644216957 0.689131527907478 0.166883224663224 0.478108912000587 0.127863450499336 0.0785752971033302 0.0768302100219844 0.0917376255482365
"ufb172" 0.715077976417465 0.69032361422621 0.189102184890331 0.482121769050529 0.145337030421315 0.0769710844945014 0.0864223575667783 0.123163181488541
"ufb173" 0.663771875317326 0.624611139313002 0.163018984743899 0.404329187160475 0.125025270542476 0.0736173391388184 0.073266666976248 0.0910111088765885
"ufb174" 0.685835965031255 0.722283060493669 0.200147797067315 0.302374676090933 0.145472082717922 0.0924052976829919 0.138027965351979 0.134663612799014
"ufb175" 0.728391185587997 0.738024593959559 0.174525882089818 0.513887490683097 0.134413791492135 0.0924949761124117 0.0962376692743065 0.105464003241959
"ufb176" 0.680648763205555 0.568851251840943 0.141798526990596 0.548429231159958 0.107521445950675 0.0616643099309961 0.0319954363625335 0.0484953650568124
"ufb177" 0.687749868276616 0.691978789515151 0.162414165302907 0.466389834094684 0.12506017757554 0.0805985962633736 0.0831365856473591 0.0883886917720448
"ufb178" 0.823529411764706 0.872942867409271 0.201788406836899 0.82334070124118 0.166068927913978 0.0820165387585155 0.0743311936445797 0.136563115996402
"ufb179" 0.595978426909327 0.564756054841837 0.149772636739456 0.120886989029702 0.101385290496128 0.0512369766883083 0.099614009949948 0.0750634115387543
"ufb180" 0.619742418058985 0.654537932764473 0.181067249141675 0.0597796752140113 0.123063166316169 0.04904302191351 0.141097193148854 0.104726971335363
"ufb181" 0.697092240147158 0.742657279942603 0.225851734083927 0.491012524351042 0.170607959126689 0.101367719611952 0.127895582679366 0.141216204419319
"ufb182" 0.683294374745286 0.680436176045842 0.194198196289308 0.307407304853596 0.145472480202804 0.082661440760572 0.118262567604565 0.125695175301614
"ufb183" 0.759036144578313 0.696936357481381 0.150445129101863 0.758779203028338 0.123741123952512 0.0574214045050931 0.0139789304813937 0.0800705542466147
"ufb184" 0.665162813715805 0.664573096687549 0.187369112420561 0.303718823111255 0.141147492603526 0.0814918103344796 0.110911004641516 0.111202390438818
"ufb185" 0.655652573657721 0.628168733502664 0.176348430811819 0.408244983777219 0.130972722629311 0.0681037975163082 0.0721284236526879 0.0947632777668696
"ufb186" 0.80952380952381 0.869349005424955 0.216845473200367 0.80945313507064 0.182263580654651 0.0872207397163776 0.0906266169367317 0.176089963526196
"ufb187" 0.646232750457506 0.688123613525271 0.177557022045308 0.260882227052385 0.129193100274568 0.0729536166122714 0.129034292615256 0.0959496966038062
"ufb188" 0.751348658333014 0.760469520765386 0.194417377630568 0.434590782938252 0.151122965423285 0.0819123806363097 0.126071922223867 0.134212329977443
"ufb189" 0.650004588986837 0.609745754288781 0.150046987929686 0.238779486216458 0.105671799251991 0.0516950982636255 0.0924385713798144 0.0754334377819696
"ufb190" 0.642857142857143 0.526895988567929 0.157314807666981 0.642667797800869 0.125325450130807 0.0526711560377202 0.0221546030599106 0.0438725363792124
"ufb191" 0.609562078973513 0.652035296686005 0.175312115402004 0.0713427321874827 0.121953443357833 0.0539207777354021 0.134650727721891 0.103237692711678
"ufb192" 0.677760352946932 0.688024414102864 0.168777537180803 0.367575032053909 0.121223607205745 0.0820604067267636 0.0981027427759559 0.0888855595586376
"ufb193" 0.678887577492524 0.704582864569467 0.177192657353986 0.315118172291894 0.133937734723275 0.0737013681455032 0.121314974564301 0.101209734159867
"ufb194" 0.666827284196954 0.709214076980658 0.191858646162938 0.244460698094789 0.136643452949305 0.0863074344016721 0.13706544030053 0.118761980602739
"ufb195" 0.672980020468617 0.714919882223325 0.194299008589556 0.258534136782047 0.139515118900218 0.0868576181116394 0.136181335529332 0.12619900772366
"ufb196" 0.716034386516211 0.670135127430298 0.152151686624095 0.585839831439057 0.113359707708969 0.0675455925807324 0.0444920709686879 0.0774143321016591
"ufb197" 0.659454091862654 0.618038255567251 0.152977099625549 0.250654585171585 0.109431208776549 0.0544351758094594 0.0955672812248878 0.078742521833245
"ufb198" 0.588235294117647 0.666437676513243 0.195481176216176 0.587891704357365 0.154902251569997 0.0670718829312607 0.0670168340310387 0.092181802262463
"ufb199" 0.646112838946123 0.626751780315474 0.165068434873879 0.198665269458445 0.117540810465 0.0624427266190394 0.111296263037829 0.0818672332722879
"ufb200" 0.60918772736495 0.629962465832113 0.165171571703237 0.0820827928820531 0.113794254238611 0.0449766290241183 0.123661197109615 0.0934794500005911
"ufb201" 0.650361535527665 0.683055451569864 0.190663549245685 0.212882861305597 0.137464873303452 0.0793292415462725 0.141006278178262 0.116445325763407
"ufb202" 0.624152582154974 0.614420320826259 0.161178107656872 0.211819057355439 0.113122805409973 0.0661896374200354 0.100621991097986 0.0833206109979874
"ufb203" 0.721678023452124 0.723698952439639 0.166933820438757 0.544485988680258 0.130336851881419 0.0866364845421361 0.0770665814363749 0.0954277727183911
"ufb204" 0.72289156626506 0.710484661189417 0.167622930612948 0.722765471491628 0.13518660506266 0.062344035400809 0.0339446800399367 0.0971217119206249
"ufb205" 0.609376712200821 0.6167642324766 0.160765241189267 0.175258159728529 0.116117037768207 0.064761626848367 0.109219252752625 0.0884097820886241
"ufb206" 0.597264321810865 0.620733342639712 0.158427503750864 0.0583777080304995 0.110113192095807 0.0388402810500207 0.117163390977728 0.0882783793289054
"ufb207" 0.671557731541367 0.695475694731541 0.175437941467463 0.319057535294969 0.130870850324807 0.0800902498135524 0.122361796297059 0.0932049616966443
"ufb208" 0.668697848520337 0.632691831172049 0.173676677337425 0.387808136210418 0.128462895664126 0.0659439170095312 0.085212037824889 0.0974208507729189
"ufb209" 0.679700213683269 0.627925131503132 0.163298468557036 0.356660681732954 0.120757160160492 0.065927016799528 0.0843999294626173 0.092670824493115
"ufb210" 0.704459139730469 0.738895189692075 0.183501150591857 0.418115567753699 0.138861617594721 0.0949354924750856 0.119918015888522 0.112870708090006
"ufb211" 0.692619320961745 0.617421076753026 0.165519431000917 0.387884605297739 0.126399080792155 0.058559109356032 0.076181491852775 0.0938899905431294
"ufb212" 0.664106075782194 0.686013557703288 0.195853593141485 0.235498251426138 0.140242365908371 0.0848075212437811 0.141372521652854 0.126483520764735
"ufb213" 0.595645383858869 0.638189890830187 0.166348981485156 0.081412501158659 0.116139840048068 0.0608876352891442 0.123204913476434 0.0944734018775831
"ufb214" 0.714285714285714 0.631443535789764 0.144973488716686 0.714075775847189 0.113450113013557 0.0535901231901799 0.00813848461228674 0.0526092860294101
"ufb215" 0.77067655265446 0.771092888747942 0.199218901602899 0.503475120024858 0.157198551141536 0.0922978664770356 0.123749166782921 0.13834784223987
"ufb216" 0.607727431236378 0.637079243828278 0.168050465008388 0.0940329283793314 0.117245143957693 0.0551077492287479 0.126252839665607 0.0952254994813696
"ufb217" 0.61139993177719 0.668332801588146 0.18417528854034 0.0695569954930905 0.127716407937299 0.0635029148858973 0.143612228940342 0.109584852849401
"ufb218" 0.61129164819225 0.67151649884757 0.186429594046004 0.0695388070785777 0.128682995728365 0.0627067783019827 0.146308116543726 0.111721778211621
"ufb219" 0.634724749623773 0.701589502971259 0.175956428344672 0.268755857121457 0.132031092777653 0.0761632933643716 0.119994791986687 0.0993068432475802
"ufb220" 0.611879640392615 0.621885962587378 0.173410838634785 0.0819920316285837 0.120970324019674 0.0536236406686692 0.128828131680104 0.0920482045634938
"ufb221" 0.678571428571429 0.661283467913302 0.158907531319941 0.674410347501248 0.124740570136648 0.0559657428299333 0.0244436822689672 0.0712287059479471
"ufb222" 0.602381075982926 0.642942976917408 0.176030908112442 0.0358171160718046 0.119381899685719 0.0406824566101016 0.135815040930941 0.101923902031475
"ufb223" 0.753487425189741 0.74481692024745 0.175986145379663 0.533256075251854 0.133790082846092 0.0903276900329543 0.0982232159976439 0.114180100042701
"ufb224" 0.685254329081252 0.688442676043305 0.198060507582726 0.331149580891953 0.148231225674062 0.0862089596317373 0.12250889872949 0.129210190331395
"ufb225" 0.692367669779316 0.738615483385358 0.217652626837812 0.479236719107347 0.165363576023961 0.0998357837607397 0.118659008805548 0.137194616734945
"ufb226" 0.638841936106776 0.598815392058158 0.16796437896992 0.317242268344544 0.126140349847505 0.0559114814903092 0.0788881914083214 0.0917710894398309
"ufb227" 0.606018711412198 0.643474572478304 0.174187773722224 0.0605038482276671 0.119593547555316 0.0550850594458316 0.133838988829815 0.0996410677453485
"ufb228" 0.782356548220296 0.791808755360838 0.204597981140883 0.52830029070885 0.162085145852493 0.0895980047023372 0.119134671262164 0.152484077919735
"ufb229" 0.676972008393666 0.587589178498269 0.139074095663677 0.560641357866927 0.105547214085349 0.0623813868156954 0.028634450075038 0.0444283548958992
"ufb230" 0.630461062630678 0.646384150902943 0.180225632508423 0.116651922721117 0.122505348845846 0.0631960674164512 0.138468293916568 0.103404345018878
"ufb231" 0.636856124726293 0.664325643330787 0.184068183685163 0.177694016602026 0.12866670585725 0.0741565238377738 0.140021485204641 0.102781195984161
"ufb232" 0.677696306872742 0.697428821609574 0.165315482782837 0.448053834991478 0.128023623045646 0.085893695895166 0.0861817695488054 0.0924150224951171
"ufb233" 0.746546934794206 0.67183493710597 0.145239968716585 0.638213566065776 0.114177358905966 0.0688689051803582 0.0364671574485523 0.0650483238908901
"ufb234" 0.742659606759407 0.745726378277359 0.190812321480616 0.438146331155431 0.147203204908843 0.0884300814497846 0.122084396259951 0.124147206162932
"ufb235" 0.694117647058824 0.637445156935538 0.14996798243473 0.690251233538695 0.11952516022374 0.0536983466105633 0.0142361626878132 0.0614265176521376
"ufb236" 0.627637276489596 0.630129374010691 0.162782771796346 0.141511626520264 0.114188253305162 0.063419259025502 0.111279077288138 0.0819267749539794
"ufb237" 0.690148433642254 0.655797597219562 0.171719903550606 0.324827807174025 0.122892853264053 0.0796920970724688 0.101281294300781 0.0888740975010199
"ufb238" 0.652413007719706 0.639523050459748 0.172083547700476 0.306842644263755 0.127964655564704 0.0773443225916076 0.0938703377492267 0.0924478303798514
"ufb239" 0.636835250037642 0.690793180493491 0.174648145981242 0.257887249414899 0.129348793058003 0.072459041597271 0.121555046151941 0.0975840362870277
"ufb240" 0.678514829061742 0.666186871495587 0.177585093127011 0.287836368111583 0.13022002765888 0.0798610724703982 0.107589461688882 0.100670829242044
"ufb241" 0.658476944541509 0.651470473617209 0.172734360283797 0.270266840811699 0.127511215299294 0.077205281842154 0.102369653396105 0.0923901030088864
"ufb242" 0.702766839225428 0.654521867235427 0.149969571731722 0.475853159859661 0.110896236244823 0.0720076393619192 0.0698627571039733 0.0610991679156946
"ufb243" 0.646496242850891 0.685295061910505 0.178250709498262 0.257912230176513 0.129003084703211 0.0732760369849764 0.131423386674263 0.0931713995087661
"ufb244" 0.710843373493976 0.69945987654321 0.163488236332728 0.712241398802087 0.13162389976229 0.0600975641152387 0.0288627455567734 0.0931634126977462
"ufb245" 0.718499533713727 0.665683632978984 0.166370119400747 0.409098974956701 0.12568458302952 0.0702380286578064 0.0875901830063125 0.0930218146317957
"ufb246" 0.624601089341858 0.640954115975285 0.177326458154672 0.119316987752725 0.120241871039045 0.0636388741998237 0.134764258085824 0.101819253180047
"ufb247" 0.683636676320365 0.620724543998201 0.169478621830087 0.332978729308722 0.125015309419589 0.0552600888395756 0.0803052612358315 0.0956472705899566
"ufb248" 0.606519462363734 0.550710750567484 0.147497574222338 0.255681387678159 0.105595050376491 0.0506898751636156 0.06670587063376 0.0682456329159756
"ufb249" 0.605904453860999 0.572769057505024 0.158260309077777 0.13080120790195 0.108858697674113 0.0560334039792199 0.104161108728897 0.0843732409218312
"ufb250" 0.604084336311733 0.641060179866091 0.172642157728356 0.139997220233793 0.123555474297356 0.0678006408483458 0.128034346909968 0.0965132594088285
"ufb251" 0.610763601290065 0.640808564022987 0.175124185298539 0.128130196495094 0.123985757117677 0.0620917239412828 0.129486317025953 0.0991614501065998
"ufb252" 0.773809523809524 0.820152178925525 0.190668015112023 0.77375129045164 0.157366839970632 0.0769387120178557 0.0602302100882979 0.122535108202045
