NA NA NA NA 0.08602504
0.128848 NA NA NA NA
NA NA NA 0.2520196 NA
NA 0.1516339 NA 0.1246181 0.05978552
0.0710141 0.1362944 0.2940434 0.03175593 0.2017561
0.2271363 0.1865901 NA 0.04656248 0.1905275
0.1016559 NA 0.1503206 0.1223177 0.133141
0.1354394 0.08684564 0.322371 0.06822608 0.1647292
0.2671942 0.06612653 0.01969234 0.1602451 0.01302189
0.05765612 0.2098022 0.1646684 0.0634363 0.07137485
0.1037853 0.0819137 0.1136655 0.1176807 0.06622592
0.09972772 0.05616206 0.08844032 0.01874918 0.09522372
0.1045959 0.0304961 0.1201512 0.1054429 0.1120499
0.1249226 0.1006181 0.03579269 0.1585562 0.1267109
0.06844262 0.1328688 0.1127805 0.004072606 0.003602135
0.1259635 0.0994343 0.09229776 0.05603666 0.1207145
0.07075602 0.1314578 0.0169286 0.0880914 -0.009236403
0.03446465 0.004348607 0.06158531 0.06892142 0.03010173
0.0404737 0.03592651 0.06939126 0.0208441 0.0114935
0.05214606
