NA 0.3133337 NA 0.09328795 NA
0.1099102 NA NA 0.2940434 0.1625137
NA NA 0.1895173 0.05401652 0.2304847
NA 0.2777212 0.1935028 NA 0.1706968
NA 0.0621586 NA 0.1277752 NA
0.04381511 0.08861222 0.1090481 0.06868472 0.1512418
0.07195775 0.1287048 0.2008445 0.1197881 0.1603083
0.0538717 0.02287483 0.01211602 0.1098885 0.09945593
0.2637396 0.08988631 0.2286542 0.05741232 0.2441183
0.05758654 0.1206452 0.2576138 0.3037636 0.201125
0.02931457 0.05609037 0.07318445 0.01645686 0.2153352
0.2183008 0.04104071 0.1416545 0.122531 0.1480769
0.09346907 0.04618143 0.1485745 0.09209027 0.0399473
0.007548576 0.1997265 0.07617639 0.03221707 0.01667986
0.07131576 0.0342041 0.03280586 0.09353168 0.056633
0.08081982 0.1042285 0.1103539 0.09439626 0.03411344
0.00606658 0.00819076 0.06985513 0.04566495 0.04893851
0.01142462 0.06520951 0.03427289 0.0418148 0.003177173
0.01531473 0.07671948 0.02890894 0.04136022 -0.003350955
0.01033111
