NA 0.1367797 NA NA NA
0.1961742 NA 0.03631844 0.3197959 NA
NA 0.2012226 NA 0.1706968 NA
0.1976736 -0.06171647 0.05112135 0.05915545 NA
0.1130664 0.05855525 NA 0.09927896 NA
NA 0.06876979 0.06283279 0.1631453 0.07770996
0.1497512 0.1706968 0.2019645 0.2181087 0.05741226
0.09552367 0.04678025 0.08776731 0.1678565 0.03211633
0.09932364 0.1101189 0.153679 0.08653794 0.08226773
0.222891 -0.02723756 0.1105192 0.09696099 0.07035464
0.03540275 0.03622548 0.02734469 0.04138243 0.0518075
0.03347727 0.1473366 0.1073571 0.01517769 0.1551222
0.008939995 0.1352022 0.1106641 0.06299094 0.0668366
0.05020916 0.07286014 0.02761377 0.1671214 0.1179841
0.05063533 0.05673978 0.0652085 0.05445108 0.05290771
0.04695552 0.02496224 0.05039411 0.0591974 0.1332568
0.005852294 0.01048112 0.09472451 0.05296062 0.1049356
0.08288281 0.136238 0.05407818 0.04664814 0.09542121
0.02156124 0.01536574 0.05693541 0.1357801 0.05209777
0.0327603
