0.2322332 0.3250756 NA NA 0.1799686
0.1246181 NA 0.1033973 NA 0.1071845
0.1949538 0.09756056 NA 0.1706968 NA
NA 0.09820482 0.09938546 0.02495427 0.1768667
NA 0.1171355 0.1321483 0.1590471 0.2377115
0.3019599 0.1865901 0.1532689 0.1788369 0.1330006
0.1005224 0.09387085 0.09650092 0.102578 0.206472
0.06161777 0.1938438 0.1631834 0.1004519 0.1481363
0.1457118 0.1218222 0.1629104 0.05401926 0.2023736
0.01566252 0.2448469 0.09146443 0.1289337 0.2313895
0.1792424 0.07656043 0.05875257 0.1170399 0.08603715
0.07153286 0.1075708 0.2247085 0.1217766 0.1313416
0.0447781 0.07219806 0.182882 -0.05377705 0.08253958
0.0605902 0.01888817 0.02447423 0.01505103 0.01532008
0.01585542 0.1777423 0.1957218 0.1019201 0.03598023
0.07246385 0.009858568 0.08038743 0.06975625 0.1035302
-0.008449604 0.05934196 0.06294306 0.02907812 -0.001787727
0.02441202 0.04083879 0.00150162 0.01618371 0.01058344
0.06118023 0.04964929 0.04675184 0.0713338 0.01093595
0.002725925
