NA 0.1390817 NA NA 0.2003863
0.141892 -0.04477009 NA -0.003935978 NA
0.1694055 NA 0.02690213 0.14897 0.1330381
NA 0.05695584 0.1520884 0.1273546 0.1329761
0.07010598 NA 0.1954275 0.0291792 0.03786766
0.03831487 0.02067818 0.08403177 0.2014683 0.07860482
0.04798041 0.07434293 0.1443842 0.2062088 0.2286601
0.2089808 0.04998894 0.05873532 0.1856201 0.096447
0.1352094 0.143849 0.06225298 0.06701935 0.06898285
NA 0.1856869 0.173439 0.05151979 0.01521549
0.0306175 0.1696613 0.108453 0.07993372 0.2775376
0.176298 0.06442966 0.10259 0.05634177 0.06870244
0.1475277 0.1008795 0.06001557 0.1472351 0.1301078
0.09993059 0.01429215 0.06855881 0.1119079 0.1745795
0.121763 0.1081417 0.0815551 0.01648405 0.09869704
0.006465966 0.02859027 0.0468876 0.1640351 0.02088871
0.05142978 0.01695256 0.02220132 0.04239632 0.02222243
0.08577892 0.01830539 0.05574543 0.02130646 0.02829046
0.05664319 0.0427312 -0.01481871 0.084612 0.02940079
0.02721087
