0.08944328 0.1033973 NA 0.04540753 0.09879334
0.118722 NA NA NA 0.14897
NA 0.141892 0.03025483 NA -0.03879997
NA 0.08914184 0.05315279 0.1930224 0.09387413
0.3080111 0.01388471 0.05144029 NA -0.04900439
0.1726885 NA 0.1533879 0.09991167 0.3065714
-0.01654773 0.1246181 0.1366968 0.1269894 0.2052121
0.1517745 0.1240643 0.1048406 0.1805713 NA
0.07379787 0.10118 0.03555625 0.1726536 0.2097498
0.1723956 NA 0.06460426 0.1060808 0.05850774
0.07832276 0.189758 0.09665167 0.2385031 0.05188185
0.03963669 0.2090404 -0.006823577 0.1927724 0.09374314
0.07694536 0.07946435 0.1060463 0.138374 0.07027975
0.03150348 0.1131361 0.04984192 0.1749564 0.1918553
0.1601543 0.05355098 0.1020791 0.07603282 0.07224368
0.02591786 0.08549209 0.1121686 0.0896384 0.05351037
-0.001200854 0.03060892 -0.007696729 0.02643793 0.02640942
0.0364536 0.03268455 0.01646385 0.0544769 0.03938646
0.04582933 0.05086078 -0.01272062 0.03361764 0.005201092
-0.003031288
