0.100169 NA NA NA 0.09455222
NA 0.1942937 NA NA NA
NA NA NA 0.08523578 NA
0.1184426 0.2177411 0.1545755 0.2465272 0.122637
0.2327055 0.2528175 NA 0.2343077 0.1384193
0.1349214 0.1017272 0.1563156 0.1227332 0.0105229
0.2669599 0.2098566 0.03032092 0.2298705 0.1164853
0.1124789 0.0564911 0.1911624 0.1939246 0.0177407
0.04368568 0.1321921 0.07125858 -0.02287428 0.1563175
0.1656119 0.02731317 -0.06239713 0.02935524 0.0287258
0.09877179 0.09205613 0.05645676 0.2206525 0.03115644
0.2086094 0.1270061 0.1019565 0.1785036 0.06766549
0.07611248 0.1146441 0.0146398 0.1531487 0.1960451
0.02307969 0.1196302 0.05078931 0.06214296 0.1108255
0.04781612 0.07488782 0.03082881 0.1381511 0.1004855
0.01254934 0.0642658 0.05288396 0.0567915 0.0459797
0.01329395 0.007268728 0.0313361 0.009471016 -0.004126017
0.004962454 0.03984169 0.02697007 -0.008380718 0.0324185
0.01993014 0.03804846 0.06617442 0.03584438 0.01103167
0.09166663
