0.1503228 NA NA NA NA
NA NA 0.2077096 0.04995544 NA
NA 0.1237371 NA 0.1526482 NA
0.1563156 0.1706968 0.05869337 0.1706968 0.1561694
0.09747434 0.0419511 0.2440155 0.1402575 0.159906
-0.002803667 0.2046847 0.03286055 NA 0.04502703
0.05643388 0.1404045 0.1283192 0.06644653 0.2504612
0.008725717 0.03130757 0.04734949 0.0115692 0.1437512
-0.06393879 -0.04231261 0.04595235 0.01798961 0.09567724
0.2041183 0.04759806 0.08844176 0.1716216 0.07485047
0.03202349 0.06522831 0.1408926 0.07938017 0.04597785
0.2102298 0.2063232 0.1108136 0.06462269 0.03085833
0.03239676 0.1152261 0.1432928 0.1411525 0.1036343
0.06381639 0.04136926 0.1276423 0.03897416 0.06681048
0.04998857 0.06604521 0.02700938 0.03272563 0.09446461
0.03701121 0.06176898 0.05098451 0.1753406 0.06167157
0.06328529 0.03465836 0.009823167 0.07324262 0.008015101
0.03927508 0.04324599 0.07443009 -0.009429668 0.0393924
0.08451057 0.06438722 0.01870795 0.03813517 -0.01661976
0.002097633
