NA NA NA NA 0.1958397
NA NA NA 0.08470821 0.1217007
NA 0.1939246 0.2361757 NA NA
NA 0.04315342 0.2038068 0.09962889 -0.01254749
0.1770141 NA 0.2200363 0.09357146 NA
0.07695694 0.02725334 0.1122977 0.1586624 NA
0.3081279 -0.0231052 0.2892629 0.1552578 0.07945311
0.1548712 0.3693286 0.06033543 -0.04638642 0.1170777
0.05267987 0.08245821 0.2247494 0.1462588 0.104146
0.07666365 0.07929374 0.2170115 0.07263082 0.06089157
0.1676426 0.05911973 0.1787224 0.09091549 -0.004899085
0.07467405 0.1214468 0.08040695 0.1356526 0.09569932
0.115169 0.08073781 0.07743397 0.07979533 0.08548193
0.07414279 0.1368449 0.1731673 0.03360042 0.04388713
0.09781486 0.04845056 0.05938531 0.04791734 0.08683064
0.07669188 0.0712423 0.04258753 0.0121474 0.07608808
-0.004383776 0.03860063 0.04586132 0.05677015 0.02029529
0.004450576 0.03567182 0.08492556 0.0372176 0.04349217
0.001465153 0.0292145 0.04862036 0.03212406 0.008459304
0.01124283
