0.08361858 NA NA NA NA
0.138242 NA NA NA NA
0.223544 0.08944328 0.1511582 0.02483563 NA
NA 0.003275194 NA 0.1409973 0.07752242
0.1051534 0.06641535 0.1275283 0.06586528 0.1135948
0.1294923 0.3124854 NA 0.05425333 NA
0.01974775 0.1962892 0.1149141 0.1366053 0.07868013
0.04657296 0.2837006 0.04703035 0.120257 0.2363387
0.07603166 0.1059899 0.05743164 0.173457 0.03657485
0.06737386 0.06957273 0.07566836 0.09871889 0.02495738
0.1182424 0.06350378 0.06116564 0.05302099 0.1506063
0.03795968 0.03308452 0.06611836 0.1426495 0.1345814
0.02577153 0.1108228 0.1307036 0.07935953 0.09798049
0.05444239 0.1462355 0.1598081 0.07278314 0.1110494
0.03734346 0.03650878 0.009370156 0.02870518 0.04999277
0.1204345 0.1372382 0.04954951 0.03791225 0.1632491
0.0620468 0.01990182 0.01426061 0.02217568 0.04151156
0.02260929 0.002166218 0.03401373 0.02820129 -0.005795025
0.1016998 0.02635126 0.002879755 0.04977125 0.07702779
0.02110308
