NA NA NA 0.1052232 NA
NA 0.01604582 NA NA NA
NA 0.1464121 0.1919184 NA NA
NA NA NA 0.1133858 0.292972
0.06902694 0.05929701 0.04513761 0.1316197 0.1334821
0.1666284 0.2032225 0.2835204 0.01199096 0.2378232
0.1773968 NA 0.02004345 0.1695863 0.1573618
0.005481614 0.01394109 0.09821734 0.1980811 0.06493548
0.03910859 0.02331151 0.04136571 0.0809754 0.03563574
0.1936904 0.2098816 -0.01505678 0.002543455 0.1577171
0.1239024 0.1873795 0.1739096 0.03933914 0.1185412
0.04781326 0.03655988 0.122689 0.09254013 0.07624177
0.2058649 0.05200575 0.1259589 0.08664368 0.08225947
0.0912685 0.09626609 0.1135879 0.06579747 0.05150598
0.04279023 0.06937395 0.08613685 0.1403744 0.09714951
0.02860225 0.175138 0.1161444 0.02994623 0.1391786
0.0165504 0.06424741 0.01990339 0.03303851 0.03921906
0.02346582 -0.009429877 0.05580652 0.02822524 0.01862904
-0.005876555 0.04163455 0.05887905 0.05002589 0.094162
0.02426866
