NA NA NA NA NA
NA NA 0.2055733 0.09845953 NA
NA 0.197395 0.0328929 NA NA
0.1563538 -0.06311805 0.04000422 0.08200245 0.07273429
NA 0.1369954 0.1149047 0.03560972 0.3680676
0.2289997 NA 0.1617802 0.1889107 0.2861968
NA 0.3426906 0.06426718 0.007908012 0.09030902
0.08426817 0.08241535 0.07771752 0.03980781 0.03894835
0.212879 0.2639114 0.06171874 0.1518875 0.1723372
0.1289788 0.2518413 0.06129934 0.1559211 0.1750163
0.08811266 0.0382344 0.1565365 0.1146272 0.07303068
0.2487004 0.1217592 0.09121192 0.06774555 0.04960767
0.08081752 0.03108747 0.08226641 0.1090971 1.068039e-06
0.06833954 0.1124665 0.1975602 0.04472159 0.05553077
0.1320602 0.02440442 0.12047 0.04590667 -0.004485791
0.09969898 0.02184408 0.1131033 0.02025185 0.06054166
0.04542927 0.0589998 0.06297786 0.009453915 0.03523467
0.06203664 0.02417593 0.07985129 -0.006726319 0.01315012
0.007502787 0.06258494 0.02751757 0.04176748 0.04402005
0.01658755
