NA 0.08223054 0.1118902 NA NA
0.1787366 NA NA NA NA
0.1071965 NA NA NA NA
0.1944882 0.184882 0.1371017 0.1258951 0.2904179
0.02113462 0.0574387 0.1997767 0.1755295 0.1334821
0.1107009 NA 0.05675464 0.2276139 0.0288787
0.1065728 0.3359032 0.08568946 0.05202554 0.1374091
0.05361234 0.1081959 0.105518 0.2680829 0.1774977
0.06338507 0.1608819 0.04911196 0.19146 0.07093934
0.09184487 0.2059582 0.1466991 0.1405641 0.1058364
0.2061945 0.08085991 0.05959914 0.01909537 0.01832266
0.02654087 0.1151476 0.0467727 0.1972548 0.08394277
0.03363258 0.1826988 0.02449207 0.04497607 0.06738025
0.0275443 0.02126718 0.1156713 0.07668024 0.1147805
0.01961787 0.126879 0.08188821 0.03995481 0.188016
0.02044786 0.06160844 0.1334074 0.002891832 0.07098391
0.08778993 0.04574876 0.1395272 0.02619407 0.05338453
0.02747911 0.1123062 0.05287147 0.08349045 0.003910439
0.02893843 0.03272961 0.02723364 0.01157688 0.04616007
0.07137704
