NA 0.3029051 NA 0.08234067 0.2695662
NA NA NA 0.200011 0.1558024
0.1286192 NA 0.2996547 0.09383443 NA
NA -0.05118567 0.1201016 0.07196037 NA
NA 0.04819631 0.2648303 0.1029837 0.1647499
0.07241473 -0.033003 0.1504194 NA 0.04648169
0.1351035 0.1053169 0.1030867 0.1317102 0.09141489
0.1269716 0.1024317 0.05630319 0.2321059 0.2333594
0.0456732 0.08534604 0.009427653 0.2000962 0.2044869
-0.01772089 0.178549 0.2181881 0.1351022 0.1976179
0.07050445 0.08698726 0.1230402 0.03270044 0.04113105
0.02733839 0.2580515 0.07706907 0.1219683 0.1608489
0.09312578 0.1385595 -0.008998445 0.1338772 0.1090217
0.1189651 0.03618802 0.03402284 0.1045319 0.03861186
0.02961311 0.05826383 0.08071922 0.03084136 0.00775032
0.07342865 0.03408139 0.1052146 0.1780296 0.1483495
0.03566368 0.01990732 0.05332983 0.03623712 0.1037335
0.02838452 0.04614164 0.01184771 0.03874368 0.03995086
0.004256533 0.006068081 0.02365987 0.05935398 0.02644305
0.01489184
