NA NA NA NA NA
NA NA 0.1976736 -0.0629794 NA
NA NA NA 0.2369633 0.09756056
NA 0.06766568 0.1146054 NA 0.1061125
0.2049818 0.189067 0.1492734 0.2711632 0.1993347
0.1355608 0.1246181 0.02782816 0.1198298 -0.01709316
0.03585244 0.1867041 0.05914923 0.1587648 0.02896149
0.1124006 0.168505 0.1114279 0.03828822 0.1791137
0.03432696 0.06112625 0.324778 0.1881809 0.1241939
0.0614462 0.1918038 0.150724 0.04514769 0.03652804
0.05605268 0.07317998 0.06408236 0.04946618 0.07874208
0.08511238 0.07487886 0.1380969 0.1510321 0.08862536
0.140896 0.05675282 0.06599248 0.1279114 0.1056741
0.1385361 0.1013343 0.04288074 0.08122324 0.08412918
0.09520234 0.08795245 0.2086597 0.1930725 0.06547927
0.176976 0.08724591 0.08539014 0.1288435 0.1283578
0.03194837 0.03238846 0.04041575 0.001584053 0.04145461
0.04104664 0.03723772 0.02662701 0.02571893 0.04915974
0.02821771 0.0225046 0.039005 0.06014345 0.004753201
0.02585368
