NA 0.1706968 NA 0.02374946 NA
0.1939246 NA NA 0.09756056 0.200011
NA NA NA NA NA
NA -0.06311805 0.162133 NA 0.1722392
0.0130946 0.1246181 0.1528012 0.1564066 0.1272434
0.2674162 0.1845751 0.08552552 0.04392034 0.02889426
0.1939246 0.2659831 0.2542403 0.1134488 -0.01548026
0.2258823 0.09166399 0.2091322 0.1271743 0.1925286
0.1790141 0.1130516 -0.05473236 0.0451272 0.1386039
0.06054366 0.09856149 0.2339404 0.1090704 0.00780148
0.0587671 0.08575081 0.04138696 0.09333583 0.01657118
0.07397669 0.06117201 0.1458603 0.1636067 -0.003089871
0.07757808 0.09217345 0.1217259 0.1051441 0.08361804
0.05482862 0.1833032 0.0287209 0.1226708 0.02637294
0.110942 0.1001878 0.06682601 0.02484704 0.105556
0.01809634 0.1497776 0.04884746 0.1117062 0.1000232
0.01427597 0.005892706 0.02857739 0.04267559 0.03372339
0.03325701 0.03663302 0.1096577 0.003018614 0.0317114
0.0312387 0.05617271 0.009706751 0.01101205 0.01965219
0.06158698
