NA NA 0.2491664 0.07865463 NA
NA 0.1944882 0.1305792 NA NA
NA NA NA 0.09485156 NA
NA 0.1338877 0.08738781 NA 0.2593309
0.1143362 0.1661193 0.07540533 -0.04477009 0.1180248
0.08990916 0.2774944 0.09965137 0.06440552 0.2079855
NA 0.1096153 0.2488725 0.05787758 0.09278009
0.1347146 0.1361104 0.08107424 0.06110907 NA
0.1227245 0.1814277 0.04969372 0.2392482 0.110541
-0.01225389 0.02201331 0.05621454 0.1742992 0.1761422
-0.00443318 0.07905212 0.06264852 0.1116531 -0.007644007
0.07663771 0.2323793 0.1660629 0.148912 0.01232477
0.09345215 0.06466461 0.06792732 0.09644824 0.1545409
0.09913314 0.08466818 0.06603019 0.03196505 0.08368927
0.2421355 0.02999343 0.05404776 0.06666841 0.04933103
0.09418639 0.1239417 0.02514074 0.08241696 0.06286215
0.03726739 0.03343685 0.002773961 0.09540083 0.01211208
0.05484404 0.02968305 0.06773131 0.03381915 0.07665158
0.06496784 0.05905294 0.01938963 0.04004965 0.01452795
0.1379343
