0.09160612 NA NA 0.2623943 NA
NA 0.06929583 0.1171696 NA NA
0.2735502 0.3007259 NA NA 0.2670862
NA 0.1772939 0.1331056 0.1383979 0.1593653
NA 0.0836454 0.0816878 0.09161718 NA
0.1308992 0.07954582 NA 0.08760477 NA
NA 0.1246181 0.09773905 0.1272894 0.04692026
-0.009657575 0.1292606 0.1329041 0.06515256 0.1062303
0.03814619 0.2125605 0.1068159 0.1136432 0.0383309
NA 0.03426437 0.2128446 0.007337781 0.09845953
0.07068941 0.04313053 0.06846736 0.1632168 0.01588352
0.07906163 0.08988751 0.00350899 0.0749874 0.05795854
0.1311501 0.1120045 0.06324026 0.03749229 0.1440233
0.08352136 0.2052024 0.09771958 0.09125658 0.1350291
0.100989 0.1088069 0.04335345 0.06349433 0.06527948
0.1778725 0.1390017 0.0367559 0.06158223 0.1098393
0.09244779 0.01292242 0.06998248 0.002579118 0.09344807
0.06850565 0.04616375 0.02926587 0.03577702 0.04295783
0.07629398 0.02879915 0.002213005 0.0562679 0.01770979
0.034816
