NA 0.2651556 NA NA 0.08944328
0.1505157 0.08944328 0.05071746 0.2107921 0.1331769
NA NA 0.01739479 NA NA
NA 0.2748436 NA 0.09235508 0.01137677
0.05128863 0.2028204 NA 0.2325258 0.1245455
0.1081809 0.08749471 0.06799306 0.1291152 0.1706968
0.103233 0.1324765 0.08985586 0.07783454 0.09090425
0.04381747 0.2557181 0.1241253 0.09009625 0.03696424
0.201502 0.3146822 0.2368283 0.1295538 0.2094803
0.1742409 0.07129583 0.08800639 0.0186267 0.09793077
0.01232717 0.2369932 0.08566492 0.1145654 0.240556
0.1869518 0.09927419 -0.01532751 0.1603333 0.1110347
0.1766935 0.04834858 0.2682798 0.2020391 0.02772305
0.01952524 0.06325085 0.1321492 0.04535531 0.1107325
0.04167631 0.05280193 0.05818872 0.0407531 0.07158588
0.1022038 0.04202012 0.1708866 0.0929188 0.05575154
0.01628008 0.01225205 0.0656014 0.06852189 0.02040415
0.08126295 0.07989627 0.03965121 0.07643099 0.03356133
0.03405779 0.06779706 0.01922835 0.02338913 0.04036069
0.04420338
