NA NA NA NA 0.1902353
NA NA NA 0.09047832 NA
0.1246181 NA NA NA NA
0.1939246 0.06635387 NA 0.2784843 0.1159422
0.2127049 0.1978105 0.2591894 0.01438832 NA
0.250152 0.158925 0.05604073 NA 0.06663341
0.1034917 0.1227269 0.05462081 0.02997459 0.06315559
0.2563822 0.04599579 0.1938607 0.1026056 0.2067066
0.1352423 0.1125754 0.09640413 0.01072252 0.2820285
0.1394688 0.07836925 0.1509356 0.1791099 0.05032779
0.1789947 0.02083196 0.0503926 0.2484146 0.1341686
0.09356033 0.1198783 0.1015638 0.006025012 0.08352714
0.129465 0.1269472 0.09545132 0.1461787 0.1260132
0.05998385 0.08608206 0.02441848 0.006211664 0.02121437
0.02461585 0.1003648 0.07782113 0.05759499 0.1224
0.1259531 0.1267001 0.04036409 0.04510086 0.02497499
0.02907308 0.03442939 0.03450209 0.02514923 0.04268461
0.08491637 0.04843237 0.005719388 0.07076776 0.001174606
-0.002626972 0.02873548 0.07507442 0.02756976 0.06184689
0.0250452
