0.09756056 NA 0.2705171 NA 0.1344038
0.2040621 NA 0.1033973 0.1725731 0.2863827
NA NA 0.1033973 NA NA
NA NA NA 0.2601634 NA
0.08838085 -0.05278811 0.04502703 0.2545414 0.2338408
0.07992534 0.1432736 0.2056944 NA 0.2266049
0.2458197 0.2176423 0.1377239 0.2488401 0.1007589
-0.01014446 0.1489697 0.194478 0.1897548 0.06019677
0.1185598 0.2139317 0.1133634 NA 0.1567175
0.1127539 0.05409938 0.1217254 0.08671035 0.06255076
0.1291352 0.1413513 0.1049024 0.1491351 0.05253425
0.1486298 0.07690072 0.05252273 0.1876147 0.1292347
0.06349747 0.1314911 0.2778262 0.1236065 0.05487524
0.02580836 0.05470814 0.08101314 0.1487946 0.1626206
0.1015826 0.169724 0.07890505 0.1943357 0.05861787
0.1347096 0.03482834 0.03811746 0.05346982 0.2201443
0.04666153 0.01663956 0.03825102 0.03290548 0.0183751
0.06895257 0.03133238 0.03593982 0.009617816 0.03938244
0.03418369 0.03162542 0.04372464 0.02843465 0.04855922
0.02575682
