0.1255272 NA 0.08623219 NA NA
0.08944328 NA 0.1522437 0.0576775 0.2933895
0.06136225 0.1976736 NA 0.141892 0.1408419
NA 0.1129931 0.0008359045 NA NA
0.2668824 0.1271044 0.05943334 NA 0.1506724
0.0918679 0.1217888 0.2646419 0.1807883 0.1509862
0.1413942 NA 0.04973231 0.03356153 0.05502736
0.08717564 0.2278231 0.08653476 0.1350273 0.08051465
0.1470539 0.04792761 0.08266633 0.04592936 0.1814195
0.06232552 0.0359765 0.06186181 0.2574989 0.04260065
0.02402908 0.06636866 0.06512541 0.08698851 0.06223916
0.06980517 0.1327191 0.02347043 0.2234444 0.1705785
0.1874146 0.07650148 0.1578454 0.06535623 0.01021904
0.03853797 0.02735277 0.100738 0.1044777 0.1817657
-0.001019785 0.1812234 0.1107967 0.1792071 -0.01126777
0.05907013 0.1365783 0.04966535 0.08828561 0.03458663
0.08519888 0.03461497 0.0308905 0.01680324 0.02602643
0.06473259 0.02256462 0.03329099 0.01783157 0.02239578
0.007247427 0.01384895 0.06906285 0.05403675 -0.00699718
0.07579436
