NA NA 0.05773354 0.2698283 NA
NA 0.08054418 NA NA NA
0.2819882 NA 0.1511582 0.1886684 NA
0.1976736 0.2748016 NA 0.2253734 0.01697669
0.106531 0.05777896 0.06507546 0.01107952 0.03807769
0.05218265 0.01472578 0.2196579 0.2747888 0.1322008
0.3094871 0.08940744 0.0881846 0.1986352 0.2801772
0.08363861 0.1145527 0.02769067 0.08415255 0.1026137
0.03508271 0.1490605 0.1455825 0.1159258 NA
-0.006397454 0.1438561 0.1077511 0.09552158 0.08583265
0.05667866 0.1140177 0.1331353 0.1279244 0.07265933
0.08882183 0.07114832 0.2355066 0.0206801 0.08222315
0.07183244 0.2117369 0.04925015 0.01376331 0.1968527
0.0306247 0.06818395 0.09527406 0.07562257 0.07125696
0.008106602 0.1664737 0.05549356 0.1519049 0.08008011
0.1169368 0.07536062 0.05873539 0.07225334 0.0227902
0.02784106 0.05680871 0.05192765 0.02905274 0.007100681
0.03572341 0.01201471 0.04728431 0.0003369817 -0.009918509
0.1565416 -0.004125265 0.02089347 0.004744079 -0.003604547
0.04312947
