0.2555655 0.1755295 NA 0.141892 NA
NA 0.1246181 0.04191572 NA NA
0.04702929 NA 0.1987224 NA NA
NA -0.02088963 0.05478889 0.08591945 0.05353945
0.2700542 NA NA 0.1061762 0.3107721
0.04106613 0.197395 0.2329126 0.08446794 0.05736439
NA 0.03639987 0.057895 0.01461814 0.2783654
0.1022852 0.07242012 0.08482399 0.2346648 0.05031169
0.009486503 0.06374483 0.06063041 0.1179455 0.001608421
0.03026099 0.0929571 0.1404303 0.02655849 0.04942395
0.04774317 0.08127999 0.08326219 0.2203203 0.2270754
0.1827525 0.09866169 0.09449336 0.08711459 0.02082217
0.2005704 0.02235423 -0.002527271 0.05336155 0.1774296
0.1057433 0.06932264 0.07741705 0.09118084 0.1427449
0.06292335 0.09603751 0.05134682 0.01157537 0.1265157
0.06124982 0.07367535 0.1733436 0.04016983 0.06650505
0.07838035 0.01865017 0.03649811 0.002567435 0.041704
-0.007873584 0.02597674 0.03448541 0.02459392 0.005490406
0.01150645 0.02555616 0.09148129 0.09111633 0.05034337
0.03132284
