0.3030108 0.07609303 0.1706968 0.1297971 NA
0.1316197 NA NA NA NA
NA NA 0.1246181 0.0876192 NA
0.2933745 -0.0278445 0.2947752 0.2403101 0.1623226
0.1071205 0.07624934 0.08900704 0.152233 0.01225092
0.1942494 -0.004592574 NA 0.1577521 -0.04477009
0.06662221 0.2456631 0.2947752 0.03212684 0.05157342
0.02804552 0.05008356 0.07236319 0.1871245 0.2232816
0.1403626 0.0335658 -0.02380956 0.06113224 0.1613833
0.1213126 0.2352467 0.07950903 0.05166267 0.1377375
0.05517386 0.1024938 0.03904469 0.05760272 0.1470325
0.2051521 0.1549155 0.2148021 0.225918 0.09582773
0.07883306 0.05563688 0.02964796 0.04237523 0.07000419
0.07454245 0.04361312 0.04068088 0.1334037 0.06048258
0.05164616 0.01109764 0.02754295 0.04812292 0.05423057
0.09442985 0.08934816 0.09376692 0.07592058 0.168671
0.08279784 0.02649724 0.06412557 0.00887961 0.02979719
0.0254701 0.01260571 0.01634824 0.07942823 0.009693051
0.01330067 -0.003211749 -0.007715033 0.006416571 0.06335058
0.0152854
