NA NA NA NA 0.1254529
NA 0.1283632 0.1246181 0.05914247 0.121943
NA NA 0.1678092 NA NA
0.1522437 -0.04531282 -0.06093573 0.03326023 0.1563156
0.128339 NA 0.1494807 0.1309624 0.1479428
0.3039208 NA 0.08319209 0.06901459 0.0529858
0.1381126 0.07987543 0.06464357 0.2026639 0.2194673
0.1655944 0.06549861 0.3194576 0.1485889 0.1643272
0.1794098 0.1732946 0.1715643 0.148538 0.04598573
0.1969891 0.1488786 0.09193739 0.03923566 0.2038597
0.04979602 0.09092408 0.06069473 0.01319773 0.1838862
0.1322497 0.1819031 0.1649445 0.08141087 0.07921384
0.2569371 0.209574 0.1213784 0.1198736 0.1459031
0.1177828 0.03629482 0.02006021 0.01937883 0.06437431
0.03725549 0.03427156 0.02797081 0.1115413 0.1222299
0.03262033 0.08407642 0.08627849 0.04796768 0.2121666
0.04038111 0.0006359851 0.05338443 0.05914451 0.02625515
0.05488257 0.06540269 0.02705869 -0.009357906 0.01067507
0.02759448 0.01945382 0.06236131 0.02557825 0.03440143
0.08478345
