0.1942341 NA 0.06377861 0.0587652 0.05818263
NA NA NA 0.1248638 NA
0.2254262 NA 0.2812449 NA 0.1503228
0.1366803 0.2954662 0.05464793 0.08658317 0.194506
0.007910934 0.05477016 0.08530999 NA 0.1594409
0.06161483 -0.02277525 NA 0.1223715 0.02550985
0.06214924 0.05304445 0.2637024 0.04347998 0.1258909
0.1050662 0.1245091 -0.005646406 -0.03903442 0.2474653
-0.001467581 0.03215166 0.1422046 0.04664144 0.1360457
0.1455654 0.06322299 0.2033071 0.1002051 0.04142834
0.1597057 0.2053195 0.06585261 0.07481113 0.156609
0.06828666 0.09709819 0.03811506 0.06889534 0.03461831
0.1825396 0.2302601 0.04874941 0.2367267 0.06018953
0.1052276 0.03326326 0.02963016 0.08368347 0.04640479
0.03744317 0.01297882 0.1297255 0.06929698 0.06698266
0.1161511 0.1339739 0.1020543 0.05747286 0.06837906
0.04364837 0.03146308 0.02517664 0.03449481 0.006379605
0.005701038 0.02713708 -0.003863588 0.03953025 0.04236199
0.07652773 0.01094833 0.03681721 0.06589306 0.01829928
0.05148137
