0.08200737 NA 0.1316197 NA 0.2329282
NA 0.1706968 0.0434001 0.1939246 0.1317775
NA 0.1522437 NA NA NA
0.09756056 0.08851596 0.09663944 0.06687635 0.06954051
0.1939246 NA 0.2274059 NA 0.1375915
0.1286192 0.1394654 0.08708501 0.3117766 NA
0.2463668 0.09624484 0.1614167 0.05611613 0.09851924
0.02998269 0.1743047 0.3396118 0.1256019 0.06519812
0.1432023 0.1723991 0.1191053 0.08842761 0.2402635
0.05276 0.08025245 0.2626481 0.3097684 0.03968559
0.02605313 0.06906237 0.1164118 0.2238528 0.2446755
0.3148961 0.2111727 0.1846427 0.07415409 0.05884071
0.08629785 0.1287772 0.1125497 0.04854628 0.1259437
0.09383089 0.06899526 0.1325282 0.04815529 0.01854521
0.07078353 0.01678558 -0.0002429164 0.08467748 0.03998044
0.06279233 0.05767502 0.05423559 0.09733876 0.06474405
0.08941571 0.03400855 0.006134 0.06582324 0.05638757
0.07999716 0.04158346 0.01439775 0.04679133 0.05590414
0.06808998 0.1231403 0.01914153 0.03619799 0.01316231
0.1170688
