NA NA NA NA NA
0.1132989 NA NA NA -0.05019746
0.2089567 NA 0.2946151 NA NA
NA 0.06496813 0.2361757 0.09452571 0.0564911
0.04699917 -0.04251814 0.1107537 0.08513706 0.2163326
0.09854185 0.1271986 0.1334763 0.01603742 0.06115727
0.0002070962 0.03008847 0.1349149 0.09325101 0.1020065
0.2859422 0.04918745 0.06127898 0.08564071 0.1072077
0.1889659 0.04206727 0.05050397 0.06843585 0.05952553
-0.01896383 0.2324296 0.2280196 0.08280143 0.1097441
0.0460236 0.1335778 0.025724 0.07932658 0.1943865
0.2684713 0.0735808 0.06035882 0.03012446 0.1646773
0.1685112 0.159592 0.09547486 0.109958 0.1326698
0.03808536 0.01066586 0.0007085821 0.05158269 0.1620506
0.1733621 0.03513476 0.002208958 0.1432412 0.02322987
0.08726581 0.06697484 0.03911672 0.05141115 0.2443972
0.04587371 0.07282117 0.02967611 0.06950929 0.004147362
0.03516083 0.01929088 0.0306774 0.09705399 0.04975296
0.01346264 0.0201155 0.02892221 0.04147837 0.1015907
0.006641946
