NA NA NA 0.1706968 NA
0.1085021 0.141892 NA 0.1573817 NA
0.1071965 -0.03357121 NA NA NA
NA 0.05456364 0.03931789 NA 0.08054418
NA 0.03833147 0.2075523 0.06731854 0.1590508
-0.02697114 0.08265168 NA 0.06072323 0.1212755
0.0697434 0.0631322 0.1216072 0.04675795 0.1475688
0.2254945 0.1125203 0.1558024 -0.008570034 0.2462533
0.1991839 0.103533 0.1412228 0.08074209 0.1395091
0.04296539 0.08225193 0.2370385 0.1813062 0.02815027
0.0866083 0.09336358 0.08916173 0.08989145 0.05886435
0.02840624 0.04053057 0.06104417 0.09544876 0.1642867
0.1056892 0.0425058 0.1638632 0.04980749 0.1236986
0.1007023 0.09619501 0.1318487 0.05375846 0.06560574
0.1384274 0.02238462 0.04538842 0.06098746 0.1800365
0.0803316 0.1043198 0.196476 0.08026884 0.2053296
-0.001371383 0.008384963 -0.006052701 0.05429328 0.02592631
0.04473463 0.04859539 0.05830224 0.0372635 0.02084078
0.0330463 0.02672543 0.03656668 0.01507018 0.03805188
0.07297293
