"quartet" "wQuartet" "cluster" "phylo" "mutual" "shared" "clusterNorm" "wNrqs"
"mb49" 0.747949785669482 0.788080493516064 0.224700529334348 0.592965363687401 0.175445049801093 0.125671075682149 0.136702639544846 0.169934676059708
"mb50" 0.825923759896803 0.890176821218546 0.291981733566165 0.642771247951752 0.233434966705186 0.161349954518141 0.211973546714209 0.249435411081966
"mb51" 0.741419367352164 0.789318687050188 0.270043129859972 0.284117165181351 0.189804367747038 0.114822593292491 0.215079763293993 0.205445462356192
"mb52" 0.793184268174634 0.823224786030434 0.249092483668807 0.568230015154585 0.1893018654271 0.122153344307791 0.164144434786487 0.185994892952007
"mb53" 0.827567280605272 0.873095859068035 0.288382351678527 0.535525195141098 0.221402904735504 0.15482736993992 0.21781199713711 0.234358793601187
"mb54" 0.612362065175551 0.663050266406573 0.215443451875462 0.106695933525564 0.131318140250347 0.0677949566117866 0.176388715175438 0.139616465766315
"mb55" 0.840055304136205 0.843112433276368 0.247189204572879 0.714170114401132 0.19944934410053 0.126350921803796 0.146434543453699 0.205185440129154
"mb56" 0.91566265060241 0.942241925269158 0.246980355151789 0.915626625412197 0.209896888530041 0.106713843755576 0.11893060278958 0.215643915036774
"mb57" 0.831153372074878 0.811512329185434 0.223692479750353 0.676695302196484 0.174271297436764 0.106815343576768 0.119866254871152 0.169488930416569
"mb58" 0.704604714992875 0.692608061332494 0.204820310466175 0.300904752548167 0.149044461588706 0.0904300727235512 0.114661171799786 0.133952386889511
"mb59" 0.829268292682927 0.913514860738987 0.25283051193759 0.829153643142649 0.209141232610378 0.101739068711715 0.125155385525762 0.221648474257129
"mb60" 0.600703823866984 0.672766149881473 0.221928897980145 0.0944871250017734 0.141037746480669 0.0727370364941388 0.182620076886603 0.145108836178206
"mb61" 0.845238095238095 0.882945691018806 0.242924768728014 0.845114652133248 0.20368991804939 0.101665584632489 0.115600951201576 0.216198047883788
"mb62" 0.797951110600225 0.884946094940639 0.277046633548519 0.714168554703946 0.225233538953199 0.145968261026855 0.180288029814015 0.241779971654616
"mb63" 0.695121951219512 0.750312109862672 0.21226317425411 0.695009008886104 0.171127908391961 0.0784900873802635 0.0768739598087596 0.168560154699171
"mb64" 0.598525177839291 0.671588312416171 0.220313698452467 0.0945396428546799 0.139644709047502 0.07209118447996 0.181269773149423 0.143136565947337
"mb65" 0.779583498161759 0.766884162359122 0.199663758229856 0.652731657277661 0.153004160116842 0.0939805011089542 0.0922002835549497 0.134516143446265
"mb66" 0.785714285714286 0.837777409738324 0.206329314731412 0.785520780313121 0.165350832815986 0.0804286430069784 0.0728509266755265 0.146582033099725
"mb67" 0.702380952380952 0.781923774954628 0.211943690192671 0.702206797496098 0.166994754817577 0.0791090299658514 0.0794095196824491 0.146413452165357
"mb68" 0.839756813756566 0.877309321047978 0.250889875948718 0.71110754226987 0.199679447715963 0.122135220309308 0.150104021339901 0.198109454353807
"mb69" 0.613437048490524 0.641435370664705 0.187465191357263 0.155079861400465 0.113963476375345 0.0670722997025732 0.135920913700514 0.114305889937537
"mb70" 0.67442696444206 0.642229063358342 0.182942259299227 0.240092915557318 0.128338801023633 0.0790182368858906 0.101716105629028 0.108945612973686
"mb71" 0.746987951807229 0.76644685193908 0.206010410012069 0.746879876236591 0.168094690172769 0.0798902056805792 0.0725413867000983 0.145742975276553
"mb72" 0.742950570055723 0.734909254988469 0.214615799798574 0.42837009309921 0.153697198311301 0.0969299367552279 0.136730095881345 0.147774821688669
"mb73" 0.664719667820562 0.630648880319946 0.175965934129514 0.215767157259101 0.119730989672608 0.0706112878059421 0.102431511111696 0.103249170392624
"mb74" 0.639796033764819 0.660044917008808 0.189488629468717 0.296431670990146 0.13381366983198 0.0901095700324105 0.12827823772536 0.110662155250355
"mb75" 0.609172347732177 0.645760593664372 0.189214951194507 0.131020653560535 0.116773811943103 0.0635690039329644 0.143143041480999 0.113015251348824
"mb76" 0.804878048780488 0.85337552742616 0.211145351020753 0.804726418001403 0.17146534480728 0.0834769395702913 0.0772958285871397 0.173250034067785
"mb77" 0.61439577034455 0.642618026248219 0.186808841650177 0.146545521922253 0.11525492464581 0.0653781426376147 0.137294728486316 0.11230592115675
"mb78" 0.5933821874218 0.665592958443799 0.215604681128888 0.0945870579561531 0.137132320806973 0.0692829415950294 0.176566074921153 0.139285096781722
"mb79" 0.769744883074025 0.733187733187733 0.191179504641906 0.594891257323117 0.138714994730457 0.0811782836447343 0.0829286195442559 0.120441162827993
"mb80" 0.666666666666667 0.751181102362205 0.219823729170529 0.531415136694838 0.175472350744942 0.0814296837281952 0.0857871057870355 0.151794936665486
"mb81" 0.751374793452395 0.801034841267922 0.214210252472225 0.623062777786481 0.166556755880876 0.104745910454369 0.108390419812904 0.163619149005407
"mb82" 0.597969098294046 0.666316547335524 0.216399808930533 0.0838050244632477 0.137896475416235 0.068723336517348 0.176346680048596 0.142765984460635
"mb83" 0.582170306698995 0.64425245418973 0.205084818995489 0.106459040893322 0.132682445192178 0.0697930210830394 0.162242304368747 0.130824452350281
"mb84" 0.702380952380952 0.698496418168936 0.177308871795267 0.702206797496098 0.139415121475334 0.0640523766155612 0.0389498676152353 0.112242249596382
"mb85" 0.845238095238095 0.931187630222612 0.260334463550015 0.845173370998825 0.220881814473891 0.108935039666961 0.135938583321147 0.24287199777399
"mb86" 0.785714285714286 0.773959862946647 0.165323132462424 0.785462061447544 0.131421249379825 0.061631295026276 0.02494838397496 0.0985212705948548
"mb87" 0.735930519475395 0.785581465275085 0.264061707589029 0.288341735110461 0.18901439036101 0.11238977689527 0.204245126764461 0.205803385068376
"mb88" 0.738095238095238 0.740363200274113 0.177427801869543 0.73784568285702 0.139193993569065 0.0660768168982485 0.0390887991774086 0.110922062451276
"mb89" 0.613926666115794 0.648664781580539 0.199350236833555 0.11889191619942 0.122454115016406 0.0579940505598551 0.158394494547596 0.12327396707061
"mb90" 0.706290727120392 0.723108518364188 0.184046440095785 0.510004388071269 0.133862944716391 0.0904913346130978 0.0916322734570616 0.10504442113678
"mb91" 0.609407994142033 0.644046341832216 0.189751080804831 0.132534084926847 0.116002475491849 0.063712366716029 0.144985843219401 0.111716347377034
"mb92" 0.782367835724317 0.756149100931881 0.215369155636253 0.48800159878019 0.158850015681266 0.0906425592674886 0.12670351778222 0.157143971131672
"mb93" 0.818123709542817 0.845085845333774 0.275554717224859 0.44555320105575 0.204119053459872 0.133667119427401 0.211049381527093 0.216291890250008
"mb94" 0.783132530120482 0.799193186911699 0.182723907832594 0.78300593755527 0.146086072903702 0.068250665622146 0.0441466187637687 0.122385585158903
"mb95" 0.77506888524641 0.765205247877697 0.223924461658593 0.511771607466191 0.169243082606143 0.0999486911733861 0.136225599035176 0.171595502052838
"mb96" 0.642215985639726 0.657355935305287 0.184476572371255 0.331725164120965 0.134602418020118 0.085566973728588 0.111623115091016 0.123798528050918
"mb97" 0.618119566060663 0.647397412886056 0.189877124166801 0.13121757716802 0.11679825513161 0.0611321470683492 0.14233541280544 0.114749182810346
"mb98" 0.728746522608724 0.681271862203876 0.181426065229535 0.467644845606254 0.125800080061235 0.0736509548747724 0.0884564035765011 0.10610811786458
"mb99" 0.73800948236527 0.729205322589196 0.194153320508379 0.585871368942427 0.146879152870396 0.0865566048972978 0.0857527469327766 0.142640663322506
"mb100" 0.705965618199036 0.675267343796353 0.18684234554055 0.356127429949341 0.129424389632045 0.0770047867372453 0.114310551854178 0.106837648225138
"mb101" 0.596958668150537 0.64233465936559 0.199429309943575 0.107977825854465 0.123106340665512 0.0691423356071464 0.159332115781732 0.126229528864389
"mb102" 0.614077763904686 0.649503819375001 0.194579479107577 0.132534084926847 0.117935733023006 0.0647322386879795 0.150055751635158 0.116462715507694
"mb103" 0.688707742080996 0.708100309617598 0.201332528400016 0.408302678913922 0.149764493576832 0.0990949645288119 0.121705886227915 0.140246767619844
"mb104" 0.738095238095238 0.845471390869785 0.248181755264455 0.737963120588174 0.201527747163943 0.0975678252928488 0.121742050131154 0.214951758626299
"mb105" 0.60203007300344 0.634428721988977 0.181411488173555 0.119250022680942 0.1109890960986 0.0604122399516254 0.13337297461726 0.107157703599774
"mb106" 0.75 0.860824157112045 0.252452865916959 0.749881894952199 0.205491488254311 0.100133905936182 0.126731469996391 0.2212459874124
"mb107" 0.691394607538205 0.682360911169447 0.170206112313375 0.565903968293993 0.12704776987833 0.075953915270509 0.0591481911723823 0.0963306673169592
"mb108" 0.616552666101809 0.651741059803545 0.197781378974618 0.134085074703599 0.119449665335543 0.0642067946841395 0.154502441364158 0.117858382764982
"mb109" 0.629410842961473 0.646860419607481 0.180257832963796 0.311644907625126 0.12885284110233 0.0838298280579219 0.113419705500202 0.112778943122183
"mb110" 0.608371436877606 0.63801455858191 0.191644045625657 0.120340583791759 0.119011828897775 0.0585822733239221 0.149674103527833 0.115528433273197
"mb111" 0.698041234878105 0.718687847198409 0.229428532998144 0.212926801277484 0.153483556614524 0.0824563953279671 0.180568311938614 0.156550885914508
"mb112" 0.751809812396281 0.702392844518895 0.189099821627195 0.504110982782788 0.139747265336389 0.0859047861883262 0.0975666310196957 0.113773649269275
"mb113" 0.644125166024773 0.656344237721541 0.18612374982416 0.311644907625126 0.13307218270946 0.0874415870533253 0.119678704236815 0.115260322232495
"mb114" 0.686956176082649 0.702566209162962 0.196603471354438 0.379528764389265 0.14669552788424 0.0879361766567609 0.116650872315339 0.140731167209406
"mb115" 0.732376558983566 0.734493389768511 0.204121362199416 0.542943599367536 0.1526539756624 0.0880999848235904 0.0976025889157567 0.146322351401686
"mb116" 0.691929490354081 0.656196639295231 0.179030313433221 0.336354342951691 0.122821297251709 0.0772508437824512 0.112204579448981 0.0922534760560033
"mb117" 0.707190985118579 0.71350391106272 0.17936825181794 0.590169127458714 0.134583154570811 0.0795714759532185 0.0691972124320913 0.104632438853822
"tnt1" 0.600763862437447 0.624264553986678 0.192552951540417 0.106953097671573 0.117655963590521 0.0651103883377982 0.151742409173022 0.117097009432872
"tnt2" 0.613184954410429 0.646387723585099 0.205495990213832 0.106943096250731 0.125156405243205 0.063239623812833 0.165697447768879 0.129390421551114
"tnt3" 0.687948164074334 0.650600556388136 0.177236475508734 0.323437226663969 0.118652492448845 0.0729873839017977 0.115119491525321 0.0878699882347488
"tnt4" 0.692920108507355 0.655238705543095 0.179108525046432 0.328190895164357 0.122152292784303 0.0722785920687986 0.112171148238376 0.0948330721894703
"tnt5" 0.687293554515049 0.628254168078891 0.167751665729754 0.433292332265955 0.117074524922319 0.0722307591195821 0.0735088665121104 0.0879790203177196
"tnt6" 0.682926829268293 0.775486192816112 0.209715093034282 0.687395545783035 0.165984118372775 0.0794028647589478 0.0745302081653294 0.15276357104803
"ufb1" 0.755806673387198 0.702605988638917 0.187708561597547 0.491930021000279 0.135902418827839 0.0799735966204559 0.0957480589479229 0.110287744537829
"ufb2" 0.628055619900376 0.652063112049673 0.205153314945298 0.152893846206537 0.13125919958414 0.0680633848659097 0.156836926016796 0.132269798148302
"ufb3" 0.604159788228195 0.643603487039775 0.198534225574901 0.130129855536682 0.118972523294512 0.0589161294323882 0.157547723363291 0.119630024427077
"ufb4" 0.593176052558452 0.629213254092738 0.188068971696722 0.131598909875669 0.115199845027819 0.0604760143015878 0.14594168943842 0.109926003267298
"ufb5" 0.72683660536504 0.732633669744471 0.213504600968271 0.413598805234816 0.154622848406253 0.089524282458581 0.135439871834982 0.142024428052156
"ufb6" 0.731707317073171 0.761999486652977 0.204348874951467 0.73149278675296 0.164764144015043 0.081226044918009 0.0682460533139985 0.162736717089291
"ufb7" 0.62235365173627 0.635089460593585 0.177074427950953 0.25163891269574 0.124235472880696 0.078349382880468 0.118843359203178 0.0952371919492039
"ufb8" 0.750929043012933 0.727437498201905 0.182866928851571 0.628836181892371 0.138478127298147 0.0861019535192877 0.0731655920894935 0.113983813432628
"ufb9" 0.718522366982477 0.756100115483944 0.246929347629521 0.224485582500064 0.169140748566971 0.0840355784060428 0.193822280863866 0.180467778013398
"ufb10" 0.708253223357543 0.7350781265108 0.235859856449661 0.224641807654856 0.158743129086534 0.0818216183103068 0.184968954954739 0.167730681978362
"ufb11" 0.759036144578313 0.680086134257092 0.162554613046891 0.758822857287544 0.129873659803512 0.062446827925516 0.0201484020670488 0.0890295760125393
"ufb12" 0.752244598039367 0.687804552433082 0.160921125952218 0.626086408954185 0.119818230881291 0.0723188460066576 0.0486996291924597 0.0800222486435514
"ufb13" 0.75062235889358 0.676824873880366 0.160545504801613 0.534518063023191 0.115325064242241 0.0730467862869894 0.0652986403628528 0.0768508084541522
"ufb14" 0.726107035101705 0.700939800618257 0.198457481607936 0.365631200460883 0.140350179956718 0.0838477741658815 0.126837720942736 0.127790254428384
"ufb15" 0.72896750582345 0.713858139814703 0.197966898431944 0.426433534683594 0.141934956705486 0.0844933600758187 0.107384684510835 0.125136732101022
"ufb16" 0.697378397930698 0.677561907011535 0.190502867872218 0.395771299879979 0.135057376808044 0.0878049152054542 0.110086438001061 0.112012504385729
"ufb17" 0.688220154381526 0.72706247071515 0.238163645113237 0.224596206850231 0.163370529679722 0.0843512851964187 0.184438414902605 0.171949438687516
"ufb18" 0.581889243550833 0.642053338585546 0.201036645915332 0.11828775181011 0.131528626067133 0.064212368269268 0.155683171157457 0.134158996266096
"ufb19" 0.572070765366227 0.633710755361072 0.195032433749512 0.107645803271817 0.126415232676089 0.057763104506825 0.150592796739843 0.127287893483932
"ufb20" 0.667931265526408 0.685006964670128 0.191838119621915 0.379528764389265 0.141922369488011 0.0827366368825744 0.111411281221846 0.140993571838268
"ufb21" 0.723071956462932 0.686835700422071 0.190253596255963 0.443513166554214 0.138377354540387 0.085995818643881 0.0985574192236565 0.111689134831113
"ufb22" 0.618252158844075 0.635211273918754 0.177533973148429 0.177162500556433 0.116997967177995 0.0691770662423675 0.125303729584524 0.0993012669258858
"ufb23" 0.616684656746529 0.641434401594483 0.188702543723196 0.167328355323269 0.115304505032706 0.0550627742510111 0.14260704401761 0.111857018955006
"ufb24" 0.726048595886544 0.662252214255588 0.175747246021346 0.449464304287738 0.12344020000178 0.0780989722937406 0.0939180214921889 0.0902820086043565
"ufb25" 0.598162693135156 0.645941697877109 0.200082326163376 0.118207877597348 0.120353963300525 0.0587536481801154 0.159659195019324 0.123953332770958
"ufb26" 0.581366150364374 0.644132374308049 0.204343239433 0.0837183047655079 0.130999280559349 0.0662549077112243 0.162331629069122 0.12826233097241
"ufb27" 0.654761904761905 0.635487424270241 0.17512849931341 0.654531700039997 0.131126210138 0.0607631911301778 0.0364028032425958 0.0806399037037142
"ufb28" 0.687393653755659 0.701969136860316 0.193135445147015 0.403507890504941 0.142115169481147 0.0825305924010352 0.112837714284548 0.139254008257254
"ufb29" 0.603721302022164 0.635196663803719 0.18312620235998 0.145214167807373 0.111976935866979 0.0601190034903016 0.135244991253495 0.109915510117523
"ufb30" 0.80952380952381 0.829707144470376 0.210868520601983 0.809299610175595 0.172619109468067 0.084159475403409 0.078153529624891 0.162280426408071
"ufb31" 0.64332737706379 0.622665169653403 0.171694187951684 0.272155514278331 0.118436300531742 0.0687703187266686 0.104157818992301 0.109056510216014
"ufb32" 0.610235837928809 0.628457116451382 0.174079759230442 0.155255369496326 0.115085458797312 0.0650735678046248 0.123809869278965 0.0943428887697662
"ufb33" 0.664825213435826 0.632301510529057 0.179669546467503 0.340411237234441 0.12458046070577 0.0671967871160383 0.0981180426266287 0.108257039653713
"ufb34" 0.65058441588369 0.60930915638999 0.161861060071745 0.354248381016309 0.107738685337104 0.0697144311500443 0.0869468123772109 0.0763536607865413
"ufb35" 0.7952535647894 0.827605405152274 0.270317964172188 0.40220375226285 0.199188129177968 0.125864574444889 0.205325876892985 0.215035886586515
"ufb36" 0.604316259094238 0.646689809232488 0.202516939119344 0.119654062136929 0.125296243866634 0.0636908042482142 0.162567974358366 0.12770996947472
"ufb37" 0.665963908324215 0.675314270903286 0.189522314543109 0.335725992918859 0.138700142862476 0.0899121941224563 0.117010195849141 0.121290388499962
"ufb38" 0.655402343735492 0.666314668399581 0.186249927255277 0.308355122216672 0.131856033570023 0.0898738590394379 0.119815182822636 0.111700556845374
"ufb39" 0.833333333333333 0.826241134751773 0.220276729673516 0.83331465013367 0.18723720791988 0.0913719844409289 0.0891439976920877 0.194998614569995
"ufb40" 0.773996697845319 0.714100791385955 0.189858525477143 0.551672194801276 0.142877732484803 0.0756037704032374 0.0815835901380926 0.126156429820371
"ufb41" 0.605136654879881 0.656844009700923 0.20815511088501 0.118260885980809 0.126874025859541 0.0590631313871188 0.168489769941364 0.134938807018849
"ufb42" 0.590389943138206 0.632966255809254 0.188052688060608 0.129982100433896 0.115950222508693 0.0589921672673408 0.145172846933237 0.111294725740849
"ufb43" 0.735644159598752 0.735798059751918 0.210861817834152 0.356885930433307 0.147354343385248 0.0874265532053058 0.140574027957991 0.140863166326892
"ufb44" 0.785714285714286 0.790625 0.185268215570132 0.78300593755527 0.151815663322919 0.0719009067308681 0.0482478023154944 0.12455668755317
"ufb45" 0.62748013181188 0.675672947995213 0.215877058512599 0.142100573578699 0.144857626720696 0.070187849723513 0.168193002664242 0.149734074824918
"ufb46" 0.63855421686747 0.539700480361684 0.15230261568462 0.638263997747897 0.114143792110966 0.0520289044255393 0.00922077627105932 0.0522839641988531
"ufb47" 0.624461809275831 0.662543890120177 0.21166238092299 0.143879591997297 0.140474493260644 0.0718458145982525 0.165453166177173 0.138165418596016
"ufb48" 0.610109834867397 0.647709368061729 0.203464640252386 0.130318588933527 0.132932218651137 0.0697863935322689 0.15824671384878 0.128591618480561
"ufb49" 0.589275646333086 0.657738482257651 0.209356133586363 0.0945606595924789 0.134250430611369 0.0653625283453782 0.168347092899754 0.137793958066777
"ufb50" 0.601261665180296 0.63249772732205 0.186378699777227 0.143520048346621 0.115836962106738 0.0592665573978443 0.144149802223776 0.112455383798111
"ufb51" 0.75 0.839056453099085 0.230803688111858 0.74994194845107 0.189066603082213 0.0903285165342338 0.101441364776688 0.195432011729958
"ufb52" 0.80643185717628 0.872723589587765 0.259780884547214 0.678475095334277 0.209035638751221 0.129947916298649 0.160711468188658 0.230379177836625
"ufb53" 0.740278094411926 0.65938444627645 0.161502698978328 0.612096674780432 0.116187466406227 0.0714958080561131 0.0490241530538995 0.0740990525875161
"ufb54" 0.866322924919944 0.905598265326237 0.267337057358257 0.738012009239237 0.21636082269659 0.135495129500638 0.169278943754071 0.241475982370861
"ufb55" 0.616139042562118 0.636075895329237 0.193085069183866 0.153830448703858 0.118515146573275 0.0557623840228408 0.151192589562296 0.116822395377953
"ufb56" 0.621250228261855 0.645267623257554 0.194278503716052 0.167495439925694 0.118326679133761 0.057155926781121 0.149742758416375 0.115385926460882
"ufb57" 0.597492513605972 0.624626263736685 0.180736464535865 0.145159771205865 0.113288865482135 0.0589911322742684 0.137449826586829 0.106894219271036
"ufb58" 0.688930236766961 0.683475575332913 0.185446492243229 0.396294944298911 0.137380822879526 0.0759726853058644 0.104250935729699 0.130324917444782
"ufb59" 0.77713216813691 0.671924704030433 0.158380805922105 0.644115550586534 0.119817455222834 0.0735252454083865 0.0451650694104869 0.0853141673358628
"ufb60" 0.573008449245846 0.628202939939802 0.190909320815847 0.0946850646479934 0.115497851322882 0.0534342991425625 0.150784307825951 0.117415302337915
"ufb61" 0.595487688978999 0.597002304164987 0.171916849290714 0.153856150011328 0.105202034716206 0.0532340614778165 0.126161245568029 0.0986507666342784
"ufb62" 0.611392490657352 0.631502548628783 0.184907021596787 0.167435896238332 0.111327822391027 0.0547399692602159 0.135308457483136 0.111781739822691
"ufb63" 0.6111023274155 0.620267433322647 0.176986357741156 0.201065440720171 0.111506749659811 0.063039938328433 0.122144784599302 0.105370356995423
"ufb64" 0.619126671311944 0.615338003470469 0.174683780399116 0.212844893625279 0.110451692384321 0.0664842453483449 0.116443417221018 0.106104469203657
"ufb65" 0.594487263101208 0.66215119382514 0.211704942331463 0.0717305167485893 0.134679618948941 0.0563751710550834 0.171884380764825 0.138164537976686
"ufb66" 0.598969996051869 0.619519971203414 0.184438860441643 0.141950865844276 0.112008905010539 0.0562899301489593 0.141368169056029 0.105267556450791
"ufb67" 0.698795180722892 0.522935779816514 0.138617243657695 0.698573139334303 0.108988503021022 0.0509860002027108 -0.00677453352245704 0.0491558006590942
"ufb68" 0.623294390198366 0.637903856602917 0.176761695338552 0.236553904608801 0.122095741885494 0.0722851749220729 0.118553535878196 0.0979804801018768
"ufb69" 0.679203466869113 0.621662848944043 0.195896456958385 0.282121549208494 0.12458353658861 0.0776468004298241 0.130479376376852 0.119519565749767
"ufb70" 0.658594441770347 0.590325181402849 0.178519943851176 0.249865705649892 0.11224451447657 0.0669131879759705 0.116620774333154 0.0974673108025689
"ufb71" 0.616771032640867 0.63127214277176 0.180301779692729 0.201065440720171 0.111936598499526 0.0666519657560329 0.125681129930655 0.111431315077731
"ufb72" 0.652872807007796 0.616423430313571 0.165480767140189 0.365591450267272 0.11001883314155 0.0700375272787674 0.082376266063434 0.0807417591504325
"ufb73" 0.661398566475544 0.626505550533154 0.165856376615752 0.322689081994823 0.111467104829869 0.0701614687904491 0.0978383891787817 0.0767823584443194
"ufb74" 0.614062712649643 0.640465692231133 0.186188722472403 0.157353057655661 0.113891536558872 0.0580887253138682 0.136703581922682 0.113368497800365
"ufb75" 0.72289156626506 0.696636641599868 0.178848384418298 0.722815643235193 0.142162792886692 0.0674202750136765 0.0396139618132993 0.108973949355249
"ufb76" 0.585631499248443 0.645157576353593 0.204539403486748 0.0945261234429781 0.130149274620725 0.0620415511816977 0.162547612506818 0.130547061976684
"ufb77" 0.587089077595677 0.648282917581867 0.206270435683115 0.0837644454616639 0.131338229653697 0.0672984623264037 0.165093615265959 0.130260680057937
"ufb78" 0.61326921906535 0.658061221709457 0.210863256095337 0.106635256408045 0.128766351050178 0.06157247170246 0.171728006258613 0.135062309939197
"ufb79" 0.714285714285714 0.66556077035119 0.167207829531398 0.710634967651584 0.133738625914089 0.063416032192999 0.0271500466713781 0.101876636913598
"ufb80" 0.592053379194308 0.661217315638858 0.212631011449815 0.0825708244867872 0.135160581839254 0.0609699171690879 0.173202364423608 0.137074190387
"ufb81" 0.599030035809048 0.627948574839345 0.178724888555473 0.145106691655599 0.108183211143457 0.0574079939562458 0.128785897241307 0.106261910014529
"ufb82" 0.720092688329119 0.737279118998783 0.243646574679902 0.227402243001313 0.16825309291185 0.0851395547519673 0.190305821451096 0.170309697260079
"ufb83" 0.687624859389354 0.690920407011246 0.220006855149269 0.200216526437711 0.147765142945167 0.0744250008876183 0.168057503676915 0.144055556551856
"ufb84" 0.658414685521264 0.666700449523134 0.212514059773095 0.18847207102499 0.137711864099455 0.0725027718492966 0.162578557471574 0.137647557892458
"ufb85" 0.609492655845818 0.629393924502075 0.181965382875096 0.159388148749458 0.110262169228018 0.0522028191897618 0.134022740063289 0.107154772318061
"ufb86" 0.587285958932659 0.645496789214049 0.205581489448701 0.119761695101529 0.133915100360184 0.0680086138261956 0.161722222936808 0.132903120153425
"ufb87" 0.716049382716049 0.591161296602745 0.149034726456446 0.715815579496082 0.117323020683437 0.0548540041257175 0.00394806145799168 0.0681503012603174
"ufb88" 0.669416745013608 0.679232196527337 0.190782081200059 0.372090831689328 0.135613676378698 0.0906819930666171 0.118382671777419 0.123269987340533
"ufb89" 0.797619047619048 0.774896265560166 0.168901456816776 0.797439554677146 0.134567450929732 0.0653715033119369 0.0291285057443172 0.112238345536237
"ufb90" 0.751498189961445 0.774348269092174 0.223099333580837 0.57863569189062 0.171459994901526 0.0980535657370076 0.118574517939907 0.164483002671235
"ufb91" 0.642032282582369 0.686046677746401 0.219078429872785 0.188996317032663 0.145104818187902 0.0754987717256583 0.167069903640992 0.154716692952069
"ufb92" 0.610797270351253 0.662450494702407 0.211538394551711 0.106635256408045 0.129534642303996 0.0609219655309374 0.172436626506791 0.137648369654135
"ufb93" 0.695121951219512 0.648657289002558 0.166708725788714 0.694851196269895 0.122296333150538 0.0563259293394523 0.0249293059849858 0.0718999956068351
"ufb94" 0.714113829989963 0.661758035072191 0.17374487068785 0.406358398326445 0.115617158964237 0.0713718721680239 0.0915002475675535 0.0927839032749142
"ufb95" 0.622778858423475 0.636706369491872 0.178326747663219 0.189055002769396 0.118916606109913 0.072927559432934 0.123476218086561 0.0985240274679889
"ufb96" 0.705533473423567 0.741950715737386 0.24186109901274 0.179085439183041 0.16689280171714 0.0772290009338717 0.188355381459119 0.17575475161777
"ufb97" 0.761225577270918 0.790552501630485 0.212336029210064 0.660006421745473 0.166121158374358 0.10586663243296 0.106420136836911 0.162815669182352
"ufb98" 0.610159794673786 0.623091780309489 0.169911800532174 0.215331569671999 0.117550489603494 0.0706825085378837 0.114462977590265 0.0877436911465395
"ufb99" 0.589193547963743 0.621585894692732 0.183032738199703 0.131498278437677 0.112470023311362 0.0605064880023832 0.139884526070406 0.104700465738047
"ufb100" 0.574002816125739 0.628230298060608 0.192929801435919 0.0946866923819821 0.116872776756886 0.0556942860775928 0.152956621301922 0.11806375705008
"ufb101" 0.589990109018951 0.661531071555791 0.212549625823293 0.0838050244632477 0.135076495689056 0.068025600071082 0.172293542776084 0.138316772377768
"ufb102" 0.74390243902439 0.671156105938715 0.157372223106313 0.743624482626481 0.124638366698175 0.0590276276601032 0.0153273470658342 0.0908327559479685
"ufb103" 0.752671644573194 0.675958412463386 0.161506612029253 0.584915515010497 0.117795682958157 0.0679691839206921 0.0486316959813975 0.0907023819410127
"ufb104" 0.681368262423033 0.698645506807167 0.219272121949075 0.179544864557661 0.14589485382102 0.073254675648876 0.171793547813184 0.142763373205987
"ufb105" 0.625851675146593 0.655330143464123 0.205854695468323 0.14115467982221 0.128399216049559 0.0649246183291483 0.163052867611776 0.129017156052351
"ufb106" 0.664564496366943 0.607645138655847 0.165816494238541 0.49365758480167 0.119001438767147 0.0701922597592235 0.0538511424780597 0.083023336662032
"ufb107" 0.793961334364364 0.817931286401364 0.269092566602235 0.357761545237863 0.193726908213332 0.121047534085528 0.209665385024178 0.207688014312588
"ufb108" 0.726283580397671 0.734447996065896 0.177192731680389 0.592890714514136 0.130943139276562 0.0788356562285721 0.0667296254627495 0.100121833398282
"ufb109" 0.869047619047619 0.760612521806552 0.154226172050495 0.868893481995721 0.130255576456115 0.0628610320495762 0.0119851528091821 0.101915365059248
"ufb110" 0.597490230600136 0.617861641414272 0.180156604179434 0.133318631734304 0.111263625159813 0.0507697512322123 0.13685372718663 0.105477126160416
"ufb111" 0.60460813391783 0.654247214278832 0.205239275640602 0.130196752845201 0.134969997934334 0.0652484573235142 0.158656079408929 0.137780811709636
"ufb112" 0.80952380952381 0.887630184542299 0.234514685313629 0.80947710140562 0.197046441791511 0.0965476858505444 0.105776472121074 0.20624957849566
"ufb113" 0.649867668816865 0.641525213728163 0.171059645695148 0.284140653168845 0.112304965553445 0.0756274106089669 0.103558889675125 0.0892356520216024
"ufb114" 0.599390095293417 0.639960973333545 0.199769755807623 0.109159486932133 0.120279921069192 0.058239242367046 0.159695165171244 0.125799569001582
"ufb115" 0.647634794352778 0.625274339960781 0.168201352051902 0.272931924593566 0.111902063537355 0.0651050579677076 0.105384993252836 0.0787666441013952
"ufb116" 0.645477979762032 0.627840959389994 0.170325044817387 0.272332101626235 0.11234823942107 0.0694423755733123 0.11496273892456 0.0761694270769531
"ufb117" 0.686746987951807 0.722212015432666 0.177887875181474 0.68663015828335 0.134530732256067 0.0596620336396711 0.0384905886833055 0.0958855450281129
"ufb118" 0.683890420555855 0.649721471696854 0.16877656756368 0.445358080970913 0.116730155707816 0.0731490428697299 0.0746329488898437 0.0795136080571603
"ufb119" 0.605416462892205 0.63497778215394 0.18501665387403 0.155219809982083 0.110186185522391 0.0543371227083674 0.138681235287942 0.109423316943267
"ufb120" 0.662650602409639 0.610065346727787 0.161184453319732 0.662387654382459 0.122460755212142 0.0547429629335965 0.0200538620216282 0.0668910621865517
"ufb121" 0.68373042139415 0.679342383442751 0.201981619153484 0.479878588435465 0.150699520497589 0.0882853772182303 0.0946560279265794 0.125140566933884
"ufb122" 0.715077262710929 0.74863684723823 0.243572657222878 0.224596206850231 0.168220889766186 0.0806161397110827 0.190228874312495 0.176005649057692
"ufb123" 0.721737841183324 0.767577841266767 0.253549113499723 0.307809443820229 0.182100315334195 0.113660871586528 0.192893096642923 0.194904281236284
"ufb124" 0.674542762136733 0.668873795788457 0.197818833587933 0.455667674518631 0.143910693440309 0.0836553189709964 0.0899333888129192 0.122234411545482
"ufb125" 0.717269005960185 0.717650267015112 0.208436424445819 0.344938565912364 0.14246439319997 0.0898216830388939 0.144061602882695 0.135502688092658
"ufb126" 0.701951780916527 0.681211441390914 0.199491571495449 0.378283811479908 0.139659703389961 0.0872510337783076 0.128137361846234 0.121166551247047
"ufb127" 0.800259312261961 0.780908353400209 0.219315161519862 0.511847205384064 0.16493219095127 0.0941833278829918 0.131095434161394 0.165006269885712
"ufb128" 0.655986440823873 0.642079204917088 0.170963281302943 0.335725992918859 0.121741258546946 0.0678637971435599 0.0968048044347227 0.109013143915209
"ufb129" 0.610294256052109 0.615854356567406 0.165476372775163 0.254321477514758 0.117497128282972 0.0635528567064374 0.102396353318333 0.0945746234477615
"ufb130" 0.715231692212029 0.756483037376811 0.205326465426447 0.593043907309914 0.160008571526131 0.102429024006529 0.0988140273369689 0.149397466243233
"ufb131" 0.700388300936613 0.647247259822242 0.171026163117502 0.511444625389748 0.118425009097466 0.0704632801095388 0.0600779959032227 0.0901462906364535
"ufb132" 0.609210169923051 0.616847323218993 0.168194638725135 0.203153653194124 0.114270403662606 0.0666491499436263 0.109383141967563 0.095549734656716
"ufb133" 0.603507884231769 0.613088257188903 0.166029202174855 0.179060197313725 0.110742748405223 0.0593793727581583 0.110360602367483 0.094565284150857
"ufb134" 0.597027598283319 0.617843804400457 0.180007531692262 0.141774319999825 0.110433957753486 0.0515226381771936 0.136667875390331 0.105084253637341
"ufb135" 0.614457831325301 0.506711733462096 0.142842994643963 0.614140341113335 0.106146549425943 0.0481774608876093 -0.00183552302258702 0.0373981633154962
"ufb136" 0.587688393813944 0.628326127172604 0.184514060579325 0.131416044863769 0.11393272237798 0.0587401784309781 0.140536785155134 0.108305891530077
"ufb137" 0.588802050773596 0.653991637786878 0.207708461212824 0.0945606595924789 0.132271830389957 0.0617737118814052 0.166613959212626 0.135305381937512
"ufb138" 0.603754119039253 0.615855632698998 0.177193000615771 0.200947739581228 0.109443361912838 0.0640424426227677 0.122365197136703 0.105298393800211
"ufb139" 0.636078970021458 0.610398827934234 0.165827534403262 0.305381449075228 0.11348024040624 0.0636089800693068 0.0913883898392462 0.0938155245958227
"ufb140" 0.686746987951807 0.698318983189832 0.186887464092093 0.686511311017021 0.145417229181064 0.0684635387864178 0.0486190144202343 0.11076091813203
"ufb141" 0.707728621329695 0.678462951190224 0.187251093281014 0.415903841927139 0.133070966473293 0.081132997598218 0.106511628166134 0.112446588689794
"ufb142" 0.68860305929847 0.65154111478014 0.177400535701146 0.360498977096707 0.121002726441698 0.0782415394892553 0.104054077376363 0.0958453518551951
"ufb143" 0.614444158140527 0.637312617374913 0.186866257666999 0.159388148749458 0.112629668469408 0.0560117641777338 0.139118152683413 0.111942068796549
"ufb144" 0.609756097560976 0.530453821656051 0.15225891709229 0.609512981526891 0.114233388264817 0.0499115649144825 0.00797651807722659 0.0436718397804961
"ufb145" 0.626540349583848 0.656696138696842 0.207288459750165 0.131075303151067 0.128756013201652 0.0677816287636415 0.163535027568113 0.132680200091456
"ufb146" 0.629287521070387 0.664243807487217 0.207066379524831 0.153467174511724 0.131363526092561 0.0672753404782663 0.160603242071025 0.138045507665292
"ufb147" 0.597368982245599 0.660050368456952 0.211036697496722 0.106530810803076 0.134106053110506 0.0639505481339731 0.170114824138798 0.138972414410655
"ufb148" 0.649765193038967 0.657873335140588 0.188116828438916 0.344380334920748 0.13249777090111 0.0914309736938909 0.121834498251349 0.116505663434728
"ufb149" 0.702380952380952 0.678133793228647 0.174460731616905 0.702148078630521 0.130628901077952 0.0618473113806546 0.0356227313406071 0.0915102661359104
"ufb150" 0.616637174401299 0.613772320827989 0.164983680421097 0.263197055493952 0.118222346785651 0.0615072360871126 0.0968259663461522 0.101281028602554
"ufb151" 0.689871428734895 0.695366136001559 0.22048098838628 0.19151019731367 0.146426976722371 0.0758774685675485 0.173096323581773 0.140357289196924
"ufb152" 0.590784415797611 0.628372127854525 0.18904364701854 0.121037403793058 0.118435213575735 0.0638098604555802 0.148061337168535 0.116150034082284
"ufb153" 0.601014875195936 0.629259526090364 0.180955938603123 0.147081430857151 0.109777924391849 0.0529496704551505 0.134468479545108 0.10556605337137
"ufb154" 0.703740834488344 0.689504425093933 0.207011287601117 0.341816639176117 0.146368850582869 0.0802412899891342 0.128302055334296 0.139477655388035
"ufb155" 0.591347122210166 0.638278049815309 0.193798967416056 0.11961434748879 0.120055399849436 0.0608618792526221 0.153058618767718 0.122459891773505
"ufb156" 0.730808634025899 0.690395556759686 0.177274861407999 0.461241696905988 0.125491742990597 0.0725347378141985 0.084108964519239 0.102449484923663
"ufb157" 0.677361304080529 0.642384688069967 0.175413301586956 0.336186818111027 0.122448341687254 0.0720671523272648 0.101738014418289 0.0920890128463265
"ufb158" 0.599484048871027 0.644595331022336 0.197344683226907 0.131598909875669 0.119503951812014 0.0582390432989697 0.155687082947692 0.119762307325473
"ufb159" 0.736082394140382 0.79937395282574 0.267459229764179 0.32910920391107 0.194812669733321 0.118394781082734 0.202258399353893 0.213307057144325
"ufb160" 0.588551681344196 0.649645947596616 0.201519060035297 0.107740592750772 0.126436307970517 0.0575469061698404 0.159369318150308 0.133728242421733
"ufb161" 0.658220020373219 0.662388211853019 0.188388348468263 0.360030158485665 0.13529883005946 0.0882655683467596 0.115774775676187 0.125008401669838
"ufb162" 0.807194508162924 0.81040882610713 0.226495195436498 0.633783182944504 0.17456999080624 0.105266011473829 0.12297089035047 0.171160193223187
"ufb163" 0.589273047890357 0.597494422430363 0.178682161538494 0.130238481802532 0.107494030094009 0.0601532830631583 0.136065821709958 0.102800964940133
"ufb164" 0.766590497902818 0.703169176145703 0.157680748348751 0.65390660836928 0.118990550268305 0.0734688091914761 0.0442908085118679 0.0811564073241541
"ufb165" 0.493827160493827 0.569323050556984 0.204790646126486 0.493606272257573 0.152353543813889 0.06768278163885 0.0681712939859062 0.0788495265474128
"ufb166" 0.657083976959935 0.627035159961989 0.166545875792717 0.419381487502173 0.116974324544591 0.069539627852295 0.0721129872594504 0.0860829291307943
"ufb167" 0.612834655778439 0.630854308829154 0.186290724425986 0.159545656597945 0.11237323187609 0.0548211657274903 0.140081198712029 0.10921951803006
"ufb168" 0.61893399555214 0.659654719552325 0.204813677821538 0.130196752845201 0.135284461474645 0.0591158301649575 0.158205536086 0.136751321941067
"ufb169" 0.621334067860596 0.654443928985259 0.202107476986442 0.143122549610016 0.130106279501498 0.0610944257623345 0.151514888595033 0.136325262126933
"ufb170" 0.666496676512473 0.669027026115691 0.180265152701233 0.355382579029047 0.132533667147143 0.0684448369886624 0.0986865931386861 0.120707957478145
"ufb171" 0.59806708500583 0.63313747995044 0.191402154893201 0.133156872044264 0.114489871946725 0.0597918403188356 0.149433489771965 0.112314867074765
"ufb172" 0.632797227085944 0.618547019194833 0.16862384300617 0.258669409811709 0.110586142303237 0.0669626862734337 0.109837727701507 0.0931517695162082
"ufb173" 0.760978698059772 0.77336405100996 0.207706495381763 0.642327246987485 0.164448265136417 0.106140298242779 0.101010822220405 0.158959267940548
"ufb174" 0.601014597726004 0.626258301250616 0.185742137876208 0.134978396069685 0.112483910675033 0.0505749360564407 0.14349212437921 0.110878116997283
"ufb175" 0.705063805244479 0.648954574662646 0.168747079732964 0.463700645166452 0.115316719650481 0.073578890826904 0.0748130075218856 0.0870770479333305
"ufb176" 0.656654991856772 0.603385440197584 0.157619791811383 0.39226343053629 0.106494920014753 0.0736419701128281 0.0740818552653128 0.0775832440194397
"ufb177" 0.669123538767399 0.682311094020381 0.211330513730682 0.189113242258389 0.13931867065524 0.0711188828003829 0.163392303578301 0.135892297509295
"ufb178" 0.671325194479348 0.672760451858291 0.211114366439723 0.179498919781385 0.138348226055494 0.074026574298678 0.164885931366904 0.13144930866536
"ufb179" 0.606812977210886 0.648498834907516 0.205929083660255 0.0946669055741422 0.12612663901548 0.0550274767843095 0.166549135965426 0.130742615652315
"ufb180" 0.631635711646055 0.594484642719273 0.157924335839218 0.344648139416381 0.10499730602148 0.0671421583400483 0.0744166005958677 0.0816361084215303
"ufb181" 0.63936098168116 0.610949890916646 0.160039769886153 0.300541140246283 0.106030261919481 0.0687655761406197 0.0852253083725348 0.0830019627722438
"ufb182" 0.603502661978361 0.644599022836463 0.202024312810796 0.0718570284372462 0.122637341818037 0.0448348013456954 0.162449563149856 0.12902892468739
"ufb183" 0.691358024691358 0.680640357408786 0.188305292097482 0.691319694357866 0.154078972152705 0.0702239771866304 0.0473072146392571 0.142388170058313
"ufb184" 0.575708366078713 0.632211787127309 0.196091162005749 0.0825542301534984 0.126706006006844 0.0544622531841548 0.153653394453285 0.121316536880838
"ufb185" 0.615867934309063 0.656264379887644 0.207213427502898 0.118469910021937 0.133213274996406 0.0724846949716176 0.165362796321521 0.131487779264956
"ufb186" 0.692176970049952 0.718857047835486 0.228245812114565 0.191080676650971 0.157092789414332 0.0667015392787578 0.173821169415115 0.159517104761263
"ufb187" 0.726052466233424 0.713642484430231 0.201680484910766 0.316845601801288 0.139463978903304 0.0821175226716235 0.136580871038002 0.125227816886815
"ufb188" 0.588180318926653 0.63139633830741 0.189963873808974 0.118207877597348 0.116700041042111 0.0628655151202386 0.149029723559873 0.116994636911122
"ufb189" 0.686746987951807 0.616770319536779 0.156305211676593 0.686392463750693 0.117313963551304 0.053926804671251 0.0143536886958225 0.0607689696475898
"ufb190" 0.582279610253404 0.648708606106943 0.204619678565834 0.0945261234429781 0.130950434743614 0.0636811205590285 0.162632125249412 0.133299965021624
"ufb191" 0.591552012008972 0.624026353765729 0.18952449534007 0.118207877597348 0.116001144305436 0.0582480856772972 0.148559230270516 0.114929041394138
"ufb192" 0.603097871304314 0.611821636019742 0.178795694149554 0.145531521494397 0.11015000469547 0.0558069213092439 0.134471703298675 0.104177255468643
"ufb193" 0.605648398793134 0.622678441075201 0.182331709007641 0.155577691710414 0.11331404828459 0.055773072192731 0.139132623129876 0.108027433201568
"ufb194" 0.607350163893505 0.650228679322889 0.205372324561152 0.131822477230167 0.133876529313169 0.069704843575995 0.16026269407639 0.131488936114214
"ufb195" 0.634660098667926 0.623920741500416 0.171489880844712 0.277409727471829 0.112706964494298 0.0683478320868088 0.109054782026836 0.0985868787076486
"ufb196" 0.742663710466177 0.678280635092957 0.160551942442672 0.614091102872285 0.116629029083547 0.0691281066612241 0.0478664083650955 0.0765073984868185
"ufb197" 0.695121951219512 0.60183752417795 0.145284330745311 0.694791050745811 0.110580965853322 0.0514739829232795 0.00120175405088741 0.0590749652203724
