NA 0.1246181 NA NA NA
NA NA NA 0.2762468 0.200011
NA NA NA NA NA
NA -0.05802587 0.005687408 NA 0.1278659
0.1088193 0.01939845 NA 0.2027526 0.1173927
0.1002392 0.08368586 NA 0.1161985 NA
0.1633806 0.1503228 0.2100405 0.2299752 0.2659254
0.2076607 0.06484532 NA 0.09295503 0.02357271
-0.01866208 0.0183031 0.01920052 0.02310573 0.08260373
0.03913709 0.1811036 0.1499779 0.0225498 0.1778742
0.1761628 0.1332613 0.1132247 0.04384769 0.05676187
0.1689421 0.147504 0.06595506 0.06621638 0.1543713
0.2595036 0.1169331 0.1460693 0.1711155 0.1517973
-0.007551012 0.1327302 0.2099832 0.05163849 0.1112957
0.07304047 0.07714713 0.104501 0.05944682 0.136352
0.1647933 0.1004437 0.04760882 0.009583252 0.03356935
0.03321715 0.03020415 0.05255035 0.03550637 0.03792561
0.05325783 -0.004191648 -0.002737564 0.05334138 0.01230902
0.0326776 0.06370532 -0.002522622 0.07101884 -0.001375869
0.008917916
