NA 0.1059382 NA 0.1310704 0.09169951
0.2411719 NA NA 0.206092 NA
0.1309624 NA NA 0.2078263 NA
NA 0.1147312 0.1958388 0.06703222 0.0794596
0.03941393 0.1265425 0.04775415 0.1738945 0.067982
0.1940608 0.04901984 -0.02088963 0.2122998 -0.05128294
0.09277999 NA 0.1109693 NA 0.07920733
0.05589021 0.08073782 0.1117689 0.07417412 0.2031947
0.103777 0.09292745 0.1688581 0.1446121 0.0966658
0.1672228 0.1837046 NA 0.04969569 0.01435744
0.06955326 0.2178961 0.1123635 0.2410232 0.1391093
0.1437298 0.05891518 0.03499539 0.06126184 0.1191231
0.2078009 0.1571027 0.1460695 0.05405367 0.05066451
0.1331965 0.052788 0.1776931 0.08972128 0.04538852
0.1344217 0.07154107 0.1445692 0.02503401 0.1058153
0.09632273 0.07553588 0.0215097 0.1617336 0.01776643
0.03143075 0.08383752 0.03912023 0.01873432 0.1015259
0.0295674 0.04462079 0.009534622 0.01402565 0.03577445
0.07731932 0.03977252 0.02237812 0.03659714 0.04218114
0.04654257
