"quartet" "wQuartet" "cluster" "phylo" "mutual" "shared" "clusterNorm" "wNrqs"
"mb49" 0.752941176470588 0.786801675977654 0.207740662328208 0.752771175297824 0.170293740263582 0.082638324689295 0.0790371266771934 0.146548932542075
"mb50" 0.761904761904762 0.828972868217054 0.224222439268102 0.761755939871589 0.18201776880693 0.0892202547034201 0.0968305507113912 0.199813655102868
"mb51" 0.889464538201557 0.91297964631298 0.24369401513678 0.762067568120232 0.19643719822124 0.124405866896674 0.14541315043369 0.187181180833447
"mb52" 0.761904761904762 0.865901921422426 0.250439865551717 0.76163850903584 0.20163017523846 0.100232687312614 0.127451881151686 0.212548281697727
"mb53" 0.720988129901421 0.770289207410595 0.248135429478368 0.284541758886195 0.184710611958596 0.119499618514235 0.165587544100476 0.19209462852287
"mb54" 0.929411764705882 0.944405348346235 0.222107505965436 0.929445712183897 0.191312093803385 0.0953847559441916 0.0957378823105752 0.186079007291673
"mb55" 0.714285714285714 0.824125696908262 0.252359090249795 0.524395280121152 0.205607166793248 0.0991595380597629 0.131099361150405 0.202223522999169
"mb56" 0.820523526384681 0.839607895677028 0.25167257780419 0.668615895707048 0.198921405982631 0.127192177009058 0.154656720027291 0.195298984376562
"mb57" 0.845238095238095 0.914402900790584 0.255243998227416 0.84512374629117 0.216568481424475 0.10755518675319 0.133492274961921 0.22444811670712
"mb58" 0.776470588235294 0.826990445859873 0.20458106262038 0.776210582653923 0.163377195778655 0.0789808019470733 0.0753642459838312 0.145612771920879
"mb59" 0.751776577724398 0.789069249049026 0.256067938852425 0.421797299726345 0.18640627923632 0.121025355122085 0.200925993564328 0.195509046508561
"mb60" 0.800791904019677 0.842900365813804 0.242910200882684 0.656178708012515 0.194517821821295 0.135313931651908 0.159672066678417 0.195686889321827
"mb61" 0.708225405763088 0.759368826732683 0.256537780749883 0.17492094820133 0.173735409038981 0.0877914754627838 0.21864039861867 0.175184344214984
"mb62" 0.710858660379559 0.767951179180003 0.267252257990551 0.16342196725375 0.180598322571354 0.0948883051767023 0.230881943783614 0.181500864535235
"mb63" 0.8307466206994 0.799939166021458 0.19783420910231 0.678449831084278 0.154348394846999 0.091806989017321 0.0942859281839225 0.135746434797428
"mb64" 0.663859573197739 0.741408248350129 0.232097674575344 0.176836893286524 0.162259678162875 0.102585098824246 0.18560956080251 0.1371846486038
"mb65" 0.737166836761428 0.733270235683054 0.21483473855111 0.438284821621612 0.158549528434783 0.0966446299501661 0.128463182938993 0.149579867174742
"mb66" 0.818248691709739 0.852758664358985 0.231349887976397 0.690599823290706 0.185901358261464 0.115930653377481 0.131547627827575 0.201500860225501
"mb67" 0.747887049217254 0.760205128205128 0.186574575902721 0.53800938385745 0.140951545400784 0.09291385959645 0.0973969401570688 0.104397834138156
"mb68" 0.69501139242981 0.752963034678617 0.24811432686436 0.152171856187574 0.17017126722244 0.0832599477853181 0.210781873396472 0.166010283747858
"mb69" 0.685356866028263 0.739753035871788 0.237180625408913 0.15216602111833 0.161793134264846 0.0798103853342666 0.199063497300892 0.154145823101576
"mb70" 0.869047619047619 0.921296296296296 0.229525371940584 0.8673871924779 0.193416594915448 0.0964947307922158 0.103189748856649 0.186774844636623
"mb71" 0.742334114839683 0.739218069182204 0.174350524255059 0.626438436028167 0.130053855331151 0.0784110554187626 0.0674399550248986 0.0931834723900634
"mb72" 0.705338629803984 0.753155029133633 0.237477106845985 0.190773526392892 0.164009810667185 0.110781653027789 0.189391927628808 0.143735557070935
"mb73" 0.750682006230482 0.752457020695389 0.193012032871533 0.540788155393115 0.140634622585835 0.0959237658668587 0.104614847285898 0.120237050036447
"mb74" 0.726190476190476 0.725734111872726 0.176134724744736 0.726061766199769 0.13661698047052 0.0650454351539935 0.041954380728418 0.0926172164926573
"mb75" 0.68033517445819 0.736771488567866 0.238900370685023 0.174727393398349 0.158350846319053 0.0872128904328997 0.198010338133475 0.15767661548682
"mb76" 0.704988903749594 0.734617271470409 0.226962214028654 0.224884906673108 0.165058923540245 0.0993623989267487 0.152207803020115 0.165769555516197
"mb77" 0.709833019126972 0.764310168888258 0.261046082005369 0.163167373581093 0.176923721874597 0.0879355487868994 0.224139716015894 0.178259996014277
"mb78" 0.734939759036145 0.741381246490736 0.169993434385035 0.734714964853594 0.130534393808786 0.0586266848630999 0.0335224735928976 0.0793388742559348
"mb79" 0.689955486266129 0.719498987258072 0.187784500056393 0.315693531861708 0.132460870654064 0.0915425643134044 0.127696019299771 0.101636498643181
"mb80" 0.711035567816229 0.762746083094273 0.258465182687581 0.163136770487125 0.175272633810809 0.0864062614607814 0.221101930474439 0.177728269133728
"mb81" 0.704712853542829 0.674338133621126 0.183298742364287 0.317788417553354 0.119675301766022 0.0765236540771652 0.126378657404654 0.0943099874210711
"mb82" 0.686937117592813 0.713299158737178 0.207461459012027 0.212853412300236 0.149970870711717 0.0946282833893967 0.138403150251811 0.137236691693558
"mb83" 0.776748832050982 0.778440237355185 0.181581262595973 0.640856721419097 0.141387858690943 0.0869367854319449 0.0759349556963145 0.110606668086171
"mb84" 0.741253658865641 0.783013745302003 0.244288309599833 0.445711363076478 0.181328684277805 0.129537786965246 0.183976467318712 0.188935800925309
"mb85" 0.771084337349398 0.842637936663402 0.214102338464787 0.770838879558017 0.176934106766152 0.0868791879000462 0.0853887338446169 0.184677446859539
"mb86" 0.779315594762677 0.77075429591609 0.191287086099378 0.646718671944903 0.146883405777119 0.0877705689380988 0.0868169062139075 0.124677121906556
"mb87" 0.780974210690969 0.728402301218758 0.180364439949618 0.534008946361362 0.131473450826693 0.0785905488224851 0.0906846127622492 0.105970787596589
"mb88" 0.749855718379512 0.733421477890407 0.185253161240623 0.564457698024374 0.137607482637303 0.0776919485849038 0.0800035141244773 0.108841573445618
"mb89" 0.703113820674312 0.747197431516572 0.247062323487572 0.174869557481083 0.166082910027925 0.0851737627506014 0.2081196534393 0.165996892992181
"mb90" 0.712674338725741 0.680693638076564 0.181863704005749 0.388244503537627 0.126852235633469 0.0843215372018609 0.116620642759303 0.0988857845087711
"mb91" 0.80952380952381 0.874603733709053 0.220840562868901 0.807022214364646 0.185185188682912 0.0913033124849583 0.0941050775210974 0.200783890485977
"mb92" 0.733419844004999 0.687711266099012 0.168215153296034 0.457046103584345 0.119404986313577 0.0778344206332561 0.0877067912068127 0.0774601623545992
"mb93" 0.746451972145947 0.733701015965167 0.189246361695968 0.564322108304505 0.138786663952011 0.0808014543811746 0.0845125594027721 0.117221023187358
"mb94" 0.744064214087178 0.775525021726934 0.241220058143032 0.433498171659908 0.17587932289302 0.116083471639838 0.180602517664153 0.18812558734942
"mb95" 0.8 0.790553138595401 0.174269850597785 0.797582368662274 0.145080565186317 0.0686390867150124 0.0401289390699852 0.113131023084015
"mb96" 0.702380952380952 0.758428457658614 0.178956342052404 0.702302209265465 0.141744890138466 0.0651735825931646 0.0441160582247825 0.0946376724278071
"mb97" 0.782823274848454 0.760172554506238 0.204529174927685 0.587970591237339 0.156618703355134 0.0934831495122716 0.101589998980312 0.169172470428293
"mb98" 0.63855421686747 0.676647722453134 0.17945696461142 0.638248055945397 0.135863235695095 0.0647177655231891 0.0437594231684751 0.0827715331030264
"mb99" 0.687921591626493 0.722656584733824 0.22095255979324 0.244987243420877 0.15167291155256 0.0821632423962685 0.173863214431185 0.141304185547308
"mb100" 0.869047619047619 0.856415386014368 0.157975614863071 0.868901179969712 0.132412174611311 0.0636342427912301 0.0211994975590802 0.103400528098256
"mb101" 0.804115094593652 0.801774812192188 0.206421951511229 0.609483467203447 0.157610397979426 0.0905657749475886 0.103979998294358 0.178062314726364
"mb102" 0.798577768627756 0.807792900528245 0.207461407420989 0.587281776971304 0.158791293325043 0.11135558241777 0.130700261201643 0.121392983109805
"mb103" 0.653343415615394 0.721082828976549 0.217836919611662 0.141500297013677 0.147360077306877 0.0823473325748576 0.173543137971569 0.127062416645508
"mb104" 0.739481138923529 0.77773039382454 0.235918681718712 0.457997360864195 0.175835785718966 0.121910936516153 0.16931666931082 0.188706164177942
"mb105" 0.72103610470144 0.685279153564825 0.185391615886539 0.404204296515815 0.128808857293458 0.0836998442136965 0.114458374728276 0.108737026726955
"mb106" 0.836346665743128 0.843688245988459 0.216664872131119 0.652232094723596 0.170467201605771 0.113772280917713 0.130269668585812 0.143184495426222
"mb107" 0.741176470588235 0.787185354691076 0.179213584331538 0.741049493249582 0.140108385444153 0.0663197109481744 0.0458757886278074 0.102877208901124
"mb108" 0.705736580001556 0.757594905214494 0.254970183201999 0.163136770487125 0.172203577996348 0.0884274301084387 0.217430830630228 0.173255018817984
"mb109" 0.775752785066745 0.800809584804716 0.229344659980269 0.532013240826859 0.177977877987433 0.11862996485801 0.154642663893149 0.174974753161631
"mb110" 0.681732521834845 0.743339224927992 0.24109536951275 0.174805710572429 0.160642390992289 0.0855420429474568 0.20115234670574 0.15948659204581
"mb111" 0.75 0.812216052498738 0.207474808929062 0.746716656353598 0.169639729613773 0.0817277827733372 0.0778515504596723 0.174140112409286
"mb112" 0.754897642845689 0.741678224687933 0.176669656495799 0.619348524297318 0.137372906870366 0.0838393643861786 0.0701662333226076 0.0970975931171059
"mb113" 0.698026632810408 0.721143018018018 0.204908483058626 0.201065852271341 0.144633012949766 0.0939437563709848 0.145909608968051 0.123261021218057
"mb114" 0.806697824583022 0.790683918669131 0.210142002016001 0.528239169919732 0.156009815153251 0.0947370082822155 0.123514145263428 0.174415492959125
"mb115" 0.761904761904762 0.756095524382097 0.173745379094324 0.758851842794073 0.140094300677482 0.0678526202159989 0.0380492970183619 0.104054812499722
"mb116" 0.698202562119908 0.736257019930571 0.226247036695262 0.200147205497827 0.158450529783072 0.105678418656158 0.172330966724412 0.142672034667513
"mb117" 0.704794411810151 0.743729877438381 0.232262321052451 0.188513151777959 0.160482887896465 0.106503915927799 0.181504710008528 0.143345905610112
"mb118" 0.700034361196244 0.745426894140467 0.231766287613728 0.202568933172233 0.160846518316203 0.109642338113807 0.180975882201313 0.143578087102045
"mb119" 0.75 0.767508213729898 0.176030621848482 0.746850880600631 0.1419856464976 0.0665734764074413 0.0412644379109465 0.106586877218943
"mb120" 0.705260221886156 0.666575909387933 0.179884370881054 0.321316282768127 0.117990433539457 0.0758725393377096 0.11907350376795 0.0942230908844783
"mb121" 0.708332579500409 0.738386902746781 0.231958839869048 0.200090309136544 0.160511683110787 0.104150357631954 0.174976179746438 0.152654177779258
"mb122" 0.687697397092096 0.707803824669667 0.200079017347518 0.203300270709919 0.14282844380648 0.0892834758966543 0.136235587956791 0.12252000849053
"mb123" 0.714642015218591 0.676938494300388 0.168146619555508 0.414893376667379 0.114539073508453 0.0765570309199073 0.0956333877563563 0.0754219206940409
"mb124" 0.719397282006595 0.683820294294979 0.163346459330311 0.513229131592592 0.11745081834528 0.0760801857486848 0.0715871503727163 0.0735853749629122
"mb125" 0.775677616619493 0.807920469139661 0.233795924618539 0.554811240768695 0.181793341608552 0.12717928910466 0.15963199322522 0.180212864073691
"mb126" 0.803998100347584 0.816870802054524 0.209643578588325 0.604243122985885 0.161788358647474 0.104358213607319 0.122694253394532 0.135279412745004
"mb127" 0.664212700687456 0.717219930581184 0.214156603052516 0.129204379331081 0.145599755234665 0.0741478566823915 0.172739461515513 0.127747093282032
"tnt1" 0.845333030085155 0.818555420867457 0.166454992525681 0.775175519349923 0.134852116676659 0.0865510748922313 0.0584311723223922 0.097848466380326
"tnt2" 0.738095238095238 0.759122759122759 0.170601701104369 0.737861075357298 0.133308565636248 0.0621774305302708 0.0355202109446047 0.094468012265209
"iq1" 0.752941176470588 0.729149598558086 0.15349126090865 0.752653801880652 0.123808140153007 0.0596610131284582 0.0159748410950246 0.0815748978314986
"ufb1" 0.672650176696067 0.721607360303071 0.227399475445411 0.17765093991662 0.152006746018131 0.0822278944040976 0.188445585174128 0.143085096070777
"ufb2" 0.655319269974408 0.704691745089243 0.207087151723076 0.166294216395906 0.138795411419047 0.0762265553340307 0.164420851492586 0.119914353128817
"ufb3" 0.737464967079798 0.690974044664172 0.169831531175646 0.4953119794576 0.120352665039156 0.0759255514245769 0.0787806562697388 0.0786872859036587
"ufb4" 0.702082515410038 0.733208401064985 0.226002447022045 0.273362109860722 0.156598743650073 0.101388236941427 0.172069333738199 0.141166147954208
"ufb5" 0.80952380952381 0.889175607768573 0.211801759003025 0.807081634466852 0.174190582850277 0.0834811488261356 0.0827928166406761 0.161614952768769
"ufb6" 0.693770066662283 0.708674421549252 0.207054241045912 0.316529537507227 0.146698373412679 0.0872451744753874 0.137960449110327 0.134373218183905
"ufb7" 0.718420027525985 0.709819573431777 0.181635469799226 0.434777002765606 0.130811837639607 0.087129820887477 0.102649337777907 0.104171625575214
"ufb8" 0.684089945032833 0.66945189689279 0.179071421961801 0.305415682479895 0.115871710289912 0.0786003244518702 0.113637839199171 0.102848004255117
"ufb9" 0.708388514811991 0.719566939529971 0.175112898591626 0.545080218298736 0.132486132259979 0.0782724309342092 0.0684080981132569 0.0919282990900843
"ufb10" 0.695755065852863 0.701860079825288 0.193818915690887 0.221961395332586 0.131338142984793 0.0843747692102333 0.143078890937038 0.108024086442281
"ufb11" 0.649926071218415 0.714981019235255 0.215606650647637 0.189894260796023 0.14589495739334 0.0801943128699675 0.172395483726349 0.125253788929683
"ufb12" 0.689497345011131 0.714843371667516 0.203775267522645 0.332331935364836 0.145305477320331 0.0909751516939109 0.1401405104031 0.1277707265184
"ufb13" 0.725842616642617 0.692429124759952 0.162209968652399 0.519518548870704 0.120324173038654 0.0770816323280668 0.0700682965521722 0.0759176560361305
"ufb14" 0.698324063813819 0.713292803643424 0.205479453583826 0.320373095911311 0.14432850574237 0.0910834861414912 0.141980896034159 0.128037150631167
"ufb15" 0.69583768957975 0.716422353674067 0.210776038788828 0.344219762022052 0.150806286161558 0.0929117562735136 0.141894068367808 0.139108679973872
"ufb16" 0.650602409638554 0.611839530332681 0.166655286694107 0.650308434630264 0.124787288610708 0.0563670659669855 0.0283980903192638 0.0584719098987669
"ufb17" 0.738095238095238 0.792372333548804 0.19785514180328 0.737802359939424 0.163458023226481 0.0781766505968036 0.0666585168185 0.162040177510357
"ufb18" 0.665225237743165 0.72129143012693 0.218596856306323 0.165805432421935 0.149332648895992 0.0754828307011399 0.178138152585212 0.133565789473825
"ufb19" 0.703061999357636 0.740837503779964 0.227422965525107 0.304914906973187 0.159879542750362 0.110515916252108 0.173535506239969 0.142269917184371
"ufb20" 0.705994570550303 0.742611194644387 0.229164090191642 0.316715874523784 0.161568360002968 0.107491225624355 0.171908211884272 0.148545620300653
"ufb21" 0.700408104640636 0.728068008091789 0.217581413661784 0.377704175078134 0.159753645381234 0.0919646178067329 0.141767657680589 0.153613755588171
"ufb22" 0.697439565346957 0.714401409048949 0.207449885812378 0.350826239879429 0.148561626859408 0.0940251847459252 0.138277615068256 0.135003044903592
"ufb23" 0.843373493975904 0.902076170325311 0.215639723879506 0.843205549171275 0.180794155084027 0.0881798871796818 0.0860379512749397 0.173921288252081
"ufb24" 0.705882352941177 0.62841628959276 0.157076133231015 0.70565629483782 0.121682267783873 0.0560651837483008 0.0201420804792941 0.0747352820987518
"ufb25" 0.630952380952381 0.566801271586906 0.15230743363048 0.630834600649854 0.119925658027308 0.05253262065216 0.0133102951709699 0.0496175543281495
"ufb26" 0.702886654245054 0.746875460324295 0.228990798222075 0.282158799089288 0.160007252573767 0.109690133793968 0.178016896265384 0.140220771060921
"ufb27" 0.693403962697253 0.717422526016666 0.214711667618219 0.353750531534051 0.155913991265581 0.0889765415954848 0.138772602511182 0.14962084170071
"ufb28" 0.653320663339418 0.715917928891737 0.217484352624611 0.187706809866891 0.145857434769857 0.0778203852555056 0.174372205278875 0.126093409146614
"ufb29" 0.709570870979285 0.762904581757041 0.229369239121216 0.533013436473279 0.177011532527197 0.104734383843762 0.129539679380585 0.172716326990769
"ufb30" 0.74422249414233 0.662674924956665 0.168226571651282 0.425470486045225 0.115752597497927 0.0700302887626569 0.0880535717762532 0.0861277365095421
"ufb31" 0.705372633940925 0.671229136936154 0.182289214094718 0.336955171378149 0.120889977188865 0.0748362958052687 0.121732609047662 0.0965729844384603
"ufb32" 0.801082929141746 0.845781699216814 0.229056560735009 0.724436868443667 0.187478429795207 0.121526202092267 0.129167440147176 0.19289957887744
"ufb33" 0.785457800730855 0.796033247898053 0.208440824236966 0.528324188364305 0.156238079656938 0.111330098174904 0.139376638359615 0.116354412281493
"ufb34" 0.717647058823529 0.647397715066888 0.146030473480393 0.717492712476311 0.115365938025442 0.0541288517057759 0.00730203927312305 0.0592991948394246
"ufb35" 0.700566693677413 0.767389678384443 0.23641773361658 0.461195567041001 0.175258660321114 0.102983185356969 0.137164029867996 0.180368751772405
"ufb36" 0.757894363767949 0.706662789985922 0.181478129320052 0.504064559246342 0.132026628883495 0.0749442531756247 0.0918688426657268 0.112987439751612
"ufb37" 0.857142857142857 0.805935483870968 0.153938521007993 0.857100536257253 0.131472019890269 0.0641996923471601 0.0165066293197483 0.0998164243471939
"ufb38" 0.805866465086466 0.806647912222402 0.208860028243373 0.587446488422938 0.160460803751172 0.112606878876263 0.132234345127601 0.125271647541508
"ufb39" 0.823529411764706 0.750854241921312 0.148305420152886 0.823440198704176 0.12345370400447 0.0582550676871351 0.00994655392196536 0.0865278685387957
"ufb40" 0.693301434235631 0.747664916418979 0.246117279268581 0.177100662872855 0.168251767376887 0.0800722733787397 0.208829038242733 0.164152511455284
"ufb41" 0.655068056995648 0.724105052800766 0.218678805686102 0.22527282776218 0.152883626280607 0.0895061416918443 0.169446965865642 0.127881754772497
"ufb42" 0.650370310583118 0.716324722272209 0.215770206067646 0.225914180455277 0.150735606837043 0.0930112139452611 0.16396979873564 0.128882570303152
"ufb43" 0.758531829429311 0.770870906977676 0.205994170666356 0.496650056619061 0.155218891448734 0.100038346775089 0.118466336309102 0.129268154687026
"ufb44" 0.738095238095238 0.673332213073433 0.159241757503289 0.738097271583726 0.132794668945526 0.0604388419064003 0.0213816482141546 0.0830326966014735
"ufb45" 0.737344761811855 0.747506651789546 0.196196019530139 0.478722061703545 0.146797759749916 0.0999555265801124 0.118527449614736 0.109969945746969
"ufb46" 0.655391273550445 0.72980495457979 0.223771247875782 0.228619330481824 0.155630329880499 0.0959528314876583 0.174823419228747 0.133401997512177
"ufb47" 0.701652329525621 0.733185773823663 0.226815928990884 0.304829057064499 0.15786334130084 0.09217943345638 0.175777856816471 0.160192788004638
"ufb48" 0.654761904761905 0.643157196550962 0.166839409476215 0.654493268937717 0.123083822429993 0.0567568855912875 0.0301342446724826 0.0524875450944726
"ufb49" 0.740745601140548 0.673825699466725 0.157786608612485 0.580801129579111 0.113232513545943 0.0668676850190773 0.0483562121833601 0.0635267504694847
"ufb50" 0.660584176368339 0.702750647697604 0.213636754408718 0.198858476105592 0.145207402034037 0.0790097992745891 0.171355616364275 0.123304114904071
"ufb51" 0.657955348850507 0.727279586233869 0.225709658082522 0.211163192328876 0.156099165863571 0.0882468636053108 0.180487713975961 0.130545852768478
"ufb52" 0.673645603989033 0.719310221699451 0.222488210019258 0.186987126570014 0.15120134457892 0.0840584050002412 0.182829020589497 0.136265916588063
"ufb53" 0.71423229759659 0.746570230607966 0.23534487570507 0.319984049268542 0.165025533497065 0.111030517478136 0.174247693638088 0.159088657391275
"ufb54" 0.705882352941177 0.708747855917667 0.170917422036818 0.714084976233687 0.133837763581862 0.0604153837632472 0.0362319042313791 0.0937436270183897
"ufb55" 0.678936456863729 0.724776609123013 0.225762528499078 0.175265232696056 0.153599306308088 0.076500656635407 0.186725585292563 0.143174989874943
"ufb56" 0.658283917659282 0.708175917745824 0.213912367683177 0.198834352186572 0.145748541712227 0.0790561175548877 0.17322561165929 0.127948145955333
"ufb57" 0.656984225003886 0.729461932678197 0.223823411288044 0.204104515207836 0.153581677446721 0.0875270902952922 0.178469428923803 0.131231341648983
"ufb58" 0.698816339434861 0.738881579687166 0.226687311467022 0.264599247820976 0.157721279274523 0.104286266598444 0.175605131285546 0.137603240635081
"ufb59" 0.796500008820392 0.739787068604582 0.184461842771191 0.602316212872281 0.140072076740412 0.0802339629007988 0.0791873781123466 0.118027339501582
"ufb60" 0.714285714285714 0.550897703549061 0.146490573899997 0.714202407069435 0.120115792205548 0.0553604643487075 0.00653963816841757 0.0627629991772173
"ufb61" 0.633733579752762 0.58952786367348 0.161689748859177 0.305308011438632 0.114916476941917 0.0663743853284901 0.0885785127318446 0.0822642517219694
"ufb62" 0.644994931239075 0.613536878165901 0.180360319009996 0.199200695055908 0.117123945762692 0.0671432972051559 0.132507689359055 0.0926621914740976
"ufb63" 0.657127478009664 0.635054252104093 0.191850675121582 0.187559497793532 0.124075741405736 0.0591987373913941 0.147355904349682 0.10369374481191
"ufb64" 0.725814891154942 0.74756720300607 0.216899675488405 0.435450560575845 0.157316904636199 0.108950611059997 0.141235930328399 0.146852433034625
"ufb65" 0.710030412065575 0.734297830453768 0.206637557018997 0.428527104809139 0.150054788404435 0.106247052832486 0.137437955080548 0.128226259498637
"ufb66" 0.71533149704376 0.666455987129396 0.152380152432307 0.595055927999765 0.118596525512459 0.0711280169415041 0.042575472903627 0.0725109576592957
"ufb67" 0.696163789725831 0.69084835340164 0.192240398271242 0.45569873564862 0.143399904958612 0.0703421849608669 0.0875388975208133 0.119742365895116
"ufb68" 0.681163580989076 0.727359161865862 0.227342710111851 0.189022515879528 0.155455678073163 0.0783145440962596 0.188383991170576 0.143281373433131
"ufb69" 0.703618472074523 0.746906949122337 0.246134074178881 0.163095971993277 0.164184730350404 0.076562349682338 0.207706371564269 0.165952245497353
"ufb70" 0.712218044450378 0.670953489698661 0.177937406127264 0.360735818373589 0.121625838865534 0.0767559715499746 0.112284007161697 0.0945758665749938
"ufb71" 0.693930564841881 0.690979379926762 0.191176805655189 0.210262682918159 0.129235977344781 0.0769904097569832 0.142293531149524 0.105714649871174
"ufb72" 0.685066087537876 0.677302848583583 0.186482162188671 0.210348581930152 0.12445083805955 0.0669451926089213 0.139039510939625 0.0986470495859462
"ufb73" 0.791236391743325 0.742808072133963 0.15385194084706 0.714052302208465 0.125014453785206 0.078021202637111 0.0441948197705894 0.0814720199621261
"ufb74" 0.775947859632596 0.773009705313527 0.20392890120435 0.528324188364305 0.153722834508059 0.110816536052259 0.134471046349959 0.117568654491704
"ufb75" 0.722279009147562 0.677089418592402 0.182309176070028 0.429504041099169 0.127232439698546 0.0775210720317113 0.103269809873309 0.10904459323935
"ufb76" 0.697620571330323 0.650277276244519 0.17353628274428 0.334491407079533 0.113064350839039 0.0733785599093337 0.107526189826338 0.0909500023715519
"ufb77" 0.69531090421644 0.656628443720367 0.175558669350368 0.33820717244478 0.113671216554961 0.0757853175685889 0.114427055196708 0.0887307260599357
"ufb78" 0.711332022772306 0.729807149265553 0.231383457928336 0.268669749362901 0.155090521575373 0.0941631520195198 0.184906383518022 0.159338630084346
"ufb79" 0.663544405886044 0.607696044309344 0.173928205527609 0.281645143645286 0.117541446949572 0.0732563837495843 0.10795582038287 0.0967637509436144
"ufb80" 0.671178289001842 0.727927292972745 0.224573033646774 0.163912508225618 0.153553746233731 0.0684460689273267 0.185011147758331 0.14042188754503
"ufb81" 0.709471732246898 0.732119095927901 0.18007453919967 0.420623434934479 0.131073996227558 0.089238305283517 0.100890108062459 0.0960050581799473
"ufb82" 0.707237752017284 0.731689287284061 0.179720560105722 0.397640567176743 0.129213041974758 0.0907584760551266 0.108325514247697 0.0927847337420262
"ufb83" 0.6840721639094 0.746537165675305 0.234673538944549 0.461195567041001 0.179241962968801 0.103249920280723 0.135472206190318 0.174512429036621
"ufb84" 0.724113856056408 0.69081933976817 0.184610706113484 0.504291116750622 0.138384485364978 0.0864650881046292 0.0953443644456081 0.10926332581856
"ufb85" 0.712826722058923 0.676924098167887 0.182199612521476 0.439022480965235 0.130812047709971 0.0845535478631313 0.103304540761284 0.107983491595062
"ufb86" 0.70523244728464 0.75819553459941 0.256920960902967 0.151562571687067 0.17338253801074 0.0884968528245084 0.21980856957761 0.172921531268852
"ufb87" 0.697917430273107 0.65470576746003 0.179118350874212 0.367961971933747 0.131234434512686 0.0718920892447475 0.0996251309188715 0.105433016657315
"ufb88" 0.677675795974277 0.722529960614166 0.21892214427858 0.248350405423197 0.15197320697758 0.0807342394450105 0.16974261931202 0.144410586578241
"ufb89" 0.630952380952381 0.670328696730752 0.178860220161007 0.630833266094924 0.138114538852959 0.0613629825176744 0.0445568376051336 0.0899696082129954
"ufb90" 0.683781775333865 0.724109916367981 0.221722862218897 0.221583263810509 0.151028925090225 0.0806330828916198 0.176330000576133 0.142448894792229
"ufb91" 0.685942237699059 0.646941273062445 0.158140277762155 0.477390594234838 0.120018488685545 0.0763026642428677 0.0655704150611181 0.0639553424368232
"ufb92" 0.692047461815569 0.636465924809546 0.157477916208181 0.41025802118077 0.115473131415598 0.0754726990354935 0.0761003757571791 0.0586578128864201
"ufb93" 0.702402191731701 0.650484873961761 0.159889470435891 0.37266883013563 0.116829977895304 0.0737179022748405 0.0866465597210883 0.0660097586651276
"ufb94" 0.751856533488246 0.726551576544443 0.152783143491982 0.67027969704169 0.120079482058675 0.0753650713211055 0.04333899355935 0.076715394604331
"ufb95" 0.785903258608292 0.762986772525959 0.164633953146881 0.654416025508494 0.128509276024342 0.0901273164770775 0.0728975812348098 0.0867235062726189
"ufb96" 0.724593537532415 0.758408800103157 0.235234183237432 0.295528400132507 0.167879851176106 0.090020341374262 0.181959929836302 0.174746381867224
"ufb97" 0.811764705882353 0.774400136623687 0.153847048009361 0.809428238064421 0.128428201500509 0.0609276430805191 0.0163884262621302 0.0920202546186798
"ufb98" 0.688371313598133 0.615736696830998 0.157095246018224 0.52433980534922 0.110242283512252 0.0654782475647538 0.0475750195251985 0.0617461584576324
"ufb99" 0.712353076797847 0.652335167249653 0.158329717298387 0.48442460395163 0.112350778329049 0.0739960285308153 0.0659784182888401 0.0683671036606452
"ufb100" 0.683763932125062 0.725883542143871 0.234103066573587 0.139815619101975 0.157029750161165 0.0698175503120375 0.196270102607359 0.150928841590639
"ufb101" 0.752235754137708 0.762346375014094 0.180323904238645 0.626414407433175 0.142531696009193 0.0849002340287948 0.074215103189829 0.106646101705221
"ufb102" 0.667851381253359 0.639781272750196 0.170718300331619 0.269778652203649 0.114421687355856 0.064321694745928 0.120538433675248 0.0877983343328283
"ufb103" 0.664429796466498 0.635678825227122 0.176148148513345 0.339964897889485 0.128119201683002 0.0769218796271901 0.0963672976311403 0.0992062043925887
"ufb104" 0.7312098633519 0.758392137467007 0.235968147132284 0.350951868419998 0.167244890588875 0.0980843799508559 0.182724085902102 0.171618490878779
"ufb105" 0.658773074664007 0.629324221287171 0.174345004470665 0.470347646033941 0.130784417789641 0.0725892659431819 0.0676862329540197 0.090109192779906
"ufb106" 0.686828807450041 0.717090206720192 0.218510814837909 0.281313884268965 0.153423907412482 0.0819631875879867 0.171255351259496 0.147527768944172
"ufb107" 0.6794958662096 0.719706559410363 0.227361220898874 0.22234663028423 0.153608297390901 0.0834761528333866 0.184841106396066 0.155274750119283
"ufb108" 0.706947607936922 0.652307636310694 0.187791651286695 0.356039957963863 0.13538558924899 0.0764281812589612 0.109174853676742 0.115687658025987
"ufb109" 0.663943715574308 0.597529743701044 0.173122467628349 0.258361764322589 0.115526774682401 0.0708567442016309 0.111738492390628 0.0919664518778172
"ufb110" 0.657740273983185 0.594304338009365 0.166917426150954 0.25832262158854 0.111645027079529 0.0666413911528585 0.108783465465279 0.0832106826186958
"ufb111" 0.658492113941283 0.622104896871984 0.183143471323568 0.202108149341235 0.116652741409661 0.0690463058036852 0.133702788203757 0.0965087355696062
"ufb112" 0.652503676492334 0.626711104448007 0.185865989119287 0.203995963692193 0.121225661343194 0.061575377906097 0.139795103733885 0.0969000285438495
"ufb113" 0.692846211431305 0.72293303532399 0.221658590327535 0.304840075431286 0.154955794491389 0.0932913200238637 0.172642421050472 0.151438977919241
"ufb114" 0.697436131392653 0.748470466274536 0.250927879640715 0.143365500951266 0.168444428593255 0.0767621362016811 0.213883509665892 0.166463833932687
"ufb115" 0.714949811606527 0.700128950633805 0.187963064737944 0.520964265866673 0.139697713210437 0.0720675494218285 0.0824305486517654 0.129398705654483
"ufb116" 0.776701844750029 0.769850154654991 0.201988325104294 0.533236555706576 0.153036382442754 0.10420504456978 0.12485224884093 0.123327891791508
"ufb117" 0.733775032057516 0.780760671793727 0.226758569818692 0.499457557814054 0.175654273014275 0.118278550677218 0.151913464942569 0.176558380013792
"ufb118" 0.814968149756755 0.820252573104728 0.212462689642368 0.61176428055696 0.165217130900924 0.109481105736732 0.125823502757261 0.140410050288987
"ufb119" 0.703932548426538 0.74067597813455 0.230816188891214 0.285335861749106 0.160249722128827 0.105666713080791 0.177165407863165 0.147295651505714
"ufb120" 0.660464249836301 0.714264339275468 0.21150618897866 0.165817177319999 0.143637536352742 0.0763450963631596 0.169075966367307 0.12153373828419
"ufb121" 0.701384746434544 0.724033661389246 0.181575783507274 0.458510558099167 0.133520521406986 0.0893626755301075 0.102583890741004 0.105547739548706
"ufb122" 0.705882352941177 0.652280198937874 0.147103676368876 0.70565629483782 0.116559280487205 0.0534383826133241 0.00854958533391273 0.0631652965027521
"ufb123" 0.663543906886153 0.604546834553066 0.17101034216391 0.273200145771967 0.11439520735775 0.0688242123400435 0.109549858992472 0.0902187555732628
"ufb124" 0.660357292288886 0.618765990668974 0.183816039379194 0.211467795407965 0.117326056244269 0.0699025123744908 0.132337953004041 0.0990455284862276
"ufb125" 0.664836278787346 0.629981109259806 0.190212966800132 0.199783108275068 0.118437906482058 0.0638675954526035 0.142915343405258 0.103356366578744
"ufb126" 0.717463024553289 0.73247895944912 0.177023314235341 0.444295014763495 0.129102259921639 0.089956444073175 0.0975442105643169 0.0872662247087618
"ufb127" 0.69722632128808 0.746150113158599 0.246129450691528 0.151623419030176 0.166975036778504 0.0606292183720643 0.208847734918378 0.161961994781819
"ufb128" 0.683982474004997 0.721700775950324 0.216563559777143 0.202135844844798 0.145322745755431 0.0821988351968319 0.170787876073862 0.125725223250323
"ufb129" 0.711404205445093 0.643519603575853 0.167692011773281 0.538257546309862 0.121962072360727 0.0689051621053879 0.0596161593321882 0.0726862889621784
"ufb130" 0.726243275122511 0.658529682303828 0.162561397710926 0.492047539867711 0.115431868596554 0.0739848189454854 0.0705083185719391 0.0691761432382176
"ufb131" 0.701421472963611 0.65846929928273 0.163680680586073 0.49381000872594 0.118001209024511 0.0743085630378873 0.0720705487149051 0.0790470899862103
"ufb132" 0.63578985249181 0.677692330659023 0.190596378599632 0.272927233559256 0.136445188350221 0.0810545975590959 0.126007675166704 0.113753678989554
"ufb133" 0.714294036137145 0.737821063482519 0.234158515167504 0.303721145906955 0.158386126211602 0.0949268741306667 0.183605128926597 0.168078356025399
"ufb134" 0.718337464957742 0.670832581203479 0.167788067715287 0.427448436580141 0.114410012267582 0.0761779558097988 0.0874153344266665 0.077508520685044
"ufb135" 0.647058823529412 0.649587221823403 0.169329005494862 0.646764342904642 0.127286796351193 0.0587344018082124 0.034385447404739 0.0743938848487507
"ufb136" 0.672418815821494 0.686630503938764 0.174509233669246 0.373901690889788 0.123629086505851 0.0873875714482438 0.102660607151 0.0889221117255824
"ufb137" 0.67305676799008 0.698090598742065 0.178999255837832 0.32711639091614 0.126512334632719 0.0875695092656813 0.113557598420569 0.0947808983529638
"ufb138" 0.693673235372577 0.697231139127033 0.190305862612783 0.233629481697445 0.12904267505286 0.0807945041716929 0.136892693201996 0.102443280118608
"ufb139" 0.688526127439066 0.704862775793748 0.180058189889308 0.362571714163552 0.126366813324194 0.0913420262245742 0.114700939702996 0.092571794108187
"ufb140" 0.729827930801136 0.689299463412459 0.154486411011274 0.578115373302692 0.12049781028424 0.0818759392425984 0.0614480413951432 0.0737689203958429
"ufb141" 0.66231567551374 0.602034944636068 0.167415902900326 0.28099246920229 0.111006973487394 0.0696231161999659 0.109384272611881 0.0834076580423918
"ufb142" 0.737037326825763 0.769721162428035 0.226893554214996 0.440092298375661 0.170450317077234 0.111567728574184 0.159399240334881 0.173590206865595
"ufb143" 0.651030498012632 0.590421078219533 0.160349348635047 0.304704347934991 0.111650956033775 0.066021171981356 0.0871028115030649 0.0842819161044425
"ufb144" 0.678083769879186 0.659833166499833 0.177436406079171 0.317234311676781 0.11743000086032 0.0758139408126471 0.105875640926949 0.10202075807694
"ufb145" 0.679577431072201 0.714416096710163 0.224137420507611 0.222342207180087 0.150957696036802 0.0836192045698295 0.180256724245745 0.152881795531343
"ufb146" 0.727396283048079 0.677168093701077 0.181992280810931 0.439105444947824 0.127881832117501 0.0790580502797391 0.102958977218812 0.10877391907343
"ufb147" 0.714004793660704 0.654085089038497 0.171479188640904 0.392276155595712 0.118592725002472 0.0741737264000938 0.0992335694941726 0.0903649708411301
"ufb148" 0.655700392701754 0.726728040298628 0.220974632613663 0.191989430927812 0.151160243670036 0.0839340283660441 0.175478836112887 0.13000665917355
"ufb149" 0.662650602409639 0.631590390259811 0.173362726561487 0.662467135444748 0.128429690818435 0.0606787372050201 0.0373627449637573 0.0600040989358812
"ufb150" 0.735846099895059 0.677665444580232 0.162572614140843 0.587941513016363 0.120215421680054 0.0732654717549227 0.0535040115911197 0.0646696725854206
"ufb151" 0.644239675135529 0.588577908822862 0.173307481504531 0.280866833146585 0.117893596604976 0.0645204390434327 0.0932515437476329 0.107951046040366
"ufb152" 0.672264733832465 0.712744789733681 0.223884070829702 0.140336684961409 0.152425572579806 0.0762063559794628 0.185502346020756 0.145604682428528
"ufb153" 0.680489958586276 0.726570875715817 0.230676267608683 0.175031487667845 0.157732978808619 0.0746289546560518 0.192674030263623 0.151721035008462
"ufb154" 0.689531202645485 0.738380194793748 0.237449176354512 0.175049994534867 0.162198950623359 0.0755049123464314 0.199732038267131 0.156346195215462
"ufb155" 0.660406154133947 0.706107385941063 0.215536174081181 0.201204230032198 0.145190717046558 0.0791172891384504 0.174222812082874 0.127459530717402
"ufb156" 0.759298434502839 0.679936239373229 0.166445049595519 0.479647438071431 0.116050439083121 0.0723406504867419 0.0860674122702473 0.0880833111681163
"ufb157" 0.69047619047619 0.76324231838597 0.189899766020356 0.690188777164466 0.146817033375553 0.0700326295660592 0.0568716869025006 0.130827872649746
"ufb158" 0.792820164047338 0.779949655810131 0.192488591170488 0.599957226200768 0.143989396468018 0.086424209391838 0.0879912842008003 0.146155843583097
"ufb159" 0.778306917025003 0.709765611976128 0.149292988674603 0.682127233788443 0.115484175686949 0.072147639973348 0.0393979777561588 0.0694300755782408
"ufb160" 0.706202220682408 0.680586411779902 0.181621615274726 0.350340712495534 0.127149662230762 0.0876292326109174 0.110392032445967 0.0946269611438309
"ufb161" 0.702812177980578 0.715694186965174 0.219157736287852 0.233388923770477 0.149875941743999 0.0785334457702282 0.175007948171317 0.13674534297557
"ufb162" 0.741176470588235 0.754713874022231 0.17625932581641 0.740991465997727 0.14034525331861 0.0659413973161692 0.0424416070647018 0.106584190528985
"ufb163" 0.697721736654335 0.761502543533901 0.259920778675332 0.141720022029834 0.177304474855295 0.0826037363661666 0.22332124978151 0.177636994227597
"ufb164" 0.680003177341478 0.707280795183192 0.183732487716607 0.28058256311441 0.128513665761895 0.0823046887629988 0.126942035006082 0.0981958963225869
"ufb165" 0.590361445783133 0.514457057185693 0.16179089940345 0.590161236505543 0.115769102728744 0.0496491111519851 0.0229474798000862 0.0307846419839184
"ufb166" 0.690334396961397 0.607113698484257 0.152862484359717 0.539510268875988 0.109433688895582 0.0644342242428998 0.0424796207829017 0.0508342081760653
"ufb167" 0.699276678637865 0.741733445860685 0.225733762764839 0.29409179983625 0.159070567805679 0.107676425940211 0.171728481125546 0.142406301634365
"ufb168" 0.719560246600255 0.685866999861169 0.194341308446226 0.438057330707258 0.145575860595601 0.0819393073754783 0.10585693023879 0.120724657201256
"ufb169" 0.774588201822113 0.691597264979423 0.1686121897027 0.52197491456999 0.121942007647458 0.0697416620138675 0.07759437908274 0.098452546903868
"ufb170" 0.708610286561396 0.671157777364802 0.158239728312868 0.451927589070624 0.113590904065736 0.0723816237909613 0.0767702980687865 0.0662971320443023
"ufb171" 0.687205434664489 0.737540614001632 0.236179662066171 0.189068468459158 0.161026054980875 0.0695769146688667 0.198016781768761 0.153006585453021
"ufb172" 0.665358074878485 0.716745989074085 0.217034935378078 0.165834953316242 0.147663135376978 0.0677878770234116 0.176504718349409 0.131544401742977
"ufb173" 0.661218154050435 0.712821263734976 0.212993837453496 0.165852864428018 0.145340576237502 0.0744632909763873 0.171529826575976 0.126813881284741
"ufb174" 0.683309868913047 0.720118900802008 0.218447167471505 0.221583263810509 0.151343002083744 0.0795991218813513 0.172863251574114 0.138174198876758
"ufb175" 0.682321472409499 0.727054337143961 0.223862554813887 0.210016271716016 0.153318697439315 0.0806399534018776 0.179978782960436 0.144632476020053
"ufb176" 0.709360982859674 0.762352089728043 0.259695341760732 0.151562571687067 0.175657949919261 0.086892429628161 0.222721514306325 0.176008447109809
"ufb177" 0.706207957862384 0.721671846359182 0.218641132245952 0.267621593745394 0.151375455657362 0.080556140475498 0.169457558800767 0.143542502697143
"ufb178" 0.71197742501336 0.717440764828902 0.19955711812425 0.526671122334763 0.151933035131255 0.0841439978923276 0.0958656168869317 0.141006474334574
"ufb179" 0.68114432609701 0.66386016289924 0.171160472856627 0.444881639231646 0.124552695496019 0.0708490140952742 0.0804188413521418 0.10120336498572
"ufb180" 0.611764705882353 0.631822548249061 0.176962013724116 0.61148719899659 0.134156980525951 0.0588870066836825 0.0432584475154962 0.0814405645213247
"ufb181" 0.710750083355617 0.711743686319958 0.20362174857157 0.460744834780868 0.153660980558272 0.0751422669324795 0.10039549423661 0.141348670204132
"ufb182" 0.652331541372896 0.717678302937541 0.219969216803455 0.201694640948942 0.150794055792616 0.0838045278944873 0.175818103832763 0.126263570675924
"ufb183" 0.646427109382076 0.617703497934866 0.174552873373848 0.298587072900921 0.125483202130191 0.0660313890506342 0.0946457267621214 0.100272144606319
"ufb184" 0.679659392965896 0.731764561329073 0.234743919736433 0.177649312014683 0.157681506140081 0.0755783097777303 0.196505438012209 0.151514543831546
"ufb185" 0.688569706574155 0.616163579047372 0.154082077834263 0.404053724272061 0.106971887913368 0.0691693589222651 0.0805648480252488 0.0718716032330711
"ufb186" 0.707149644567867 0.665754998222246 0.17609109839038 0.410210055260205 0.122225859062071 0.0781838232083819 0.104348000786593 0.0964481737381386
"ufb187" 0.677073347349833 0.730173366730264 0.233626142334338 0.162978830660375 0.154282780781733 0.0776179383790647 0.193289995675459 0.153368824089936
"ufb188" 0.639369479420736 0.674439588269346 0.203626175308785 0.140000542077209 0.134012775810493 0.0686045400109437 0.163842691467024 0.119742340393409
"ufb189" 0.819277108433735 0.826616973367498 0.18224364476334 0.816896906423472 0.150115250152974 0.0730380495594275 0.0469507018849806 0.137527728861628
"ufb190" 0.659466969530178 0.704292972930975 0.212874206391225 0.198810814582772 0.146063455928496 0.0850952425208383 0.169527002598703 0.12254023733747
"ufb191" 0.657738205558142 0.594230648190784 0.171922206259931 0.233050663304609 0.109151645251239 0.0628047002996547 0.114084212810702 0.0879661834219511
"ufb192" 0.668674272106367 0.604068596356514 0.177382774731067 0.236009444257078 0.111102563855654 0.0659756102600547 0.122942386775319 0.0904178317544419
"ufb193" 0.681354738884215 0.741117914180896 0.239846972697236 0.163043839837697 0.158946834911323 0.0776630469431191 0.200531117677783 0.15944905607077
"ufb194" 0.642857142857143 0.567287784679089 0.157165529065594 0.642774126602044 0.122687470302627 0.0549546579710782 0.018746532486788 0.0630378002935097
"ufb195" 0.665345156120793 0.637377597524773 0.192370644994757 0.19026861643141 0.122532847287141 0.0627012731934404 0.146670142535377 0.104719201520324
"ufb196" 0.696609386898592 0.672678878048541 0.177430460886143 0.315297949833669 0.123447015323867 0.0864720052093261 0.111863755419269 0.0906664243467658
"ufb197" 0.6972472942667 0.667925294470967 0.17983925693311 0.305842418106417 0.118629659514916 0.0718685742543686 0.125651938635534 0.089748649343285
"ufb198" 0.740025825735269 0.688708596352578 0.174308841476849 0.474748766878917 0.123986813844712 0.079099258854746 0.0946894901068499 0.0958772071381054
"ufb199" 0.775681497872073 0.796440758200359 0.234438647435907 0.507180164024157 0.178520267594258 0.124290604301491 0.167603040895361 0.175308230192795
"ufb200" 0.752810945735973 0.788628898320723 0.24068323656449 0.451411670528997 0.179322003783979 0.122893148234895 0.180022810392445 0.180652899770995
"ufb201" 0.711887523150534 0.708263134452642 0.180032176443542 0.392479302190248 0.125935011418704 0.0781301286394338 0.100806874752976 0.104787929690218
"ufb202" 0.64478892439129 0.711720545086562 0.214051234235352 0.187767322784161 0.145628168165865 0.0809969588881157 0.171779971121523 0.125446648062689
"ufb203" 0.681747451316393 0.642722564734895 0.169661892030032 0.304755331141485 0.115394509803132 0.069955029444162 0.111835591744844 0.080736479891616
"ufb204" 0.680793970040208 0.728219508917199 0.229200475455086 0.177416422457704 0.155395183912477 0.0760596452317704 0.190342446837714 0.144033489724603
"ufb205" 0.71918991318212 0.726999839190952 0.19180262716093 0.414406776978092 0.142895997570143 0.0956568907844368 0.121419574104415 0.104922603200237
"ufb206" 0.707568259139622 0.66615752950441 0.180685935678566 0.352833738322126 0.120995098622177 0.0739303326755864 0.115343802754934 0.0999757041672181
"ufb207" 0.642857142857143 0.469317417619368 0.137096491317425 0.642633909807383 0.107624977979792 0.0487113608320519 -0.00379460677235346 0.0425749048159308
"ufb208" 0.686386663068808 0.74307225765973 0.24316407348756 0.153416145850663 0.165273938831262 0.0624689567243172 0.205778695525549 0.160844423249566
"ufb209" 0.626506024096386 0.492088727382845 0.153198560807357 0.626247093751955 0.118935675059596 0.0559235343510442 0.0134007507910027 0.0599064442222185
"ufb210" 0.689253569229714 0.737892823950982 0.235196483041373 0.189028030750051 0.160992056273603 0.0692030145299667 0.196979207570123 0.152052463139187
"ufb211" 0.738232838544124 0.67066952802764 0.181997689609243 0.465775914859598 0.129493676931802 0.0720330789758132 0.0922325186525919 0.11399208683029
"ufb212" 0.639413325815301 0.675699310499467 0.197721637727829 0.272788212268187 0.141442667008611 0.0809965024470772 0.127832197955475 0.12536336622252
"ufb213" 0.736812372871198 0.683560689737655 0.174750639020278 0.426302422841057 0.120966266625924 0.0813369919714061 0.102918579942651 0.0951753413620531
"ufb214" 0.694938553349303 0.742279016354925 0.244741320058631 0.131259558884464 0.165367913549557 0.0629334335663355 0.207389577061581 0.161998018325178
"ufb215" 0.693139069432452 0.663355356668697 0.172525335482405 0.423190766170511 0.121021414544345 0.0727930683113913 0.081884044079942 0.0938290573870869
"ufb216" 0.670063376145777 0.619110509674313 0.183459802681124 0.286336304733928 0.125264420950319 0.0786617203281557 0.112229295343999 0.113881023632611
"ufb217" 0.653849792744393 0.584361106647383 0.16351228730253 0.272352408069138 0.106987856673942 0.0629099739679088 0.105217631405711 0.0786911413050835
"ufb218" 0.673088081152355 0.707705624273179 0.176663230729937 0.368747293558565 0.128046453364269 0.0856801295704649 0.105062854848016 0.094650582913541
"ufb219" 0.705474781893747 0.725456654942515 0.227362506211825 0.25691359410305 0.150526099999039 0.0841721747076003 0.182283512595586 0.152151361555731
"ufb220" 0.709817868228047 0.663405124396584 0.172317160215279 0.391140096910864 0.123163952092278 0.0763913802390616 0.0924687057032549 0.0919754210054754
"ufb221" 0.686326147995881 0.707400717255604 0.212483173865135 0.236558518991266 0.146282016494105 0.0756796884378728 0.166542386490783 0.134661617179549
"ufb222" 0.688473858068488 0.677865661042682 0.182749499058793 0.491151247787138 0.133516158897866 0.0679154566474158 0.0768806941155084 0.114500706914322
"ufb223" 0.661460973044017 0.70737144389568 0.215240695380569 0.189527543403344 0.146349368246071 0.0723586358523826 0.174632065690467 0.128741673239959
"ufb224" 0.675634403975842 0.71952935694804 0.221579767329131 0.177420204952251 0.150504371449485 0.0806717798524653 0.181864775366325 0.134691232089544
"ufb225" 0.754194323483008 0.759774755631109 0.199069624764867 0.480136412049722 0.148830881858085 0.104147618160667 0.129301905215372 0.11267194982267
"ufb226" 0.66263788139495 0.712590194299209 0.210992368647968 0.152261612455103 0.143257368508839 0.0698053662728074 0.168535603521544 0.123916347532203
"ufb227" 0.654761904761905 0.572547556881761 0.151180992777212 0.650526214618797 0.11745530210586 0.0518742725321815 0.0130204790850802 0.0539966511153541
"ufb228" 0.767076976071929 0.683644974279415 0.169396843629516 0.497943720289651 0.122364847298136 0.0715033276103381 0.0782626849964518 0.095951049963704
"ufb229" 0.657363585882959 0.702772527959182 0.210630296082257 0.201205299498195 0.144066556971836 0.0816133384413918 0.168173934971457 0.121405846675017
"ufb230" 0.61773706541817 0.577911349450941 0.159129991574602 0.249623167530483 0.106014025730688 0.0693187734765527 0.103575858409004 0.0743741157137273
"ufb231" 0.670836626175841 0.694073564477454 0.171760835572058 0.387859349822602 0.126182132045259 0.0817167242863125 0.0997063114312712 0.0888574019415401
"ufb232" 0.717647058823529 0.600213124944499 0.143411525637856 0.717434685224456 0.113620640287265 0.051766585861807 0.00425764002724892 0.0655063301845695
"ufb233" 0.716019509482647 0.68204175144592 0.162433561341678 0.501348194884829 0.116236158856218 0.0728303576121291 0.0705741310261809 0.080451068198269
"ufb234" 0.71422581403045 0.669940683105779 0.163302467724509 0.391015925622546 0.111583752755039 0.0727464280314632 0.0903669678756636 0.073245450301967
"ufb235" 0.666666666666667 0.697794304064903 0.177305042891843 0.662607829770611 0.139686444965698 0.0617822089876595 0.0427472997839033 0.0927595745216962
"ufb236" 0.740437443261833 0.753290111488124 0.197411311565155 0.455715541707478 0.146674224040685 0.0999809672294816 0.127402381168958 0.105745230374457
"ufb237" 0.775990923113441 0.708717401079137 0.185810969961962 0.595150274736923 0.139939910854866 0.0769597898350074 0.0806333810217869 0.124586754442841
"ufb238" 0.683788788849388 0.626023484608061 0.153964549165331 0.565964234987537 0.115211083372298 0.0701180373064283 0.0447533143756933 0.0603918350411861
"ufb239" 0.653491587568027 0.709018573457558 0.214865569687172 0.225912723651424 0.150099475012879 0.0920523845279261 0.160161141406668 0.131552701589635
"ufb240" 0.677539506268368 0.726423801835767 0.225668677034596 0.177606590182341 0.154584676727614 0.07725891608589 0.186625550445831 0.143032065602198
"ufb241" 0.720228780534109 0.658476263891565 0.156698216144987 0.585223807368782 0.118788952006791 0.0679403350007176 0.0471738344655558 0.0707235433362334
"ufb242" 0.759223124297723 0.701369734202608 0.178325278235981 0.486287896227212 0.127504300427986 0.073516420892726 0.0882087592804292 0.106236716257493
"ufb243" 0.662650602409639 0.557191074442153 0.149411997594208 0.658428469990441 0.117374723091373 0.0525263298398025 0.00965094329673942 0.0477436619156919
"ufb244" 0.707131970425703 0.665318935940674 0.174282086356656 0.450934043146485 0.126787304580161 0.0821514244685197 0.0946601550567473 0.0926378617699238
"ufb245" 0.70075165806928 0.666829576231495 0.176354276363143 0.420355966607165 0.126369255400245 0.0838753027919954 0.104754694741484 0.0949929957377455
"ufb246" 0.707295846948756 0.673705669510695 0.177508427545361 0.365119562171745 0.120877587960396 0.0766623014592901 0.116526516173319 0.0891403971365363
"ufb247" 0.705725972174048 0.656326468365925 0.172281772088468 0.39076100740746 0.118397646284706 0.0744281262089576 0.100078245226521 0.0926289922496534
"ufb248" 0.657506970096536 0.59977929186188 0.174865181523571 0.26110126993133 0.118940894127267 0.071637520598692 0.108870305699548 0.0992423043583141
"ufb249" 0.656710148242226 0.608834442643586 0.180731261516983 0.213813699246303 0.114168752410537 0.0692175238138913 0.126544955836858 0.0978589945866237
"ufb250" 0.738481165164315 0.698369153145205 0.20412464089926 0.421168696950138 0.151667024641788 0.0831708007533948 0.116714752544635 0.138416337943773
"ufb251" 0.665939886516552 0.613879280058374 0.166629071703638 0.292449736873278 0.110399455181858 0.0716184461443723 0.108582251302771 0.0841102175592758
"ufb252" 0.622899287751585 0.510490134809392 0.147946937602743 0.437303288043099 0.103730647590845 0.0570176564617554 0.037369378732505 0.0592320557889286
"ufb253" 0.655308879098157 0.707208361144275 0.210745576430853 0.168203611414121 0.141632571408958 0.0784763909766779 0.169152383254962 0.124873121873867
"ufb254" 0.742287230509706 0.761564917598661 0.224335936282603 0.386035411959302 0.16098765628933 0.106450205797927 0.149185164921121 0.148586778502096
"ufb255" 0.658056756593877 0.623346654538405 0.184404599462981 0.20436599428841 0.11710220591239 0.0598420430315798 0.136790696969295 0.0971820619308212
"ufb256" 0.691815175293686 0.741515786339885 0.240345757052901 0.174805710572429 0.161214202347376 0.0828974051255962 0.200363280292947 0.159987532439028
"ufb257" 0.694967141178814 0.751315841949665 0.247027606179131 0.174869557481083 0.16641752534437 0.0851469754804853 0.208083140517848 0.166600350438683
"ufb258" 0.708733972804571 0.640262691026798 0.156695483236847 0.554040799653827 0.114721276154307 0.0622846784571356 0.0475791577703895 0.0738792188769003
"ufb259" 0.701891734213438 0.638569101424557 0.155351547244508 0.414612924141422 0.106259939814264 0.0683022586956336 0.0736360830790297 0.0631253319389043
"ufb260" 0.730733430107811 0.634362129455433 0.165000201818444 0.455716480285321 0.114436591487675 0.0675558992341382 0.0736364880532418 0.0812648138891463
"ufb261" 0.687731564160147 0.655289444035974 0.175480516574675 0.273654890531535 0.116967301403583 0.0644701842957272 0.121008288709996 0.0868049363004854
"ufb262" 0.668809566781647 0.64596186399183 0.17398357351903 0.294005275291786 0.113856156568904 0.0710525440045188 0.119409375230317 0.0852268220395161
"ufb263" 0.651840794940601 0.659848041363381 0.188198523873544 0.21060000418363 0.126724214354142 0.0698688240112068 0.145422275281769 0.106629129383752
"ufb264" 0.746614376532964 0.669052826937098 0.172150279696883 0.443614470140581 0.118814319472692 0.065066213880542 0.081568910634167 0.0954378760294291
"ufb265" 0.678126071048411 0.723657574022575 0.227042904755866 0.186306819958505 0.151456947113275 0.0768123618717079 0.184515499025766 0.14609814047276
"ufb266" 0.670588235294118 0.700114225463492 0.17918372385229 0.670379150929768 0.13820985825089 0.0626980699245201 0.0458410772757798 0.0925110765547697
"ufb267" 0.71009605815153 0.736519977680752 0.225249340070071 0.283249453621459 0.157925304232044 0.0876383832171758 0.1741247220717 0.156737992869643
"ufb268" 0.687945201547566 0.729206267856392 0.223155157246458 0.260415061504882 0.156172819167063 0.0888047989252526 0.17424680103262 0.149101959621337
"ufb269" 0.665386011192796 0.688233672102734 0.171440454499831 0.338515748825232 0.120733301515187 0.084986040372647 0.0993247292114917 0.0870789279414533
"ufb270" 0.678484821259638 0.705775952078666 0.176982147865859 0.315393602304576 0.124598353610209 0.0865837192112957 0.111379707538453 0.0927607895856318
"ufb271" 0.668408278665876 0.720653524736397 0.21803561951014 0.165805432421935 0.148151672602391 0.067510630300594 0.177545400722032 0.132126481797497
"ufb272" 0.766839738224367 0.732402267627259 0.154216403879665 0.666371746379666 0.118678139305605 0.0748043969393958 0.0446065156325583 0.0805825115960801
"ufb273" 0.683703141619018 0.73685469226655 0.236274349874541 0.175049994534867 0.162122052813352 0.0737202502327237 0.198499102752064 0.156681299722185
"ufb274" 0.693461071930131 0.668244346646738 0.177181380592175 0.487810212181305 0.135252494525478 0.0724886219999236 0.0709671110307992 0.101393434126847
"ufb275" 0.684416261293987 0.642586166333373 0.168869126333001 0.409591704509537 0.122982353410936 0.0718714097564378 0.0778794443544139 0.0897120133620485
"ufb276" 0.722875689832372 0.70008520306731 0.182666098392262 0.438284821621612 0.132157783657733 0.0773539120899107 0.0926547557136087 0.111133572722314
"ufb277" 0.716847660003338 0.704183778234086 0.19304884478087 0.473176572760841 0.146598963062446 0.0713087508131708 0.0881149264494624 0.126103768195001
"ufb278" 0.670731707317073 0.714993898718731 0.195234876350791 0.670474569770032 0.151353359359808 0.071967934574801 0.0606016280687631 0.128311295994372
