NA 0.1265119 0.2224784 NA -0.06430864
NA NA -0.006865408 0.1388075 0.1011581
0.2490879 0.09756056 NA NA NA
0.1939246 0.06178233 0.2953218 0.06287736 -0.03243479
0.1228912 0.006203387 0.1809081 0.2153361 0.1006555
0.04903529 NA 0.1252671 -0.05289029 0.006398848
0.1130486 0.02738997 0.1497037 0.08648359 0.1017282
0.03549603 0.04159147 0.09818561 0.002357311 0.06161643
0.1295922 0.1165409 0.1941498 0.03979112 0.1042051
0.2535242 0.1238848 0.1475859 0.01251504 0.09950369
0.09837132 0.2173813 0.09876361 0.06425892 0.1958162
0.01756459 0.03458056 0.02743854 0.00190313 0.1357471
0.06455897 0.04053319 0.08361745 0.07023595 0.1149873
0.06843988 0.06254512 0.09672513 0.06240764 0.07295897
0.05085795 0.05926127 0.1068217 0.1233335 0.02436582
0.1098937 0.0395733 0.02486684 0.07440724 0.107812
0.01394259 0.02505782 0.02339649 0.04658972 0.003639344
0.04437171 0.03588066 0.1520218 0.02796797 0.007906463
0.07452709 0.02347733 0.09784256 0.01584815 0.00560383
0.005572377
