NA NA 0.1334821 0.1217007 NA
NA NA 0.09936086 NA NA
NA NA 0.09193846 NA -0.0507402
0.2297784 0.1004173 0.1301785 0.1865901 0.1241939
0.09364963 0.09820482 -0.04965473 0.172664 0.1762285
0.09750241 -0.05118567 0.06718171 -0.007433617 0.2947752
0.2011801 0.1327276 0.04370778 0.05539461 0.02409909
0.1298808 0.04383467 0.1984162 0.02405592 0.2539233
0.1198151 0.02560177 0.2079173 0.10295 0.296558
0.07039626 0.03742508 0.1292775 0.0835013 0.05700983
0.1833989 0.1831903 0.03108201 0.0631038 0.07760933
0.07053804 -0.01403716 0.1018029 0.101606 0.1315941
-0.01036915 0.1953986 0.05186796 0.03820421 0.07478328
0.1367615 0.09004765 0.06925684 0.1469322 0.07032151
0.04801182 0.1515351 0.05938849 0.1010218 0.0249658
0.04347764 0.07452621 0.1499137 0.04135435 0.04574219
0.02237106 0.004777956 0.07872897 0.05424567 0.05936451
0.02876307 0.02701296 0.01280087 0.07840826 0.06299634
0.09255429 0.01904681 0.007577903 0.01942965 0.04506055
0.006148019
