NA NA NA NA NA
0.1334821 NA NA 0.1511582 NA
NA NA 0.1267944 0.1942937 0.1503228
0.0103734 0.183208 0.08423094 0.03894652 0.0816878
NA 0.267651 0.0468436 0.1125632 0.2029369
0.3011636 NA 0.03534086 NA 0.2185889
0.02217636 NA 0.07450047 0.09671197 0.007807392
0.03682748 0.119393 0.08381427 -0.01817594 0.227688
0.09142554 0.06804376 0.02855457 0.1752878 0.2300412
0.06631659 0.1726668 0.03436105 0.09340255 0.0886822
0.11297 0.09782566 0.04564669 0.08725449 0.1050303
0.2152706 0.04610586 0.2388017 0.01794322 0.01891294
0.02514951 0.03044877 0.04684211 0.0355216 0.1014941
0.1062282 0.07367222 0.1278902 0.08433116 0.04640882
0.04950719 0.06767457 0.06156087 0.03437004 0.1651656
0.05264015 0.1575527 0.07786917 0.02713505 0.04014002
0.01984412 0.02286321 0.01878994 -0.005399166 0.0438573
-0.004816284 0.06366171 0.01792516 0.05886387 0.1107746
0.006816233 0.06089194 0.02087354 0.07240967 0.002525878
0.05756507
