NA 0.2940434 0.09246003 NA NA
NA NA NA NA 0.07328772
-0.004313659 0.1403978 0.3115384 NA NA
NA 0.10012 0.1561202 0.3059716 0.3386809
0.0986223 0.294592 0.04315342 0.1916999 NA
0.1876717 -0.007429835 0.02828776 0.02576738 0.112539
0.06344517 NA 0.04858527 0.1569281 0.1826701
0.2026997 0.1055423 0.1399633 0.1217587 0.08009729
0.1276382 0.2469577 0.1185727 0.1488175 0.09889827
0.03702144 0.1690776 0.005590644 0.04237837 0.1135054
0.1009596 0.0257494 0.1526413 0.03827804 0.1085205
0.07456858 0.1990435 0.1268238 0.1362076 0.1223348
0.01665515 0.005919615 0.2395571 0.03293368 0.07871657
0.02494821 0.08485998 0.03586444 0.05548122 0.04971872
0.01780956 0.01564872 0.09335885 0.01851333 0.1879948
0.03446101 0.03467007 0.1490884 0.04350764 0.1044419
0.02956213 0.01348197 0.05195736 0.03087754 0.0718198
0.09225799 0.05042436 0.019022 0.01111441 0.02449131
0.02228485 0.02159616 0.05215897 0.008775538 -0.01008724
-0.006593733
