NA NA NA -0.04477009 -0.05128294
NA NA 0.08054418 0.2819882 0.1151498
NA NA NA NA NA
NA NA 0.1120011 0.1858886 NA
0.1599685 0.1316197 NA NA 0.2764433
0.1656732 0.1404776 0.1173058 0.2499359 0.01615153
0.08883531 NA 0.1247885 0.07222308 0.05842135
0.1788123 0.1304567 0.0596663 -0.02054435 0.178855
0.09075957 0.147149 0.09772877 0.226031 0.2131965
0.1600294 0.09660101 0.05250931 0.03280601 0.04850743
0.08215752 0.06787851 0.07629423 0.03186042 0.1658776
0.1296557 0.1117479 0.02653142 0.09126285 -0.06000186
-0.01534909 0.04758613 0.1854423 0.1839508 0.09362871
0.04309482 0.001661108 0.05100879 0.04402225 0.006683516
0.06597948 0.05047375 0.01297864 0.07000361 0.12351
0.06294523 0.2144324 0.1577482 0.03404831 0.1363016
0.02130445 0.05332905 0.008044986 0.01620867 0.01042614
0.05262675 -0.001008407 0.02141825 0.03249051 0.02794312
0.03008038 -0.004017271 0.02666643 0.003340402 0.1229724
0.05552975
