0.2230278 0.05932764 NA 0.1316197 0.1315396
NA NA NA NA NA
0.1052847 0.1095822 0.1944882 0.1516648 NA
0.1263012 0.07398677 0.2300895 0.2841585 0.1144809
0.1503228 0.08521501 0.1582996 0.1327833 NA
0.05886991 0.1494807 0.2650229 0.1171763 0.1321815
0.08782746 0.1274803 0.09163968 0.1039017 0.02404945
0.02609614 0.1164905 0.0353798 0.08211292 0.04164603
0.2227793 0.1968265 0.06347695 0.08348004 0.1898621
-0.04216483 0.07487298 -0.007293524 0.07040167 0.2222697
0.2291875 0.1798985 0.0627517 0.1391722 0.08425317
0.02250321 0.0740731 0.09432015 0.1848659 0.04971262
0.04305495 0.02985943 0.1211481 0.1678264 0.03438497
0.07369037 0.09154187 0.08664821 0.1065519 0.05298338
0.1260365 0.03460869 0.0289552 0.1812111 0.07805507
0.05867325 0.03214654 0.04243909 0.03057504 0.08379451
0.08358187 0.03420112 0.001005679 0.05393801 0.03255217
0.008022956 0.04757673 0.01362806 0.02342494 0.0008737522
0.01696851 0.09255261 0.01787947 -0.007184201 -0.001872661
0.03496586
