0.1346185 NA NA NA 0.08017288
NA NA NA NA NA
NA 0.02483563 NA NA NA
NA 0.1326502 0.2876227 -0.03858826 NA
0.2626078 NA NA 0.2996547 NA
0.001967258 0.1472064 0.02497224 0.0605307 NA
0.05201321 0.3011636 0.08294889 0.1592557 0.07672107
0.02768106 0.1717326 0.1621474 0.05904674 0.06034577
0.04332862 0.0997818 0.04675898 0.2680106 0.05823816
0.115257 0.08911028 -0.009433818 0.1668325 0.03960959
0.1858092 0.07631539 0.1295205 0.02242427 0.04248876
0.1441995 0.03051542 0.04606244 0.09101637 0.0321896
0.09056657 0.1662548 0.04344781 0.02615575 0.1009347
0.1375283 0.1516546 0.1158103 0.05903357 0.04170183
0.03743442 0.04564896 0.1321136 0.03105887 0.009606962
0.03113534 0.1348981 0.05750736 0.1014531 0.1035845
0.01450485 0.03938239 0.02451118 0.06476843 0.06698309
-0.002524151 0.03596643 0.03345518 0.01964774 0.04282411
0.03029717 0.03637827 0.008814108 0.01735001 0.03638628
0.05551715
