NA NA NA 0.1944882 NA
0.2946151 NA NA NA NA
NA NA NA NA NA
0.08056963 0.08849601 NA 0.151844 0.05640501
0.2325719 0.1485736 0.1987466 0.1961973 NA
0.1581613 0.06642606 0.04280029 0.1251068 0.05702096
NA 0.04851798 0.2278417 0.02272808 0.1012822
0.1979632 0.03267041 0.01252011 0.137132 0.1977585
0.01020022 0.2446465 0.1597024 0.1104007 0.1948135
0.1897276 0.001223481 0.04622378 0.05805175 0.141542
0.1960019 -0.01126639 0.1374181 0.09367438 0.06846336
0.2221801 0.1129899 0.05918952 0.1239419 0.1914154
0.06993695 0.07808635 0.07606132 0.05078681 0.05162809
0.1558003 0.1545934 0.2167684 0.06582361 0.115153
-0.0158684 0.01883357 0.07734587 0.04048404 0.03785392
0.06551428 0.01508069 0.1051098 0.01956735 -0.0002140124
0.04883047 0.02233816 0.01756706 0.04569714 0.05306439
0.03020611 -0.003877916 0.01947855 0.01995063 0.05220524
0.01491955 0.02292575 0.04226485 0.04557399 0.07212493
0.06108048
