NA NA NA 0.2762468 NA
0.2042344 NA 0.1944882 NA NA
0.039897 NA 0.1465872 0.1164972 NA
NA 0.1625077 0.07748057 NA -0.02539
0.03265352 -0.02431431 0.09328795 0.1025012 0.1032913
0.1261802 0.1544822 0.2117559 0.1706968 0.01818749
-0.005213034 0.05572741 0.002484709 0.09833017 0.02870732
NA 0.1064152 0.0381931 0.08106801 0.08827237
0.2393266 0.08875454 0.2298138 0.1037509 0.03752644
0.07649197 0.2569489 0.05470448 0.02350233 0.1882284
0.05320551 0.0287062 0.1069294 0.1954922 0.1495263
0.105357 0.1590803 0.1591084 0.09742073 0.04128055
0.05838116 0.07845699 0.09956301 0.1839058 0.08177942
0.1952114 0.01978366 0.0413195 0.02071788 0.01570155
0.1005299 0.01217011 0.08901862 0.04949569 0.03215879
0.1676932 0.0484699 0.04968798 0.1873095 0.01066665
0.03041802 0.06978746 0.01740129 0.0453741 0.005028134
-0.0004450154 0.05975194 0.03615533 0.009147907 0.02974235
0.03489612 0.04041781 0.06544141 0.01630971 0.02210533
0.03156353
