NA 0.1706968 NA NA 0.1246181
0.1806863 0.1364662 0.1246181 0.1571704 NA
NA 0.1246181 0.09050513 0.1445005 NA
NA 0.06700451 NA 0.1201476 0.1086771
0.1976736 0.07209936 0.1021001 0.1033973 0.1538139
0.06297677 0.2755141 0.1399458 0.1998623 NA
0.2048696 0.1013483 0.1397711 0.09542537 0.03862694
0.08249241 0.0278212 -0.009248905 0.05399736 0.1569295
0.1226675 0.2877194 0.05400404 0.2622615 0.2020026
0.163121 0.07413595 0.09456155 0.141353 0.05350036
0.04876124 0.05248357 0.06433086 0.1841168 0.1664989
0.07194823 0.2001158 0.1270152 0.1075506 0.004401334
0.2201295 0.1268853 0.108334 0.0302513 0.08603309
0.04248378 0.02915677 0.1140074 0.02828709 0.04996641
0.1749991 0.04664733 0.03643627 0.09758969 0.04598451
0.06113502 0.03146744 0.06820146 0.08194043 0.05839224
0.001428871 0.02423551 0.06711614 0.02917995 0.006122905
0.01141922 0.01906203 -0.004162495 0.03886167 -0.007864357
0.03223147 0.03651369 0.02212376 0.06461461 0.02569415
0.1227999
