NA NA NA NA NA
NA 0.06944533 NA NA NA
NA NA NA 0.1503228 NA
0.04098247 0.1078575 0.1025751 0.1459919 NA
NA 0.04914514 0.1278589 0.06007823 0.1459981
0.1033973 0.2762468 NA 0.1485732 NA
0.2615084 NA 0.05885373 0.03389984 0.1602249
0.05939233 0.02362775 0.1537419 0.06244962 0.2015211
0.0257577 NA 0.2258318 0.2164584 0.2324503
0.159148 0.1266398 0.132764 0.06969404 0.1849379
0.1253844 0.1721551 0.02064077 0.2055841 0.063095
0.02486919 0.05571039 0.1703598 0.03547367 0.175169
0.157789 0.08070821 0.01119337 0.03356636 0.05982422
0.06596161 0.08326933 0.1541038 0.02240907 0.08412039
0.137046 0.07001435 0.09565741 0.0359509 0.06164221
0.04682518 0.1545468 0.05310564 0.06042295 0.1427702
0.01757375 0.03069331 0.0368578 -0.007568373 0.02202105
0.003761999 0.03555366 0.1128085 0.0629441 0.02013933
0.08293621 0.04266942 0.0350816 0.05500636 -0.005371371
0.04395899
