NA 0.1353439 NA 0.1503228 NA
0.1973975 NA 0.1211189 NA NA
0.1976736 NA 0.1706968 0.08054418 0.1217371
NA 0.02003287 0.05653303 0.1370103 0.08604965
0.04259289 0.1006252 0.2994274 NA 0.2929648
0.08054418 NA -0.06504996 0.1824913 0.003088181
0.1016245 0.0353314 0.2223783 0.1371659 0.1399245
0.1152143 0.04742754 0.06468852 0.2748016 0.1733746
0.1343483 0.006458744 0.1671674 0.1969458 0.07242501
0.1000632 0.1302255 0.2554383 0.1205989 0.05005062
0.06588489 0.2533819 0.0566334 0.1094721 0.04044118
0.1281564 0.05627047 0.06298858 0.06489562 0.09957296
0.0407277 0.05984295 0.06075628 0.1620496 0.1079849
0.100886 0.0342647 0.03196463 0.18774 0.1229592
0.0573193 0.08014543 0.04687504 0.1095526 0.210913
0.09231807 0.03093627 0.1393149 0.2285313 0.05430426
0.06602413 0.03119532 0.04493688 0.00378071 0.00605381
0.004263894 0.0570456 0.02931382 0.01084123 0.01449331
0.02655333 0.06189573 0.04273032 0.02797381 0.06480148
0.01965746
