NA NA NA 0.2332051 NA
NA NA NA NA 0.1706968
NA 0.2954662 0.1949723 NA 0.2913688
0.3030108 0.1735044 0.1309624 0.09843795 0.1164367
0.06714794 0.02013747 0.03701154 0.1043357 -0.03282622
0.1866029 0.2923123 0.1570514 -0.05671032 0.3007259
0.2587708 NA 0.04445436 0.2189875 0.06402747
0.08025818 0.1100279 0.167323 0.2209274 -0.005042738
0.04663987 0.2180431 0.2981926 0.182313 0.1516888
0.1162141 0.1980428 0.01463386 0.3072556 0.1116431
0.06451669 0.0572958 0.0558697 0.02606167 0.08755078
0.11624 0.2185254 0.01664145 0.01844987 0.2096818
0.08095133 0.06943067 0.1651587 0.236315 0.07430915
0.04584862 0.2196089 0.1845436 0.05491349 0.1416913
0.06900921 0.1461545 0.04223554 0.05615208 0.0326493
0.06182837 0.07212155 0.04468477 0.01130467 0.03699102
0.003016453 0.0601491 0.1057759 0.03751201 0.05304627
0.02761738 0.003542886 0.03844184 0.06364989 -0.0003003745
0.08508129 0.0224052 0.01995319 0.03717511 0.02716772
0.09083785
