NA 0.1316197 -0.05116042 NA NA
NA NA NA NA 0.141892
0.3011636 0.08054418 NA NA 0.1309624
NA NA 0.161916 0.1380278 0.1082613
0.06097269 0.1511582 NA 0.105175 0.1448606
0.05790676 0.09013519 0.1586624 0.1295362 0.01259688
0.2149208 0.07984082 0.1700135 0.04682189 -0.0244946
0.08676704 0.15004 0.1118845 0.08666901 0.1804172
0.1386958 0.2628678 0.04049566 0.11114 0.08493765
0.1948621 0.1617611 0.1016196 0.04138771 0.03982892
0.05803163 0.2233238 0.09930728 0.03847106 0.1773074
0.03814483 0.08713789 0.1698872 0.1227249 0.0907045
0.05283182 -0.01446647 -0.01564334 0.1553746 0.06244516
0.1063347 0.091341 0.1522219 0.04490168 0.1055601
0.08626337 0.1001873 0.04465904 0.05266504 0.1320457
0.06375973 0.05409656 0.04872661 0.06799504 0.07506439
0.005282111 0.08399608 0.02406415 0.1278452 0.02618618
0.02086192 0.08302945 0.06179887 -0.0006366974 0.03282088
0.00942521 0.02014671 0.1112 0.04137385 0.04023062
0.003020427
