"quartet" "wQuartet" "cluster" "phylo" "mutual" "shared" "clusterNorm" "wNrqs"
"mb49" 0.719640298183644 0.751161621180502 0.210154486399155 0.344275765789537 0.160212281937713 0.0928073864816345 0.151254314091895 0.136649571981676
"mb50" 0.792529776228738 0.812960663619792 0.220213840328024 0.655007572331709 0.174695450375457 0.1123939133858 0.119286400572286 0.13875267598008
"mb51" 0.738589270154969 0.700644630366205 0.184245340079435 0.595424879341364 0.143883840724263 0.0864491221582336 0.0782780323497984 0.0980630172984801
"mb52" 0.796279981959503 0.8159106161037 0.241034431898784 0.573078544682276 0.196113753466749 0.131712354250909 0.157381278929569 0.16302893276314
"mb53" 0.670130170333314 0.747467176386883 0.257826412596382 0.136348659261507 0.178661280216602 0.103363751701689 0.220338363110941 0.178963697267656
"mb54" 0.661955883734747 0.670044219536995 0.196835326796434 0.27694488797351 0.146206515354675 0.0924421992690078 0.108245535750012 0.134033495942141
"mb55" 0.884691409400919 0.878328771192735 0.249322316046449 0.732874134170389 0.209966156838065 0.123882643961071 0.151693190732922 0.204779011197227
"mb56" 0.867581432806921 0.898606904906117 0.262362058840887 0.749505433051466 0.218470203064511 0.138239924224136 0.166427355662066 0.212655437991223
"mb57" 0.674418604651163 0.774066428973541 0.228736178828571 0.674156428802569 0.187996093441179 0.0908332679843128 0.102034272114466 0.162867851669044
"mb58" 0.737384040155905 0.752660522429859 0.196379155938023 0.630048237634979 0.159149852499512 0.100689947636341 0.0921494052204679 0.117175923462367
"mb59" 0.810402500760455 0.826524475804835 0.220620404760246 0.689328706469833 0.183145418606199 0.11398866924708 0.119745586491477 0.172309902880907
"mb60" 0.976744186046512 0.981927104309303 0.277475282985978 0.976452783888407 0.249675403286633 0.127709913347433 0.1587291366654 0.258124587347181
"mb61" 0.77179555018396 0.773453588294496 0.218352351844897 0.459385163000422 0.16758452186587 0.106286990299708 0.142513399524212 0.149739806363641
"mb62" 0.837209302325581 0.915880958651567 0.261455516684416 0.837078214401284 0.224272076346311 0.113087328051292 0.139815323177484 0.217847874750306
"mb63" 0.815660655781587 0.809156605744688 0.220729802726847 0.585794668574869 0.178315332839648 0.113044196924454 0.135019673652208 0.165729350512294
"mb64" 0.638191476464696 0.678681610801561 0.190463391552521 0.149118276697988 0.131437076924661 0.0704443209550552 0.139067469675008 0.117335636038304
"mb65" 0.743525317970366 0.742346182618883 0.180798618882605 0.537042199725007 0.139762362398821 0.0931866536668779 0.0905535706861809 0.108671903077001
"mb66" 0.729100159705877 0.734015904337654 0.209561918622222 0.388866052783024 0.154090874468487 0.100629025947003 0.14036056165326 0.129151991040883
"mb67" 0.772278591855331 0.787928981831358 0.187900224342009 0.674708439572739 0.154353155512783 0.0974476254504726 0.0821981734409611 0.124166046863326
"mb68" 0.67816091954023 0.735470318213647 0.183588085887207 0.677981169430664 0.150879633072158 0.0684914757680657 0.0502165493772689 0.105360170163163
"mb69" 0.742529837991255 0.721165241343967 0.19674106532044 0.458371004178975 0.14656007518125 0.0847642727333875 0.10823046526824 0.103985236461095
"mb70" 0.67816091954023 0.758204253084799 0.202594795918279 0.552226608963031 0.160288931424198 0.0750840513515816 0.0723282534401799 0.133622784157596
"mb71" 0.651345186047714 0.733111644480159 0.242172596311529 0.13644614196828 0.167402226170501 0.087622775894428 0.203890402642217 0.165564262068076
"mb72" 0.639754823219111 0.706941246367987 0.220444294252544 0.136390246779239 0.152144440269423 0.0832793593421686 0.180077490369573 0.146549375305826
"mb73" 0.665508740051733 0.736602931964315 0.247020007168409 0.125392816150404 0.170698803280326 0.0806948146235567 0.208766226442739 0.169714594842967
"mb74" 0.796959773011286 0.800640745594874 0.22060927937221 0.51686117797841 0.17548051033076 0.10833815768298 0.145054010901128 0.161738045659166
"mb75" 0.702578605017042 0.738400643064767 0.200982627596107 0.3558238057893 0.152846332610164 0.0916441771588692 0.136880540080947 0.131419700351027
"mb76" 0.804597701149425 0.835360530757144 0.210200875795009 0.804419742658927 0.180805827152282 0.0884758507450364 0.0811768856883795 0.161873990910407
"mb77" 0.788235294117647 0.759686585155846 0.168383986770483 0.788120489555968 0.140584494163685 0.0670913910849787 0.029912627519378 0.0976953983799741
"mb78" 0.64120317363465 0.632338409900089 0.174705367718466 0.207523552018807 0.126946916249507 0.0756050459667714 0.0945284902774365 0.112643266706886
"mb79" 0.8 0.86178464545288 0.233114919692653 0.799954121676549 0.195760852696582 0.0956022573949095 0.106076739125487 0.185583040587302
"mb80" 0.701149425287356 0.753021088381644 0.194122604241393 0.697413227389655 0.156935315622711 0.0730716430169441 0.0624720187305795 0.109271944339056
"mb81" 0.646723921124759 0.72227357040745 0.233210106064084 0.124904523371057 0.161019457359423 0.0898261670334768 0.194249310418293 0.157072690145584
"mb82" 0.804597701149425 0.850461677051272 0.216412020305499 0.804591067916254 0.180554979399703 0.0891776072056051 0.0884027016809114 0.147736793181079
"mb83" 0.791624420342295 0.826819509029956 0.237917124954495 0.618565471827911 0.192273211032635 0.116602993042783 0.138995650604551 0.174567744840504
"mb84" 0.655105591348653 0.689911540537898 0.202599461299686 0.137195821807777 0.13758087620347 0.0669694035586416 0.157039055769756 0.12583738975831
"mb85" 0.747126436781609 0.737366921577448 0.187899513729043 0.744022373934464 0.154622664212635 0.071837507370931 0.0552323052009447 0.112214393585776
"mb86" 0.627728120180204 0.628226475585182 0.168299533454681 0.184375253115942 0.120425065830538 0.0699186455419343 0.0954792425923559 0.102577366004655
"mb87" 0.642861378124833 0.712929948183015 0.225830732421679 0.12630910528597 0.156033027990329 0.0876280422250992 0.186169903914448 0.149687117776009
"mb88" 0.647314418057977 0.681794084628072 0.192122942822241 0.162191083331043 0.131048341483545 0.0692407130240247 0.142841602886657 0.116879176725874
"mb89" 0.629139896459999 0.636991699468511 0.174039076768863 0.203898548364844 0.123378012136232 0.0730296931521777 0.121628921404119 0.090932321798557
"mb90" 0.654158010301255 0.666393947047336 0.183343849704467 0.295924283243436 0.13620156568264 0.0868137506447291 0.122459500755484 0.0980911930694744
"mb91" 0.657969670425528 0.726581296590894 0.236702753813983 0.125376707456333 0.163045824191482 0.0738638340642843 0.19759972634866 0.161636166809871
"mb92" 0.788580197534181 0.795093052480402 0.22392755054828 0.482413752766989 0.174081078381942 0.100063750520702 0.138273516904644 0.167726750988111
"mb93" 0.694117647058824 0.714909257983 0.18226920185367 0.693944194240587 0.151190350544555 0.0696945633392947 0.046241766116088 0.112362518412808
"mb94" 0.809364659600848 0.812735671191554 0.230136798810399 0.551954636858312 0.183394289906713 0.108327927412945 0.145168071235701 0.172879154686332
"mb95" 0.8 0.801247977813728 0.180090545398025 0.799848663051462 0.151879640484246 0.0734767889483589 0.0437006957074818 0.123898717014334
"mb96" 0.72200626483024 0.703719774548046 0.197762315570977 0.342875348232473 0.142830556831623 0.0839556109639468 0.133312772750938 0.11155535981415
"mb97" 0.804597701149425 0.822631578947368 0.184597776323527 0.799906666742754 0.161211600403169 0.0759021424013208 0.0513911859180776 0.135742373834974
"mb98" 0.674666272462732 0.647493167701863 0.165225803330314 0.330015044256003 0.1145012040897 0.0758734892901869 0.0981842765064858 0.0854313437212253
"mb99" 0.802325581395349 0.675998433829287 0.14724489122593 0.802212137897992 0.124641642820069 0.0581390444231533 0.00755107164470386 0.0698902926773419
"mb100" 0.767441860465116 0.733407519275097 0.182700476516886 0.767298279519875 0.153407034684424 0.0732605345713671 0.0483912744828355 0.106202230819309
"mb101" 0.763899351462245 0.714413293783689 0.163218758615507 0.624098091428387 0.13050094130793 0.0755629710292119 0.0538879791602242 0.0820955361421681
"mb102" 0.793103448275862 0.761860893597421 0.166385099662879 0.792971700635079 0.138537224726931 0.0670232779500337 0.0302032309350536 0.0986261281977318
"mb103" 0.668203633041868 0.642635607130587 0.184397069879194 0.261735718988387 0.129616199982999 0.0803685150667831 0.118879613092856 0.0969329744230172
"mb104" 0.781609195402299 0.835398746172912 0.203256012768423 0.7814103006188 0.170274629264185 0.0814168339649757 0.0730974886885684 0.139572928729765
"mb105" 0.753738410928072 0.767051213429147 0.213031129201992 0.39202155950238 0.158679904465367 0.0986242308090486 0.144189947895919 0.139887936504872
"mb106" 0.637462835228591 0.685782922087348 0.203709055188667 0.148039898513789 0.141441270292928 0.0822134578929247 0.160395508520817 0.134381096735539
"ufb1" 0.930232558139535 0.967762004411515 0.247806968592337 0.929354160807858 0.219703997603056 0.109455661367932 0.124351837117331 0.221346115323434
"ufb2" 0.628330807276173 0.643947902975266 0.17126082122173 0.253090214729013 0.124255122057421 0.0737660511179542 0.113155472142685 0.087004901607266
"ufb3" 0.684880151598717 0.708063484566717 0.200962413432313 0.240147554754152 0.145233063886774 0.0746111364436238 0.150259546286849 0.120225479361047
"ufb4" 0.652748032027998 0.731701676826197 0.238163291267231 0.139558440480847 0.164687691677324 0.090647907825882 0.19981225826759 0.164233117555146
"ufb5" 0.758620689655172 0.807508169313778 0.20735761870981 0.75845753757489 0.173855700426834 0.0825701932433802 0.0778691454671675 0.137848465024839
"ufb6" 0.663582422737904 0.741428274931682 0.254436111683661 0.128014122895558 0.176134384766744 0.101807156422896 0.216905958028731 0.173747912550552
"ufb7" 0.695556445064446 0.71736433062159 0.189076070164197 0.378792978747944 0.142749498613718 0.0857891286929042 0.118193709493584 0.121644304715111
"ufb8" 0.710323721526798 0.726315416810901 0.193733823815912 0.367242102721211 0.147187178365302 0.0876146265226504 0.129050192681869 0.123873726832436
"ufb9" 0.704419836948737 0.70222284037457 0.19539849629235 0.286839631965482 0.141907909708483 0.0779088800827094 0.141946824670715 0.113483852520721
"ufb10" 0.619753016561537 0.613924901509218 0.161971273569555 0.203412763622819 0.115106449544122 0.0628979047762972 0.103153351873042 0.0861010346223324
"ufb11" 0.729411764705882 0.694986856928276 0.16365141249989 0.726174310728161 0.133109586542294 0.0604497924305043 0.0249775778740606 0.0753414250812267
"ufb12" 0.623944224340601 0.609697096266131 0.158748028563399 0.231132868027257 0.113135967643509 0.0607810146691542 0.0911825517900706 0.0891479046608959
"ufb13" 0.62540146679886 0.598601679131207 0.158233757830172 0.254140260310096 0.1155109508651 0.0598922431744084 0.0845545685671775 0.0918104480127785
"ufb14" 0.64664193798945 0.622244464516759 0.179420362166776 0.421933041650033 0.134080065494124 0.0696499729320073 0.0727932599226701 0.105605633248715
"ufb15" 0.627500735120765 0.608938102445631 0.164965235794613 0.35391723814819 0.12288083429034 0.0669029579273775 0.072860144839369 0.0917642213239635
"ufb16" 0.735632183908046 0.741854451422239 0.17444576510639 0.735448095534764 0.146025763735056 0.0690473476046481 0.0395807112325739 0.107671401929738
"ufb17" 0.747140953812595 0.764542501846587 0.206343087816864 0.447941043430694 0.160848274337835 0.101507206356657 0.136970026511988 0.137327471948844
"ufb18" 0.74921898950775 0.754827354522085 0.199121941164417 0.482414043328473 0.156367877361377 0.0970796379195222 0.121483658918535 0.131776764699943
"ufb19" 0.641341349946085 0.712271787543894 0.222974001885607 0.113339397246127 0.153826457541566 0.0721793085564473 0.183173744064937 0.149886544080262
"ufb20" 0.645237446227666 0.721723131001529 0.230095433629899 0.1146518851379 0.159597426440485 0.0749267709052981 0.190981443547391 0.156674545908143
"ufb21" 0.75117649304434 0.751843117785776 0.176581179581355 0.655006066879832 0.145437358999943 0.0891114225649751 0.0700063803742202 0.113839891132737
"ufb22" 0.725690773700617 0.737677294378325 0.176529262619831 0.551490375415968 0.138288866165927 0.0943454499537599 0.0859576182312517 0.105980866773382
"ufb23" 0.767441860465116 0.837728824076947 0.225085780446845 0.776405508612502 0.188558052214374 0.0899687536536272 0.0973319670379394 0.173234949905857
"ufb24" 0.740865894074659 0.731114746185407 0.171188906084492 0.597408881514239 0.134072625897966 0.0796881476420126 0.0639161868748656 0.100475262959306
"ufb25" 0.781609195402299 0.821437111429938 0.205450360053849 0.7814103006188 0.173979397858762 0.0844778994395853 0.0756503112289902 0.156836428406038
"ufb26" 0.862068965517241 0.789818263912406 0.134777475997825 0.861943347759242 0.114323189885497 0.0543899985913734 -0.00656791038666891 0.0610401194067755
"ufb27" 0.805680093623562 0.823111656656876 0.233593456301043 0.664816091273193 0.195559155719415 0.118911973956639 0.134110752074657 0.16785336616771
"ufb28" 0.661024274970263 0.734715077122151 0.243066418825463 0.125285876457901 0.167746833088121 0.0734330512215348 0.204611783225839 0.16769514037712
"ufb29" 0.67816091954023 0.755521961871168 0.204347662368361 0.677982457699343 0.163305863128491 0.0759591077746429 0.0743674734915549 0.111761233211037
"ufb30" 0.687547780935799 0.612998130682301 0.161503371037711 0.392019114939798 0.117656307248772 0.0667527447556722 0.080097856345357 0.0677399996116967
"ufb31" 0.71264367816092 0.709331259720062 0.167752377591997 0.712552011487069 0.138128452507948 0.0635545816607634 0.0317938715504462 0.093726196704877
"ufb32" 0.682458692117942 0.609078763201425 0.154095847324339 0.43974338240106 0.114028469456161 0.0635888726057678 0.0606440619678295 0.0595914470746274
"ufb33" 0.642113069841016 0.678001249219238 0.19519507833588 0.150096544111548 0.132868112682915 0.0622223891550055 0.14784069005579 0.120734384915573
"ufb34" 0.624302872637229 0.627373042587443 0.167036898597971 0.181049431347761 0.115270068986007 0.0565547185329012 0.116282521775832 0.0829031243973927
"ufb35" 0.587277514456365 0.574136515771698 0.154704956972091 0.135706096279882 0.104317231285291 0.0546565384775099 0.108725164763272 0.0717555058732586
"ufb36" 0.584243001792411 0.590200997467227 0.160151562056247 0.124503757079165 0.10688495431265 0.0572145764067236 0.116053484083739 0.0775969393044801
"ufb37" 0.744578663838306 0.758852349633019 0.211392261049234 0.367242102721211 0.161318663768349 0.0938638655461651 0.148125298348201 0.14379434048154
"ufb38" 0.691184545166942 0.700692840646651 0.169560071432737 0.563020777582751 0.129863536001678 0.0787349732105489 0.0620765327450417 0.0950636795919672
"ufb39" 0.641720046157682 0.712961269430911 0.223584798842336 0.114638907463762 0.155168487173567 0.0767464515042008 0.18381582681701 0.150390215474039
"ufb40" 0.688663156386164 0.679477271130471 0.18252206873217 0.319571931516445 0.130307306094529 0.0819273217625025 0.121504932239239 0.0952742094080906
"ufb41" 0.780271137073028 0.785855841813445 0.206571067884553 0.551417409315445 0.167522761711418 0.100735369730266 0.119303652267822 0.151249703604577
"ufb42" 0.683544008471646 0.700082903319435 0.205343641806867 0.205867957615288 0.145494752934844 0.0900573895440348 0.156950779257503 0.129276164956845
"ufb43" 0.611764705882353 0.45803730017762 0.139422352496965 0.611470934158721 0.105792669827959 0.0442929644947846 -0.0035501922572413 0.0127930132071589
"ufb44" 0.675937569590643 0.641744697572336 0.159165634427601 0.425382055080593 0.1190841665491 0.0771404535991739 0.0776163273915916 0.0722375165283082
"ufb45" 0.638438980551164 0.689345544194537 0.201538277542225 0.12572415866871 0.139083110446322 0.059776663381616 0.158909422916427 0.130500440400306
"ufb46" 0.655329846562745 0.714186662259792 0.229784848969681 0.124631147507176 0.156933444925249 0.0862658876636446 0.191057513967968 0.150173654244439
"ufb47" 0.661595617661734 0.72842264792748 0.240039380378919 0.124646405453718 0.165287857197971 0.0885632269312606 0.2017845381601 0.160782745792641
"ufb48" 0.645740019545006 0.709458683933476 0.225191491844816 0.115430693002166 0.153104945975888 0.0714606237540834 0.185065128417383 0.150564094291578
"ufb49" 0.665729404280879 0.682891200390939 0.18965196314113 0.205594236666239 0.131127974235294 0.0724870970297404 0.140307083172869 0.119428177881351
"ufb50" 0.684859366815487 0.691027406437615 0.199201418288249 0.20570451344744 0.140181608634941 0.0710059243786732 0.152053094665365 0.112139713166345
"ufb51" 0.613957120674211 0.628315719975662 0.158909459549769 0.251449533067513 0.114939679261425 0.064490514768081 0.0913408676069096 0.0889271311969223
"ufb52" 0.616001162787381 0.613915868712176 0.156156092258589 0.285645525744369 0.115121084466168 0.0673245945601209 0.0822725713566784 0.0875416010233916
"ufb53" 0.689919046859842 0.660302590285259 0.158922790883933 0.415531498027388 0.115910801271248 0.06588201500782 0.0771644742114659 0.0824086004659861
"ufb54" 0.657769363533023 0.690847498448884 0.206137784667386 0.159513534708124 0.139828648341249 0.075757283277505 0.161968744699728 0.127801060809897
"ufb55" 0.650525613478388 0.683406873066149 0.199156402311817 0.159880878256403 0.135803650957273 0.0635386956883306 0.154582935641348 0.121688271178027
"ufb56" 0.610837182512859 0.624751731358547 0.166393078609951 0.169917250742082 0.114707319017316 0.0606451962685612 0.117311407582331 0.0802130409269968
"ufb57" 0.645791565043667 0.643644098176517 0.171851942532891 0.238543108075335 0.123582127619155 0.063723377941012 0.113837476121989 0.0863993946011848
"ufb58" 0.594994468414971 0.564997693327951 0.150905296523654 0.158842012041155 0.100952152219378 0.0556973246281861 0.100965009150716 0.0676567358254495
"ufb59" 0.634114378241801 0.665911426217689 0.19959289027648 0.125002055278379 0.13305486427158 0.071411243985336 0.158929248329086 0.124185350154583
"ufb60" 0.654528617416786 0.713439291066611 0.228191928878151 0.114380073536078 0.155372016124873 0.079350565155243 0.189384499957312 0.149510695040221
"ufb61" 0.732453733835779 0.730428828646058 0.204726697539815 0.415531498027388 0.152953144769475 0.0928448898722066 0.127578666420649 0.131191063459083
"ufb62" 0.639471033750168 0.661281676357672 0.181831821217267 0.206825977965105 0.128072636869851 0.0718870614838391 0.127445909812102 0.110092272271875
"ufb63" 0.784530837704514 0.787828524469496 0.217881022984652 0.459364709002834 0.169428123229515 0.101494252109319 0.149516485478208 0.153894691571945
"ufb64" 0.649427408025273 0.701372418633862 0.220339173628386 0.114655126881462 0.149026099833556 0.0771652836472544 0.181092549243599 0.141766552564811
"ufb65" 0.66426721279773 0.664797578347142 0.177615839816849 0.265494403420672 0.127205171165046 0.0819647888930038 0.119931659535991 0.0902394641809354
"ufb66" 0.7887375597315 0.803835472491181 0.222581733850587 0.485756724695347 0.171923808731717 0.0942789825874699 0.136779164295408 0.168534673733768
"ufb67" 0.629533319525955 0.665908241151956 0.183351035993616 0.183971185797968 0.126359306496273 0.0639993260701811 0.129066111014438 0.112670449004883
"ufb68" 0.605497143089181 0.636107778905601 0.185383477877992 0.40669157166431 0.138383237825686 0.0779128761982873 0.0795312300408422 0.108452950292296
"ufb69" 0.680855884605431 0.685486060825489 0.204307454451034 0.456688303769425 0.157146289683664 0.0904096224603223 0.100914210824916 0.131849730824412
"ufb70" 0.605358675008883 0.625241978441724 0.160332650949435 0.240016578542911 0.113930528129143 0.0676756427023321 0.0928783903827069 0.0892176964769337
"ufb71" 0.613280564924656 0.611393121501278 0.157822949072243 0.232204087494313 0.111910840293046 0.061890305086594 0.0900630273098251 0.0881675023558645
"ufb72" 0.643092092696057 0.680282190473019 0.185886896789507 0.207263553156819 0.128283305785571 0.0747101768408546 0.128759056013627 0.110795420167688
"ufb73" 0.661966870605199 0.730035839646598 0.242227543699612 0.124646405453718 0.166500020845175 0.0887712659432393 0.204082849086368 0.163656265080351
"ufb74" 0.63675166038681 0.60163308647852 0.152199634879505 0.354056340228644 0.112307937509686 0.0725734697464465 0.0698967831486888 0.07598329994782
"ufb75" 0.626644097172155 0.60764368426644 0.159749256546452 0.453244936820457 0.123231376939191 0.0661297540776036 0.0505660672468944 0.0718634254711086
"ufb76" 0.748261759083323 0.747333324418413 0.204879763847297 0.349744564412677 0.147835925404094 0.0921593071921881 0.140959035499136 0.124624953153698
"ufb77" 0.701874210116862 0.70073482428115 0.193269249454351 0.339188660897884 0.138531278014273 0.0853206479824427 0.128474187303256 0.110130282236033
"ufb78" 0.72422212020404 0.726984073271973 0.19941921049545 0.3688387121456 0.147990078525198 0.0917619125688248 0.129387307931685 0.126754766002516
"ufb79" 0.71979732007877 0.738055750599851 0.20262743773737 0.345680724664345 0.147903734799919 0.09503321590801 0.13861219987677 0.126783449955666
"ufb80" 0.693889694539343 0.701108983726964 0.192492367064958 0.27500170233771 0.132632939709864 0.0827344260292503 0.135894012065699 0.113356024592202
"ufb81" 0.705364658331141 0.708690741852816 0.196017291097428 0.254907041245482 0.134523942887382 0.0808269044321641 0.142583464460343 0.115954813332798
"ufb82" 0.613939468784633 0.629355424350808 0.167715759275463 0.183269549331407 0.117189383584797 0.0638853408477145 0.116971941356036 0.0839963811957788
"ufb83" 0.662958200491441 0.700686966539014 0.219800838154153 0.148189467585491 0.147104930684278 0.071165945659358 0.178150548124373 0.142924153321765
"ufb84" 0.657714513701433 0.671250531462585 0.188569277703334 0.318557620325869 0.141150056250861 0.0962690793067639 0.123408390838526 0.106161521696709
"ufb85" 0.650938840147825 0.676746265449466 0.190365464250588 0.160721470558978 0.126234699243664 0.0643558975175535 0.140981282297417 0.113094880501236
"ufb86" 0.638113979975336 0.700200233145274 0.215882647620541 0.103201030827754 0.148040369196336 0.0681009176857111 0.174704771461584 0.14464557252054
"ufb87" 0.656257502222294 0.725837852135961 0.241529748593421 0.116189832836251 0.166138339820711 0.0953997457608642 0.20339298390828 0.161081609256252
"ufb88" 0.636369812682272 0.68646960279313 0.208725159913276 0.11433314188651 0.141056232447772 0.0699328895930146 0.166496228733175 0.135036382359343
"ufb89" 0.795534718594794 0.676154423056319 0.141094827778331 0.697438950396301 0.112506582487505 0.0706643488378505 0.0296667122265672 0.0519660016256619
"ufb90" 0.623738552397295 0.632493649796928 0.178849814969559 0.158401466571384 0.120770865033607 0.0617897589089291 0.131939707595993 0.104873037370164
"ufb91" 0.613417805538586 0.591071723059935 0.154758397852165 0.225896464176032 0.111181724291402 0.0600594664546447 0.0915972569311409 0.081177105486367
"ufb92" 0.709302325581395 0.712803284807764 0.190768617112386 0.709108515556347 0.15699639179525 0.0721322145451449 0.0579519562332893 0.109408941463012
"ufb93" 0.705887066862612 0.689755288262132 0.19024807149814 0.342875348232473 0.137157607517078 0.0806622693503707 0.12519485522255 0.109733701395985
"ufb94" 0.689655172413793 0.660340211056859 0.170734597017875 0.689485890450727 0.14095058202495 0.0631691669924694 0.0352632754234931 0.0960461071190422
"ufb95" 0.61218242743506 0.613579814162496 0.159945334311837 0.274203374033596 0.116727671509792 0.0730903543076277 0.0863935839445886 0.0906310937720234
"ufb96" 0.62025481198004 0.622113615548585 0.167815272931596 0.308470243058359 0.125748765844814 0.0769770176128065 0.0869690269236628 0.0961072030510696
"ufb97" 0.770114942528736 0.774105853368448 0.163248637541178 0.770075616587385 0.137032851990869 0.0625783829368628 0.0265543868096783 0.0931688820565998
"ufb98" 0.613820843465298 0.637423507609137 0.160267160125371 0.24016805558246 0.115978510455499 0.0665586182593349 0.0975770953543788 0.0897421184566879
"ufb99" 0.727557305845689 0.750101298116605 0.205382862556141 0.378792978747944 0.156870960558592 0.0909376640506346 0.135925868553325 0.142255709028244
"ufb100" 0.666666666666667 0.628798781003979 0.157792786166207 0.666533127406817 0.124547722814101 0.0578052896640741 0.0202072509393792 0.0640297864542172
"ufb101" 0.75968304079829 0.741422944677484 0.202990765312665 0.373169328986101 0.149914888236996 0.0864196305616673 0.13315425811241 0.127229460111013
"ufb102" 0.798335576170505 0.755582283114574 0.207586965698707 0.502309353322229 0.159497634352512 0.0837283208495458 0.120354127961581 0.146148178389537
"ufb103" 0.68742213282842 0.698869226611976 0.197358431357493 0.251631761059846 0.140397960170949 0.0742675245285112 0.144034478234204 0.121319111406288
"ufb104" 0.632746718986155 0.692074099759375 0.210111754745941 0.136354861495415 0.145217353027961 0.0780051361928211 0.168648205862987 0.137862293817648
"ufb105" 0.730776670554564 0.714999417724467 0.196819459552498 0.349927018792838 0.142525878623528 0.0823429873225405 0.126581528846826 0.124356684165922
"ufb106" 0.721065009571445 0.69839901071118 0.192109194825102 0.286609247410689 0.132932589135902 0.0820391193933524 0.131775249847181 0.112087068780132
"ufb107" 0.663121498067672 0.691178341651528 0.20098707322192 0.182329922084382 0.139839821034717 0.0746829027010572 0.156532923038244 0.122765526108335
"ufb108" 0.614275549457231 0.617626563534372 0.154255734159989 0.274408729677066 0.113249099069918 0.069746770231469 0.0863132874931096 0.083483406728963
"ufb109" 0.666072782701634 0.604492852280463 0.163438830215388 0.384959581919736 0.118623457091779 0.0670847415980269 0.0821033656979224 0.0634903279221722
"ufb110" 0.645454878291719 0.62772882199825 0.178719381718732 0.206389165927132 0.125542682107295 0.0695024734062027 0.128708202509768 0.095825854206167
"ufb111" 0.714304377916661 0.725108737341178 0.206688916277833 0.376134391931891 0.158666465453248 0.0977812759012596 0.129548552525401 0.123537551227108
"ufb112" 0.698941142010904 0.6925445867576 0.194383991669329 0.36405997129587 0.146099903075186 0.0969398878290718 0.123785250153743 0.110495244922712
"ufb113" 0.626269529300341 0.630471374040942 0.173243898684297 0.215144968663425 0.124052463377398 0.0749185330395839 0.118321823378261 0.090555133460386
"ufb114" 0.637982570525811 0.699662151231421 0.215136057412942 0.147892223178454 0.149177451040047 0.082458993957211 0.173936248901475 0.141407516082283
"ufb115" 0.6 0.635901239800784 0.187769761974153 0.599755329794216 0.140848246638086 0.0635668489403155 0.0528294409074707 0.0590452856487503
"ufb116" 0.647124464474788 0.683376647775308 0.195327655049992 0.141028674988114 0.132434998996566 0.0621944610003634 0.147951549148266 0.119475090113011
"ufb117" 0.610969372533594 0.606321931202513 0.158606792308384 0.185945955735643 0.111575355403081 0.0610189821111533 0.0957214265768094 0.0849434480169161
"ufb118" 0.732399563644446 0.656438896189225 0.145392017960033 0.604975427189553 0.112733488663216 0.0644103152515241 0.0341743670582879 0.0614103458694303
"ufb119" 0.645730307986145 0.72062269439141 0.230646087711012 0.12632259504925 0.159359275624663 0.0844564972919958 0.19155501362014 0.154866323551278
"ufb120" 0.79216537558859 0.779667158099903 0.217217769983588 0.479510793461889 0.17015941328743 0.0881669793581264 0.13057608763882 0.156928827958509
"ufb121" 0.752525787141067 0.747487705794313 0.203573149853475 0.381265298332138 0.148921631269281 0.088737274968364 0.13378767305589 0.130446622313047
"ufb122" 0.667112032821519 0.662942922873263 0.177063197142799 0.273478917111315 0.125979957716466 0.0812680787981931 0.122386800311522 0.0849221066835978
"ufb123" 0.704310481737107 0.718673930381605 0.1986623645024 0.301623724865217 0.147682071294585 0.078437915546052 0.142470107975741 0.122857506335167
"ufb124" 0.629355985803967 0.612053254002632 0.167981628621704 0.290298413586239 0.123604514277109 0.0665170484159534 0.0869504951917811 0.0987792705460002
"ufb125" 0.694258169817799 0.652764723259124 0.161118467299812 0.375570073520794 0.113642627738326 0.0725930869065111 0.0875919223136862 0.0853040669919247
"ufb126" 0.630346084991609 0.638388864042934 0.172214241053868 0.226695354194587 0.122937889146141 0.0710866207509302 0.11722376476013 0.0899605287641248
"ufb127" 0.67816091954023 0.668376466930909 0.162293704921203 0.67803784842688 0.130310780942705 0.0598897349636065 0.0254434534888463 0.0747706190140325
"ufb128" 0.653632559051411 0.68176399399155 0.204195577090645 0.160242443882506 0.136544776795214 0.0663886796551297 0.159906839584132 0.129531668625587
"ufb129" 0.671312924833416 0.671485905115921 0.181654811736883 0.26923989849221 0.128381017678449 0.0830567169564006 0.120497445007307 0.095653447874965
"ufb130" 0.709663382971298 0.679268558427792 0.187076435932081 0.319956520613644 0.133218933124444 0.0781582138810004 0.12638052849796 0.100296998927425
"ufb131" 0.63643513104991 0.633559928443649 0.175761103301494 0.296936708301452 0.127502713718873 0.073765086466121 0.0956867899377524 0.113031721239765
"ufb132" 0.715216708269342 0.669383900029061 0.170464875120084 0.515352360618015 0.13448549559878 0.0808369178170972 0.0790894844142461 0.0818061888852126
"ufb133" 0.662790697674419 0.551959934508331 0.13807659962982 0.658603117703708 0.109075618281966 0.0484335197258896 -0.00411372843354997 0.0378023262797991
"ufb134" 0.613963276664078 0.628454184786063 0.17824579728402 0.14795398083591 0.1205536066281 0.0661176508645266 0.128161787196368 0.106838428620101
"ufb135" 0.701258952380434 0.728833052259166 0.198946251512137 0.29008463477392 0.150507106879879 0.0809056724126834 0.142768565013782 0.124817612596327
"ufb136" 0.767441860465116 0.769910868315124 0.188869666128579 0.767298279519875 0.159460304819377 0.0761068485996051 0.0557413362581715 0.124773470657054
"ufb137" 0.652285856575431 0.685426116251569 0.200414240536718 0.159880878256403 0.136359023712655 0.0615482119859762 0.155910782804768 0.123102279478525
"ufb138" 0.642235614182304 0.641857273559012 0.192731982759401 0.399006598894932 0.143612946141939 0.0798093013067662 0.0878346084594504 0.122274143432515
"ufb139" 0.621858344838633 0.608057375411439 0.161137755365926 0.19878039486983 0.113686822665577 0.0602795140724057 0.0985319752401396 0.0885808831956611
"ufb140" 0.717091986273657 0.726212034662551 0.192545984511664 0.34838345458804 0.144371873531294 0.0791929618433921 0.127679840975377 0.12473385847559
"ufb141" 0.645909988019909 0.699027439900544 0.215053968756169 0.126883890960615 0.147353341556067 0.0717005154252486 0.173832664737078 0.141001522894595
"ufb142" 0.710966694711215 0.71589099945247 0.197257343203475 0.370299049009598 0.151734584428757 0.084205202837027 0.119194588994517 0.109164447101268
"ufb143" 0.698302960258593 0.651837862413878 0.180032095523139 0.458417540883414 0.129958706359606 0.0696542842809046 0.073269590040703 0.0772024287609268
"ufb144" 0.621852156083611 0.649567113266978 0.187159169911831 0.147525935312509 0.127460894355122 0.064550119954582 0.141923800712364 0.113004594586019
"ufb145" 0.65324775558591 0.681002474264788 0.199733224699692 0.159827484012964 0.1338772337379 0.0741603876858605 0.152619154568385 0.123651723459209
"ufb146" 0.618953433579801 0.591768101734608 0.160601147634629 0.248323827242048 0.116115551219013 0.0663830487482878 0.0930924093305312 0.0866991907139109
"ufb147" 0.627414939125696 0.618110440482161 0.155241863105127 0.331455352126995 0.115481483471502 0.0670004730766714 0.0731741178904369 0.079343417450356
"ufb148" 0.621658052500086 0.624999756557845 0.166205820213586 0.183140082822412 0.116372804590729 0.0587230643232352 0.115400803854812 0.0812590661429541
"ufb149" 0.729551458115065 0.718349245805322 0.160522674870622 0.609046154402035 0.128049435501173 0.0756973194212887 0.051869429224477 0.0882910228480016
"ufb150" 0.620567767298903 0.652810901966349 0.18023385221972 0.184067922628425 0.125102704884327 0.065207375664932 0.122709326721769 0.113233117551946
"ufb151" 0.624425137349175 0.59150827445201 0.162990307528196 0.26463715470387 0.12095185868749 0.0638376944974679 0.0897451375554599 0.0940396419372477
"ufb152" 0.691790447476554 0.672670356729709 0.180308679599214 0.311958191199272 0.128874822466618 0.0818060560370967 0.122867072060607 0.0872025017268799
"ufb153" 0.707042291815409 0.71512003325325 0.193141956016799 0.2866690407849 0.145411033018178 0.0682671581416311 0.136610765540056 0.11700411291944
"ufb154" 0.638745148089768 0.699491293857737 0.211312744614217 0.115943851133232 0.144920107973965 0.0629263473886002 0.170915006949508 0.140782944908132
"ufb155" 0.641321186208908 0.706981744292631 0.216444888787949 0.115954065950691 0.148355651135907 0.064615109024632 0.176637257009617 0.145442188003125
"ufb156" 0.649025356707841 0.622597904201095 0.154029148177501 0.299319185132894 0.105107665966645 0.0642177701208346 0.0908248516964701 0.0700581550721428
"ufb157" 0.705227536822603 0.654644117017415 0.15600977373531 0.433798529086488 0.115944713558255 0.0681313348546582 0.0740871633415635 0.0788958073559376
"ufb158" 0.80990552841295 0.788384770571318 0.201764423283418 0.666381482401678 0.16503226789509 0.0982226125550489 0.0984490821726703 0.153209714589529
"ufb159" 0.75435696568725 0.717305074205422 0.199557444183924 0.412031835053956 0.155168385821895 0.0832106946795907 0.121831161108239 0.115375675158777
"ufb160" 0.722877544794238 0.738368413607225 0.190116905080841 0.459475921347378 0.14898461999963 0.0947276647216014 0.111605661557799 0.121949896668123
"ufb161" 0.723537160867302 0.728357576014588 0.20554868846021 0.406138216942984 0.154784252491778 0.0966868822038833 0.12835694613127 0.129862044078825
"ufb162" 0.658507498129718 0.61764087593557 0.152724985272184 0.307341438404868 0.104824768594117 0.064556049848526 0.0894838569168303 0.0684486111296978
"ufb163" 0.663918838648435 0.690565968303812 0.202069229114458 0.159272520589611 0.140633265153755 0.0661876553894161 0.158667799014093 0.122472840064712
"ufb164" 0.721014259892931 0.716750462140223 0.200338529954738 0.275242356387612 0.136411020955985 0.0870437268941074 0.144237735379554 0.119628242225404
"ufb165" 0.619733637026353 0.620063160033757 0.17676216724929 0.158652244873465 0.119399951279902 0.0670364276164585 0.12451011016768 0.105844345543544
"ufb166" 0.640731850190532 0.675686734374321 0.191114134285774 0.183971185797968 0.130617025748111 0.0758620407210762 0.137345244013025 0.120568270128056
"ufb167" 0.686046511627907 0.619798874434911 0.149557801437855 0.686081662374292 0.121574610216838 0.0543665834845546 0.00984860576431745 0.0545746633969772
"ufb168" 0.646475948265296 0.662972212700434 0.1857967601359 0.206943309847877 0.128252911579477 0.0762370601439105 0.128662594302267 0.114938826946944
"ufb169" 0.661212004850441 0.729519796498155 0.239950101852804 0.114396850292288 0.165198053491925 0.082041832978364 0.201689129021796 0.162860908707578
"ufb170" 0.636673076173886 0.686673357668313 0.205220424683007 0.138095413320332 0.141630495839505 0.075048995093664 0.16279871316603 0.134047737806718
"ufb171" 0.646426687962121 0.717429044734651 0.22512219077039 0.12925363505189 0.155147776354469 0.0752615041772787 0.185978578972869 0.152179105934291
"ufb172" 0.647058823529412 0.61534310639446 0.159416850488348 0.646849762017402 0.123208751753354 0.0561146916798429 0.01958798429976 0.0592733585949467
"ufb173" 0.630643122514598 0.660408847314233 0.180552162968611 0.160870836468596 0.123100447133243 0.052272675038982 0.130597710718921 0.106202436706129
"ufb174" 0.76765135760455 0.779550608785164 0.214654770461821 0.455413868786067 0.163293617723168 0.0943027906563543 0.138457062250455 0.149459261181966
"ufb175" 0.662786253853173 0.703405866153412 0.222669439173832 0.148219217511224 0.150361795839659 0.0713807139771391 0.1818485693106 0.145703517957571
"ufb176" 0.686159345990109 0.684991664105358 0.188795425964776 0.304064021270344 0.13338930929089 0.0801327480626595 0.123537289195721 0.106616836026992
"ufb177" 0.686046511627907 0.661668589004229 0.158542530026445 0.686138994386412 0.127825397672058 0.0563196448799701 0.0203093302601883 0.0612792596229625
"ufb178" 0.656409073995325 0.687645603040239 0.205182359870595 0.148905419717922 0.143705995537886 0.0815102597655103 0.160968422636129 0.129270274216047
"ufb179" 0.660008722717907 0.692905085992599 0.211293233947267 0.148932366831456 0.148693947437066 0.0884353152151091 0.168384226521986 0.1324148880062
"ufb180" 0.688211769240441 0.689660200094374 0.184399031094074 0.222861319604681 0.136336526992504 0.0599328980467618 0.12720922505015 0.111653893390763
"ufb181" 0.681924660548784 0.665839434750725 0.17552197082147 0.222818270991667 0.12917653697874 0.060234733707034 0.120752768853551 0.097826578710395
"ufb182" 0.645995617753206 0.718276260239531 0.224752988310744 0.117311759134465 0.154653047258341 0.066703287804096 0.185594086833382 0.15377075587721
"ufb183" 0.693693827590878 0.631703335147322 0.173461986533386 0.451958092645595 0.12869475885504 0.0651185972305843 0.08239251826289 0.0803411783860069
"ufb184" 0.67816091954023 0.642043995549088 0.152087944071066 0.677981169430664 0.120524946549742 0.0558068461244907 0.0135704484666114 0.062215377696278
"ufb185" 0.676058344666864 0.644702520611868 0.164318588506184 0.375657080071577 0.116516680402662 0.0755947995236176 0.0910725287216863 0.0867718732729097
"ufb186" 0.783926172692394 0.758102212527267 0.204449432254987 0.5082295399886 0.160921094546086 0.0901592620125969 0.116917114707243 0.141409360325468
"ufb187" 0.637323753241323 0.667120768475893 0.18405272136558 0.185746542126717 0.125813616689841 0.0637839010045677 0.132210448452128 0.110747571208407
"ufb188" 0.604855413041898 0.620156717799663 0.15429353913491 0.220635505400444 0.111267281575228 0.0609443112169958 0.0910781893907466 0.0831561089514763
"ufb189" 0.615448170471644 0.61997967334297 0.172300621582935 0.158193487880926 0.117996674577437 0.0629047411572537 0.123580521678201 0.0972897435217937
"ufb190" 0.740070241324284 0.731865317289382 0.205123842349142 0.412031835053956 0.156862093265788 0.0959999471383021 0.12793807955984 0.12172121644097
"ufb191" 0.723875617460063 0.726962888159556 0.196914274356879 0.314567584337101 0.140947146797419 0.0860912753593536 0.136920689446231 0.115923515453821
"ufb192" 0.716663641716166 0.680971070300158 0.186885787025903 0.332091437667068 0.129484381708027 0.0777700876378993 0.115796333637476 0.115828928241272
"ufb193" 0.71846450813529 0.682706838378558 0.185940055386307 0.30111291987936 0.127865255165774 0.0791899506745124 0.120523553136983 0.109244639661634
"ufb194" 0.684013320524716 0.696834693971844 0.197564447140687 0.219625425475031 0.142047936107227 0.0695993840884192 0.148670794868718 0.114042566850553
"ufb195" 0.668391598975449 0.694506841157766 0.208092959713092 0.161102885778172 0.14274688201042 0.0699193056998962 0.165825807205015 0.125649729842535
"ufb196" 0.632204587586876 0.649778924097273 0.174994371635744 0.261633814923004 0.128670992214711 0.0807802601538337 0.117200042609688 0.0906906021046534
"ufb197" 0.663750382097129 0.68279797192626 0.187913508126823 0.196423308563314 0.130813862303832 0.0699131205352494 0.140126909990635 0.11652862183774
"ufb198" 0.638340494784206 0.692644965233297 0.205524903584321 0.138267510297179 0.143465316531127 0.0780484629053824 0.163132413477403 0.136214149307254
"ufb199" 0.753660843235327 0.761214353334803 0.214472533558902 0.456072300666213 0.163991181011235 0.0962773611090523 0.127997693984193 0.145745717791147
"ufb200" 0.763937599757111 0.740882652920583 0.175113842593179 0.6233343668329 0.139258046853915 0.0853506693129001 0.0683491264919839 0.104294401400276
"ufb201" 0.645247760814271 0.671923815841437 0.199282465119736 0.150589807073229 0.13191162960426 0.063164718843989 0.153560140444435 0.12610297164956
"ufb202" 0.71404117042836 0.721818181818182 0.197547880862074 0.301623724865217 0.148749718912572 0.0750367896934445 0.141325384310505 0.1216316822339
"ufb203" 0.644940115471792 0.700386968547502 0.221751258453756 0.11595437436283 0.150439765051407 0.0824981124987588 0.182440840188915 0.142384250975105
"ufb204" 0.702191409919139 0.687334319278957 0.201027428755438 0.251690891948062 0.140125634566895 0.088988176711078 0.145047893603083 0.131070035818168
"ufb205" 0.710066584139028 0.699962297112802 0.204898214795028 0.251758717417602 0.143807912522681 0.0886828124715972 0.152116160915047 0.131322260828377
"ufb206" 0.648711798506797 0.676997697633135 0.191725071904214 0.185746542126717 0.129158558080135 0.0752013124488803 0.140370271773535 0.117666783840801
"ufb207" 0.643323681385981 0.610077832153269 0.151072542477609 0.287965284248915 0.102861445179301 0.0637422966338267 0.0914946639461698 0.0631396268673542
"ufb208" 0.652732858192635 0.711752451101391 0.224910729451168 0.138438365901669 0.1531680207727 0.0713063738257875 0.184761606270836 0.150956780359117
"ufb209" 0.704794055315603 0.67517814341113 0.180235026031251 0.385392737189155 0.130547323188909 0.0907840805024381 0.108457407096208 0.0993343342351016
"ufb210" 0.704355043012305 0.612491455640867 0.153153742183549 0.480724216673351 0.114829709696694 0.0657766430157559 0.0597632768172063 0.0606291223567195
"ufb211" 0.839080459770115 0.811607011341877 0.171050726872303 0.839047263711548 0.148462147936586 0.0702267499882947 0.0356310492136508 0.121028865496272
"ufb212" 0.723885852858544 0.731716810587167 0.196460174508039 0.401771051289993 0.150795012903443 0.0896205150642835 0.118563856736448 0.136584210567356
"ufb213" 0.638153016851694 0.690362511989232 0.208740873176459 0.125027985634938 0.143787917087761 0.0715846797722009 0.167194608010174 0.135333755216464
"ufb214" 0.635695908433316 0.710735212765386 0.22354546825165 0.113849718471459 0.152944130224585 0.0575163611917606 0.1844586347262 0.149045429664605
"ufb215" 0.702423220848482 0.684445468105642 0.187632500654886 0.315737187300334 0.133967871453492 0.0815624318802242 0.126989499404561 0.0979971247609759
"ufb216" 0.609195402298851 0.474159074982481 0.138588725596284 0.608952843310285 0.106527485993985 0.0468119488345531 -0.00213404344740148 0.029925660950329
"ufb217" 0.644109539675952 0.704779083846986 0.220368478031503 0.113986459572556 0.152827150856586 0.0682947461609185 0.1799834654727 0.147442290704774
"ufb218" 0.581395348837209 0.482874789444133 0.145321192928531 0.581288896762997 0.110443461442448 0.0482495772448702 0.00491601442603434 0.0242571932674033
"ufb219" 0.743950254797639 0.764905798356523 0.209610186861235 0.401869665361939 0.161860145174756 0.0983455220049517 0.146200255209209 0.137203713575642
"ufb220" 0.741449604945333 0.657091617451532 0.153331056641148 0.59355345120083 0.119276554709 0.068751708469642 0.0431465826475137 0.0717153777385917
"ufb221" 0.780872871721046 0.744696867858583 0.205816654225334 0.496779942971683 0.160339975567605 0.0883121089720503 0.118139416156577 0.140588628644539
"ufb222" 0.732673172900796 0.689745319615449 0.15646492808111 0.608980690060547 0.122248775560679 0.0731300669739251 0.0472864897400658 0.0801088696001932
"ufb223" 0.650106712181191 0.711496961742434 0.230348869002024 0.129243065058872 0.157890872333468 0.0926368529217901 0.191604519655188 0.149429992518679
"ufb224" 0.641567116058896 0.674806899657095 0.19009729199219 0.141276866232347 0.129272497970515 0.0604696676791823 0.140728295746061 0.117252408746326
"ufb225" 0.625195556833859 0.674222862431408 0.193257500195285 0.115763136990905 0.132705083710225 0.056709164812435 0.149363163562649 0.123292526042365
"ufb226" 0.715723121956328 0.683894040573472 0.183310237207627 0.529067469390021 0.141648638213783 0.0789185456529713 0.0769745565041262 0.0902044642965555
"ufb227" 0.642470564933194 0.668542336120179 0.191323288245828 0.159827484012964 0.130434191137759 0.0674606501709985 0.143714100301166 0.116450096144674
"ufb228" 0.609203004244921 0.618149247207941 0.161049424148676 0.192852486194354 0.114918129954766 0.0601595004229408 0.102228408975395 0.0869220129295601
"ufb229" 0.645912051961924 0.577634447491887 0.156907912000885 0.32674194316451 0.110340302821429 0.0596612656800021 0.0750885422706691 0.0648269754181936
"ufb230" 0.617098284064268 0.532108016400396 0.141822461052181 0.313561206814693 0.100533193771508 0.0601633199795191 0.0667574603636045 0.0517208153180083
"ufb231" 0.627062410833284 0.693613252065031 0.212954595426209 0.10258048026274 0.14485084173556 0.0542437062022011 0.173381038869325 0.1377907929769
"ufb232" 0.584731294720094 0.60268166916184 0.16660200238262 0.12568808753263 0.11345062374529 0.0445909454088314 0.122834139053205 0.0911331825823496
"ufb233" 0.63070513757035 0.66129736717972 0.180906905509103 0.160870836468596 0.123238034927093 0.0530250531633852 0.130974078759535 0.107393975483738
"ufb234" 0.652049014397283 0.682459467117534 0.194450033021575 0.154466482367838 0.132354381360203 0.0643651278020028 0.147024728610636 0.120043871148913
"ufb235" 0.638816437732083 0.686810159810278 0.203710955062318 0.124991470218569 0.142057899841411 0.0634366929425661 0.161222097271941 0.134784160579474
