0.1522437 0.1976736 0.2031846 NA NA
0.074074 NA NA NA 0.06224434
0.0383721 0.1511582 NA NA 0.05075175
0.214483 0.09944368 0.1706968 0.1270792 -0.06595909
0.06392671 0.1715076 0.1680513 0.2872653 0.2963627
NA 0.1563156 0.02606543 NA 0.2589845
NA 0.2481356 0.09701338 0.07856394 0.1858747
0.03345969 0.1113814 0.2329282 0.1332178 0.2219872
0.284812 0.05021207 0.2864583 0.06563126 0.05502763
0.05535304 0.1390667 0.2159467 0.07816149 0.02445013
0.2728221 0.04382884 0.001133344 0.005781111 0.09790197
0.1919805 0.02905736 0.1856273 0.1024534 0.06603595
0.08425878 0.03876315 0.05364978 0.1427343 0.09079346
0.136872 0.2069765 0.1307833 0.06846763 0.07269014
0.0331502 0.07596155 0.02543888 0.1797315 0.04271633
0.07334963 0.04301819 0.009783614 0.03873068 0.02121618
0.04492426 0.04324461 0.00276141 0.0009258668 0.05203396
0.02074767 0.06044028 0.008419052 0.0146087 0.02745487
0.05841901 0.0782303 -0.01303776 0.02440019 0.0116101
0.03187102
