NA 0.1216255 0.1316451 0.09462885 NA
0.327456 0.160138 NA 0.1511582 0.07258963
NA NA NA NA NA
0.1967197 0.07501715 0.06957972 0.1478029 0.2955475
0.1195094 0.04259289 0.1088192 0.1498832 NA
NA 0.06444516 0.1448629 0.07733342 0.14897
0.07285332 0.05430062 0.2503116 0.1594395 0.05720086
0.2178595 0.1940415 0.09809743 0.1563659 0.109099
0.01388874 0.02495427 0.1419647 0.05607536 0.1611099
0.08592557 0.08664753 0.1330147 0.1033973 0.1954521
0.1079056 0.1536681 0.1354505 0.1001139 0.1330289
0.05646509 0.02262283 0.1593002 0.104093 0.1007632
0.08048116 0.09540619 0.1512018 -0.02393882 0.02659946
0.1443745 0.05903267 0.0234018 0.1789884 0.08603387
0.03305958 0.1073202 0.05680529 0.0242098 0.1028713
0.01991534 0.04198844 0.1041214 0.05318338 0.04503724
0.01774335 0.01184152 0.02998426 0.01431216 0.00644873
0.01344322 0.1074748 0.07916235 0.01164808 0.09507057
-0.01423536 -0.005143624 0.02371682 0.04744259 0.03871598
0.05300585
