0.1929161 0.03498222 0.254763 NA 0.05202269
0.1316197 0.1987944 0.1207982 NA NA
NA 0.1435522 NA NA 0.327922
NA 0.1483149 0.06767217 0.1333513 0.2300358
0.1320369 0.04181536 -0.0457097 0.1530282 NA
0.1809904 0.08847068 0.07361233 NA 0.3000303
0.1048382 0.05397872 0.08533188 0.05842542 0.0981635
0.1128429 0.0946316 0.02873756 0.1507656 0.083525
0.05063289 0.2125991 0.1040058 0.1728046 0.01914051
0.02990892 -0.04671576 0.05686236 0.0729832 0.09137603
0.01698025 0.05367803 0.1842541 0.1767407 0.1295682
0.160892 0.05575762 0.1469823 0.05634752 0.1008167
0.03149855 0.09714379 0.08907712 0.04956976 0.03556533
0.08158034 0.03257586 0.002327489 0.05871999 -0.0091273
0.07368839 0.1409279 0.1096043 0.1564717 0.0809464
0.02927159 0.08326551 0.01584486 0.06173954 0.04511557
0.08419898 0.02854136 0.005745253 0.01836369 0.06606776
0.05496465 0.0180489 0.04462443 0.09233259 0.04246083
0.0132741 0.05522503 0.04629372 -0.006177667 0.01323306
0.03769814
