NA 0.2623943 NA NA NA
NA NA -0.01499406 0.08944328 NA
NA NA 0.08054418 NA NA
0.1714491 0.1287362 0.1555138 0.2067682 0.1010145
NA 0.0408641 0.1391642 0.1304802 0.240524
0.1757822 0.05669535 NA 0.1287916 0.1330381
NA 0.2057369 0.2765494 0.1536723 -0.04477009
0.06905384 0.09917201 0.04041482 0.1353418 0.2176394
0.258068 0.07898457 0.1831286 -0.02682399 0.1994568
0.1325116 0.253812 0.04948045 0.03865327 0.06173619
0.02589012 0.0591169 0.05264101 0.1412121 0.2403564
0.1875248 0.08685862 0.2516129 0.08198525 0.0841393
0.1405981 0.1028102 0.02720962 0.1787218 0.1006599
0.04193095 0.07222084 0.1348084 0.1199915 0.01282947
0.1001047 0.08044752 0.1256386 0.03695642 0.05164974
0.02970415 0.1331179 0.08651607 0.1518311 0.0447137
0.03804224 0.03743348 0.06083808 0.08855574 0.009189757
-0.003152542 0.1022206 0.1143766 0.1325914 0.06897617
0.1110856 0.004949822 -0.001170656 0.01760109 0.0240772
0.113074
