NA 0.08759146 0.3011636 0.1503228 0.2940434
NA 0.141892 NA 0.1511582 NA
NA NA 0.1026455 0.1099102 NA
NA 0.2614332 0.3561058 0.183108 -0.01538854
0.1872373 NA 0.1706968 0.2688043 0.197395
0.2070068 NA 0.155634 0.2594343 0.1040209
0.06035513 0.05734215 0.08017084 0.2058791 0.08905152
0.2311334 0.1377351 0.09184757 0.02037066 0.003081173
0.0603388 0.2009174 0.06788741 -0.0132913 0.2188717
0.05023458 0.03993111 0.04222993 0.02183433 0.0619812
0.1123747 0.02549099 0.07854007 0.03053182 0.1956
0.1405538 0.1355775 0.05764922 0.117907 NA
0.1663127 0.02418491 0.07575406 0.04407274 0.1092168
0.07306846 0.04102745 0.07319202 0.138096 0.1258428
0.03798322 0.06614461 0.1762585 0.06916085 0.05084487
0.0768063 0.01685963 0.06541914 0.03710714 0.06997971
0.09339881 0.008147166 0.04258808 0.004228618 0.002436069
0.05609507 0.00259052 0.004375947 0.008537676 0.07153129
0.05070299 0.02448592 0.0588067 0.03816075 0.02492457
0.1327055
