"quartet" "wQuartet" "cluster" "phylo" "mutual" "shared" "clusterNorm" "wNrqs"
"mb49" 0.723195901144384 0.758423870812789 0.22635302362267 0.425927526660128 0.167820484531623 0.104910503438105 0.13992457969634 0.139279703462134
"mb50" 0.807987721901946 0.852020810374433 0.253146414212122 0.605312544452471 0.193635051608076 0.116071559177332 0.153970098247217 0.173801744068214
"mb51" 0.701001905712928 0.774324023370975 0.246352676010688 0.241513751039947 0.172531086836273 0.116260858269032 0.189470091945492 0.179906200965304
"mb52" 0.759474864910319 0.823429877378807 0.253584872820008 0.548781038400503 0.193793176027997 0.132560003480089 0.170202568809846 0.201939587847328
"mb53" 0.841463414634146 0.854687856436773 0.206197211462377 0.84139255838059 0.167672681201569 0.0827968640441396 0.0741106166518364 0.138856047999552
"mb54" 0.802469135802469 0.88219772487393 0.271508170743383 0.799839147319119 0.219317311054902 0.109094343309624 0.149321744333429 0.216297275194696
"mb55" 0.91358024691358 0.90574083503055 0.234032888908898 0.913480023575744 0.195393413940701 0.0991365089681503 0.106230187722164 0.187415138035222
"mb56" 0.805783916040374 0.80456288624539 0.215707428181385 0.668757525147076 0.166775970726389 0.103710348099681 0.111773181805621 0.151313102829248
"mb57" 0.670886075949367 0.800682997307414 0.231043871515206 0.494164658853425 0.17746265345996 0.0830587592189748 0.100875345772022 0.153506756189595
"mb58" 0.687451145272093 0.736101189743084 0.21855076294842 0.246654798942353 0.157446327328147 0.0986477829596741 0.131049773010054 0.144112793170714
"mb59" 0.833326702122232 0.822761032280438 0.205695523122237 0.679297374897495 0.157405571790518 0.0917526660498494 0.100634982809899 0.139801348276261
"mb60" 0.754300968807923 0.77941466785115 0.21043516421613 0.656481524978604 0.165146143409323 0.102687498754036 0.105883169878262 0.146660604593772
"mb61" 0.802469135802469 0.840936332228725 0.212427535640743 0.80230094647239 0.171543614315295 0.082121778568425 0.0808074263198413 0.165120610321243
"mb62" 0.642573184495678 0.690849691267599 0.214916220947004 0.109121134592603 0.135927195198502 0.0595030141934285 0.173836374987481 0.14096516689944
"mb63" 0.746299750924557 0.819981679643586 0.253097746659045 0.592971979225748 0.194017335127589 0.122052055782815 0.153937137270529 0.202100784541119
"mb64" 0.642694087063695 0.687559363472128 0.214896897709727 0.109164331042611 0.134723542733152 0.0644482519940329 0.174135173613528 0.139756635028208
"mb65" 0.649555059388587 0.687920201593065 0.211477387234395 0.1213420444731 0.134693981390428 0.0692254574607785 0.169788933314255 0.139323334596378
"mb66" 0.637416238303742 0.667756325352633 0.186755206453687 0.1225865497162 0.123182629850135 0.0733309564942329 0.13950677522555 0.0968036766514913
"mb67" 0.707317073170732 0.706070287539936 0.175566248544798 0.707084464647375 0.129752351734966 0.062226141513789 0.0383827459808792 0.0776467190782332
"mb68" 0.604367123015283 0.664736150645938 0.195931794923493 0.0613003522679641 0.12206144222176 0.046871168104785 0.154409854105796 0.117044709922358
"mb69" 0.780487804878049 0.841695558317525 0.226536903138755 0.780343424865492 0.181904918455221 0.0884387332691901 0.0978347769290095 0.169992230748437
"mb70" 0.81574271154858 0.787422884413921 0.186798505369319 0.658338917426751 0.142439724215763 0.0829666470064014 0.0793959915253485 0.116867989118325
"mb71" 0.638632396589638 0.679398882994178 0.210733895051556 0.0849879248473041 0.131059186139118 0.0560103006191412 0.169975644352623 0.133770289516909
"mb72" 0.737007700269147 0.681195840554593 0.166038719142 0.523961639421233 0.119046782157199 0.0774746910500234 0.0732237759900752 0.0820568832473005
"mb73" 0.753086419753086 0.84752253579214 0.246822818991356 0.749906823110167 0.196254066574917 0.0953029626039194 0.120916460546714 0.208148442754139
"mb74" 0.841463414634146 0.829765717175122 0.1710404604621 0.841272252860745 0.138053768074646 0.0677996511563296 0.0331038792427396 0.113274630566668
"mb75" 0.644150226013843 0.637321567953009 0.177179323624488 0.293224140099589 0.115093350604638 0.0762350168741842 0.104414861692999 0.10846646149056
"mb76" 0.679012345679012 0.621345472938796 0.154198220832421 0.678822765321975 0.115085256972498 0.0522531110963139 0.0129066295411844 0.0506194731007038
"mb77" 0.777777777777778 0.819313406802505 0.205712172606527 0.774825532104872 0.162721835982237 0.0779302995638842 0.072679634072795 0.138052406840603
"mb78" 0.652159299178505 0.678815601790369 0.190159244455386 0.122566709774945 0.126209866050768 0.0816572872431661 0.140027342893745 0.102186111780676
"mb79" 0.683058366051836 0.65129619994141 0.160491433598291 0.326638847378728 0.113184208471925 0.0663106490461976 0.0973577987829494 0.0838085872512222
"mb80" 0.670886075949367 0.744769179674527 0.197183780360033 0.670681742540505 0.143506429434972 0.0682653016144514 0.0608104716555845 0.108232126835792
"mb81" 0.716590280919138 0.656946973632383 0.161840596936309 0.392927744320049 0.115647001070347 0.0746880798341123 0.0939644105440151 0.081344828396596
"mb82" 0.706539630280726 0.631170503580869 0.153117294975577 0.43710231264413 0.108540855177936 0.0722870454170701 0.0701850760561059 0.0675377715194377
"mb83" 0.745045683541676 0.801275366667917 0.243010266147174 0.41903158840756 0.179245778907986 0.122345468366524 0.168636374046645 0.186069406906688
"mb84" 0.69161982509574 0.763901436350526 0.234514494958555 0.253486694821836 0.163932963797463 0.100798693799474 0.172282150256988 0.173100369175486
"mb85" 0.792682926829268 0.820148386520068 0.180329262537156 0.792493098808589 0.144398385798215 0.0689351486155605 0.0439383123658088 0.102917666503533
"mb86" 0.781745429929527 0.72584924101889 0.176729079932002 0.499489137076452 0.126021080713572 0.0777963116740593 0.0962273239834329 0.109407881920099
"mb87" 0.629464429720114 0.663504984057402 0.191198587625781 0.121086574050925 0.123895769365611 0.0695641515026772 0.146366375667822 0.119629061526809
"mb88" 0.599212768775236 0.650022983092143 0.187339321529064 0.0612984979958042 0.115754513467443 0.0430270988718989 0.145147859099013 0.107302140399891
"mb89" 0.638169145355907 0.621743931076311 0.165658343963286 0.280725421724637 0.107094039603126 0.0596279011290955 0.0980156859443684 0.0941782213640436
"mb90" 0.70750558441034 0.669007932347905 0.160658821840233 0.572854167064996 0.116655065083932 0.070262300728148 0.0498039438028298 0.0616757880068679
"mb91" 0.75609756097561 0.711210762331839 0.172752207861853 0.755923771459453 0.134038298247272 0.0648330791645546 0.035100456689041 0.0950488769467867
"mb92" 0.683330782750114 0.722955575621575 0.221832451413978 0.168175050405255 0.143536434870498 0.0931733038357177 0.171660539059058 0.15717376931999
"mb93" 0.646341463414634 0.612788470309222 0.167444817288385 0.646155636652122 0.127421861854248 0.0565245809111374 0.0289099309612229 0.0594333876870358
"mb94" 0.669612239469105 0.690012842923906 0.188770276897504 0.184495210071081 0.132979197298506 0.0847740171476157 0.109225701244671 0.109878920401365
"mb95" 0.727704392815663 0.669628459538618 0.165044020090665 0.584927314822646 0.120072750292754 0.0728211462757333 0.0547683113230057 0.0743757014835826
"mb96" 0.747222888853105 0.710531178485637 0.174744780209932 0.394547949314277 0.119423879713429 0.078206520730631 0.101875754428596 0.0989937369549651
"mb97" 0.657348709646262 0.659216866479188 0.177173017908027 0.147043082392866 0.121337766077186 0.0769821749777595 0.121793503028882 0.0958499636756719
"mb98" 0.660902723613866 0.672417012766903 0.184809194634162 0.148817828930587 0.125114615469806 0.0787292428256027 0.132321471634127 0.10023193479929
"mb99" 0.59473259815629 0.634981396764429 0.180136897737459 0.0612984831886998 0.111666189067291 0.0434617832579393 0.137244408742713 0.0989813658915631
"mb100" 0.751675805968392 0.7643002260566 0.190541239174048 0.583716566096179 0.139122220304497 0.0803507516766155 0.0832091396161067 0.118017380001925
"mb101" 0.700353642351571 0.640165340820465 0.156341792184525 0.41217342558045 0.10998369856851 0.0733568093705649 0.0818384633732582 0.0741744053256694
"mb102" 0.792682926829268 0.715070229168867 0.151166560332481 0.792613404328435 0.120301000984284 0.0553816924530591 0.00992301694111566 0.0737428623988387
"mb103" 0.628315682299695 0.602414781644312 0.157406481332355 0.280545970917057 0.102779860520159 0.0589244919698052 0.0939658810715865 0.0826773701367746
"mb104" 0.691358024691358 0.721685777509555 0.173903939143754 0.691243654538987 0.133232800881604 0.05608961774409 0.0357395048826653 0.078681040092867
"mb105" 0.690828736397521 0.687267144233938 0.173269179529935 0.292676097445067 0.116865134579439 0.0717718521671508 0.11108144542902 0.0911197087148757
"mb106" 0.654198278824682 0.658482979575491 0.176664898333589 0.147085829371202 0.120817041905629 0.0753823950731813 0.118320053531973 0.0972244068494845
"mb107" 0.7986579666644 0.732302739680091 0.172769485072048 0.624903118091136 0.129255676250022 0.0787135704661895 0.0628265899462376 0.0928453671238361
"mb108" 0.656678310763351 0.685520165424247 0.193440872184924 0.199228322848003 0.137461821444306 0.0860957944095582 0.114254613460795 0.114400145999344
"mb109" 0.747752041499691 0.687980272967083 0.169530565455736 0.426416555807692 0.117173287143309 0.0728827140873466 0.0962784017062853 0.0973377073718952
"mb110" 0.652356916749517 0.656974962421742 0.179303423455212 0.159507853188051 0.125044766916946 0.0760115782128966 0.112775987039604 0.0990843403114656
"mb111" 0.634594626347696 0.670019466477517 0.187812730490521 0.122560877280207 0.122836070519299 0.0725793296644031 0.142811278255852 0.0986655456169633
"mb112" 0.68093295999958 0.74216325853159 0.225553160035597 0.170425602134339 0.155881039516698 0.0866312721836823 0.170527069372015 0.159808281941564
"mb113" 0.655408507418551 0.668070484725317 0.182237941936203 0.148849069089798 0.123434913017731 0.0767972546048415 0.127163113723587 0.098879526738433
"mb114" 0.700931309561808 0.759799475602315 0.229844247024458 0.28063647771906 0.162663634030162 0.0988900355855715 0.161617820601235 0.172612470383291
"mb115" 0.740946718384663 0.788595995766546 0.241046483941808 0.363752260026978 0.172565961495267 0.122024944238663 0.173844135691305 0.178840001056576
"tnt1" 0.641083652926958 0.655551375617586 0.178041862987396 0.159729000493529 0.122971576424876 0.0811550069497406 0.111350963290124 0.0940429295214459
"tnt2" 0.658109625157812 0.667312810066695 0.182524133264197 0.186492012468281 0.127417519101019 0.0848960242993076 0.110175206788578 0.100188574267491
"tnt3" 0.636303223917096 0.666772120643465 0.185795792850262 0.122571032486755 0.122011351909769 0.0732167969900259 0.139674813526739 0.0961882106528042
"tnt4" 0.708161002350149 0.66353012927326 0.162197517156174 0.424759689972645 0.112376375782241 0.0748278327838083 0.0802748239540041 0.0814957658344706
"tnt5" 0.663072520799707 0.636501149459716 0.154615273474445 0.357819623764966 0.107545572330748 0.0695022441580097 0.0800754179321606 0.0774732452838423
"tnt6" 0.725 0.689190480741661 0.168692505434114 0.724959404170132 0.131402543346846 0.0597595515681388 0.0287097539393404 0.0820242330020807
"ufb1" 0.638615675562677 0.654801452518338 0.178428004599597 0.230516182620592 0.119257061029472 0.0721426388925619 0.129256766397649 0.0919724086908771
"ufb2" 0.651622719707256 0.644649437645385 0.171561820560855 0.278506079264094 0.119745548584007 0.0755741616342176 0.109189670835025 0.0901932556163508
"ufb3" 0.62704389423002 0.70148971388035 0.204254668185318 0.447328185118527 0.150654155915281 0.0848388004611259 0.0982715127651475 0.116457665217245
"ufb4" 0.64334724446582 0.670521829657102 0.184121141103246 0.193773379065355 0.121759915370449 0.0748616956451858 0.131589116372989 0.0997285448347821
"ufb5" 0.690769761352527 0.694546315540238 0.172371147578081 0.32928251069972 0.115945014732088 0.0778016050690886 0.105352172175111 0.0928838242364662
"ufb6" 0.744821167026544 0.755471961191559 0.193800720510789 0.482492148759282 0.137194753151529 0.0843744820208354 0.103605424578248 0.12790309123852
"ufb7" 0.704302238326495 0.613329686360321 0.149299893752065 0.499562570114476 0.107015374974782 0.0704051934949617 0.0541953825961747 0.0584285819350868
"ufb8" 0.65785364700991 0.60241735186585 0.144366962940497 0.342969512641172 0.101227246164382 0.0634612399508278 0.0688344454354295 0.0624820687089003
"ufb9" 0.630318228499967 0.644285443023447 0.173352922368105 0.230491565205098 0.115299075663117 0.0694530608845343 0.122148965796789 0.0862806848272773
"ufb10" 0.664688599235509 0.638286880594866 0.156997188363739 0.304937110045107 0.105264088696518 0.0661784594831604 0.0935265473565562 0.0758327892779968
"ufb11" 0.707659651266911 0.670837867247008 0.167413981867036 0.543019973891761 0.122841360192763 0.0703416916495454 0.0572048573387761 0.0779037634214056
"ufb12" 0.640559313335234 0.664976399559983 0.183017000732222 0.169619922876285 0.120013304744466 0.0681923133832963 0.135575007582191 0.0934971082402549
"ufb13" 0.636048414875948 0.65792746613533 0.176130025689212 0.254403704385857 0.122323756521408 0.0818069744189819 0.117704762394115 0.089608075552222
"ufb14" 0.634097433244326 0.646189608594584 0.170422259110516 0.326643962959237 0.122473655572934 0.0778487957269321 0.0970799617579164 0.0938289821671869
"ufb15" 0.710165840159391 0.701035200978208 0.167646113840727 0.451910145782635 0.121753258030922 0.081897215740929 0.0861541734931572 0.0865054561682059
"ufb16" 0.631003096842847 0.661855092601286 0.182996805485871 0.171744574027667 0.118838164882905 0.0646189927267687 0.136717276209859 0.094427904501488
"ufb17" 0.587921500497651 0.56062804122465 0.158392024381766 0.133531577853119 0.101869536336647 0.0601784864348826 0.104219826464903 0.0683688933471777
"ufb18" 0.679012345679012 0.802156912209889 0.239400651219521 0.674700082621687 0.184890443258865 0.0894377368137596 0.112381798855282 0.177530816230928
"ufb19" 0.638379999124871 0.684655954323719 0.198236448077873 0.144122064109311 0.13169398754377 0.0723566567199577 0.14650037797777 0.12943264913126
"ufb20" 0.621368668385451 0.64630261645935 0.183945291254 0.121164442211371 0.118578290910539 0.0609560085967829 0.139558071469485 0.111728799183522
"ufb21" 0.615831176102483 0.648004560573889 0.186964322636166 0.108967192227629 0.119585274772613 0.0607026164574937 0.143422344229438 0.113288518637604
"ufb22" 0.629767099982685 0.65701573360369 0.197651614059605 0.0850053577564924 0.121330184304872 0.048474529423269 0.156350819575329 0.118758272701184
"ufb23" 0.75684127467285 0.706027638929727 0.174817826566451 0.597278381454069 0.130384402644076 0.0748033444277 0.0658329803860531 0.0998769970942706
"ufb24" 0.767597702841582 0.734333790891004 0.17636815293002 0.548389749119038 0.130461865558087 0.0781041755683387 0.0847028144801747 0.106148105637209
"ufb25" 0.737438404447285 0.692363868729746 0.178053042689709 0.476871789116277 0.13047216832903 0.0709584955395716 0.0863556775272592 0.109282398907247
"ufb26" 0.655934294663556 0.621898588450131 0.148939787872596 0.326154542085871 0.104550230491588 0.0629544076067188 0.0800407082293094 0.0728875344603405
"ufb27" 0.706806119970794 0.690146158790487 0.169403976947698 0.394547949314277 0.116641903664767 0.0743281383942518 0.0961406473663282 0.0940735453654368
"ufb28" 0.700774750140523 0.674619825887427 0.16790077446294 0.345232146270853 0.112989264793802 0.0694363908047949 0.100581434234712 0.0892433533746342
"ufb29" 0.6875 0.748620377234165 0.194035422260692 0.683227782786266 0.145086030254126 0.0680194887095636 0.0587242086457422 0.111068807332961
"ufb30" 0.693713475489606 0.7750797175245 0.240033605942574 0.301598848966789 0.169970471633709 0.119951634099732 0.178229912528134 0.175392727037317
"ufb31" 0.646499979292153 0.661987220821854 0.179493119340432 0.220561625189807 0.119643914445006 0.0752413315396451 0.126694540698116 0.0955605348675821
"ufb32" 0.814814814814815 0.8476433750824 0.200790835412549 0.812364884578733 0.162337998698529 0.0791847020960468 0.0662798635018319 0.13797934653781
"ufb33" 0.672215757973707 0.62350841131606 0.151649267666667 0.36681213735844 0.105423904329612 0.067139503693227 0.0687325190311677 0.0715268522756206
"ufb34" 0.675126078434644 0.653179762500069 0.158880772508344 0.336435316903094 0.111901146025063 0.0687558528429155 0.0908532487408969 0.0807900409318063
"ufb35" 0.740561730277552 0.688884038748888 0.164201198182861 0.502840172834961 0.119956955222492 0.0750097529448083 0.0708147667975387 0.0871392528979949
"ufb36" 0.724843678887286 0.673449498248959 0.158920884600935 0.434899842966007 0.111967908293353 0.0693457215148137 0.0765941278093665 0.0844014216383604
"ufb37" 0.707759284665018 0.656682881974313 0.159064240668232 0.36220817102711 0.110566481154237 0.0623647894437207 0.0848291513118744 0.0866566414497895
"ufb38" 0.780487804878049 0.792838685861942 0.19807847138058 0.777641845793292 0.156659603567153 0.0753233192381482 0.0646409406108306 0.137623143831851
"ufb39" 0.659290516733648 0.703480734599424 0.205181066777118 0.169035593506852 0.137176798826547 0.0781133849625711 0.153923321552431 0.133647476950859
"ufb40" 0.654611865910628 0.695158770800453 0.206483020952437 0.145142343312216 0.12863139283552 0.0732528243706254 0.16036613745021 0.139358154327928
"ufb41" 0.715445943355513 0.642822557216179 0.159028908602929 0.538314107045264 0.115703089074357 0.0647338022594491 0.0473404279517778 0.0859326393460748
"ufb42" 0.711666545305033 0.688645798612163 0.179711220450322 0.452364843728064 0.129656526993054 0.0718200620404551 0.088247620529413 0.114521297757026
"ufb43" 0.639195339744679 0.644095743895416 0.166993240375174 0.326940821637616 0.118049425434812 0.078957918168946 0.0994679139408579 0.0867748017322313
"ufb44" 0.70369219716479 0.769127927579653 0.23480147479996 0.326921727913824 0.169588511780286 0.112256407460892 0.167072165967793 0.173624351826771
"ufb45" 0.773913301613903 0.690165559147996 0.168160922297116 0.511747584572331 0.119575699795774 0.070936608626182 0.075582167766558 0.102773220098077
"ufb46" 0.724092733104023 0.726563685472368 0.16883154206774 0.620248716950847 0.129130878093417 0.0790890751967384 0.0591350973636946 0.0841125340064477
"ufb47" 0.685828113794788 0.644486381432555 0.15557476257465 0.375134575705029 0.111264061983323 0.0715213179369966 0.0872128290038902 0.0795652892683555
"ufb48" 0.785978528829725 0.75331088664422 0.167104531893848 0.641636374793463 0.124110268923002 0.0751988909856787 0.0568544455791925 0.0930444108537431
"ufb49" 0.633203894015663 0.66598771732922 0.185299131056158 0.181988182694348 0.121028310480386 0.0720365404800078 0.139150018092284 0.0959125365629386
"ufb50" 0.671881538875759 0.711468391328111 0.215837123418626 0.145866523298383 0.136304528963877 0.0806294749514195 0.167244133281498 0.151594952619422
"ufb51" 0.670731707317073 0.661533785837301 0.165135359398516 0.670515137298239 0.120282423268956 0.0550801261856651 0.0262161856476553 0.0646112351122201
"ufb52" 0.637960415562887 0.649991453200166 0.17206079091521 0.30632793661047 0.121041373527117 0.0798488516084026 0.104884607284747 0.0910271793685093
"ufb53" 0.663521255489288 0.660933264814647 0.186893011912726 0.328194850065775 0.133261731219075 0.0835279250711068 0.10715418455597 0.0955831039508579
"ufb54" 0.637078176918548 0.666085999985284 0.185013254827119 0.196301532243887 0.122249152510532 0.0729070389425414 0.136236145087887 0.0969013331775849
"ufb55" 0.713442840223284 0.716789274860113 0.184115546124817 0.521140790889021 0.130262727933998 0.0722613789027223 0.0755697387459953 0.114864858386142
"ufb56" 0.725818034440255 0.690642627729346 0.171140546289607 0.357601367693331 0.117523351765025 0.0715141812162562 0.104021920376337 0.0935717660089866
"ufb57" 0.663257131606462 0.639495952842725 0.158109235189681 0.280402089461244 0.104451737423409 0.0593494476864159 0.0984034825577667 0.0749017038143882
"ufb58" 0.655579922355713 0.548033596481742 0.136919542574933 0.509309209420823 0.0965864963779211 0.0551280365599814 0.0226635653717086 0.0364213180240677
"ufb59" 0.613469611219949 0.600940045318146 0.161173501984701 0.247168556622066 0.105190386888697 0.0590908783478883 0.093096255950137 0.0884531577631182
"ufb60" 0.611925673074875 0.579477716682353 0.152725573966877 0.232132220084056 0.100189916289369 0.0536388598177531 0.0888732063541534 0.0765805154706598
"ufb61" 0.682557866997129 0.589553050349802 0.147725401656927 0.549668165196215 0.107973992348389 0.0635407757174727 0.0344540279671085 0.0377942360038999
"ufb62" 0.665992145105663 0.636363176734686 0.169393313329763 0.266149439265422 0.114576312808895 0.0660456518201111 0.115971589632024 0.0911279956907445
"ufb63" 0.617005357066288 0.637991111425313 0.17925958920809 0.108980082251637 0.112943283155533 0.0504893631181563 0.134623431493106 0.0924679707846982
"ufb64" 0.668608661344705 0.731756854780212 0.20612981959461 0.509213826778385 0.153957664783113 0.0887061501401445 0.100396410488119 0.128377781052585
"ufb65" 0.5625 0.667014178482068 0.209671791688984 0.556706168564954 0.150651857829847 0.0710034683275401 0.0772369437963118 0.0959923210809324
"ufb66" 0.767579291972285 0.7090176829652 0.160872708701199 0.646057330513771 0.120093071364172 0.0716959134567113 0.050046079488592 0.0864467570049179
"ufb67" 0.709562441772298 0.770904636400757 0.233607610820755 0.358059949132515 0.173360487399717 0.109058931811835 0.158482354594858 0.177842030606578
"ufb68" 0.603768048042437 0.664170983140087 0.195634641508722 0.108769827238417 0.122013329298631 0.0415567224357197 0.154230381940885 0.117588500568807
"ufb69" 0.691286988047091 0.6312732595257 0.151089477236095 0.392521956944298 0.108361896208288 0.0697965932823424 0.0761223172856314 0.0692837969428751
"ufb70" 0.626492673931961 0.619277173146774 0.16369728747215 0.325652880052001 0.116749336729112 0.0744410494693182 0.089672589927757 0.0815509351633452
"ufb71" 0.64640938560486 0.651899862476443 0.183400785240089 0.277888452228531 0.128156549097728 0.0769219237814504 0.111205908889375 0.106690031605355
"ufb72" 0.709281047265354 0.766240816017371 0.233848278396888 0.26871819243763 0.165755349359636 0.103343930430973 0.171634169411779 0.173135982252065
"ufb73" 0.749767514931324 0.689558603570633 0.169518973850398 0.597208901735625 0.122756364575493 0.0724413047840684 0.0598342886928822 0.0928759488774512
"ufb74" 0.629301189883902 0.650713655719204 0.174810688068087 0.169558791077543 0.114399186365104 0.0636261667965927 0.125450436570812 0.0872287293855491
"ufb75" 0.711791020898271 0.717365584330222 0.166188561520005 0.537983763455757 0.121804383935431 0.0822206080973428 0.0732435558794883 0.084799374502902
"ufb76" 0.693545374909574 0.644270420704085 0.164818415352241 0.427422620908491 0.114561148281576 0.0647956686831669 0.0830322286874267 0.0968533680299574
"ufb77" 0.598566903304607 0.655858456016104 0.188392968973704 0.145698797248582 0.120954679725984 0.0618573433166217 0.145500341962327 0.104830083704716
"ufb78" 0.626902470408392 0.654667535016832 0.178095411639978 0.194021735517501 0.117173944739627 0.0666939609704759 0.128904267686942 0.0899926380310771
"ufb79" 0.636520528254543 0.672016108820962 0.18661639157671 0.301725415173159 0.131120833142543 0.080585755787363 0.106860618171911 0.109180502622182
"ufb80" 0.703703703703704 0.649026827985271 0.162099701739976 0.703603651171024 0.122751555977455 0.055665238187997 0.0219610106580933 0.0643565030215121
"ufb81" 0.592323581088333 0.636652546661467 0.178084637614381 0.157834557588861 0.113820819001509 0.0598107942292474 0.133383765758932 0.0941447430440685
"ufb82" 0.63915548607936 0.655969658414561 0.175660806244906 0.220448042622352 0.117590176753581 0.0731485528899598 0.120179513531391 0.0940636805286414
"ufb83" 0.67403420137836 0.65251852220178 0.183301681807384 0.328109650948019 0.130302078930306 0.0718097196066733 0.103210664080301 0.0958060045799634
"ufb84" 0.644149364791862 0.674741896407227 0.18717299488841 0.196301532243887 0.124988278189999 0.0738685857566917 0.138552218036425 0.0976899152063087
"ufb85" 0.639225552342973 0.655956760980692 0.176276436377542 0.305995954859055 0.124109350702354 0.0791855355799239 0.103451702103977 0.0943150499770092
"ufb86" 0.719512195121951 0.650554366854697 0.154224818703894 0.719354444110317 0.119808581275299 0.054433772833361 0.0134901610712631 0.0644087813132276
"ufb87" 0.708126674114469 0.660167467730722 0.171532012740629 0.452287149162539 0.12285670487374 0.0629540176773286 0.0791564171905214 0.11120663578218
"ufb88" 0.728135930226166 0.653115581411649 0.158284459699435 0.572784687346552 0.110788887092976 0.0641681498582605 0.0471159909168327 0.0687928991505395
"ufb89" 0.5875 0.496299722479186 0.150361157344236 0.587190416683605 0.104239677477709 0.0476844700125652 0.00729161478718635 0.0162050043064291
"ufb90" 0.642655230323194 0.676509261446232 0.20299908497766 0.122692453833264 0.130382510308898 0.072557342405717 0.160317780832585 0.131363988027518
"ufb91" 0.647579097668331 0.650120281122537 0.173402798613114 0.26642087359636 0.118449327069262 0.0744231805839428 0.114826788273271 0.0944323123564101
"ufb92" 0.624848038581212 0.66351823775681 0.189000326538534 0.13391396993276 0.122640398104737 0.0746688159672529 0.141855741735364 0.117575345850773
"ufb93" 0.679012345679012 0.626994394135403 0.159694011898636 0.678883657906951 0.119671630497939 0.0522896163126407 0.0191529695749469 0.0591633269627452
"ufb94" 0.6633254463435 0.634983913834103 0.15614811493473 0.526956832926825 0.113473684061496 0.0640147929108976 0.0444477314799197 0.0605504558776918
"ufb95" 0.728759843028068 0.698582094045397 0.182998708526277 0.452364843728064 0.131024936658124 0.0749571233835003 0.0918530876365614 0.111467309185185
"ufb96" 0.602880725540355 0.661251750768604 0.198909459946671 0.0490500828812667 0.121181513276692 0.0480368496979937 0.157673412940405 0.122747727324924
"ufb97" 0.707317073170732 0.663169032713165 0.169906513495233 0.707024311887452 0.128551422212176 0.0619864177301943 0.0317812466278601 0.0848995039884614
"ufb98" 0.6875 0.785097056981841 0.231571548120324 0.687275639926441 0.179924734756605 0.0872579967487704 0.102639792275018 0.177634578187908
"ufb99" 0.660620376735764 0.625460035321597 0.151308560174337 0.316360358464519 0.106227196470009 0.0658491094416371 0.082601248668191 0.07411967028549
"ufb100" 0.608930608659528 0.580313200405817 0.151688704687576 0.23185098661516 0.0996874558660118 0.0593725784942448 0.0945096194680316 0.0702197179463471
"ufb101" 0.625771221355841 0.639332672534244 0.167686431683432 0.229771258629015 0.114856628774849 0.0733938294739121 0.114059460175687 0.0799876746385299
"ufb102" 0.592018124983449 0.644932606825351 0.182230918221979 0.145728978379694 0.116523510295928 0.0602943414009505 0.138453997109877 0.0986827988914572
"ufb103" 0.619955699256939 0.592503401474111 0.155515692868041 0.244012336122532 0.102342059278046 0.0583320033348302 0.0919327312521419 0.0791054697626168
"ufb104" 0.590633096107563 0.635364480952976 0.179374717908515 0.0978119921307511 0.112145153276399 0.0436705904331217 0.136443829467257 0.0989051719247354
"ufb105" 0.654001685327385 0.630251830108643 0.155836373025703 0.278077539989673 0.107934266235584 0.0592391570391787 0.0960330233209884 0.0778360714559813
"ufb106" 0.665018229187186 0.610513893754725 0.146990356605433 0.445693424414042 0.106586172410086 0.0675365933294882 0.0517431913978271 0.0536404309487891
"ufb107" 0.605050934430061 0.616085283859116 0.176290511153705 0.0968682320726567 0.111441016306505 0.0618183389561182 0.132198759419591 0.0890314119922049
"ufb108" 0.613968952037287 0.585329987865825 0.153422020858125 0.234604968495991 0.10060592757102 0.0561736159041077 0.0933381575228774 0.0741061930020568
"ufb109" 0.635246777441586 0.648429415280983 0.171292444435042 0.326643962959237 0.119882850723293 0.0769026973808496 0.098027079463432 0.0922722045023374
"ufb110" 0.666944003171336 0.583339642640824 0.139206679983849 0.467078102765997 0.100439292581722 0.0642956002218558 0.043090388455293 0.0445051926789972
"ufb111" 0.626108910123616 0.623054626230885 0.161905061449783 0.253926146010288 0.112123998886843 0.0722455365220473 0.102421177371664 0.0757298167586729
"ufb112" 0.630645002228827 0.617870309221471 0.160248346481991 0.290293786369354 0.113700343869819 0.0772439453910748 0.0969141826607807 0.0763040161606991
"ufb113" 0.594560002795886 0.631370626770811 0.178753155557935 0.096634032588177 0.112414828853934 0.040636970783864 0.135789750175614 0.0974580489389201
"ufb114" 0.596289491037499 0.631843190159489 0.175353826605874 0.133461890632484 0.112402415229742 0.0556524677561472 0.130519504559047 0.0916825905236647
"ufb115" 0.752313821836754 0.792999531046995 0.237381650274559 0.406522145320505 0.174937611008611 0.11694547914242 0.162591713779085 0.180593563374405
"ufb116" 0.703703703703704 0.685527560409322 0.169823329724892 0.696274635656275 0.132215713692231 0.0587766855627839 0.0301170711248664 0.0916650586306355
"ufb117" 0.654320987654321 0.674422164396143 0.193942099267077 0.654163664642877 0.147305777385175 0.0702409077703466 0.0587338835555943 0.0981585137188369
"ufb118" 0.56125305372694 0.564775917142581 0.147427508796497 0.121227560192849 0.0939742098504141 0.0399755200526077 0.0991207874901507 0.0686709013392047
"ufb119" 0.574584221052167 0.593204900865583 0.156508658235813 0.0967440246990278 0.0998266012782507 0.0341301349951474 0.110637585427813 0.0787347803802287
"ufb120" 0.664104833200512 0.716604194683682 0.213622839638779 0.16114036541107 0.146165893798226 0.0801852955556209 0.157694587720425 0.143425259707403
"ufb121" 0.629562946102223 0.611602711885769 0.157605427155904 0.317792778062194 0.112358262406193 0.0756831340457591 0.089247826679203 0.0764286800899298
"ufb122" 0.711198417229093 0.663858593456187 0.161495111675974 0.40482399640317 0.115552101878602 0.0758877426827416 0.0875341748500042 0.0798452854466993
"ufb123" 0.746173329026614 0.703918251567813 0.172492021555565 0.508677268055576 0.126112233566814 0.0713853236723574 0.0803100023601357 0.0950564710340856
"ufb124" 0.625 0.520891056189737 0.153248205367745 0.624791416105507 0.108984268152951 0.0479702980459328 0.0106648089463554 0.0310973240522718
"ufb125" 0.617958414299855 0.636456374281446 0.16559128307923 0.278060093841777 0.116237949868794 0.0747034268355993 0.0979523109596148 0.0864799439477966
"ufb126" 0.723667354186162 0.697328654591185 0.167774163644644 0.419319357824353 0.117657589830164 0.0736349961903604 0.0862947600643742 0.0948917210958373
"ufb127" 0.591220281167469 0.571243966401885 0.147772679669343 0.197485790054939 0.0950882074537458 0.0535537737041398 0.0902917872095566 0.0658624817274602
"ufb128" 0.666444513226816 0.707291617249395 0.204775688759314 0.455211583906159 0.14717891579589 0.0850021568814509 0.0994375386697969 0.135463811923652
"ufb129" 0.634828130556998 0.663801369572412 0.181733192571745 0.326153991097814 0.128887861814025 0.0771701074443806 0.101498600428411 0.106987207922284
"ufb130" 0.671417714740031 0.620359921601235 0.163122319395731 0.379484483612189 0.116743057719746 0.0640275568789131 0.0810565786785487 0.089369839480453
"ufb131" 0.62305379781346 0.562838061994259 0.145261070304066 0.281056237923172 0.097690650128736 0.0571270422347421 0.0696876048958099 0.0657885042052105
"ufb132" 0.583222714041198 0.572402118809023 0.144767431686585 0.170266279449323 0.0933203772724222 0.0441652974469947 0.0917921478910861 0.066834998804442
"ufb133" 0.588801799283651 0.617955112949449 0.169834404583883 0.157699926727425 0.108666723019892 0.0530336059521474 0.123823965800199 0.0878836797057303
"ufb134" 0.66051505875977 0.681071833843403 0.186215040926447 0.350753352440625 0.132655051208446 0.0782738151916094 0.106419913358143 0.108184975996193
"ufb135" 0.765432098765432 0.764677992888186 0.18763036104379 0.76522095657628 0.146773613460406 0.0719010515707013 0.0521971751785606 0.116733504906118
"ufb136" 0.61175586021399 0.58169688380373 0.150536448328294 0.246886537209753 0.0990621483923134 0.0564641586787695 0.090298301578016 0.0708702285612148
"ufb137" 0.620489315401891 0.659462825900262 0.190240334939477 0.108895909615708 0.12276922615529 0.0586632994365794 0.146195518041221 0.11747872040558
"ufb138" 0.614494311421803 0.63382680103257 0.182776955160781 0.0969259049453588 0.11579292728495 0.0625347311931129 0.14002918099877 0.098354065825821
"ufb139" 0.7 0.632328767123288 0.16209729078625 0.699994816135598 0.12386109341603 0.0573563404264606 0.0210039799627786 0.0599293101446733
"ufb140" 0.674638886857676 0.62339195723693 0.153054287455846 0.357800429991876 0.10460495116276 0.0652541901983433 0.0844625079601208 0.0757994316175697
"ufb141" 0.648898134981212 0.651300876612305 0.163883884017238 0.231545791469968 0.107568463979781 0.0589049344671997 0.107561768176009 0.077945815475703
"ufb142" 0.649810002454458 0.681979949382982 0.196917206431321 0.124201953547135 0.128430439155564 0.0713842952302397 0.14710801130107 0.124655606916429
"ufb143" 0.692500938218062 0.774069206701822 0.233374075956362 0.313983568594498 0.16592400191374 0.110862608044546 0.165336431591224 0.172510688427901
"ufb144" 0.63632426418611 0.63849879571987 0.168841240377325 0.229876092216997 0.115387202234154 0.0726447050791094 0.109941979629742 0.0853578258397563
"ufb145" 0.644696007302162 0.654953324516423 0.17632045542112 0.266243780749411 0.122558363906358 0.0734850561475219 0.114306577794961 0.099019540035811
"ufb146" 0.619988957518379 0.64571734502933 0.181669527930353 0.108954590302412 0.113398668404468 0.0485648672837254 0.137853412754781 0.0960855058571131
"ufb147" 0.727251006193751 0.694328791319707 0.177024915427499 0.477869782126735 0.130506951318216 0.0733244776217507 0.0853990703679076 0.106292322236632
"ufb148" 0.715066216989717 0.774419209324017 0.24049452993613 0.276337576088026 0.170198236151598 0.109153363038418 0.178871041829221 0.176346853225374
"ufb149" 0.737722852843522 0.75835326520258 0.219037223481629 0.493302239752008 0.156977971432535 0.0942627008449246 0.115331517660588 0.14846107089208
"ufb150" 0.607594936708861 0.507072691552063 0.153263884942244 0.607576995983334 0.112301746673337 0.0497961453123468 0.00901600218500875 0.0414813454245667
"ufb151" 0.677885591868806 0.626114071803786 0.149037004469459 0.399051947855012 0.108744193930091 0.0711570107834237 0.073916743128258 0.0696602805333121
"ufb152" 0.669000249095707 0.620211169105857 0.151588438961692 0.320610227468569 0.101501477167607 0.0580006724607785 0.0877623064615657 0.071585681297059
"ufb153" 0.631967251564048 0.659120302196043 0.18092610053011 0.281317395552935 0.125596123332365 0.0793011525008314 0.108435743637413 0.0990064226425058
"ufb154" 0.745303710674586 0.699352895420618 0.167263622072606 0.481177619130369 0.119930609066249 0.0712124372701651 0.0744384534893833 0.0922360753394231
"ufb155" 0.73772906014181 0.745486905669972 0.190705703254599 0.563624385785619 0.139890047088698 0.0837967137868214 0.0829564340040468 0.117346953660123
"ufb156" 0.63487167263549 0.638318612190874 0.169620602351887 0.257506821142981 0.114284973589455 0.0689632485192049 0.116150107143326 0.0878286197210113
"ufb157" 0.649060509943996 0.602230237980029 0.16576067479546 0.291577884180151 0.115827748189144 0.0678648991651284 0.0920883007491143 0.0748946032663385
"ufb158" 0.746825451201548 0.665876673729276 0.161761591344181 0.44148862328167 0.112572598139329 0.0705640062057895 0.0796758777017604 0.0874473071554725
"ufb159" 0.675 0.684169093914823 0.180894895723502 0.692141902028403 0.138882739367907 0.0625328702930357 0.0427520673407994 0.103355541573805
"ufb160" 0.61439717027352 0.598825718420509 0.157776169088448 0.247011674307378 0.102493269406391 0.0569009869617823 0.0943044248563637 0.0828299413223907
"ufb161" 0.655156879785648 0.670004376836708 0.184076782285138 0.330446335928171 0.130551150638762 0.0799695816848738 0.104071989228237 0.105547692293135
"ufb162" 0.647898709083307 0.669977964140798 0.184927664264033 0.181669498037272 0.122526095729787 0.0702082394225633 0.136172578735588 0.0957893465343125
"ufb163" 0.667838524826347 0.592058714821268 0.143183837771829 0.415093853984576 0.100784051971944 0.0625280111310396 0.0592862223894369 0.0656208570925412
"ufb164" 0.651966790019524 0.714558109667435 0.210367730709136 0.148219984743071 0.143500103567718 0.0791374323264484 0.15708978854547 0.143351534372112
"ufb165" 0.740740740740741 0.819270015698587 0.216209517919779 0.740622748482158 0.172716648658898 0.0821831135405661 0.0853177840687468 0.163407820771772
"ufb166" 0.645765996670748 0.653587293571829 0.172283170572353 0.30654450901012 0.120104650681955 0.0816056954597309 0.1099147489503 0.089022878969116
"ufb167" 0.68322808189327 0.658078765989899 0.160230718090745 0.388889725354145 0.112175789422486 0.0718740884458531 0.0861859914730456 0.0872125640577286
"ufb168" 0.691686190431973 0.652966349388421 0.159527856527043 0.323794547226665 0.109487783778708 0.0614898811879596 0.0914859526453489 0.0883920421044429
"ufb169" 0.638221123487097 0.668588622209782 0.179758648802088 0.403428647517164 0.130180367297449 0.07900713352909 0.0883003372234052 0.11000406520426
"ufb170" 0.649582575377903 0.597789160285879 0.142583156884544 0.37055654027889 0.0986441813123969 0.0648489874487939 0.0667845124587661 0.0596392715453082
"ufb171" 0.674940884108925 0.594294537166385 0.145081948139602 0.53726171517116 0.105555583688896 0.0609996396699391 0.0316516803847697 0.0461978441927121
"ufb172" 0.615532046870127 0.642747703712493 0.180813584937695 0.108954590302412 0.11330290744691 0.0497273834581851 0.136951639748418 0.0951725855712788
"ufb173" 0.678940070378687 0.637379093256727 0.17318944266072 0.40197598019642 0.121389772974208 0.0689014951409925 0.0811703326153429 0.104870316271362
"ufb174" 0.686968879535364 0.656075862743181 0.169478068481977 0.37750019614905 0.116800708551645 0.0708120493306233 0.0882672881528524 0.102690005716142
"ufb175" 0.680778959766977 0.661151603122046 0.16652379041985 0.32853180102078 0.11276757917185 0.0655165452215231 0.0990930480241397 0.0978165447045824
"ufb176" 0.639791665979422 0.654820395239655 0.18488200866377 0.440425962016469 0.134650326440531 0.0674217105140386 0.0760716027528044 0.102584829264119
"ufb177" 0.590700123139182 0.559838210801808 0.156634349997097 0.133558178472337 0.0997906827783705 0.0605268645408514 0.104443522586884 0.0658877612933036
"ufb178" 0.646341463414634 0.601992834751455 0.156953712088802 0.6460954838922 0.110394350027856 0.0490327771405512 0.0166731347894967 0.0412770841997313
"ufb179" 0.595453353266236 0.648211069497219 0.185691440960685 0.0977724088392761 0.11650724936475 0.0387895217883991 0.143415543082842 0.105839109081804
"ufb180" 0.736313463554371 0.661681993424237 0.160915532140257 0.487551808770839 0.115188512444252 0.0678349170587399 0.0675304086679292 0.084489919610139
"ufb181" 0.682926829268293 0.535663259698868 0.141178320852699 0.682724964001258 0.105748593992921 0.0473003045389585 -0.00172723804187105 0.0366078022692792
"ufb182" 0.590205960659253 0.63248488078548 0.178192195847173 0.0966478369526938 0.109936176050844 0.0362736364357798 0.135197966568962 0.0975637887082386
"ufb183" 0.64638600894399 0.682025274733507 0.20219312763812 0.11211138259613 0.126143598253952 0.069342591843553 0.156987759820001 0.13406998933325
"ufb184" 0.606431487370809 0.669563595752301 0.198481864907972 0.0969910956086965 0.125524622958492 0.052481121198313 0.157268252563712 0.123798293771138
"ufb185" 0.605091407765522 0.666882651004594 0.196126841539067 0.097049380162301 0.123837212983931 0.0489218846897846 0.154747917694109 0.120542449380535
"ufb186" 0.646893753065046 0.680041365975475 0.207244558372919 0.121387923970101 0.130780349754446 0.0591171572676967 0.165763289373963 0.134196589818223
"ufb187" 0.626984726640099 0.642349282745257 0.166966837864923 0.281718121611566 0.117744608327136 0.0764978440051464 0.104248737221075 0.0845787988004544
"ufb188" 0.622184225326144 0.655674702133555 0.173817576691916 0.193661734938863 0.112890860129817 0.0675523979013864 0.118175651773427 0.0928223223784425
"ufb189" 0.641057263022545 0.647434063387802 0.167847414022287 0.265412549076198 0.111348298782813 0.0718471463787516 0.105144758366454 0.0909838909036861
"ufb190" 0.653616381324116 0.574874336777436 0.145786514107883 0.515673443633761 0.104722888112277 0.0572776403837624 0.0327043608380058 0.0466088240595789
"ufb191" 0.620612143748586 0.608468121664712 0.154955508330258 0.281109789708106 0.109731015523664 0.0688530390869516 0.091273915631923 0.0715591071197986
"ufb192" 0.6536139223464 0.647758551934094 0.189670137994101 0.291294261676399 0.136176272056787 0.0771541558443302 0.110203654597483 0.099398265075148
"ufb193" 0.637763569289486 0.5962182706073 0.166532653254587 0.267057635260169 0.118518020913288 0.0688127852145698 0.0929284532730189 0.0731583175767396
"ufb194" 0.609873047526647 0.623619462259528 0.17883659841652 0.0968995753602923 0.113423060445444 0.0624319670192728 0.135440933692147 0.0926437665636661
"ufb195" 0.625648517774216 0.649543502859889 0.171160643647092 0.257106881816163 0.118494128072829 0.0760307810251668 0.108707639677468 0.0880697440522572
"ufb196" 0.613589271248492 0.652942888146608 0.184476798957647 0.100000448147479 0.119298602981464 0.0667267740343461 0.138258006307304 0.113300857278808
"ufb197" 0.609756097560976 0.512828016778851 0.145590271381476 0.60952752376764 0.107580540028816 0.04526451809911 0.00341884888732432 0.0321352301971788
"ufb198" 0.701712750561506 0.771249156502875 0.231308326446709 0.319351190672823 0.167109748015754 0.112529983932245 0.163185429414942 0.1702409216194
"ufb199" 0.633074706215699 0.635503998520001 0.168278737881093 0.257722275177289 0.113102683144634 0.0706236166461372 0.116788214726456 0.0852971302167747
"ufb200" 0.698508795240853 0.645660299739696 0.158990697076225 0.394454918918078 0.110053569702566 0.0653776480430008 0.0847210403372718 0.0857991115914882
"ufb201" 0.690020626932291 0.636752482947457 0.157219723663475 0.357401147277795 0.105134878489289 0.0607937711000415 0.0889652912699611 0.0805033945676439
"ufb202" 0.668953245124074 0.712307147629923 0.20911380988031 0.171601055900607 0.142701473590694 0.0804031138333105 0.15574039382043 0.139016903458628
"ufb203" 0.709638458126292 0.687855557097267 0.16357252795114 0.50137873450449 0.118364509456474 0.0771932911508533 0.0703359129087936 0.0783945576674011
"ufb204" 0.628229764180803 0.653405266764087 0.185800794363626 0.122812092483138 0.119766157535091 0.0683689319103577 0.139652380666352 0.113550914478593
"ufb205" 0.620563658598695 0.654480976063895 0.185923841821423 0.108925256457174 0.116569212656225 0.0479851796385854 0.142892842630849 0.101551898765807
"ufb206" 0.617694722879692 0.63541711157006 0.177976724080857 0.0966952895936078 0.111968740462078 0.0491202435759256 0.133285817577601 0.0909616749799899
"ufb207" 0.682110999651934 0.663336357689954 0.160475689822114 0.37861758013389 0.108891788642936 0.0686150664088005 0.0782817262412678 0.0836772559384423
"ufb208" 0.818496775727907 0.770716735872901 0.169317037932746 0.706909427331124 0.131389717429617 0.0796613274602667 0.0596056823554952 0.104666664775573
"ufb209" 0.722828711362999 0.708663819402074 0.16360788615893 0.629274157803235 0.12337721239449 0.0710661248512624 0.0531425018981698 0.0860405757223106
"ufb210" 0.652681651156303 0.649177033207199 0.173931554921387 0.257517643597739 0.11931299072556 0.0753940925533139 0.115350385673333 0.0896911212048543
"ufb211" 0.654412045329759 0.610585698886094 0.158794915520161 0.354616984683118 0.110389550435879 0.0645176489572192 0.0844180723175225 0.0815860065320097
"ufb212" 0.677373653921859 0.619983263598326 0.153876268218559 0.444085279313273 0.106817612927812 0.067519553078849 0.0597602492581341 0.0784751238709848
"ufb213" 0.672206730570648 0.628004116471941 0.16243109234199 0.395672225387072 0.115297807246281 0.0652581036788412 0.0804111241272301 0.0867978255676067
"ufb214" 0.632399575673395 0.627158570463248 0.164326408959782 0.32632477651597 0.113467012453028 0.0663308411715817 0.0823850065548624 0.0890096948258416
"ufb215" 0.680794059015383 0.629158965918851 0.155455491985671 0.331316735171968 0.108488809167371 0.0660048002383421 0.0919258932110689 0.0740573132350088
"ufb216" 0.650532682537671 0.629247996041904 0.155338620085489 0.271190953808425 0.102501553744859 0.0571538581675909 0.0954799617647173 0.0719812473022434
"ufb217" 0.682155949119564 0.63000581918214 0.154969651215297 0.365538772137109 0.103291720495027 0.0618438229650898 0.0723401968658324 0.0770330704660002
"ufb218" 0.634587288060466 0.678423923375968 0.199780939570537 0.132708327746579 0.12432214263862 0.0689408962120019 0.15325473010387 0.134790579311238
"ufb219" 0.596025338988008 0.6216859103171 0.170115496391766 0.145588790857555 0.108553874669069 0.0565420264419421 0.123111777886757 0.0864026083968339
"ufb220" 0.699382204604911 0.658259291105379 0.185759774499419 0.376912649907524 0.1345478597786 0.0591368734530355 0.0947964309835306 0.10195270704254
"ufb221" 0.744157029105211 0.673370541442135 0.164629745510609 0.597349458964076 0.120777259491864 0.0705181466112117 0.0542993219746993 0.0868568312776797
"ufb222" 0.680343987767613 0.594920401214687 0.142277967241085 0.484171403562133 0.104775065278569 0.0666554458736112 0.0463884357433673 0.0485176193349319
"ufb223" 0.688927684748202 0.638098304170401 0.156831804420579 0.328039458447326 0.105213260844893 0.066787217388796 0.0934076302507716 0.0744185321658369
"ufb224" 0.665240138145163 0.653597130748189 0.165886743464021 0.24371613755431 0.110393527601654 0.0658509195162051 0.109742095643681 0.078898561476089
"ufb225" 0.641500801959495 0.645851414208217 0.165513026696864 0.207030311843962 0.107837115446962 0.0575579331357246 0.113848470777582 0.0780418186137445
"ufb226" 0.58402835097181 0.611447257160553 0.160524869750501 0.133591966021477 0.104949865108025 0.0449385120754267 0.112974485883371 0.0795645073216613
"ufb227" 0.59632128829773 0.583535238021399 0.171233855914957 0.194221892043743 0.117409226507899 0.0714926595010322 0.103979406348865 0.0927980256173558
"ufb228" 0.759685999207278 0.819150312702178 0.235532422121936 0.620391587958916 0.18233187072274 0.111206246248574 0.13433302316141 0.188832615764321
"ufb229" 0.58209817056175 0.636508148589713 0.180956131999612 0.0966063542395888 0.113464312401368 0.0387456371843628 0.13843326913596 0.103514225071727
"ufb230" 0.575141836183534 0.610617519093235 0.168599693753603 0.0966850039743323 0.105209371056867 0.0375548137668823 0.124654426532831 0.0896133009055542
"ufb231" 0.658607360738115 0.692380664913113 0.203503776273784 0.147268966910856 0.129679612177292 0.0731536429903895 0.155803344412157 0.137044779104994
"ufb232" 0.626374882817395 0.623499085681553 0.162525981600653 0.242720219962537 0.108811255533217 0.0694428904427486 0.10856651604248 0.0767718522487646
"ufb233" 0.712799033751397 0.617377856898815 0.150920711593974 0.449574382472981 0.103866033755009 0.0609807326166824 0.0559974007075979 0.0702556121912553
"ufb234" 0.635130053833725 0.66485445713514 0.180692140792866 0.196237254009234 0.11928398975946 0.0680134748997467 0.129974193263998 0.0939594018855914
"ufb235" 0.62048871508863 0.634674438163788 0.166925894940303 0.277888452228531 0.117011219783693 0.0686904038087867 0.0932744868582498 0.0831794215911687
"ufb236" 0.740740740740741 0.731481481481482 0.161415546484747 0.740561855897182 0.123933035383979 0.0564775507368319 0.0211624305456775 0.0733861704179254
"ufb237" 0.642607196282696 0.64560019349542 0.159712551869472 0.256023732856089 0.105869279086246 0.0661670344088809 0.100120504284667 0.0760307318566398
"ufb238" 0.644084832789262 0.682578321689981 0.200211812546401 0.132957714865137 0.127599222817302 0.0717064407640732 0.155886875391248 0.1329546357221
"ufb239" 0.684519861834807 0.643505058727759 0.169437657703407 0.445693424414042 0.126675264065754 0.0674796428101966 0.076621081506454 0.0970391310501376
"ufb240" 0.667470312991641 0.608961512184013 0.145287011965355 0.389466625451105 0.102924575130061 0.0654020233929646 0.061490150994807 0.0535102960682183
"ufb241" 0.639416235742485 0.639673090901947 0.182322049082458 0.282723500049879 0.129397051248857 0.0736788305034659 0.102023672891407 0.0913421701255021
"ufb242" 0.577326568960027 0.555758875005287 0.154714937784478 0.0982503155934079 0.0975901391053864 0.0559160863341983 0.102372939002541 0.0646330542441406
"ufb243" 0.634146341463415 0.534685387415497 0.155656351659695 0.634067482693524 0.114904809932796 0.0498249284183792 0.0151598971629335 0.0446242578137438
"ufb244" 0.712798186911325 0.590909090909091 0.150789964578204 0.524709066480486 0.10569818386924 0.0619159859986977 0.0379258859697212 0.0664241431380347
"ufb245" 0.614266078808011 0.646916956613707 0.181621453954321 0.122764358670206 0.116253305846282 0.0658813969939599 0.134022089467908 0.10929365019726
"ufb246" 0.589450435670481 0.609763835865404 0.169293014440787 0.0966964609433187 0.107211011588441 0.0447163900429381 0.124823556183224 0.0873581324484031
"ufb247" 0.587304046193829 0.56235470134653 0.163231337185531 0.133494715157241 0.105820897874276 0.0631133017408484 0.10689232174996 0.0751015560116684
"ufb248" 0.620616137237272 0.644979217091519 0.180294868855055 0.132445472162242 0.116472771607955 0.0648506228665755 0.132623914377974 0.109916868038682
"ufb249" 0.624016631168295 0.635660588629448 0.188498655776337 0.0850029617503389 0.11479649922523 0.048810533666005 0.146771712425468 0.106787865199931
"ufb250" 0.616989301432255 0.634906863732371 0.161388802609204 0.266357646966083 0.109733335733996 0.068964512975652 0.0933467299880029 0.0824431923154784
"ufb251" 0.634659782136518 0.618891653384131 0.15762245332525 0.336932025461187 0.109495881632046 0.0674911147952263 0.074919618462934 0.0846741463470906
"ufb252" 0.70335449652529 0.599969995874433 0.144523448662376 0.580036291107414 0.105117611177854 0.0605542411049062 0.0312843121359227 0.0521625114887022
"ufb253" 0.681669595218077 0.666864509142405 0.167678941017764 0.280364328122987 0.113849082564925 0.0674986380706983 0.108701267498131 0.0828108204953176
"ufb254" 0.709172093915517 0.629791588069189 0.162488669195963 0.363445741538704 0.106895440322972 0.0669513052633258 0.0947005422462241 0.0867680560551095
"ufb255" 0.700341219987281 0.673450899867134 0.174579708800566 0.47508782979026 0.12514747648822 0.0587826313226445 0.0655634135305936 0.100410437275416
"ufb256" 0.649635296808246 0.624159120310479 0.16046397354834 0.377470425866512 0.111893727306077 0.0606724116458664 0.0670285942835672 0.0833190808135908
"ufb257" 0.632944573621624 0.668001111373353 0.191890784520727 0.112568863535181 0.125505537031736 0.0760591212803939 0.146109534634319 0.119701013069436
"ufb258" 0.654320987654321 0.54805249788315 0.150542636465939 0.654163664642877 0.114756005896705 0.0505029718995243 0.00864037805982784 0.0441462244181492
"ufb259" 0.697166086696891 0.670779158136195 0.164351000860017 0.368789258498994 0.110230033013835 0.0725010248267421 0.0966825773209006 0.0856481744947407
"ufb260" 0.653664891660712 0.579926092513152 0.149797974727183 0.379569682729945 0.108850863188682 0.0560669807672473 0.0663999264724315 0.0712128781352966
"ufb261" 0.634664450983649 0.684090862954467 0.197401754313027 0.155785858504673 0.132739315372642 0.0715727017227979 0.143202306419925 0.123868349687493
"ufb262" 0.670240163171171 0.653839079520141 0.165547531555225 0.340801518917207 0.112707757573054 0.0658951427915914 0.0919440413880109 0.0991603916633455
"ufb263" 0.583482423757573 0.574363140061619 0.142671121760056 0.277296567812164 0.0998670167866747 0.0639489910328532 0.0667047718250966 0.0577546467192414
"ufb264" 0.597320860345638 0.568853434173908 0.144710849540084 0.325695554313681 0.102919524293551 0.0651380214961009 0.0606235725198485 0.0596146548798161
"ufb265" 0.590913560248865 0.620081619509416 0.173521615135268 0.0966674095267046 0.10927925567771 0.0450351928065819 0.1298383142395 0.092006989584803
"ufb266" 0.614521376736149 0.615574399947715 0.159399317468324 0.253636462976155 0.111854519830978 0.0696684804746087 0.0960011197837497 0.0733604141739063
"ufb267" 0.677310197228755 0.741821369134745 0.226239921913145 0.170310541258185 0.15217187419326 0.0941038035442327 0.171256431496523 0.159508301676461
"ufb268" 0.633404720153843 0.638935589053029 0.167543649319553 0.245297394537871 0.115467960786464 0.071547961612689 0.10481810500859 0.0819149447026821
"ufb269" 0.689701478214202 0.582383208706597 0.137085904120223 0.498151481500319 0.0955215559189097 0.0605893090516331 0.0408854463905696 0.0489677486363134
"ufb270" 0.678792776800492 0.650753534323686 0.160342591884324 0.341077225933039 0.107509566651535 0.0660552621698797 0.0862799962073593 0.0838342226409276
"ufb271" 0.629737522373243 0.651624851582262 0.173413543793948 0.315096894615445 0.124869217947822 0.0800266096958291 0.100258304380475 0.089122585642585
"ufb272" 0.629615198417559 0.660906244564272 0.176781268033769 0.342638760254017 0.129216375654841 0.0786145310669945 0.0960611183167647 0.094613052822812
"ufb273" 0.583185089365472 0.620068495097694 0.172059527657165 0.0978469663051256 0.106867353879159 0.0409738004022385 0.128298948506561 0.0910276506556765
"ufb274" 0.659622511981517 0.695882922499697 0.207450507828509 0.156107820991333 0.133489134062264 0.0745994506418032 0.158330225681148 0.139891304565631
"ufb275" 0.672792698428752 0.617378451142902 0.15772269357438 0.306623570852516 0.103835731255855 0.062509127838243 0.0944089463486157 0.0822904837888028
"ufb276" 0.656470603081936 0.674060734463277 0.198922307462644 0.132986673525632 0.1262498675623 0.0694550551237797 0.154540737776394 0.129737091480025
"ufb277" 0.702360295179426 0.58595875698124 0.142025002136475 0.558483053326657 0.10070806527574 0.0555699321934127 0.0284448938702157 0.0493046536633641
"ufb278" 0.731707317073171 0.703491646330017 0.165892299989278 0.731625790797836 0.128742872662799 0.0604679695636875 0.0270990790651795 0.080289817600313
"ufb279" 0.708632982539031 0.605630623367409 0.160789920729147 0.512002070247643 0.114277662651752 0.0624895421059767 0.0499523574044248 0.0758102783105922
"ufb280" 0.716049382716049 0.768431001890359 0.183969934796836 0.721365297294702 0.14034435976382 0.0642323528118044 0.0466279196617817 0.103764482625694
"ufb281" 0.622476538016071 0.616463326221596 0.161952602827336 0.305555680442792 0.114726209613802 0.0752928071368049 0.0938851976463101 0.0753871079999967
"ufb282" 0.621260890222023 0.606190001246727 0.158080724800445 0.372553152436365 0.112750960587167 0.0647044762867998 0.0636580317494137 0.077516935241179
"ufb283" 0.829268292682927 0.774256967734474 0.149219986454028 0.829182731677571 0.118006728752195 0.0557346485249586 0.00765253853767877 0.07434984610631
"ufb284" 0.660257123665747 0.704018875564804 0.20872096275944 0.157589629083801 0.134983913053982 0.0752733863899402 0.159679420306293 0.143794769582636
"ufb285" 0.635014533619598 0.67510670424928 0.201779019938683 0.121290762128894 0.128385034903075 0.0662839784264646 0.159035450724096 0.13054417049273
"ufb286" 0.573197209656446 0.609203013486103 0.167696028025913 0.0978119921307511 0.10542649432344 0.0400520203830166 0.124153288412663 0.0911539403536875
"ufb287" 0.682926829268293 0.597893138464459 0.152842779031817 0.682724964001258 0.113567526564685 0.052475484161322 0.0118781538092342 0.0583951270522941
"ufb288" 0.650074226742737 0.605723092246502 0.178843584026293 0.267708073679674 0.124379135801184 0.0671222674766443 0.106227443588771 0.0943899233266145
"ufb289" 0.595104032040355 0.65243005102509 0.186130974729565 0.133971560747265 0.119761742146717 0.0613930853712415 0.143557104845381 0.105825821362916
"ufb290" 0.648653027267208 0.622889947563853 0.149912292287622 0.265820387542073 0.102766277542301 0.058161957281569 0.0896892610653232 0.0731094304015716
"ufb291" 0.666230593381398 0.578802287919509 0.150167998580661 0.518295539911307 0.109902810205124 0.0628068895964968 0.0376658732626756 0.0506314143854692
"ufb292" 0.62494609448004 0.654366318849472 0.196211904992013 0.0727428370361758 0.120986581074901 0.0424795560627578 0.154837001642611 0.117797986360527
"ufb293" 0.622119569665172 0.625891052513114 0.181657553637995 0.0727623443432551 0.111902449392943 0.044510780068006 0.139399235349737 0.0998680318905268
"ufb294" 0.608633431011968 0.612625494128976 0.17484521480228 0.0845884395481871 0.109534562421116 0.060133925322327 0.130684246916608 0.0878278611291366
"ufb295" 0.646137096679579 0.598641910510432 0.154610968496911 0.3543431374866 0.106214710910289 0.0683102163357563 0.0860754691663061 0.0755735018928888
"ufb296" 0.679012345679012 0.710518126653182 0.185815113246133 0.678822765321975 0.14247160698966 0.0668055325847955 0.0499672076561198 0.0981784757447688
"ufb297" 0.719512195121951 0.740237437467334 0.186765777852698 0.715902755218085 0.146254449128763 0.0687152991582437 0.0514458460788076 0.110042734354876
"ufb298" 0.604840032505221 0.57489639723726 0.149478172567539 0.207241434886434 0.0976910919852953 0.0569504325836967 0.0946786955397288 0.0654182805690423
"ufb299" 0.594962243888306 0.577418844300637 0.150535585271182 0.184891542618366 0.0964032546116439 0.0554506335309524 0.0978933003042805 0.0661360253607975
"ufb300" 0.580248884882818 0.60721099909677 0.163814714756217 0.0966722370604221 0.10485105282771 0.035742699213896 0.119054862208464 0.0863426576399454
"ufb301" 0.698148618324682 0.628333042200553 0.159019371874141 0.403020100521191 0.110288143992107 0.061429269977138 0.0766399386037794 0.0838984285156978
