NA NA NA NA NA
-0.04790721 0.1976736 NA NA 0.08944328
NA NA NA 0.1706968 NA
NA NA NA 0.03664057 0.05108536
0.07279655 0.2745386 0.1784459 0.1205762 0.1968723
0.2814725 0.004918233 0.275443 0.1243105 -0.001396383
-0.01612968 0.04337374 0.2195681 0.07231186 0.01904713
0.2758687 0.21606 0.05129982 0.1619616 0.1489652
0.1096629 0.2281306 0.03374075 -0.03251191 0.08592361
0.1854975 0.06179692 0.195146 0.1907776 0.04696258
-0.0463983 0.1792997 0.04775283 0.04380819 0.08949155
0.0508244 0.1926094 0.08836607 0.08728426 0.06967351
0.08515728 0.1574832 0.1008945 0.05882947 0.1007318
0.1168515 0.07068914 0.1260579 0.09378419 0.1084735
0.07221008 0.07907017 0.05545807 0.04954132 0.02280049
0.06304689 0.02819644 0.0266929 0.1627343 0.08700156
0.02346368 0.02949399 0.007292295 0.003810178 0.1197586
0.0301622 0.02513182 0.01992521 0.01921473 0.07794627
0.01689582 0.02770472 0.005230743 -0.0005569734 -0.008404002
0.03422347
