0.1266636 NA 0.1564654 -0.02081382 0.200011
0.141892 NA NA NA 0.1944882
0.1706968 NA NA NA NA
0.1286192 0.2955475 NA 0.1134492 0.2165949
0.1312092 0.07408947 -0.003650088 NA 0.08280197
NA 0.09473002 0.02909063 0.2455349 0.3419717
0.04228605 0.09756056 0.04057991 0.04026252 0.2731693
0.1183827 0.07791226 0.09446963 0.1230459 0.1209309
0.1706968 0.04427335 0.2407732 0.09339129 0.09632506
NA 0.1180304 0.1083173 0.1153386 0.09709977
0.0593461 0.051252 0.1600994 0.1631203 0.191732
0.004553753 0.1831786 0.1579861 0.09708232 0.02483233
0.0839795 0.2285702 0.1706775 0.1912695 0.1043075
0.1533932 0.06581158 0.2095331 0.0993223 0.2066965
0.05811452 0.223189 0.08481367 0.09104775 0.02020499
0.08162535 0.09417183 0.09032347 0.02474664 0.05674152
0.01096713 0.02461579 0.02511265 0.05383841 0.01109453
0.01752689 0.1005319 0.06414092 0.02642083 0.0277917
0.02389322 0.01330863 0.0556602 0.02430969 0.02730182
0.06555186
