0.1186501 0.05996188 0.1805503 NA 0.2168014
0.1067763 0.1944882 0.1944882 0.1839835 0.2602245
0.130641 NA NA NA NA
NA 0.102339 0.05202463 0.15023 0.1891557
0.1457656 NA 0.1625356 0.1379677 0.009612637
0.1363881 -0.01225825 0.03662951 0.2454098 0.2792979
0.1860396 NA 0.1020512 0.026995 0.16623
0.05100075 0.1045111 0.1706968 0.08196096 0.07433863
0.01227355 0.280302 0.06794592 0.1046548 0.07977813
0.04948579 0.09276611 0.1405839 0.1488698 0.01877006
0.09339601 0.1234213 0.08014034 0.2153017 0.01476985
0.06088472 0.06765195 0.1578563 0.08604124 0.07558361
0.1567724 0.1291875 0.01864354 0.2651425 0.07633792
0.06780231 0.04539722 0.03084455 0.07981181 0.0788047
0.1202046 0.04175294 0.01752597 0.04134393 0.04026528
0.06726032 0.1817028 0.03685932 0.06000732 0.03794249
0.08967815 0.0844579 0.069056 0.04132565 0.04493955
0.001081585 0.02678398 0.04402013 0.02769266 0.003681532
0.01653226 0.0665277 0.01668664 0.01401768 0.008000251
0.06349767
