NA NA NA 0.1751106 NA
0.200011 0.1344075 NA NA NA
0.1976736 NA 0.2823592 NA 0.1068233
NA 0.05475563 0.1999539 0.07981851 0.1378366
0.3030108 0.1010553 0.143736 0.1613243 0.1986836
0.1494807 NA 0.05953256 0.3118392 0.1664621
0.09853666 0.08319195 0.1057923 -0.03704051 0.08849314
0.1927845 0.06373042 0.2410925 0.005102658 0.08552087
0.06208673 0.1291896 0.06559886 0.1307342 0.06268356
0.2984898 0.1641253 0.05136647 0.01301738 0.1999596
0.01841813 0.248023 0.07576982 0.00735379 0.05378443
0.1171506 0.190899 0.1587286 0.1001267 0.02234986
0.07729699 0.2346399 0.03914255 0.09332505 0.06898883
0.006979818 0.208532 0.04709081 0.0723849 0.1211769
0.08419743 0.02712618 0.06859309 0.004919258 0.00873206
0.1100622 0.0200448 0.1193542 0.0625339 0.03037675
0.01339121 -0.001303134 0.04404965 0.01347901 -0.00336663
0.03560607 0.07929533 0.02310303 0.03196716 0.08147781
0.05712488 0.01704562 0.04675803 0.02296649 0.002131223
0.0510953
