0.1241939 NA 0.278995 NA NA
NA -0.04531282 NA NA NA
NA 0.1291152 0.1793918 0.14897 NA
NA 0.1521985 0.1897891 -0.06893903 -0.01338015
0.10013 NA 0.1316197 0.1271962 0.1171696
0.1193795 0.2308729 NA 0.0558769 0.1313961
0.07517495 0.2078263 0.1602829 0.01905329 0.1183831
0.04580624 0.06350554 0.07703139 0.04404485 0.07758757
-0.0179025 0.08813465 -0.05949414 0.06015883 0.1183752
0.1356078 0.08832296 0.07491488 0.1775758 0.188222
0.2218722 0.1031614 0.003771346 -0.0103459 0.05643559
0.1616695 0.007622324 0.09963899 0.08904553 0.03615506
0.06464436 0.06249945 0.0476017 0.08185922 0.06170458
0.1253018 0.0197749 0.09366023 0.07030997 0.05889048
0.1214986 0.06054919 0.1443946 0.06872109 0.1704872
0.068385 0.03622039 0.1194308 0.1385856 0.0811873
0.01942458 0.05231573 0.07103942 -0.006114642 0.04413409
0.05301332 0.2011986 -0.00841064 0.01339423 0.01670341
0.08254538 0.01457983 0.001761483 0.05915457 0.009519125
0.09166436
