-0.04965473 -0.001090202 0.1706968 0.2015166 NA
NA NA NA NA NA
NA NA NA 0.2803385 NA
NA 0.2190598 NA 0.3037346 0.1206326
0.1245964 0.1123753 0.06050577 0.009953563 0.1035841
NA 0.1480289 0.1292205 0.002744552 0.1804936
0.08042055 0.08352117 0.02716785 0.1968629 0.04655455
0.1609958 0.2781075 0.05819325 0.06322868 0.05955659
0.2313973 0.1298896 0.05426843 0.08167025 0.1262422
0.09664039 0.1208004 0.1263118 0.02103005 0.09415888
0.1723955 0.04918041 0.04388672 0.06110945 0.08507726
0.2133442 0.0890582 0.1547816 0.02696363 0.1263204
0.1643332 0.04430214 0.06272815 0.04860007 0.1049662
0.1091338 0.03150482 0.03813928 0.04708969 0.04218564
0.1324995 0.1577536 0.06510677 0.06133929 0.04128375
0.08555362 0.04639287 0.04057212 0.1341394 0.01004363
0.02615082 0.06160334 0.05485346 0.005519296 0.03849332
0.06797201 0.008881313 0.03226655 0.07285878 0.02661786
0.01814103 0.008438303 0.02752529 0.01469098 0.02857335
-0.01118285
