0.200011 NA NA 0.1402656 0.200011
NA NA 0.09756056 NA 0.1246181
NA 0.141892 NA NA NA
NA 0.2469761 0.1036416 NA 0.08455616
0.1560535 0.1452105 0.09866709 -0.01062715 -0.00907566
0.23598 0.03771056 0.1057281 0.2357763 0.1212999
0.1142191 NA 0.07084038 0.1958397 0.04785549
0.1291179 0.1100995 0.1425288 0.1676641 0.0841548
0.06828067 0.04146504 0.002464026 0.03968734 -0.02572054
0.1995539 0.08198442 0.1121586 0.2252436 0.1915459
0.08154639 0.05545306 0.04947967 0.1285428 0.09953846
0.04295815 0.02270358 0.01792553 0.1121177 0.2021308
0.04931188 0.1901432 0.0703832 0.03759206 0.02586897
-0.002541813 0.1943363 0.09740885 0.06393636 0.1303001
0.0736654 0.1404861 0.05086678 0.1041302 0.1622192
0.09160112 0.07823342 0.06196391 0.05706727 0.07599504
0.009017546 0.006480072 0.01130459 0.004313917 -0.0009973613
0.02283242 0.03339809 0.02044769 0.07419186 0.05967604
0.01287606 0.08323609 0.03798365 0.1043901 0.01848681
0.01989887
