NA NA 0.08944328 NA NA
NA NA -0.04630521 0.1263012 NA
0.1316197 0.009672415 0.1503228 NA NA
0.1865901 0.06148248 0.1124584 NA 0.05875173
0.1764419 0.1902353 0.1876222 0.0604996 0.03927875
0.1538139 0.01438832 0.1951759 NA 0.2145218
0.1435256 0.02347399 0.1477528 0.1674072 0.08298073
0.08695853 0.2509736 0.06884066 0.09086799 0.1680458
0.2042542 0.1953958 0.131069 NA 0.06935229
0.05389635 0.1181269 0.0420252 0.07977143 0.1191879
0.02882756 0.05111968 0.03288552 0.1897169 0.05464793
0.05562277 0.2605746 0.1698809 0.1110356 0.1498875
0.132772 0.2018079 0.05184671 0.07367033 0.09484663
0.1098857 0.07427472 0.04119683 0.01298443 0.05159478
0.09988664 0.09129763 0.06556877 0.1939795 0.1180014
0.03224065 0.06318311 0.07252268 0.06523731 -0.004391176
0.05260972 0.05083537 0.02719627 -0.01962513 0.01939833
0.038021 0.04396277 0.114689 0.004782124 0.02139382
0.02228356 0.09052289 0.0409847 0.03628644 0.04029396
-0.01011932
