NA NA NA NA 0.048794
NA 0.1246181 NA NA NA
0.3000303 NA 0.141892 0.1246181 NA
NA 0.0557898 0.1628904 0.1892157 0.1732969
0.02697016 0.117789 0.134781 0.09772814 0.07733002
NA 0.08291538 0.1316197 0.2290753 0.2812449
0.1344038 0.07671498 0.1158123 0.1246181 0.03914324
-0.002936082 0.1365119 0.04492667 0.1564171 0.04769851
0.03611062 0.08293618 0.1878558 0.1684432 0.06833206
0.04707867 0.04447736 -0.0003808702 0.1778739 0.05469244
0.1330193 0.129552 0.07020092 0.09636791 0.1409461
0.1300756 0.07371679 0.1446609 0.03443902 0.0539231
0.07470541 0.2203277 0.1328158 0.1823761 0.06254606
0.1152509 0.07865565 0.07224783 -0.004302807 0.07963562
0.05586607 0.1153972 0.08630817 0.1283559 0.1340425
0.180405 0.1707471 0.02040843 0.04010525 0.0913127
0.07819425 0.08368859 -0.01447595 0.03807208 0.0374284
0.03432855 -0.005960836 0.04887526 0.01065144 0.006837143
0.02723458 0.03286189 0.02829297 0.02028342 0.01466283
0.070471
