NA 0.1356472 0.1976736 NA 0.1511582
0.2666233 NA NA NA 0.08944328
NA NA NA 0.05971742 NA
NA 0.03558116 0.1286192 0.05018425 0.04064246
0.1084912 -0.03469799 0.05180769 0.1354478 0.1758526
0.2649546 NA -0.04834463 -0.06616112 0.03120456
0.09820482 0.1729759 -0.01418063 0.02321344 0.09150021
0.05271771 0.02402762 0.2030768 0.3064817 0.1722353
0.03458107 0.09799761 0.01662703 0.1416048 0.0694509
0.04446874 0.07784147 0.2039334 0.0808518 0.06984472
0.1036835 0.07276736 0.06593149 0.1784135 0.123836
0.1314929 0.05736515 0.05745535 0.09326494 0.1460505
0.1376302 0.03594168 0.05520988 0.07703817 0.06873447
0.04637873 0.0986417 0.06420647 0.08555147 0.1604448
0.03313401 0.05306747 0.05275872 0.04881503 0.07144787
0.06612265 0.0281422 0.06083174 0.05753049 0.1116382
0.04809411 0.01052019 0.05044704 -0.009987968 0.005834783
0.03839727 0.01833678 0.0110151 0.03990323 0.006778461
0.06083598 0.08448356 0.03677582 0.03270501 0.02402799
-0.007472343
