0.08054418 NA 0.1939246 NA 0.3084026
NA 0.1316197 0.06153369 NA NA
0.3642341 0.1246181 NA 0.08809041 NA
NA 0.1027954 0.08051243 0.1768459 NA
-0.009005778 0.1390484 NA 0.1291152 0.1477344
NA 0.1644371 0.3006908 0.0655225 0.03677078
NA 0.1911934 0.1150703 0.08523725 0.04199645
0.05177303 0.1734577 0.0641127 0.1845426 0.09102872
-0.008555126 0.2270811 0.1154316 0.1578137 0.1405275
0.08107273 0.05403169 NA 0.09909306 0.1365888
0.07274256 0.04324106 0.05953712 0.1220636 0.07245332
0.1315237 0.09456603 0.05852125 0.1080592 0.06403565
0.1061732 0.08355045 0.02836897 0.1695703 0.09638564
0.1443074 0.07772884 0.05130933 0.0708212 0.1835995
0.1224608 0.02546312 0.06921083 0.07671706 0.04359027
0.02530626 0.09907891 0.170445 0.01640082 0.117977
0.008288522 0.03474079 0.03662259 -0.001639745 0.003014997
0.02435445 0.02863373 0.01831953 0.02657667 0.004782786
0.08901376 0.03861973 0.02029999 0.09973654 0.05780956
0.0351787
