0.1073473 NA NA 0.1246181 0.1491424
NA 0.08944328 NA 0.141892 NA
0.1246181 NA NA -0.03282986 NA
0.04290202 0.06731351 0.2917572 -0.05642882 NA
NA 0.05606027 0.0649895 0.191517 0.114784
0.0904181 0.02755019 0.08912145 0.1283845 0.2735427
0.06057095 0.1444581 0.08533248 0.04382585 NA
0.1983285 0.2715613 0.04106363 NA 0.1073664
-0.02672696 0.1785792 0.2595578 0.05749 0.07613698
0.2047235 0.07832973 0.05973478 0.05478249 0.03292693
0.1660472 0.1081139 0.06133337 0.2140939 0.1878245
0.07516419 0.1685283 0.05793025 0.03719196 -0.01085524
0.1253285 0.2158313 0.119552 0.00825858 0.1603821
0.06028452 0.03628368 0.03758245 0.08444626 0.0254788
0.04153538 0.01495799 0.08018765 0.04071528 0.05631125
0.02902496 0.08824282 0.08857004 0.02749503 0.07725028
0.06522116 0.01451942 0.005273082 0.01625245 0.1291964
0.02966273 0.1062342 0.07814412 0.005267956 0.04376253
0.00518403 0.05442641 0.04654574 0.07778528 -0.001682546
0.05745877
