NA 0.1251068 NA NA 0.08167746
0.1471646 NA 0.1503228 0.2015112 0.1246181
NA NA NA 0.2237603 NA
0.1183932 0.2329282 0.2985731 0.09219221 0.1205351
0.0476232 0.01000054 0.2762468 0.01218806 0.1305255
0.1550033 0.1832332 0.1503228 0.09890722 0.2479706
0.2727831 0.2113715 0.21183 0.2089504 0.1495767
0.03649897 0.1147686 0.2135855 0.08321204 0.203283
0.1102451 0.2704951 0.02817483 0.1081814 0.04928566
0.2169978 0.1030684 0.05459618 0.04027853 0.1488454
0.153032 0.0468666 0.1540563 0.05177703 0.05336503
0.09245024 0.1050417 0.107544 0.08042975 0.07402999
0.2229328 0.1622571 0.1116134 0.0331776 0.07385895
0.02173432 0.07087436 0.1164397 0.07125625 0.006811168
-0.002587927 0.09715989 0.09075243 0.04221838 0.08645377
0.03478996 0.03643025 0.04290552 0.1501653 0.1873753
0.04347915 0.01588444 0.02541974 0.06340966 0.04119451
0.05962481 0.003854561 0.08067309 0.09065924 0.06048503
-0.0007448189 0.04623128 0.01664352 0.0454875 0.03069633
0.008995492
