NA NA 0.01722568 0.1942937 NA
0.1246181 0.1706968 0.3017274 NA NA
0.1511582 NA NA NA 0.1251068
0.1067763 0.1669772 0.1391642 0.03430578 NA
NA 0.1939246 0.2717045 0.1102978 0.08469075
0.3417937 0.1150722 0.05992123 0.2466495 0.05441224
0.09698991 0.07628811 0.1265297 0.1191854 0.2548487
0.3079089 0.135515 0.2704524 0.1708803 0.141787
0.1394333 0.03447676 0.0994995 0.250815 0.001659889
0.1040104 0.08009713 0.08699899 0.01193319 0.08775328
0.1280238 0.06032089 0.1512579 0.1544948 0.04966817
0.08829422 0.2119027 0.1331971 0.1511614 0.2323304
0.223126 0.1816585 0.1962802 0.01112985 0.01631604
0.0830453 0.03999676 0.03525457 0.1362624 0.1608796
0.112258 0.09034744 0.07539589 0.225639 0.1116499
0.1772951 0.1533214 0.1492748 0.0412129 0.07998207
0.04738602 0.05993621 0.0679673 0.003252325 0.03694313
0.02821081 0.02459949 0.02159015 0.02537484 0.01324975
0.03917847 -0.008693685 0.05072868 0.01777936 0.01371253
0.07336693
