NA 0.1503228 0.1124584 NA 0.1708217
NA 0.2907885 NA NA NA
0.1099102 0.1099102 NA 0.2716966 NA
NA 0.04886874 0.1973604 0.1909468 0.07543907
NA NA 0.3037346 0.1375624 NA
0.003842165 0.07192408 NA 0.1211713 0.15615
0.06339268 0.1842543 0.04963744 0.1307424 0.01484578
0.2786054 NA 0.141892 0.1081 0.2065136
0.01848711 0.04930551 0.1902418 0.03952107 0.1539561
0.04873285 0.2398746 0.08738489 0.1981033 0.0787648
0.2763062 0.01846422 0.05315687 0.09957623 0.01576459
0.08497595 0.08782298 0.1536804 0.1865181 0.14517
0.06696874 0.2245641 0.08684529 0.1142629 0.07105556
0.05193654 0.1125823 0.07251652 0.06221316 0.1973718
0.04963663 0.05089185 0.01590834 0.07004093 0.04268971
0.04559004 0.05567729 0.01709494 0.02925047 0.0415758
0.01753429 0.01416364 0.03669709 0.01370878 0.04505356
0.03648459 0.01005545 0.03583811 0.07235414 0.03758713
0.0823372 0.02726051 0.0768728 0.03538663 0.05128879
0.06915678
