NA 0.1694055 0.09756056 NA 0.2062429
-0.06893903 NA 0.1120623 NA NA
NA 0.2325258 0.1201376 NA -0.0176332
0.04259289 0.1148046 0.02401634 0.08944328 0.03768798
0.04167197 0.1110915 0.2656116 0.1138357 NA
0.1692161 0.1180302 NA 0.2658213 -0.02504808
0.02628432 0.197395 0.1087569 0.06705595 0.07768059
0.03376429 0.1940879 0.08901467 0.147019 0.0951102
0.129779 0.182434 0.03790932 0.1080595 0.1650477
0.1923577 0.0801572 0.1761508 0.0568954 0.1712689
0.08252264 0.0753668 0.1501174 0.03821659 0.07952986
0.04502443 0.07817543 0.109231 0.1290981 0.09649575
0.1079818 0.1539612 0.2086745 0.05150449 0.06293867
-0.001248639 0.01030196 0.0778748 0.1138747 0.1160612
0.09215383 0.1325204 0.2267551 0.06145977 0.01573393
0.01047544 0.0218993 0.0671986 0.05570219 0.1009963
0.008094794 -0.009251397 0.04658258 0.01936987 0.05215948
0.04143121 0.00873947 0.03750477 0.05034542 0.01898842
0.06471228 0.02707624 0.03253797 0.03820829 0.05326565
0.07390753
