NA 0.1939246 0.1246181 NA NA
NA 0.08054418 NA 0.2784303 0.1522437
0.2329282 NA 0.1099102 0.3011636 0.2996547
NA 0.1942119 0.08404897 0.1487638 0.1059601
-0.0377145 0.09337571 0.1584799 -0.06919328 0.1516648
0.08839457 0.2716966 0.1133604 NA 0.072757
NA NA 0.1305318 0.04825262 0.1080575
0.2853117 -0.003064528 0.1133047 0.0168679 0.1134361
0.1082457 0.06851021 0.1761318 0.1283386 0.1704077
0.1077053 0.05127914 0.1269242 0.04111217 0.1645004
0.1149261 0.1453389 0.1031503 0.2516126 0.0004712105
0.2607132 0.03325895 0.07385398 0.126557 0.1963349
-0.002245977 0.05232812 0.1677433 0.03103062 0.01741547
0.1104099 0.1076575 0.1651504 0.07487428 0.03277361
0.05666939 0.1399628 0.06040111 0.01181018 0.05945277
0.05041099 0.07057557 0.07693172 0.06659581 0.04335151
0.003605969 0.09127383 0.01803407 0.0498573 0.05638635
0.06102774 0.07494743 0.04108742 0.04955611 0.03714412
0.01600106 0.08472113 0.03532151 0.06217737 -0.0342287
0.0005595969
