NA 0.08054418 NA 0.1474488 NA
NA 0.1206832 0.1316197 NA NA
0.2819882 0.1283632 0.156722 0.3020781 NA
0.3030108 0.02192986 0.03537506 0.135515 0.1334821
0.02483563 0.139499 0.2173588 0.01445713 -0.06539088
0.02562325 0.003239495 0.1008596 0.04184484 0.0009988234
0.03063171 0.1871695 0.1221327 0.1476855 0.1171564
0.1086756 0.1128835 0.2057118 0.270448 0.2560177
0.08759954 0.1788374 0.03537468 0.175153 0.1710352
0.1160981 0.05656877 0.02790757 0.21141 0.1759668
0.1091875 0.1246442 0.03258369 0.08683628 0.1930447
0.1168001 0.09515974 0.01894252 0.09214185 0.2127403
-0.03597164 0.09232628 0.1742896 0.06840298 0.09617959
0.000248557 0.1039518 -0.003068235 0.09352997 0.123414
0.0314962 0.07140881 0.03704793 0.1314128 0.006295837
0.2148719 0.07181995 0.1036891 0.01874542 0.08276791
0.04228413 0.007393697 0.07057608 0.1041722 0.03686539
0.04732795 0.04216676 0.04563222 0.01433077 0.0194588
0.01523485 0.02437897 0.05554047 0.0386075 0.03036666
0.03871084
