0.1033973 0.07963566 NA 0.1789388 0.1726885
NA 0.1251068 NA NA NA
0.1511582 NA 0.07570094 NA NA
0.1246181 0.02836381 0.1515142 0.03748239 0.2159438
0.03586779 NA NA 0.05739193 0.1662044
-0.04231261 0.07579187 NA 0.1501755 0.1268987
0.1487021 NA 0.09651941 0.246801 -0.01234829
0.04714185 0.1726193 0.005320009 0.1084079 0.03863911
0.009045442 0.06820559 0.148473 0.1845673 0.1000886
0.1230172 0.207803 0.0978369 0.1067002 0.128343
0.1786001 0.07578715 0.06590981 0.007728016 0.05495502
0.09434381 0.0654893 0.1437003 0.05140076 0.005666266
0.1130022 0.06051779 0.07080369 0.0267854 0.1171381
0.09212403 0.09188452 0.1054878 0.1144918 0.04656924
0.0333797 0.02501311 0.09970785 0.1544405 0.2017841
0.06705461 0.07809702 0.1884504 0.107112 0.02060547
0.02856538 0.01213345 0.03570855 0.03409482 0.01510415
0.06165373 0.05543779 0.01761341 0.001562285 0.04343309
0.00472403 0.01838436 0.04887727 -0.007857332 0.02406884
0.0165376
