NA NA 0.2951191 0.1246181 0.1903697
0.1503228 NA NA 0.08944328 NA
0.1263012 NA NA NA NA
0.2996547 NA 0.02693203 0.03230167 NA
0.2266143 NA 0.03307695 0.0194659 0.04191892
0.2062749 0.2344139 0.06402891 0.2054294 -0.04094565
0.1937212 0.1334821 0.08189716 0.06558921 0.1923714
0.06997945 0.1109917 0.0602981 0.2313687 0.03334216
0.07481024 0.006891689 0.03432337 0.2201699 0.1058431
0.0416971 NA 0.159502 0.1177993 0.03972769
0.1653132 0.06089126 0.1255412 0.07035201 0.1533266
0.06929755 0.1687259 0.1024931 0.07338964 0.160329
0.08080077 0.07297596 0.1146918 0.02292959 0.08916788
0.05944364 0.03881881 0.1716081 0.1125375 0.0780786
0.1429693 0.04731314 0.203982 0.1220748 0.02048539
0.1294832 0.1497142 0.07925755 0.04457771 0.04631752
-0.01440825 0.0207965 0.07521188 0.04699295 0.01833119
0.08536388 -0.005098327 0.05455503 0.02652614 0.02649329
0.00541938 0.06650978 0.05029545 0.08921673 0.006104057
0.07167499
