NA 0.33377 NA 0.2448222 NA
NA 0.1987224 0.09756056 0.2325258 0.1522437
NA NA 0.1563156 0.09756056 NA
NA 0.01018085 0.1191257 0.1101694 0.2698387
0.09773026 0.2346586 0.1817868 NA NA
0.04373489 0.06053852 0.02044738 0.1571342 0.1278589
0.102658 0.0427787 0.04822703 NA 0.06739195
0.09764811 0.02631405 0.01931505 0.1618978 0.09681664
0.0611018 0.05771111 -0.009491794 0.2210474 0.02014877
0.06646646 0.1155485 0.1702005 0.08917929 0.0886321
0.09593641 0.2617622 0.1272102 0.1452719 0.03597427
0.07257584 0.04370424 0.2120005 0.1701919 0.1240903
0.09621364 0.06752729 0.1876136 0.1712999 0.1601749
0.0502048 0.08321352 0.04807925 0.1317382 0.09529117
0.1398453 0.04131644 0.1850924 0.02006526 0.1433819
0.04363536 0.09424957 0.02389294 0.1018955 0.08832704
0.07350834 0.01389739 0.0152621 0.0296782 0.0489782
0.05941772 0.07493938 0.02161727 0.03580673 0.02826958
0.0175959 0.04430009 0.07304394 0.008887933 0.01675602
0.01141549
