NA NA NA 0.1521985 NA
NA NA -0.05019746 0.1976736 NA
NA 0.197395 0.2940434 NA NA
0.1171804 0.2092648 0.08054418 0.1015808 0.06214006
0.08944328 0.01201379 0.2035662 0.1496387 0.1783706
NA 0.154976 -0.005589745 0.2260931 0.1761951
0.1013533 0.2020037 0.2139537 0.2292063 0.01063595
0.06049062 0.3019244 0.1235445 0.2499527 0.02309632
0.09014998 0.1339859 0.03768638 0.1287909 0.07888038
0.2093344 0.01741287 0.1978542 0.08597244 0.09484818
0.05892618 0.09648118 0.1202096 0.05846653 0.1256262
0.08875538 0.07462265 0.05470217 0.2230909 0.09026724
0.09517217 0.1587495 0.0978576 0.1427943 0.1227225
0.0298599 0.05212723 0.1144422 0.08365522 0.09910635
0.06329715 0.05407432 0.06113349 0.06106631 0.08703808
0.04764388 0.05983803 0.04102711 0.1346902 0.03528692
0.1132081 0.07859533 0.02669418 0.01025513 0.07531435
0.04037664 0.144176 0.03353666 0.08467666 0.03416788
0.02209847 0.0247696 0.01585407 0.0258957 0.07574753
0.04925455
