"quartet" "wQuartet" "cluster" "phylo" "mutual" "shared" "clusterNorm" "wNrqs"
"mb49" 0.791912721814608 0.771708228413614 0.209108988442677 0.522945059808729 0.16138975243122 0.0981749723373741 0.12224238535584 0.137315318153308
"mb50" 0.683719138568388 0.736303191489362 0.211474041877048 0.327927801777583 0.163190109151793 0.102502243473648 0.124656083740948 0.138699706422399
"mb51" 0.898209387658253 0.912733336421326 0.225880721755205 0.836279728417641 0.191797509877476 0.124805927396059 0.125154202050043 0.169212025884945
"mb52" 0.876159995871718 0.886564206548538 0.220823929031851 0.800119374648925 0.185921758586768 0.119621034082813 0.119798136292275 0.16026631802269
"mb53" 0.673859435373394 0.689188490547612 0.195671387780434 0.372049476732304 0.146395139289331 0.101505542487982 0.125983737285459 0.122291667102804
"mb54" 0.74357256649571 0.771722311101786 0.211821352906747 0.560736814327912 0.160087660640406 0.0959520759189904 0.109175516694242 0.14290616703131
"mb55" 0.744952274128598 0.739999398912031 0.196505368101486 0.626029462130356 0.15511927503941 0.0964133887998794 0.0918325052078887 0.104311559041832
"mb56" 0.8 0.86848254710092 0.217685046559094 0.799825969196144 0.179250625236063 0.0873161159543832 0.0890352731005022 0.162766539291652
"mb57" 0.809349298668557 0.830849525246809 0.252363700442198 0.488153038697607 0.193186455039906 0.125257301993917 0.180345349775185 0.199322783787327
"mb58" 0.66048608286538 0.757967792990457 0.25422510562416 0.0812348608611335 0.16870118103802 0.0950351190190175 0.217707977682175 0.172060458219827
"mb59" 0.72154806897993 0.766660810310533 0.235031073109136 0.301183039968889 0.167625130322952 0.112600744324694 0.178777270323579 0.169612489834811
"mb60" 0.825222316625379 0.849694028276008 0.244408670495313 0.662675435803083 0.195546194805171 0.123805594699745 0.146303464957132 0.208044505255268
"mb61" 0.764705882352941 0.846521384454026 0.254077337647122 0.764603194957782 0.212994545594315 0.106825413126756 0.131063471692875 0.200994365125232
"mb62" 0.685800903588442 0.73126295001295 0.204571411742568 0.283971255357988 0.154377473753834 0.101156168271696 0.127580857142993 0.12889097751819
"mb63" 0.743735295149971 0.778950272432582 0.219407406179955 0.579033541978829 0.176264614109658 0.100840665103572 0.117736517992478 0.160053122305009
"mb64" 0.705882352941177 0.776362174531511 0.221779898328456 0.705724986842309 0.184447056118154 0.0879501747527518 0.0947504707628729 0.15541810987373
"mb65" 0.833963576608325 0.844517652226432 0.249219587944528 0.569595884889322 0.195645210951191 0.119941027345524 0.166896645659662 0.208087011005946
"mb66" 0.782034422461057 0.786267067580224 0.21917059977797 0.585781078824733 0.173785307498713 0.0993319383822231 0.117575973820279 0.151044175350174
"mb67" 0.661405460748475 0.726255332566293 0.226650175477834 0.0926733422566711 0.151735288982404 0.052190907671242 0.188215666230784 0.157682639247387
"mb68" 0.670164407776111 0.688273388976227 0.185001394154869 0.266778366991528 0.130134686093408 0.072093266984272 0.12502675562817 0.112059788896919
"mb69" 0.6 0.668429644139732 0.202907335400172 0.471025664923779 0.163080597421181 0.0753473958561904 0.0725072189722075 0.12033385985266
"mb70" 0.658610566808442 0.753111311302723 0.248821541985461 0.0929152040225443 0.164981109399153 0.0946282215058871 0.211808902417811 0.165577957143807
"mb71" 0.655275156800584 0.730574827455487 0.230225153873892 0.081210649130175 0.154404790549857 0.0519502392713505 0.19230207988756 0.160202073236347
"mb72" 0.691583907359416 0.680787378354468 0.184663004427006 0.460040913180415 0.137584565323493 0.0822855262594763 0.0949352120570149 0.106613170011671
"mb73" 0.767441860465116 0.809154866862588 0.199851924960031 0.764603194957782 0.160188312586718 0.0778784108980898 0.0692969975475087 0.123893994996835
"mb74" 0.696326977965879 0.763138883461841 0.232893087463894 0.128538692098019 0.158619508929835 0.104688588489039 0.19007427739359 0.129908081089124
"mb75" 0.652249028554066 0.733785604965978 0.234306521101281 0.0812199481152357 0.156280600749934 0.056037927096698 0.196817924648267 0.162971479797156
"mb76" 0.811764705882353 0.901079941210301 0.23138973350754 0.811589734030488 0.194463415921411 0.0950263986891082 0.105630539566174 0.179229505749272
"mb77" 0.746715144722167 0.783665079880555 0.237022424087804 0.34759472081199 0.171995955429039 0.114192567015454 0.176533189564611 0.176004820213482
"mb78" 0.882352941176471 0.917493297587131 0.214464916938084 0.882301597478891 0.18604475847176 0.0928290408633587 0.0857759263389127 0.175832788128219
"mb79" 0.741176470588235 0.81261532153352 0.206448785315347 0.741051911711593 0.169797652632697 0.0797953548167915 0.0760413300448519 0.152698075181855
"mb80" 0.812899094210475 0.805622511713566 0.203707708133926 0.568561420499665 0.155387900712814 0.102586689700495 0.126905814391734 0.123284058124241
"mb81" 0.779069767441861 0.783663674340059 0.173374457835688 0.778968797963559 0.14229526590047 0.0669263136311356 0.0384993753089851 0.0976800982306294
"mb82" 0.953488372093023 0.978687459389214 0.218843166320521 0.952338959165161 0.191565960810587 0.0961152123738769 0.0913869155337838 0.180461999626858
"mb83" 0.80952380952381 0.792036270451409 0.171271810793097 0.809484677504605 0.142190449659192 0.0677182126670966 0.0341404629071049 0.0945663827489151
"mb84" 0.718851068880241 0.714223563640319 0.167645588866216 0.604404121392711 0.131942041959784 0.0810371889275799 0.0595735433089688 0.0944833023628704
"mb85" 0.661420398237031 0.71745433842854 0.222079298229287 0.0937334731856425 0.146943100367918 0.0529768223243179 0.182975983107355 0.152015326043208
"mb86" 0.693388295757979 0.750530125596098 0.223612965635872 0.175191495405902 0.15410200946713 0.111603238038091 0.177139452246039 0.122720845357762
"mb87" 0.68155268627084 0.719470360610593 0.194967997923685 0.257472533184244 0.14641147174156 0.0972242771153122 0.124997567402592 0.112740915345716
"mb88" 0.63673658214042 0.698717899138649 0.210213254486133 0.104277136764989 0.140028893549352 0.0627863386705994 0.168388103725505 0.138922152683218
"mb89" 0.673542735066678 0.708329735486285 0.169086445257628 0.482106899665389 0.131715061037423 0.0902735732557019 0.0778287677624802 0.0876263767190937
"mb90" 0.654567322062627 0.74786967716615 0.244895459505495 0.0929145987490438 0.162005572574304 0.0989149767527633 0.207360010033299 0.160429512639033
"mb91" 0.755813953488372 0.82676626206038 0.225755408636952 0.755690283686048 0.186581470084551 0.0916083300788891 0.0994269832140808 0.186547761184978
"mb92" 0.706299726238319 0.746235490564468 0.218841119738002 0.186916002077921 0.152863044673173 0.110249731530492 0.170052680811009 0.120642466657843
"mb93" 0.744186046511628 0.71229795034161 0.161202402500307 0.744051026547292 0.132961553148779 0.0619868094406648 0.0243412853253398 0.0905877879821829
"mb94" 0.767441860465116 0.853301482298175 0.229136751315009 0.767444224424723 0.188008665073501 0.0914918333282181 0.103360037458611 0.191457892683527
"mb95" 0.740165935466336 0.744176954553748 0.203789628265101 0.41322113375228 0.153673081794506 0.0871106879846297 0.126882531069929 0.131296521186916
"mb96" 0.797660826003917 0.786166859539535 0.202068479367975 0.52219286237054 0.153540354382796 0.101650696246377 0.132914909998824 0.116952525439946
"mb97" 0.627906976744186 0.601128880526811 0.162075403516695 0.627715796959694 0.129440814220581 0.0569154677353194 0.0253567282070283 0.0721043872334333
"mb98" 0.790697674418605 0.801145599504606 0.175022356822187 0.790550713302355 0.145231729026192 0.0689277379160589 0.0404161511937442 0.114457138192283
"mb99" 0.661759228206267 0.660876215448487 0.179084346259708 0.208777096051416 0.121839023921873 0.0638955542934933 0.127838727805296 0.105105131689542
"mb100" 0.686949510933101 0.751325254657463 0.227214742928231 0.116829434178956 0.153108065551743 0.0873733416476945 0.18527449133939 0.127806167250018
"mb101" 0.755813953488372 0.841076719409948 0.229101762521776 0.755690283686048 0.188967816823548 0.0923828978866221 0.103319339772858 0.187768176017852
"mb102" 0.651463275191558 0.651641568620236 0.17294147267461 0.278545221260711 0.127394270460411 0.074838891875621 0.10741502583853 0.0991333889149716
"mb103" 0.658488410932689 0.698008971916672 0.187270702850942 0.245769236221324 0.139216807508133 0.0893590082292068 0.116631251658996 0.103746496349202
"mb104" 0.664163306754918 0.703492405775361 0.187050915732699 0.222160646117736 0.138266743084464 0.0882104676828629 0.122467256426521 0.098268501722811
"mb105" 0.779536781473483 0.777252253746293 0.197230619873822 0.464047776245647 0.144144835043368 0.0921475182668323 0.127657772354259 0.110307064585072
"mb106" 0.690495253043049 0.714339258358557 0.212901286628105 0.197606110316213 0.14305405203352 0.0890602216408457 0.163825972300448 0.143187041905663
"mb107" 0.711508086870515 0.65171808290869 0.167128066160421 0.460126117970393 0.121691297158476 0.0711983924199709 0.0753518654767472 0.076060863384012
"mb108" 0.706487602113451 0.753963437824863 0.223939422228344 0.140260732179673 0.154055265068135 0.103181949516075 0.179183475914972 0.121241583221996
"ufb1" 0.733979011472484 0.69455784908492 0.183934373870536 0.405409712515752 0.133256640319457 0.0882180927856984 0.113261267020631 0.112839964826963
"ufb2" 0.706459406108188 0.688414298737917 0.181434740377509 0.347496536716799 0.134560170082489 0.0952469163730782 0.121287411064989 0.0992369831495752
"ufb3" 0.663305412610717 0.742322279458039 0.229948315708745 0.116258947654033 0.155938260457035 0.0865766119616462 0.19068893157687 0.14422200004352
"ufb4" 0.664918681452825 0.744274522328893 0.231360877362321 0.127941864037827 0.15644924777315 0.099231455246593 0.191485619722729 0.142985126873087
"ufb5" 0.657105689058081 0.729648269313153 0.220625581247219 0.129373254943095 0.148240138789983 0.0983940401281115 0.179349365674701 0.133635704960345
"ufb6" 0.653942097708464 0.7179844024893 0.21322747677062 0.164645597566382 0.145405751794193 0.102713251596048 0.170534796050406 0.125378063043662
"ufb7" 0.666042349232116 0.708847418352987 0.206971945917555 0.197364363279733 0.143184118176085 0.101108323453584 0.162713839285293 0.119239167503604
"ufb8" 0.792827719655535 0.817493649875512 0.209926557972942 0.633195424736138 0.168051924909323 0.0971042503470014 0.106780336273372 0.146912349709003
"ufb9" 0.65036494610505 0.724964211545053 0.225914711983916 0.081210649130175 0.15105719173882 0.0454108320664097 0.187779283427243 0.156196743500087
"ufb10" 0.797619047619048 0.821720873959149 0.191006587277083 0.797440576451933 0.156619712733813 0.0769024590794284 0.0561357775593797 0.135925737718294
"ufb11" 0.68389604358523 0.718841774434541 0.193648545575688 0.325930615340234 0.141638713845878 0.0980124602119831 0.134311219882525 0.107186210955299
"ufb12" 0.683399825170661 0.713370519428558 0.188596183750485 0.337787630054007 0.137467258057237 0.0954019687549256 0.124219603525873 0.104523091399359
"ufb13" 0.693866714428928 0.715604871653588 0.187422476078904 0.34797664363215 0.137301176712835 0.0905437232469737 0.116908788413124 0.108611071742432
"ufb14" 0.709017672450892 0.724012100094478 0.192943632508243 0.371235303830168 0.142488104569302 0.0874314315887299 0.114982224490023 0.122736635548067
"ufb15" 0.775780323750349 0.818410217042362 0.21974787004635 0.609521923859898 0.175641427234313 0.105917468232548 0.11813778132612 0.156332788452292
"ufb16" 0.75806829000765 0.794348814550179 0.210927967759004 0.521995170449787 0.164592788038417 0.100720190121291 0.124052927947798 0.143195191236643
"ufb17" 0.739644280866466 0.760153110380085 0.196279535626971 0.467964629678676 0.150448120608416 0.0934775009778386 0.118607738523318 0.120963306207216
"ufb18" 0.75393454868715 0.771261286023223 0.226817227426523 0.371769842207541 0.167744575296195 0.0983931723974335 0.15988050262584 0.169323207780021
"ufb19" 0.697747311953777 0.722700006314327 0.187480215895559 0.386872696272515 0.136986754408109 0.0901549828895178 0.116971538763886 0.104124584374056
"ufb20" 0.614729873284885 0.600024414807581 0.159856211960052 0.470354868829699 0.114865774397419 0.0672368634008503 0.0504850741974642 0.0627699010885955
"ufb21" 0.666984058414761 0.655552435771445 0.174684765227235 0.38456861423933 0.132127823853159 0.068078231948008 0.0839708209920664 0.108561130226
"ufb22" 0.75638547065786 0.786655525511343 0.233694698514181 0.364335456873059 0.174481279706862 0.108965063582731 0.16735337677452 0.176232503160614
"ufb23" 0.720930232558139 0.800014128284826 0.204355021811182 0.717500628465404 0.168658038208524 0.0774230685420087 0.0745348352558504 0.140496834028167
"ufb24" 0.640406317104477 0.655332827712713 0.184853384474653 0.231489853636608 0.130650243982737 0.0878682892380575 0.134021669258536 0.0996477931146494
"ufb25" 0.62427703387202 0.655203276340947 0.183306320501863 0.185239717565579 0.127292002413023 0.0798778730377444 0.134486815339539 0.0973098678143546
"ufb26" 0.645174019846245 0.730534627302326 0.231536213352578 0.0939593592145051 0.152752075301382 0.094847484228168 0.192898374847332 0.147200675881663
"ufb27" 0.632691551993309 0.716273673920861 0.221420947793565 0.105770670591422 0.146686813593095 0.0948449941213837 0.181715650315815 0.1373840862562
"ufb28" 0.655220558084823 0.641740572365479 0.171480469808153 0.278545221260711 0.124583817910201 0.0742534449736728 0.105838270188572 0.0975987282067864
"ufb29" 0.694117647058824 0.745721824349793 0.199966118358758 0.694025513103841 0.162642141095548 0.0767256418638567 0.0684025106587578 0.127740566955485
"ufb30" 0.725642659855762 0.745680969397351 0.196404636341273 0.433308437022833 0.146447672468275 0.0895120176014126 0.107980748851961 0.127052810141745
"ufb31" 0.692480402158989 0.753793023750467 0.224893890466078 0.226376706342958 0.15480483544712 0.10727554239859 0.180186796464589 0.122422048692627
"ufb32" 0.694117647058824 0.771608352924907 0.202069411310533 0.69400735892905 0.163080407007894 0.0771249135335448 0.0715128574504352 0.129429749601112
"ufb33" 0.659240672695044 0.617930816554258 0.160746635231755 0.394699360654617 0.118561595788636 0.071886449566627 0.0796719538255155 0.0744735766252697
"ufb34" 0.789709442540561 0.774601722692278 0.213025966632034 0.573944328386613 0.166413518638129 0.0923452678037638 0.110917593148042 0.147198199715775
"ufb35" 0.681546588892886 0.72072703183239 0.191057335898727 0.301712265874771 0.135368047425322 0.0878365510625707 0.131529329762567 0.100725088093054
"ufb36" 0.698206890065696 0.723510968817489 0.18977558478773 0.363460950353631 0.138345831960338 0.0916913621970472 0.125492577952805 0.103805824652054
"ufb37" 0.770414907820313 0.772355041240921 0.201426646005807 0.446147340574331 0.148307705461563 0.0982964148357838 0.138137133744922 0.108213438733138
"ufb38" 0.746241571886486 0.763081195883026 0.201959828579734 0.347752208941966 0.144686657922378 0.097139265067939 0.146894240657454 0.0992524237871387
"ufb39" 0.790697674418605 0.686128526645768 0.146192535841069 0.790609358435998 0.118579332865961 0.0565907004114093 0.00688235690703835 0.0694945851621423
"ufb40" 0.588235294117647 0.568808122173876 0.164469064845849 0.588084598031035 0.127899128669159 0.0546623887718679 0.0276554843685511 0.0580120745390373
"ufb41" 0.64273685208971 0.696868820277429 0.207621774437549 0.185589728926173 0.142646615846401 0.0857764510170266 0.160266595333272 0.135060588475973
"ufb42" 0.656258737590452 0.681779034642329 0.188545471979547 0.381977579075573 0.144561994833042 0.0846354711838501 0.0994521946550819 0.117839095196905
"ufb43" 0.741150430819503 0.768158561660211 0.195431606925175 0.625896340574185 0.156113560799256 0.0950946635825831 0.090637313539701 0.139338203574234
"ufb44" 0.692031036407149 0.754913606456559 0.226179825297047 0.190662576933915 0.154029097087149 0.105352302632134 0.181555505946241 0.124814368744529
"ufb45" 0.637386426772828 0.696710155810024 0.196559068382189 0.487912832560206 0.150883058379279 0.0880675018758064 0.0916519964040878 0.124246148290926
"ufb46" 0.882352941176471 0.88951116642467 0.197511910113434 0.882301597478891 0.172798957374764 0.0841721640933898 0.0660456211059211 0.162155285110655
"ufb47" 0.677338354988607 0.704079142570507 0.186968051446919 0.267465678859714 0.134649644068934 0.0867885852329205 0.127033723322423 0.0918688381393529
"ufb48" 0.606983226488129 0.669761558106786 0.189987562224462 0.449121526378165 0.145827916274559 0.0811879835445589 0.0845389673737606 0.110991797495518
"ufb49" 0.791272862774859 0.807208125354674 0.230533110855691 0.488172069638407 0.178051514115186 0.104822436210164 0.146161199591094 0.186545397101032
"ufb50" 0.821428571428571 0.833495078330792 0.191369117452358 0.821271096869353 0.159442983241601 0.0785275343911292 0.0565587467166252 0.141689175891366
"ufb51" 0.719856964919719 0.73859818006793 0.188939613969985 0.420802316198525 0.14351546574474 0.0827599681621217 0.110558484541264 0.112085842383948
"ufb52" 0.600544541217787 0.648764442572731 0.18231012839277 0.138272284142705 0.126527664423863 0.0771559440730282 0.135182883744663 0.100408993694232
"ufb53" 0.590291034662885 0.633155713213098 0.174626371138806 0.151560078749454 0.121943985821361 0.0749002395424437 0.125260893316523 0.0938696165718756
"ufb54" 0.581577893610931 0.602223404125249 0.157376947751967 0.185399335227231 0.111650338718183 0.0665469388404539 0.0992013519470547 0.0767585740701002
"ufb55" 0.65410802351094 0.642915908168697 0.172302301243558 0.293650025049236 0.126677353958694 0.0789808928576321 0.111470817362463 0.0904585143782009
"ufb56" 0.646257274331631 0.666942330380069 0.190791842532374 0.222455514812741 0.13377264524388 0.0896789025129211 0.142419799485388 0.104226559823461
"ufb57" 0.77104921106666 0.722286195759023 0.172169118032046 0.534807972255557 0.13489386133828 0.0741493377744245 0.0814964764952729 0.10008370149088
"ufb58" 0.752941176470588 0.656214149139579 0.147289827334722 0.75294489936002 0.119496986314959 0.0550932673918575 0.0070684766871664 0.0684670996968681
"ufb59" 0.627054658152809 0.701968818480643 0.210545949583422 0.0928334769749831 0.141132878941174 0.0596163310645571 0.170303632991322 0.139278310195177
"ufb60" 0.674778420418028 0.714054359854278 0.192368942112841 0.279687487537088 0.136315368376072 0.0934955488465374 0.136540704016841 0.0992869098881124
"ufb61" 0.687513483008435 0.71496101893473 0.191317653941303 0.314596509539036 0.137258914705273 0.0954495128405254 0.131744031090764 0.101386827749518
"ufb62" 0.680881124004963 0.713105462990268 0.189816499700322 0.326540637578249 0.139808732745538 0.0938835712912327 0.125452548536025 0.1040650239532
"ufb63" 0.641643819362197 0.704294392584388 0.214040977184919 0.127389011312979 0.143330000441906 0.093205584229521 0.173253456405021 0.129222201486877
"ufb64" 0.883720930232558 0.913266381066086 0.200149356413861 0.882243583769055 0.173179990815486 0.0834514574775215 0.0696429589460781 0.164839243699199
"ufb65" 0.771018721397155 0.802461716985433 0.239291206959711 0.376205490651121 0.176311626720277 0.109043989083631 0.173333806600126 0.181781933463917
"ufb66" 0.703257705217004 0.748045108933639 0.219378411051213 0.214508950722697 0.151040538413297 0.10391858892448 0.172659383086157 0.11883851298328
"ufb67" 0.684646966566382 0.617317766288903 0.159601826532508 0.466465014216667 0.118479782118415 0.0675219410454539 0.067197615656407 0.0630191758950285
"ufb68" 0.681939809279344 0.714722920014273 0.205788839285473 0.243700860042976 0.143898608173536 0.085627992033787 0.153889918220678 0.133576028285184
"ufb69" 0.790748449000814 0.757310152628767 0.184527567823319 0.529554779299256 0.143986605358092 0.0808317110366259 0.0950807182317961 0.110962653787155
"ufb70" 0.772693550286571 0.711549565949284 0.1767453569562 0.469291712296661 0.13501507922592 0.0792120002088629 0.0972865058695122 0.0956973548357538
"ufb71" 0.689959978523786 0.72912938603707 0.20765654124152 0.24483180804942 0.145683629565246 0.100885855325393 0.155736773436856 0.112385811109323
"ufb72" 0.708204108358796 0.731461169776578 0.206773392138863 0.279720243054551 0.148887241156678 0.0992759881839727 0.151898744131341 0.116006161104332
"ufb73" 0.658823529411765 0.719474444520878 0.202684993429221 0.658622420349931 0.168241164080527 0.0751048915839129 0.0725386907873467 0.135528990195875
"ufb74" 0.705882352941177 0.539192399049881 0.137060205974145 0.705800456092303 0.108858330675784 0.0499030197872635 -0.00484812457934438 0.038876169786358
"ufb75" 0.653148947778697 0.716834283054356 0.222193439839629 0.117029004684449 0.14792209020811 0.0940594827115611 0.18252934440422 0.136865397448587
"ufb76" 0.66566536578853 0.705045833360024 0.188302276523247 0.233489170799311 0.134070695086341 0.0888143137317502 0.132197458568478 0.0885633721642118
"ufb77" 0.675650297124339 0.683624157189571 0.162120499228161 0.564506558134313 0.127435597006285 0.0781956619123498 0.0530902693269615 0.0778795901174529
"ufb78" 0.655008256845166 0.749789502418319 0.246953793390801 0.0812339410434783 0.163694178041872 0.0879225177815659 0.209849124685735 0.16415143895303
"ufb79" 0.738144403649254 0.74564468916427 0.192201757544301 0.523167888584182 0.150395471808552 0.0943157299573923 0.103723298878808 0.121248510537345
"ufb80" 0.633372608482051 0.642043283478805 0.180519862923685 0.254646519132395 0.127855131052849 0.0854417449334045 0.123944830533207 0.10208246366399
"ufb81" 0.716122142797972 0.733318288790741 0.18667971948427 0.386023627987938 0.139098671985315 0.0843207787544381 0.116080096778745 0.102696903097659
"ufb82" 0.577210398146944 0.610458092408689 0.166437550149893 0.151341076576379 0.115078836071805 0.070515750079934 0.111875419901525 0.0898358484769985
"ufb83" 0.57557514209565 0.616655962705303 0.168573909458225 0.210930237709751 0.1215696671817 0.0757829214935506 0.1026295099334 0.0922186305097197
"ufb84" 0.675067155655748 0.731779606507515 0.221191664332814 0.162223323915399 0.15126611131916 0.0978791542645627 0.17994379385816 0.132053072454514
"ufb85" 0.702371980406462 0.643404594286206 0.1749899003499 0.325126614585703 0.118604550953418 0.070308795562028 0.109499418340567 0.0996879262100651
"ufb86" 0.705882352941177 0.738693858488363 0.193715217270163 0.702118494782255 0.155732028906364 0.0713423036321864 0.0621108189667969 0.11554210386667
"ufb87" 0.678344013421183 0.653325903740336 0.177301336894513 0.396246943435682 0.132949318436818 0.0699802920416173 0.0868749912959768 0.109901288780507
"ufb88" 0.675080232449201 0.635463017378893 0.171993749576974 0.337515474111675 0.123397386423336 0.069774052600856 0.0920827975580154 0.0980068470778277
"ufb89" 0.675931769226503 0.668641502203487 0.186825943640229 0.278060343285902 0.130739943279728 0.0840437076283442 0.126979111751481 0.108440226072521
"ufb90" 0.658799227309481 0.73428527120973 0.227671572919931 0.116137698068662 0.147168537541306 0.0856619390938064 0.187586468401812 0.138860002613611
"ufb91" 0.645194962154546 0.712529175863725 0.214038539521058 0.127853378615795 0.139168346655988 0.0892870710057689 0.171363322268719 0.125827408319904
"ufb92" 0.781045770642159 0.735814368088248 0.178495494538236 0.535030801031011 0.137613560790278 0.0804849571053482 0.0885157835041388 0.10661806736857
"ufb93" 0.712309774747967 0.695825840690221 0.186107851556296 0.324393480530939 0.13523266432534 0.0958715847955292 0.129969995555402 0.101015122870455
"ufb94" 0.692210305013592 0.695788557882386 0.18704302771578 0.278157722149634 0.132164713340961 0.0910975471734199 0.133910045650176 0.0984646947468237
"ufb95" 0.764705882352941 0.722839369029105 0.147680712612704 0.764617160766662 0.119291000565115 0.0542901394968 0.00751889830188178 0.0608658144582375
"ufb96" 0.676642872592451 0.706361250298258 0.187544205968477 0.286678186390298 0.137375132720006 0.0855392764279429 0.122951403549763 0.0996263831372723
"ufb97" 0.64773088137306 0.651232158409408 0.177852712905783 0.325315883601287 0.130544423374904 0.0876796746543654 0.112715375318051 0.101308671286755
"ufb98" 0.689502940419031 0.735083474896393 0.211616145146988 0.2447166897717 0.146609500803701 0.0996944258009699 0.162376459693215 0.113864856614373
"ufb99" 0.844118243544035 0.824213695122117 0.202277267852236 0.649872267513762 0.164657424477652 0.0965812600328523 0.114671121632048 0.136547901914637
"ufb100" 0.65343736572186 0.620250247270423 0.163817843159073 0.371229227537872 0.117752665320021 0.0687973693575938 0.0830398507083892 0.0794503426653163
"ufb101" 0.733009551625992 0.763639425235743 0.177282929536331 0.623326236650591 0.139614235313654 0.0875422789429256 0.0702257318680934 0.0997507542272492
"ufb102" 0.705791968345377 0.714619564966882 0.19585561631107 0.360112265068995 0.141268935729681 0.0911476012538775 0.132054815299952 0.124113566431368
"ufb103" 0.678439207354224 0.667991865954476 0.182541426054732 0.243841459100861 0.125058341206052 0.070022609448718 0.129005322578136 0.109289452715905
"ufb104" 0.66243337780778 0.711709335679759 0.218356782881715 0.0926511427800059 0.143875152408172 0.055574135729291 0.178503889118516 0.150236457895438
"ufb105" 0.661832075946394 0.719418320320942 0.222215855655196 0.0937334731856425 0.146808714267255 0.0557522914471133 0.183118463664459 0.154839210186692
"ufb106" 0.653118207187918 0.721160315631635 0.224599654930562 0.0812000904677173 0.149202199823046 0.0564115858735457 0.186063237402892 0.155687994671532
"ufb107" 0.649588258231255 0.722647720071524 0.226350483600155 0.081210649130175 0.150682193269514 0.0498398080553785 0.188236523397933 0.156778701493419
"ufb108" 0.724231197289816 0.685521370170884 0.181195553903527 0.370672522949317 0.130167520797024 0.0887397548688744 0.116343204191374 0.103944227642081
"ufb109" 0.615999156062691 0.691334062197477 0.204474930559011 0.092862292420968 0.135041690419949 0.0828691120082379 0.163190977631623 0.122492802231901
"ufb110" 0.571672317032241 0.602201217987965 0.159187821403767 0.208775700327035 0.114346929648401 0.0736584536943432 0.0973344877402839 0.0824539322913409
"ufb111" 0.564705882352941 0.525767129045818 0.164468189953369 0.564591328494682 0.127624207264268 0.0549196063504432 0.0277796339696714 0.0541265786733986
"ufb112" 0.670446400925758 0.72691909534336 0.200530606086501 0.209018382634825 0.140406603655059 0.09561715498471 0.150670264899443 0.101520148961252
"ufb113" 0.668295631594682 0.718362977350238 0.195279546468316 0.267766132465589 0.140295795333909 0.0982596380582138 0.139703225978962 0.10439094248839
"ufb114" 0.683169121897377 0.705677782162589 0.184149849403132 0.338039513522112 0.134327643501194 0.088656400244817 0.113352170403026 0.105608356520582
"ufb115" 0.646042562466967 0.719041753428943 0.223887288597325 0.081228140206366 0.149302430868985 0.0545227487917113 0.186028745128734 0.151226937677325
"ufb116" 0.732558139534884 0.575251179003486 0.128085156397879 0.732354427608576 0.101857982856245 0.0474416907852749 -0.0141794851944778 0.0396902373916061
"ufb117" 0.641701957610839 0.622643525107117 0.16075563371601 0.255191582712858 0.116727641477835 0.0693603223896655 0.099075529715953 0.0823857738672316
"ufb118" 0.652054928614046 0.741072874819904 0.239061158043136 0.0821676238670248 0.15851764655 0.0602508118724686 0.201943008980373 0.166324068523411
"ufb119" 0.653865814864791 0.735030604616391 0.231788068931905 0.0821604972971245 0.153851083036965 0.0460175947271499 0.194176620009893 0.160298327406739
"ufb120" 0.651310838255373 0.744748979753332 0.238781011713324 0.0695551744894545 0.159670081607357 0.055838743822271 0.201647111628593 0.160959628717785
"ufb121" 0.820331398529411 0.820573774920309 0.201078091545207 0.626515609121058 0.161462946647235 0.0946131216815007 0.113340251428552 0.132284585001692
"ufb122" 0.658823529411765 0.719604471195185 0.182327193561295 0.658680434059767 0.1456729227827 0.0645489205895997 0.0484377831265271 0.0910292200787751
"ufb123" 0.661380352860605 0.649341998442945 0.176577565243678 0.259480847753687 0.118271126384177 0.0685347903184435 0.115906147162295 0.102597308833886
"ufb124" 0.655810516957835 0.702856394735423 0.207986145723437 0.150827588743234 0.136998976963633 0.0875292835521665 0.163753094932117 0.120788311816622
"ufb125" 0.676714338005537 0.663463239195802 0.179124850276138 0.377335004041829 0.129730051693802 0.0720534820639355 0.0889173002564861 0.105312580758966
"ufb126" 0.634247679749888 0.644478811303016 0.181404291693946 0.243078208490438 0.128358214765466 0.0867423926219015 0.127860054311786 0.100082739243415
"ufb127" 0.63953488372093 0.739027027027027 0.198131345332217 0.642659596844284 0.156486310062449 0.0719746706315178 0.0672956821966164 0.112159486313918
"ufb128" 0.63122893652648 0.565848733506884 0.14919796653777 0.336227005198994 0.10397226118078 0.0572307883035275 0.0670076451182328 0.0666908381439552
"ufb129" 0.678385223234573 0.665844739902209 0.18351061743948 0.372816237241541 0.13572759815594 0.071514363361136 0.0937667605499422 0.110315746762047
"ufb130" 0.821248775626181 0.80832564094929 0.193702974233354 0.551238074277541 0.15025020200844 0.0812928500277699 0.105027932817125 0.123752139894804
"ufb131" 0.618916007598138 0.617636052603443 0.162877833525413 0.462242629769912 0.124134606668559 0.065665841709081 0.0539000548439688 0.0854578747304391
"ufb132" 0.725304635986432 0.72667777899224 0.201642551343442 0.437709250865281 0.157993132697983 0.084099062155082 0.113812844050087 0.129160372540027
"ufb133" 0.663139883169471 0.67348520647064 0.196138047674945 0.161269742091447 0.128709769692702 0.0707078974825057 0.148099640080908 0.129342319196041
"ufb134" 0.741057413091216 0.735182279092226 0.182326085276377 0.485089825637253 0.138938481757165 0.0804541984089957 0.0923020431208633 0.110507047956206
"ufb135" 0.697674418604651 0.713002873563218 0.180353283845119 0.693949345219215 0.149039160654211 0.0683065918904675 0.046616890707928 0.115641938070673
"ufb136" 0.658192492013983 0.728021634402008 0.225765484491147 0.0937458824519829 0.15054398358702 0.0460188763115962 0.187623418776764 0.154500826146568
"ufb137" 0.720212243127458 0.729698789050575 0.186222289108817 0.362256193452156 0.137104787649362 0.0887217110843083 0.121514884774495 0.0940209667279238
"ufb138" 0.763817271206163 0.740167660674813 0.179536818103845 0.523167888584182 0.138215969370454 0.0807218652063059 0.0896711636487489 0.107309270627764
"ufb139" 0.711407960370718 0.685000096196395 0.178410865313568 0.370577888441525 0.130056882242595 0.088433490519818 0.113337957934519 0.101193306087988
"ufb140" 0.644828790945704 0.73929068557366 0.235592099165322 0.0695551744894545 0.157017335967593 0.0584979620748963 0.198302637065247 0.157919903528081
"ufb141" 0.655391938438846 0.60447989301748 0.157374933135219 0.349341173530204 0.109607774769606 0.0586233251703753 0.0760638282222524 0.0821806734960193
"ufb142" 0.636141947663394 0.594264093732129 0.153597132116783 0.314234529166862 0.106938928722985 0.0602419736462823 0.0802147508477448 0.0822779786570481
"ufb143" 0.605329585624141 0.595365790675963 0.150771411946161 0.270784885271973 0.107494153959695 0.0603509570936014 0.0833802032959662 0.0759589357910784
"ufb144" 0.61734474331083 0.623774391671372 0.168811472691023 0.150707416065357 0.113215818298291 0.0539005989802566 0.122428303152271 0.0940479710356399
"ufb145" 0.634614736610682 0.703245237634157 0.211053160909654 0.0695406890576586 0.142214672492056 0.0494765837060669 0.172426145676087 0.137231054443361
"ufb146" 0.637129543674257 0.71730259692269 0.218234792650617 0.0703526743282412 0.148287967169669 0.0500748569326523 0.180100427872628 0.145170276191415
"ufb147" 0.650528853026046 0.740353913471706 0.237122125090843 0.0703597161741671 0.158554646669504 0.0607348834896247 0.199907519158776 0.159827169899973
"ufb148" 0.728730996680594 0.739984681896153 0.187199858087322 0.397575708008404 0.137930520726438 0.0873526523163084 0.116645385601225 0.105343535950312
"ufb149" 0.706345530736133 0.726439873849146 0.186148870068365 0.404056294485756 0.13442779781496 0.0818751134914084 0.107531089994488 0.107340705226708
"ufb150" 0.61001276533818 0.62030781261273 0.166485913706347 0.18540998910432 0.115753097480414 0.0575155184601572 0.114490746110735 0.0919790677686119
"ufb151" 0.729411764705882 0.71768287665597 0.189112858211707 0.729450311218005 0.154066173275742 0.0731813071901259 0.0570037787105294 0.105607152387661
"ufb152" 0.643102960863684 0.729758996507766 0.227083478209126 0.0703580121255812 0.153138628690598 0.0518158779488274 0.189425947070361 0.152150269246293
"ufb153" 0.661994513899075 0.732557443847203 0.232904615797512 0.105579643838621 0.155018174951493 0.0973432458614616 0.194334692712 0.147487104418713
"ufb154" 0.710806735804344 0.74407970748549 0.21907776609165 0.281319667962954 0.155768876104049 0.0949034260264112 0.165176646563827 0.150766733764832
"ufb155" 0.686340782246237 0.707160711203846 0.207865900872689 0.199855864594647 0.140306625146268 0.0862386244177268 0.160519990210402 0.137887413654157
"ufb156" 0.618420730442367 0.664517876332796 0.185902431171402 0.116168805440147 0.127183793576799 0.0797132134412304 0.14172084503267 0.101939796407781
"ufb157" 0.62831569767591 0.656692754545942 0.182312632207529 0.139082275503755 0.126477409782164 0.0782879971307417 0.136677795670399 0.0989132094794175
"ufb158" 0.608503602838969 0.630672467643138 0.172109435639918 0.150793042186285 0.121739836900664 0.0770946308099315 0.122566162900593 0.0911579379446737
"ufb159" 0.635294117647059 0.669438073394495 0.186316505731277 0.635303191943084 0.14267068370863 0.0655237001825712 0.0537518467380679 0.07370845062422
"ufb160" 0.776470588235294 0.758512964698532 0.169768440256892 0.776262809161205 0.136910660464139 0.0659103396531168 0.0342553719058704 0.103862957345445
"ufb161" 0.619052287526979 0.636712640409498 0.161671698157641 0.482132205759145 0.123632453916122 0.0738155682573679 0.052583067395872 0.0729816395028659
"ufb162" 0.650744397527071 0.593682947487295 0.153946606166819 0.371427383472101 0.111356801557425 0.0744605460342294 0.0805293655657341 0.0627881884977112
"ufb163" 0.631046953191332 0.645548205766253 0.156041633383045 0.359002733731365 0.118398151523226 0.0745754965557466 0.0746368710110746 0.0780575530220047
"ufb164" 0.634953405248701 0.646084645685412 0.173774445630389 0.162178477396191 0.119465459023076 0.0561590016851674 0.124340580206588 0.10217777378248
"ufb165" 0.846387942493046 0.845356157600622 0.207880417982655 0.622130707520631 0.163080921042465 0.0980302709377083 0.120889611365862 0.137777900554948
"ufb166" 0.679066262513503 0.707825029453122 0.187904453315143 0.255679468471638 0.133506728853726 0.0876780859529694 0.131772137687259 0.0922023634386518
"ufb167" 0.731194679713341 0.686501847115658 0.168825004417095 0.441403640489632 0.127743790190019 0.0804594222689906 0.0888302303893509 0.0909995753648105
"ufb168" 0.777751423821592 0.722314709995339 0.162338816424271 0.627820139107745 0.125162958958409 0.0723277436205282 0.0535777449599875 0.0824149031486548
"ufb169" 0.663576202336651 0.699879857125202 0.209861743901433 0.223624289327231 0.145083544836906 0.0908170781599636 0.160634638626533 0.138182926395998
"ufb170" 0.677331628874198 0.637404910096819 0.166695295806937 0.384494566437892 0.127298274908748 0.0603191536891442 0.0751031946531437 0.0988759134012251
"ufb171" 0.690917021221429 0.737471790678659 0.212603545277378 0.23303443964183 0.14779946774596 0.100835513031203 0.16342552936635 0.114748144172248
"ufb172" 0.705817549829897 0.735752662501822 0.209482619537021 0.267855988929434 0.147686727334289 0.0988606130278992 0.157682508883618 0.115190043015545
"ufb173" 0.681598691042842 0.70851946018104 0.188470916006291 0.314847971993105 0.135594033742191 0.0934548153800678 0.124000066734172 0.101396062703712
"ufb174" 0.663963133585167 0.715722529737369 0.206302124657816 0.472795027254405 0.159409886167492 0.0954094056037628 0.102667225238731 0.131193323735715
"ufb175" 0.589757719304198 0.655743851462108 0.184971650138842 0.115400079362603 0.126519116656443 0.0737804165869786 0.139503079879474 0.103233178438783
"ufb176" 0.778761349099274 0.770172128254554 0.191373113215743 0.457590840599681 0.143000659324474 0.0913864000151541 0.121230384280076 0.102984528674301
"ufb177" 0.639227553880932 0.656401190919241 0.174393864632424 0.16328878042697 0.119970970032858 0.0709237704013809 0.1228699675187 0.0768787480318297
"ufb178" 0.635444530020484 0.702637317909943 0.210476814518416 0.105506249309496 0.141041209979912 0.0596203990559574 0.169520637498504 0.140164854350945
"ufb179" 0.659350390424392 0.694302480457197 0.208053147618091 0.150903769825449 0.138125108536989 0.0755554487493139 0.16509325840888 0.135876141136981
"ufb180" 0.707218239201909 0.712093539828469 0.19421864355456 0.360172213212931 0.142353319422585 0.0837602749193379 0.124296609272518 0.12280628966938
"ufb181" 0.667941137437179 0.718841178337725 0.212676026730943 0.154604774614129 0.144987117609928 0.0970937076162851 0.169957298555147 0.125177541683897
"ufb182" 0.683007111062141 0.6824652738891 0.178987191833645 0.289570237737384 0.12951984322197 0.0880579481707958 0.122358191433698 0.0928510568464025
"ufb183" 0.60066094083745 0.666023480260168 0.1907305810918 0.0811728531125333 0.130803156799092 0.0499876757696952 0.150058766249189 0.117822272999839
"ufb184" 0.69665162215298 0.71850128566181 0.184568840490923 0.398382108204859 0.135940325139872 0.083088206780895 0.105798430024015 0.109112107577188
"ufb185" 0.723453709545367 0.720924327069578 0.195418623232955 0.395194070348463 0.142913092603858 0.0902183140716634 0.125600717719268 0.123876992290949
"ufb186" 0.663817935134135 0.633943946960565 0.15817326242292 0.289952249929614 0.112620336035504 0.0711043866618779 0.0913503237165222 0.0814152631194613
"ufb187" 0.644040952812077 0.698947634785196 0.209321123807322 0.115424763409214 0.138571187214764 0.062149952230316 0.166432843618122 0.140281636812246
"ufb188" 0.773097552648099 0.661216689669816 0.151621983215552 0.64517922629616 0.118569370240099 0.0663073235992598 0.0409034347925341 0.0655977890352759
"ufb189" 0.804267878337774 0.735253529599094 0.160421918005328 0.670930029993 0.122842733283121 0.0749816875631334 0.0508518151889452 0.0776025545703366
"ufb190" 0.702962254935082 0.726188840299726 0.186512670776688 0.31664941054404 0.134052172139209 0.0906405617636705 0.126601136497913 0.0877031964075534
"ufb191" 0.639282909328957 0.730169473057807 0.230343714428317 0.106999657048141 0.153436019821083 0.0944673839154449 0.19164366729915 0.147182483863493
"ufb192" 0.720930232558139 0.67021708257253 0.155488102215129 0.720888499203383 0.127166836326342 0.0550072279945452 0.0176946200414608 0.0662631593797319
"ufb193" 0.70420615995977 0.737016486961349 0.210555363341467 0.267855988929434 0.149763904480666 0.0998566306315571 0.158825546206141 0.116404302175041
"ufb194" 0.647453734823509 0.709061753416592 0.206417537141529 0.139632122393651 0.13976625570107 0.0895220302959445 0.163357293904345 0.118859558907526
"ufb195" 0.639580149562144 0.684696084533098 0.193320441920944 0.174436752073288 0.132697640314946 0.0913855535933872 0.146807253255643 0.1076015547083
"ufb196" 0.655851390921842 0.67987290334734 0.19069136279486 0.209125650120384 0.134441601053099 0.0896974397125179 0.142262122354074 0.105495857196976
"ufb197" 0.675901551801172 0.722020469687054 0.214552774178209 0.255866172295815 0.150338042951287 0.0940028660973957 0.160341493708258 0.146692029240098
"ufb198" 0.666344979156295 0.64106128439797 0.172718889628353 0.265304367603023 0.124011175264462 0.0744569491957778 0.111877265865558 0.0910121784993192
"ufb199" 0.632997685996691 0.671236067962093 0.192278470452382 0.187494367099478 0.132661322381626 0.0848390124337008 0.14574818856958 0.105214486503461
"ufb200" 0.792222694720565 0.736554824209343 0.162654329559239 0.650968188481561 0.123200033838636 0.0751126392257083 0.0539342239977482 0.0850784177819001
"ufb201" 0.744397949391358 0.751437552994146 0.205115479763249 0.364482727635572 0.146472798582332 0.0910333118753748 0.146563640561023 0.119547855796207
"ufb202" 0.719711517421056 0.744903484644305 0.205201221505961 0.317504849727217 0.142778469128811 0.0951204313666941 0.150262698070938 0.113217038300055
"ufb203" 0.715284645133296 0.761666892663275 0.219649023536976 0.259227505858244 0.151013419366381 0.102489811062581 0.170941554283105 0.121378262401997
"ufb204" 0.604745175693554 0.54598927024756 0.152495902845742 0.417484957417168 0.107875688915609 0.0614096529057946 0.0415972330270672 0.0535725463641461
"ufb205" 0.687888017706143 0.713832962243593 0.18753837685036 0.336375470248847 0.137362754530773 0.0916247384709441 0.123077870485145 0.105163041998842
"ufb206" 0.697442470808439 0.71291503364638 0.187109452721601 0.34797664363215 0.139449232472027 0.0886715359694859 0.116568601578369 0.110047323761568
"ufb207" 0.682352941176471 0.729689692811477 0.185983103524867 0.678405377470414 0.152026550862197 0.0671201790700122 0.0529360989663288 0.111033642231598
"ufb208" 0.651118215020192 0.653320126799443 0.17357899505944 0.175889422371086 0.118737086699827 0.0544803104854984 0.124130736939293 0.100557908376142
"ufb209" 0.671599508177481 0.693405170078748 0.185187403036647 0.279294584861316 0.133334501588084 0.0874853300642466 0.120326680497689 0.0942058260730431
"ufb210" 0.649014689813477 0.729800421821695 0.228502913316025 0.0821604972971245 0.151574139937748 0.0506983122432076 0.19073062406122 0.156972936274644
"ufb211" 0.695053103869956 0.626137153783752 0.15792332352153 0.341612029606518 0.111523989720236 0.0707224249318577 0.0848873912997703 0.0810924320434765
"ufb212" 0.650328045474958 0.65290543346756 0.175928973607378 0.329133180456813 0.130622513992626 0.0853893381531416 0.110639221412095 0.0983491688665446
"ufb213" 0.63186172013156 0.643962157460868 0.179076259009442 0.243078208490438 0.127307842096863 0.0837547683874304 0.125379745316243 0.0979991545908241
"ufb214" 0.654329420291283 0.663960448884002 0.178823565015691 0.208786971314828 0.124280668998924 0.0793654837401059 0.127594188898267 0.0911368491441442
"ufb215" 0.668987651465534 0.700094218086027 0.186129462783068 0.291531654796832 0.133031010254412 0.0896187080519553 0.126173638756946 0.0958984990585146
"ufb216" 0.678319430775525 0.691235740146185 0.20776920866163 0.164790336127181 0.136341612850026 0.0762200578074733 0.163599343305225 0.134723951346837
"ufb217" 0.669604374566534 0.706626360941094 0.189302486460346 0.366054948893023 0.143716745361027 0.0916447480317305 0.110959455124483 0.112164239290552
"ufb218" 0.813580708095918 0.799111658788693 0.19935785757164 0.556892159874642 0.152550862203719 0.0945439624119706 0.122136423462058 0.12219639123467
"ufb219" 0.661571084750222 0.66779538836563 0.177683194242232 0.266760209403427 0.125423774991806 0.0680957336572532 0.112440593589381 0.10713231836128
"ufb220" 0.632097652262946 0.6901991609322 0.200218453978916 0.127906104483612 0.131595476465699 0.0795292373573483 0.155551586655712 0.114519573676674
"ufb221" 0.643869283787604 0.729940868227489 0.227381231788041 0.0703580121255812 0.152345487477451 0.0538520033467059 0.18973820760359 0.150979136000794
"ufb222" 0.732097221574302 0.703993078546142 0.188693984332086 0.399181374820547 0.14050445140135 0.0771141688105701 0.110432889432766 0.115730221423489
"ufb223" 0.582843218768948 0.614039142397756 0.16421214819279 0.116107979876427 0.11438857331613 0.0689984213679495 0.114196279819769 0.0834622145809795
"ufb224" 0.682352941176471 0.539126936230135 0.138557448639971 0.682231717305956 0.108484053917189 0.048399266866364 -0.00285523424624838 0.0478725885341447
"ufb225" 0.694117647058824 0.716918351676478 0.174840742400864 0.694066691244548 0.139736741973132 0.0618226066291199 0.0397254668960761 0.0896888989645875
"ufb226" 0.751115452757505 0.761512646573508 0.198340156361686 0.368163084152791 0.142870168389886 0.0974249845629126 0.139365488772776 0.0989741139210024
"ufb227" 0.648039581003484 0.73379462533244 0.232514878760329 0.0939618315825616 0.153570075921032 0.0901100122999693 0.194364677854476 0.150019779851483
"ufb228" 0.679972955816154 0.738857755131931 0.217713736782443 0.164971828300339 0.145814140842723 0.0863968401476932 0.174049824011625 0.119275602889492
"ufb229" 0.678706488149624 0.729678551871318 0.212358105566906 0.176650089400934 0.143560243414443 0.0881127189885398 0.166930428758922 0.114371290604844
"ufb230" 0.659059167397638 0.652101803147998 0.172094872267139 0.244145884512693 0.122646302284426 0.0749930454637971 0.111064137042279 0.0782523115785466
"ufb231" 0.760951280492679 0.630070055685288 0.145495864177808 0.623967814278664 0.11150851895571 0.0638252191571489 0.0339778195468427 0.0583213943274758
"ufb232" 0.790697674418605 0.687030878859857 0.147391420970226 0.790724042035918 0.123033047511665 0.0570915548678172 0.00827685628047746 0.0764675676350099
"ufb233" 0.648552009274161 0.728119790571821 0.229190031544079 0.0821604972971245 0.151391906596696 0.049190641720644 0.191451383412372 0.158528233800637
"ufb234" 0.666423894148997 0.639157061071631 0.166375476931652 0.401115094199766 0.122045757627826 0.0631738148944019 0.0747668737383489 0.0890103377799606
"ufb235" 0.659652652783979 0.606230114687384 0.164975765901814 0.372956415657623 0.117677815270169 0.0599473133731614 0.0732133457696261 0.0888213248701835
"ufb236" 0.648271813862513 0.729726389607404 0.230478041386452 0.0821736703343949 0.153329237623282 0.0582282242102671 0.192985805236111 0.156638637354659
"ufb237" 0.76868463276439 0.706639890931869 0.16112701018194 0.543448905643799 0.120125377431639 0.0753067760813843 0.0688090829152014 0.0719821677126684
"ufb238" 0.825209327937339 0.809633755663944 0.194670276689664 0.591630440559341 0.154639636639429 0.0842861149806984 0.106228728451673 0.126544557699198
"ufb239" 0.705221059431019 0.733960236837669 0.209279692221802 0.279542027114042 0.147095915408527 0.0975810347975851 0.157466284381465 0.114914751956477
"ufb240" 0.569767441860465 0.541882556131261 0.166771322147424 0.569578156399558 0.12585541057483 0.0548581966403833 0.0308188491634191 0.0540455087520014
"ufb241" 0.734693841325258 0.747524289985052 0.191615849766212 0.420636087119011 0.143986370041675 0.0867670140682962 0.113407319787411 0.112379059149995
"ufb242" 0.601391420147541 0.675089637988617 0.19396250134118 0.0821300169272344 0.134302413225068 0.0501443671113742 0.153909108189862 0.1222919338068
"ufb243" 0.636682099561691 0.723936047406495 0.223187077320122 0.0703580121255812 0.150047998004583 0.0503918796423443 0.185339708296321 0.148734628768513
"ufb244" 0.679391300675756 0.725396028573653 0.194738764554175 0.234036774540011 0.134917452589588 0.0882663072423983 0.142060620545513 0.0960836869890275
"ufb245" 0.716716307575111 0.738666732653667 0.217299968541933 0.514292399284451 0.173914810272701 0.0920532107773631 0.115521441459382 0.149281340816437
"ufb246" 0.628762201813044 0.592022819111006 0.157623705083338 0.314415157593844 0.110363011619053 0.0574507466328595 0.0763366060097041 0.084920636679947
"ufb247" 0.604154044721715 0.613567015301778 0.164710968740168 0.175886973355114 0.116218281612313 0.0620361855133728 0.114773258650834 0.085380656102347
"ufb248" 0.61943023085676 0.624551216107856 0.169611562859023 0.140798793495643 0.114390478738029 0.0542342215878993 0.124554446145499 0.0909804351969832
"ufb249" 0.640545987624008 0.714517350226596 0.219049005518516 0.071175880248565 0.14647839349426 0.0531333234903764 0.180954758168458 0.141700814769332
"ufb250" 0.63969070774134 0.695619440005173 0.198555821846766 0.162747922509791 0.135815029395178 0.0920572101211941 0.15382801970419 0.113003386182311
"ufb251" 0.580480716041769 0.61908515124078 0.168447870106338 0.151465059649381 0.118034858803235 0.0711277801308063 0.116560664707395 0.0912141163989805
"ufb252" 0.723006284720406 0.755622302531333 0.223348200926418 0.317271886572503 0.162420180073102 0.0992221910357507 0.161854184530591 0.162251109580016
"ufb253" 0.638054956556003 0.593441802734507 0.14962920312887 0.337515474111675 0.109772996597468 0.0604420226022184 0.0675598468741617 0.0763201285345607
"ufb254" 0.64889169823407 0.662088730692758 0.175642214636011 0.23457635392561 0.123290183051883 0.0621095360618031 0.12170288001983 0.103923366635846
"ufb255" 0.736255407874284 0.616151674961004 0.142289350312009 0.555162961840894 0.106480900353781 0.0693229462842778 0.0478983395930005 0.0534126559838816
"ufb256" 0.611764705882353 0.548785683851726 0.166972919424876 0.611577867567389 0.13118422277596 0.0592041511131489 0.0302248632776359 0.0697934398491744
"ufb257" 0.694852296181937 0.640427937722884 0.171475366922119 0.511712674965793 0.128059999769333 0.0684889662591165 0.0633478071642815 0.0966109736744683
"ufb258" 0.682115237481121 0.680438161251984 0.185904961272654 0.407289364121795 0.143205656956182 0.0949773570029389 0.107405967244993 0.112066606573092
"ufb259" 0.734633424842412 0.769175749724826 0.229321865805759 0.317367249641327 0.163011582531529 0.0995109245048209 0.168222127264377 0.169113877568658
"ufb260" 0.753724126305949 0.633133064791425 0.141556487087004 0.635172120618653 0.107192861744004 0.0617783837955415 0.029765434978914 0.0603497599568241
"ufb261" 0.741176470588235 0.703085483055134 0.153961228329881 0.741227271446761 0.125489814621815 0.0555894700470424 0.0156804078720795 0.0734826191540539
"ufb262" 0.697202167028895 0.725844623871195 0.203844304479496 0.294558252679596 0.144063714514441 0.0963128063294117 0.148819591457807 0.112996105743981
"ufb263" 0.67477327396785 0.703506800820994 0.189537117995945 0.30205028378622 0.139003563984426 0.087471287737716 0.119031796627974 0.106695426032466
"ufb264" 0.677601141704561 0.716996554877204 0.214921037443375 0.243401246418032 0.150827717364412 0.0923278574229744 0.163621432404221 0.147070873861014
"ufb265" 0.643670540512354 0.628687912927943 0.158854072591846 0.352097336656272 0.116528790560091 0.0723937094359262 0.0777737777866247 0.0782149119491249
"ufb266" 0.671017174335737 0.619372142845094 0.163723237777428 0.396470810264457 0.12106727069975 0.0668828312949344 0.071772187993065 0.0739738827657194
"ufb267" 0.767441860465116 0.712495323606435 0.148943475892924 0.767329540824804 0.120226206795996 0.0565173897834542 0.0100821498524884 0.0744224298404463
"ufb268" 0.733984508027476 0.737719479040917 0.188957638319774 0.363945476820566 0.133955710182543 0.0875132854637753 0.124595827249381 0.101523076426553
"ufb269" 0.716309764639426 0.732774776328893 0.189587505000493 0.31705414370498 0.13231230368411 0.0871061762377662 0.129942478528399 0.0975646885717
"ufb270" 0.724213946049033 0.739521472879495 0.189438692856568 0.482070340480393 0.144914940867983 0.0880505367795814 0.100657594630953 0.113626078211117
"ufb271" 0.682047055455749 0.741897938801029 0.224711911064123 0.13968477559205 0.151516472776314 0.0832712808185536 0.183643356117374 0.127742725848872
"ufb272" 0.729411764705882 0.610042283298097 0.146248383320341 0.726141561166471 0.117146053090566 0.0521935645823651 0.00609822885849147 0.0526744376666664
"ufb273" 0.657030208170814 0.628705168434429 0.166639793055627 0.253878360537295 0.118984382446943 0.0728939046493248 0.109155258284152 0.0823516058934375
"ufb274" 0.634709721615642 0.717114687252783 0.219872323615908 0.0939617790781566 0.14535250419172 0.0843228870125702 0.180646653431119 0.137984731948904
"ufb275" 0.661240103455521 0.699504387263688 0.2001071308216 0.173880636073083 0.137988488979866 0.0881122573672844 0.155468685053614 0.112045856615569
"ufb276" 0.704201779967096 0.582073693230506 0.13593045976996 0.588129779031822 0.102342180748378 0.0611632930099904 0.0235053578445731 0.0511684271720155
"ufb277" 0.686565727825386 0.737136062616399 0.212415285915687 0.186558063567014 0.144470544840457 0.0962180752408544 0.165276839416054 0.111730463145437
"ufb278" 0.700962832354797 0.731643172031417 0.207005241684472 0.220753546629389 0.143898323643335 0.0948423447798142 0.157485099244131 0.107874405525622
"ufb279" 0.651162790697674 0.616567843946034 0.157257421952423 0.646962806146508 0.12471463079467 0.0554599803476798 0.0197526281066754 0.0678575260923569
"ufb280" 0.65803058188949 0.729002374935298 0.219795965445745 0.166555592914876 0.150573696589891 0.102526676721805 0.178471165730978 0.131627874960565
"ufb281" 0.610289647997377 0.675605993916225 0.195689670497802 0.0928499003710534 0.131007078085226 0.0815066983766648 0.153074180891369 0.114387118514922
"ufb282" 0.770779897198111 0.724951777850566 0.160285284590419 0.605154445836872 0.123289504120277 0.0834747485051705 0.0678747254677502 0.0661135907217412
"ufb283" 0.640408455750303 0.57689071973543 0.15595541732317 0.306295498530798 0.107298732508371 0.0585056213575258 0.0744178882456631 0.0729967980323208
"ufb284" 0.741681201014848 0.675229758682905 0.181391463816056 0.387255238635168 0.127160307830549 0.0762572181912771 0.110437186347343 0.108243406891377
"ufb285" 0.646762082407194 0.710348202853909 0.216255776869216 0.0937082694623705 0.142964309504994 0.0558732278566838 0.176305685896856 0.147023561855194
"ufb286" 0.595183943526035 0.632096434613365 0.171340164394063 0.116131311535737 0.11835668576877 0.0742332251439523 0.123558435926098 0.0888111216311557
"ufb287" 0.680171538827773 0.637150886046912 0.172416792972979 0.473826687544042 0.127177245544101 0.0676996066302101 0.0646392343776056 0.0949109250381714
"ufb288" 0.59919753870848 0.65567829395158 0.186425757308354 0.127198888938135 0.128686675894273 0.0808296778463107 0.141038308367052 0.106946185601709
"ufb289" 0.737884260409911 0.748273400553226 0.190971296199894 0.415669824580467 0.142911329315993 0.0820963457856326 0.11278650917744 0.11851281668576
"ufb290" 0.765658350238574 0.762052583600053 0.196266525350967 0.416338392938021 0.14358485915291 0.0969727372320551 0.137137699593273 0.0982755138842851
"ufb291" 0.677612425031812 0.675993160640549 0.1882369906019 0.266433668816743 0.130218615831937 0.0791973762694136 0.132168687034297 0.107785245722014
"ufb292" 0.63755995978626 0.574841112541956 0.147283207158875 0.256092113512939 0.102158573244788 0.0592572387743509 0.0884199990657533 0.0725016826706496
"ufb293" 0.640294654825783 0.678226244890562 0.198002747029609 0.117040231904259 0.129863646584825 0.0659425466767484 0.151790309343868 0.13176529624525
"ufb294" 0.652343101276496 0.616111139013052 0.161736572596781 0.230703386433078 0.115175580462174 0.0674326292845521 0.106955212275366 0.0746340267486712
"ufb295" 0.657783320863639 0.619174171957281 0.163662226185468 0.242176851967356 0.117188217868657 0.0685113577810266 0.105972301181947 0.0789717003108068
"ufb296" 0.620129542261911 0.623358997879667 0.165590664375345 0.267183439619266 0.119141407768376 0.0821465676876307 0.104265910027776 0.0867260250564251
"ufb297" 0.612955905129271 0.587790197764402 0.155753940851319 0.306377462495486 0.109521000928717 0.0572010222156976 0.0741780167190315 0.0778784099346163
"ufb298" 0.682712124863732 0.708441438102298 0.185842017819693 0.326110371309584 0.13573242962686 0.0913512823289227 0.121246922744097 0.103861714287666
"ufb299" 0.622802378995002 0.667682527152654 0.192148436143361 0.115744080052951 0.130831747324087 0.0801015051059235 0.148293520603563 0.11053725387188
"ufb300" 0.658823529411765 0.682312535775615 0.175045004669859 0.658680434059767 0.140140311760913 0.0628459386895339 0.0402102223704336 0.0900153215915837
"ufb301" 0.703804433929342 0.747694007930846 0.208284208828814 0.247081151309513 0.142230052823443 0.095560496729602 0.15887488403549 0.109434641654066
"ufb302" 0.688840575990463 0.731398438128975 0.215930357523102 0.26652070797799 0.15319907623786 0.0946123359357302 0.161814157352152 0.149524551234881
"ufb303" 0.668661574292612 0.70409774401174 0.207106510113232 0.255819309744101 0.144471529121158 0.0930526426931827 0.15529627851965 0.13697043179589
"ufb304" 0.656405723642115 0.732669739532625 0.227353215710524 0.104583662429716 0.146825643242945 0.0810469120234561 0.1879462725333 0.140121412797638
"ufb305" 0.644012364628347 0.680777776546027 0.195921551266968 0.152281186166963 0.132427282861525 0.0808831085736359 0.151087822247891 0.107868794929341
"ufb306" 0.717647058823529 0.745595186935969 0.171334443228655 0.717500628465404 0.137395313680458 0.062935647535235 0.0356450305808944 0.0908494233535945
