NA 0.2797962 NA NA NA
NA 0.1198457 NA NA NA
NA NA 0.09756056 NA 0.1987224
0.1251068 NA 0.05317587 0.1099966 0.07695079
0.1949723 0.1115649 0.08349611 0.3010039 NA
0.213502 0.1370014 0.1543238 0.0970179 NA
0.1385687 0.1588011 0.04282211 0.09417902 0.1274241
0.0663985 0.104337 0.0906649 0.156068 0.05504466
0.04927538 0.003654989 0.02587068 0.2007969 0.06782818
0.1152862 0.1298118 0.1489006 0.06095172 0.05431179
0.02062539 0.08715664 0.02632371 0.03674498 0.110029
0.1218513 0.1230437 0.03924311 0.03806502 0.04381664
0.2258129 0.07666517 0.1311258 0.13303 0.05280633
0.0800634 0.06175065 0.107504 0.01450058 0.04518659
0.1098037 0.04258845 0.08457021 0.09921127 0.04035967
0.09965456 0.1669341 0.0434264 0.08470266 0.05417213
0.01268668 0.02391089 0.04194183 -0.004403904 0.01111959
0.07396738 0.07453829 0.03471224 0.05017235 0.03392051
0.03618925 0.02871702 0.09149011 -0.01339197 0.05980241
0.0178121
