NA NA NA NA 0.1261099
NA -0.04379896 NA NA NA
NA NA NA NA NA
0.1706968 0.06057971 0.01303159 NA 0.256379
0.01818749 0.2340707 0.2293824 0.07685048 0.1097917
NA 0.05120311 0.1161871 0.05375075 NA
0.1513565 -0.06949461 0.04495035 0.00716118 0.03672612
0.06331794 0.04106451 0.04260797 0.05651237 0.08597459
0.02622506 0.2599393 0.1192314 0.06571878 -0.01649541
0.1031323 0.2535673 0.06131928 0.02049587 0.2343576
0.2198137 0.1559444 0.1417322 0.1407783 0.07174257
0.1998898 0.07686977 0.06123259 0.1487604 0.09249613
0.03298438 0.1478052 0.1315874 0.07629941 0.07780042
0.04926034 0.2021405 0.06777142 0.03611458 0.07841467
0.04479488 0.05324931 0.05204596 0.02504149 0.08334273
0.006941837 0.04080165 0.04187511 0.06662242 0.0683433
0.03077287 0.06569399 0.01973481 0.0299701 0.02470489
0.02817991 0.02887722 0.02179945 0.03095644 0.06375298
0.04036471 0.05114033 0.00490543 0.02042907 0.04424308
0.03167005
