0.08265168 0.3030108 0.1012625 0.2819882 NA
NA NA NA NA NA
NA 0.03403797 0.1344075 0.2005588 NA
NA 0.1544704 0.2919312 NA 0.1521985
0.1978169 0.1375169 0.01384559 0.07414862 NA
0.2717952 0.1146325 0.1526958 0.2705869 0.1132932
0.09756056 0.08054418 0.1256592 0.05455521 0.170063
-0.0362213 -0.003838907 0.2748108 0.07511367 0.07211707
0.03066378 0.04315576 0.04919139 0.1130613 0.2999733
0.1568974 0.1407105 0.1692185 0.03543499 0.1191924
0.04874815 0.1441329 0.1254986 0.1118035 0.04549266
0.05825814 0.02506759 0.07330744 0.1301976 0.0718155
0.09745608 0.07101927 0.180556 0.07216184 0.107491
0.06264809 0.08874989 0.0837533 0.136976 0.0360735
0.09132949 0.1076503 0.0613242 0.06002869 0.1067134
0.03945241 0.04196946 0.1927401 0.07350212 0.1843524
0.04603359 0.0387744 0.006266621 0.06233481 0.05478235
0.06919532 0.01732945 0.08598333 0.004363492 -0.00385601
0.01864626 0.05304382 -0.01028052 0.1094757 0.04379672
0.02773735
