NA 0.1539376 NA NA NA
0.1099102 0.1171696 NA 0.06984661 0.1716437
0.09756056 0.03579211 0.01593834 0.1976736 NA
NA 0.141892 0.08429159 0.2088359 0.1231995
0.06962121 0.06130903 NA NA 0.09067256
0.05941833 0.08340584 NA NA 0.1336833
0.2098008 0.1831963 0.05125858 0.01905759 0.1077968
0.1598666 0.05377015 0.07370718 0.1010285 0.1374443
NA 0.02535225 0.04363352 0.1462832 0.02692357
0.142772 0.05463752 0.1263248 0.07226519 0.09939797
0.1139399 0.07161878 0.07611576 0.1188431 0.04760563
0.02631485 0.07845488 0.04119762 0.1483536 0.03019051
0.1596803 0.2723229 0.08457285 0.1721816 0.02837286
0.0902668 0.05672085 0.1063698 0.1049806 0.1230657
0.03216784 0.05538613 0.03031756 0.08900208 0.03230437
0.02477328 0.05625417 0.06319404 0.1081544 0.0370849
0.06105055 0.01839959 0.001546737 0.047645 0.05130342
0.0506067 0.02239527 0.05968867 0.03621262 0.02749014
0.02696774 0.02305367 0.02315953 0.1166882 0.06830881
0.008728521
