0.2302668 NA NA 0.1964508 NA
NA NA NA 0.08300075 NA
0.1066248 NA 0.1079251 NA NA
NA 0.09347521 0.08983825 0.1115792 0.1087587
0.1587952 0.141892 0.1939113 0.1276339 0.1645825
0.0806636 0.2074461 0.2940434 NA 0.06807218
0.2005804 NA 0.08098978 0.1500482 0.1129153
0.1776736 0.07361709 0.04571419 0.1229163 0.2666542
0.1375762 0.07341856 0.03398926 0.2635333 0.0724969
0.1736231 0.3074221 0.07390852 0.07278776 0.1491279
0.1440337 0.04592748 0.133565 0.1857765 0.01812319
0.0657279 0.0920339 0.06231508 0.1442991 0.09827784
0.1078862 0.01154122 0.009659293 0.05439867 0.02360681
0.1375172 0.09472298 0.1449087 0.1441342 0.1225052
0.0832251 0.09231377 0.225731 0.193613 0.09177359
0.006625318 0.0409367 0.003739959 0.08833245 0.03953879
0.03557543 0.0171073 0.03799109 0.01512522 0.07747816
0.06902968 0.02372094 0.05280317 0.01330428 -0.003049694
0.04101969 0.03260417 0.06657454 0.01436508 0.008373559
0.05738826
