NA 0.07408947 0.08944328 NA NA
NA 0.1099102 NA 0.06155562 NA
NA NA 0.1503228 NA 0.255716
0.0692871 -0.04477009 0.1005498 0.2238648 0.1832153
0.2997578 0.2052414 0.1446176 0.1623757 0.08434114
0.02889426 NA 0.3287468 0.05900772 0.01882778
0.1166988 0.3127794 0.1809874 0.1467811 0.089777
0.1001914 0.1812116 0.1144766 0.09710321 0.03195233
0.1769346 0.1034139 -0.0002120993 0.02490568 0.1612042
0.1728168 0.0851917 0.08394732 0.2156706 0.01258965
0.07744286 0.208445 0.05728527 0.1063928 0.1280898
0.1835897 0.1016813 0.1223456 0.08405008 0.04671593
0.05729561 0.1566139 0.1901991 0.1767201 0.006758318
0.04378912 0.1283986 0.1280769 0.05461205 0.08565882
0.1503973 0.08701241 0.08440664 0.1470415 0.07698527
0.04474075 0.08163167 0.04319488 0.06309371 0.1554124
-0.00300367 -0.01756271 0.04078644 0.04807291 0.03311387
0.01658192 0.004702966 0.004061044 0.0004110237 0.02779884
0.00876375 0.03373666 0.03881799 0.01115087 0.05656484
0.02831747
