0.141892 0.04695259 NA NA NA
NA 0.09750241 NA 0.06125561 NA
NA 0.2749553 0.206092 0.1682101 0.147655
0.09224757 0.1129872 0.03870537 0.1089166 0.1990737
0.05369774 0.01805059 NA NA 0.2231821
0.06576519 0.04029589 0.0782901 0.1099102 0.03243296
0.1533992 0.1817796 0.2147602 NA 0.07981593
0.03157173 0.2157183 0.1381782 0.1434073 0.1366697
0.1909113 0.1546124 0.1040846 0.07521513 0.06976665
0.1876013 0.01407949 0.1288124 0.03973779 0.02339306
0.176869 0.04717867 0.1790651 0.1145329 0.1075108
0.1040148 0.0306173 0.1043584 0.1737561 0.08169299
0.06367455 0.1513281 0.1669235 0.08614118 0.00981937
0.05028047 0.1559257 0.02351367 0.0322898 0.07751068
0.05751771 0.03178957 0.07835029 0.1342412 0.07010065
0.0140234 0.1127351 0.1243985 0.09589249 0.05399327
0.03054072 0.03348161 0.043154 0.08187444 0.05398588
0.01373033 0.04926987 0.007249831 0.01620814 0.05196475
0.01845599 0.03649487 0.007920047 0.0282463 0.06745013
0.06489898
