-0.06268043 NA NA NA 0.201164
0.08196609 NA NA 0.1316197 0.1976736
NA 0.1976736 0.120016 NA NA
NA 0.09618707 0.1604282 0.1208639 NA
0.2996547 0.1872002 0.1797856 0.03243324 0.1462156
-0.04664 0.1863037 0.0464803 0.04715813 0.2349842
0.008166227 NA 0.1359531 0.2243474 0.1743635
0.04235644 0.2546398 0.1108489 0.04220658 0.2285918
0.154704 0.2089216 0.07101047 0.1228912 0.1031932
0.1553478 0.1154019 0.2784889 0.1917164 0.04521228
0.02006453 0.1875191 0.03882375 0.06504491 0.1468106
0.1646411 0.121168 0.2148619 0.05556052 0.1291138
0.2409981 0.1012581 0.03174638 0.02901435 0.020957
0.06074165 0.02981399 0.0535369 0.04375735 0.2849083
0.09794288 0.08229396 0.1281983 0.02102038 0.1138076
0.1062128 0.1518608 0.07035943 0.08316128 0.06781923
0.061367 0.02733277 0.02915226 0.04413877 0.02967707
0.02130366 0.01571752 0.01307804 0.0443918 0.009325972
0.03232026 0.03524633 0.09271188 0.006845979 0.02634485
0.04244643
