NA NA NA -0.02631701 NA
NA -0.03349959 0.1246181 NA NA
NA NA NA 0.2940434 NA
0.1286192 0.0816878 0.197395 0.1955482 0.1532185
0.1898991 0.1942937 NA 0.1563156 0.1548713
0.1792196 0.03974154 0.07624503 0.1417827 NA
0.1805503 0.1570058 0.05277586 0.1387137 0.100459
0.3607084 0.1676411 0.04205421 0.1389275 0.2181896
NA 0.1842587 0.2863801 0.0470404 0.1289361
0.09086272 0.1028438 -0.01306621 0.1672531 0.1372454
0.02782661 0.1486566 0.2247626 0.06834294 0.1023199
0.1873792 0.2295784 0.06833819 0.1821706 0.05531564
0.1195651 0.07281893 0.08381336 0.08424113 0.2293368
0.05853916 0.05015222 0.05318616 0.1445161 0.01072266
0.06359836 0.1109401 0.1419446 0.09555316 0.07613983
0.1650402 0.03787808 0.1242524 0.02809021 0.1047095
0.0206561 0.05476037 0.007301918 -0.009648356 0.0477938
0.03251291 0.001563468 0.01764243 0.06620674 0.01262424
0.06544392 0.05171347 0.04570958 0.02148186 0.03969564
0.02488174
