NA NA NA 0.141892 NA
0.1161985 NA NA 0.1099102 NA
NA NA NA 0.06653589 0.1004968
NA 0.08895475 0.166308 0.07144598 0.1987869
0.2280153 0.1381872 0.1609014 0.1889314 0.3182303
0.1330381 0.1791221 0.08455738 0.2379729 0.09286033
0.1484459 0.145878 0.1742559 0.0640747 0.1453493
0.08723346 0.1964528 0.078143 0.0307894 0.162507
0.1074235 0.2053227 0.07824633 0.0800204 0.1314805
0.06466896 0.01321006 0.1129423 0.05643387 0.09936187
0.08701093 -0.009195112 0.06049456 0.05857421 0.06357709
0.05432985 0.1508678 0.04950495 0.1346115 0.2540534
0.07158183 0.144284 0.06462677 0.09613985 0.02855416
0.1984468 0.08223825 0.001528044 0.04823053 0.08452756
0.07544959 0.05113206 0.1183614 0.08534288 0.08267228
0.03181628 0.07934474 0.04051139 0.0893938 0.02989182
0.000491682 0.02729004 0.006817589 0.07311121 0.03293483
0.0211314 0.01153816 0.04420059 0.004374299 0.1723454
0.02667214 0.05477349 0.01078496 0.01458877 0.089694
0.03256982
