0.08234332 NA NA NA 0.04715813
0.03856228 NA NA NA NA
NA 0.1434846 NA 0.141892 0.06436468
0.3011636 0.3044949 0.2879737 0.2077465 0.05100704
0.008418208 0.04939986 0.1450752 0.2338147 0.05393515
NA NA 0.06713247 NA NA
0.2779527 0.2417618 0.237544 0.2543643 0.1371067
0.1115171 0.2186649 0.03848761 0.1524174 0.3071414
0.2396912 0.08999693 0.02636733 0.2418438 0.1049514
0.1336053 0.194137 0.282434 0.1365705 0.1992995
0.0915937 0.0765115 0.0841937 0.08331575 0.2080978
0.05625064 0.005114773 0.03715554 0.161671 0.08344406
0.154828 0.02747432 0.1323363 0.02760334 0.1263786
0.1315329 -0.004403354 0.03021941 0.04578158 0.01718726
0.02014007 0.09626212 0.1613069 0.02304315 0.1173616
0.1045702 0.1118675 0.08199796 0.1011853 0.08387256
0.01721805 0.0276314 0.0374591 0.02963372 0.02597602
0.07307058 0.02724071 0.06824194 -0.005029584 0.0560437
0.03142458 0.02211317 0.00866264 0.002427221 0.05720707
0.1028615
