"quartet" "wQuartet" "cluster" "phylo" "mutual" "shared" "clusterNorm" "wNrqs"
"mb49" 0.809134637900951 0.838926174496644 0.218629593288451 0.692260000662854 0.172057584681622 0.109229956507514 0.12232089317407 0.180444442509705
"mb50" 0.797619047619048 0.810210479175996 0.178110327573421 0.797392237492326 0.144618969190153 0.0697105490525574 0.0509403581102141 0.108763256515582
"mb51" 0.746271766892524 0.769801112168729 0.199534620470941 0.619342331051109 0.155578816862335 0.0952939067052187 0.100591987661941 0.123515418146186
"mb52" 0.765398114697442 0.787286002014099 0.222640070019314 0.514026711673297 0.171988864775475 0.10796725989312 0.141336837075404 0.152514029761786
"mb53" 0.8 0.879124886052871 0.234454335598159 0.799883648109153 0.198782580273697 0.0948790285788715 0.1166034376775 0.18809296517128
"mb54" 0.695121951219512 0.755059741526457 0.226162189975022 0.694960029754727 0.183509059280984 0.0890843508492741 0.105757488341859 0.161128883863198
"mb55" 0.821428571428571 0.875829586812246 0.254036166723801 0.82117662197967 0.216281633930267 0.109064322448058 0.139056449025033 0.217506707822205
"mb56" 0.736235508340833 0.765028367002792 0.208192339710357 0.37552464814522 0.146125243997774 0.0957455275604876 0.151865822485827 0.151245334958396
"mb57" 0.756983504792598 0.802829293776379 0.186622535850603 0.562093110583217 0.143117695293975 0.0943799644009037 0.101691512934718 0.117249289351437
"mb58" 0.724814416575342 0.756091311437223 0.211258238002246 0.586744076183685 0.167549516863507 0.0995283723545922 0.113581803744948 0.138037811871875
"mb59" 0.78967037115882 0.768724552599186 0.203685203305306 0.621263811585298 0.161966624332203 0.093442418782804 0.10551708538079 0.164196703456237
"mb60" 0.819277108433735 0.856268907563025 0.20416761440418 0.8191486794042 0.169870844174078 0.08401966813691 0.0813733275580012 0.156452652981892
"mb61" 0.882352941176471 0.894271872328299 0.233119768054559 0.880843147235146 0.203378439886979 0.100958004500665 0.115063421927917 0.219823559442265
"mb62" 0.650359408718993 0.732154907598959 0.230026697277761 0.0937489993986928 0.155128098505815 0.0859693524608023 0.192454502058569 0.155665315699302
"mb63" 0.702899994852959 0.764375205164679 0.206146429596441 0.260115038947528 0.154482492345101 0.099667304229987 0.123298183349513 0.124522574588194
"mb64" 0.639561818919507 0.727395662923988 0.222384746638024 0.128909228402952 0.151441334607917 0.0700226509760988 0.184431381593652 0.152703320943982
"mb65" 0.648359009360654 0.730439407495775 0.225692669940426 0.12885309717907 0.152981352418489 0.077872774795246 0.187378569360243 0.155837766329969
"mb66" 0.702380952380952 0.820073972006672 0.210389187896729 0.476803608805514 0.166111934253495 0.076981129157066 0.0889387700663749 0.126753375419179
"mb67" 0.825235341748358 0.820086990905496 0.18837871950956 0.704103929675914 0.148594378744719 0.0908908078256074 0.0882027982073293 0.134436115020582
"mb68" 0.779101354897939 0.805104459755854 0.230850271510722 0.568673793476695 0.180184481422576 0.103920908062864 0.135732357312209 0.172747599311766
"mb69" 0.704935888406093 0.739128081826405 0.21180930753932 0.153788105416308 0.142351339444047 0.0929994725571911 0.165595263154558 0.127915224896314
"mb70" 0.80476104275265 0.814902289436593 0.209666597144831 0.577771065486528 0.159276502785095 0.102161645113573 0.127217034078026 0.168552901484968
"mb71" 0.894117647058824 0.864303836395787 0.17336049772106 0.894021905460155 0.148656683860734 0.0733615253132745 0.0461045910778169 0.140522529727725
"mb72" 0.649318680508898 0.72461609636998 0.223017380745418 0.132024936221093 0.150479987527616 0.0790414525398917 0.184162035555088 0.153874401049323
"mb73" 0.689414945919099 0.625771234508632 0.139676080134203 0.48021972835636 0.0984115859030556 0.0603783649412726 0.0498483993160118 0.0552000293675656
"mb74" 0.702380952380952 0.758108004005855 0.189002379238893 0.702195966960915 0.148903686472936 0.0703200907262289 0.0635485944601974 0.118937696346137
"mb75" 0.795344565618079 0.796214577695427 0.208801827568809 0.541919814033209 0.157097333882657 0.104607654702337 0.136110774640505 0.1606562466449
"mb76" 0.645251924791186 0.730221725340607 0.223735074268081 0.128882983269572 0.151464455287821 0.0714404005487523 0.185631588901761 0.154307657423543
"mb77" 0.761904761904762 0.786133377406826 0.180774921786435 0.761745027052325 0.147244427195899 0.0667931509822196 0.0540087320294449 0.121480967844631
"mb78" 0.730040461267318 0.752889428578917 0.199736243341437 0.387333291794019 0.140938888513168 0.0960355379587485 0.13864180005644 0.146799207805982
"mb79" 0.738323000224441 0.672478429859139 0.174318943530325 0.474233053611992 0.132137891149803 0.0751588955470789 0.0882363267345475 0.122728224618594
"mb80" 0.763525815706258 0.751591712056529 0.181738932400059 0.553734601984096 0.135995319625582 0.0966251942081651 0.106527022200399 0.114298586040076
"mb81" 0.734939759036145 0.788696210661529 0.180740441245441 0.734755358971553 0.146777741232646 0.067570047774367 0.0521082633331237 0.126874571589838
"mb82" 0.741709673359056 0.702756691969636 0.158523016958917 0.59764333855998 0.120490294074349 0.0663871097810564 0.0546568106196175 0.0785932582239013
"mb83" 0.650756366035097 0.728314315962828 0.225629111594138 0.0710448854147271 0.152050879667414 0.0848996586302456 0.18691276996925 0.148534065232292
"mb84" 0.686746987951807 0.606615475487301 0.154303278320615 0.686674953092217 0.122075440558202 0.0564598638400797 0.022001185332773 0.0706107902693491
"mb85" 0.712567022672506 0.722876173701641 0.197784013061646 0.165455919000943 0.138031337039887 0.0847801652579057 0.144011711100921 0.119530145905071
"mb86" 0.622650706893551 0.704710854372794 0.205025711626723 0.140344449401114 0.138680915276498 0.0722713891631127 0.163325500506754 0.138520939375078
"mb87" 0.8 0.838819896182404 0.204641859785767 0.797450970074359 0.169323989465562 0.0833596057007153 0.0822015203633085 0.175434799174981
"mb88" 0.8 0.775971451229183 0.148335965650173 0.799767560077205 0.118668551551746 0.0545714843773362 0.0172276910663407 0.0792535946270422
"mb89" 0.63127837203333 0.668806573794697 0.169884982692559 0.327590548084951 0.122548424671948 0.0808182728430237 0.106471680175741 0.0977206046690123
"mb90" 0.705882352941177 0.647815149538806 0.148355027753158 0.705571258710229 0.11442007944289 0.0531117880861613 0.017249687659138 0.0625495447558627
"mb91" 0.664216342511453 0.686668933283019 0.179473908053488 0.293391417251851 0.126407808155705 0.0786375448206865 0.121124326021874 0.101546668353846
"mb92" 0.719340414796806 0.767167683160232 0.176471498271151 0.578969141781668 0.136563839127464 0.0805885213806603 0.0750286984345142 0.116569133746869
"mb93" 0.697909047410642 0.725538612527864 0.200910602370102 0.145202358030567 0.13892074299971 0.0866307294294777 0.150013354533682 0.120686451037496
"mb94" 0.792348012210265 0.811373465495474 0.183695741815094 0.652050483677443 0.146114806509105 0.0867371810782707 0.0829200783960864 0.12687547478648
"mb95" 0.773809523809524 0.845421193735008 0.203076099017267 0.773549120422948 0.165750963419101 0.0794052977040202 0.0803350174611062 0.166429671271966
"mb96" 0.75 0.811756802149815 0.202886566321527 0.749823468517637 0.165162850908636 0.0782285753016957 0.0801162932101416 0.168323484605714
"mb97" 0.66833869421827 0.720452304944265 0.204220778252706 0.118375890374235 0.137045043120993 0.0843572317182864 0.16041478705329 0.121679324980601
"mb98" 0.719418339857363 0.72620682267473 0.197715584293149 0.201012656807898 0.140993261506771 0.0864717582847701 0.136425905916165 0.122992978430856
"mb99" 0.649759345401446 0.715626777275541 0.2163838826099 0.0838524035485189 0.144169267017335 0.0787994950055694 0.176694293717552 0.138827934140276
"mb100" 0.653320773531801 0.707146907841904 0.20324629408528 0.18739558863488 0.138382230155495 0.0759128404854376 0.160509602465645 0.137372164255273
"mb101" 0.659820114435476 0.688918225238956 0.19588482878268 0.211491179397206 0.130348519176816 0.0810415228925132 0.14873080989035 0.127665784765999
"mb102" 0.795180722891566 0.83879781420765 0.169701851354891 0.795031779685063 0.139382585778473 0.0645971153255879 0.0395191187855113 0.108093207724642
"mb103" 0.715814088789364 0.728889929324683 0.20209005629733 0.181491993278307 0.137993171087082 0.0872727975902708 0.153500254841682 0.118820159247088
"mb104" 0.682911629829196 0.725887991596087 0.188906064374741 0.217776420812455 0.138902533395099 0.0819248581893553 0.114149215209463 0.109313594289948
"mb105" 0.829268292682927 0.870053109474045 0.179049314961698 0.827132677078917 0.148589061482907 0.0709664404455596 0.0491241706890346 0.125748272640463
"mb106" 0.636489028304509 0.657658594201007 0.179012539771783 0.210453793227801 0.12049037825756 0.0734638084727604 0.128966830244886 0.0969376026448878
"mb107" 0.757408885520198 0.755609511051574 0.176053845678796 0.60948726757304 0.13491123831368 0.0803481293079168 0.0745598312551321 0.109717403997588
"mb108" 0.702468578443064 0.666768828953681 0.178920171477091 0.444974398898315 0.137066836351143 0.075021224456094 0.0932664317710799 0.12459063285021
"mb109" 0.678571428571429 0.720308521791224 0.170930886824407 0.686615515411321 0.137496813490781 0.0608544991990946 0.0419484993752384 0.103659585871337
"mb110" 0.666525378451619 0.717897677855069 0.198927182878553 0.234429489412627 0.135596468801651 0.0777356489677569 0.152023548035946 0.136257243963883
"mb111" 0.690743801756615 0.72822799344148 0.203399438250502 0.141984403542479 0.137631683780485 0.0854817401746651 0.154867216457734 0.122842982912438
"mb112" 0.734134072828233 0.731042606716448 0.178308641903932 0.433932618392404 0.127581644091603 0.0838635619272397 0.109873888740796 0.104984903675897
"mb113" 0.666032545204346 0.726291655136973 0.206299740943389 0.107782454718421 0.138175654492191 0.0772425499672908 0.16370661065005 0.124852575632718
"mb114" 0.711023324270708 0.732589112422867 0.205526779068216 0.153816437171019 0.139887076932806 0.0864933256576719 0.157124163732374 0.123454917574328
"mb115" 0.666912793069355 0.704779840014501 0.20702032239339 0.106512784274942 0.136747340928724 0.0749673212882918 0.165425459501149 0.128316598544068
"mb116" 0.905882352941176 0.826040894162517 0.151497370658116 0.905803698633024 0.130564170538027 0.063875656166944 0.0208757743172709 0.0958840782595342
"mb117" 0.734939759036145 0.73375 0.158087989708715 0.734816147623846 0.125617339955729 0.0541889111214219 0.0276899719724188 0.0800338840637608
"mb118" 0.683206699997868 0.715728919519452 0.182156548335926 0.20085139516507 0.13111303720171 0.0729383564810582 0.106997045121566 0.100627976879177
"mb119" 0.626215786791563 0.588347396492296 0.157029964649605 0.244674905682091 0.107159787141662 0.0642194039812996 0.100502110432795 0.0792312532478204
"mb120" 0.774018185778801 0.75442839623927 0.156244237685967 0.662393570154784 0.119391524030721 0.0709455531190478 0.0519808209443544 0.0795409156119992
"mb121" 0.680206531370399 0.725897253645963 0.205033713087573 0.145339413361718 0.138530845459415 0.085773533475786 0.159957738962505 0.121781600099886
"mb122" 0.708324395395488 0.631343184428058 0.157908938074257 0.389691358531964 0.113611473900899 0.0591716581495336 0.0804801576160151 0.102272688729776
"mb123" 0.640097622142515 0.60235367070912 0.161821071468975 0.235856892518539 0.108957549940586 0.0592277266025727 0.10846414590585 0.0820000414866652
"mb124" 0.79838133403291 0.827967350640517 0.180532628776095 0.695472167756712 0.145415214107536 0.0886776537367378 0.0792913467749686 0.114115847091715
"tnt1" 0.710677606247764 0.732453400899574 0.183695498795186 0.399604105271894 0.127761048164578 0.0894475952344476 0.125571176403527 0.106282764708929
"tnt2" 0.634606780933043 0.665315274999335 0.183611933428798 0.140004283993532 0.121099149330059 0.0587494487645348 0.142255324403355 0.110940491722703
"tnt3" 0.750628582140972 0.739043337410334 0.179427375846294 0.494354607749681 0.131377975753356 0.0905325336994449 0.111246423621928 0.10751527847768
"tnt4" 0.65730603426417 0.619332549773836 0.166300580493857 0.328398671144731 0.122655593214144 0.0666994667233476 0.0892614931739531 0.0894624548492556
"tnt5" 0.660838872911694 0.612732759643135 0.158987209915308 0.32055125577175 0.114071580321664 0.0682972037323255 0.0888194190632018 0.0779618502704661
"tnt6" 0.668311930625906 0.636337593954193 0.172337224726453 0.382516855088794 0.129466653592227 0.0669355344317479 0.0853454008597741 0.0965731240524182
"ufb1" 0.629980917576559 0.589672463980822 0.159883923300678 0.247098995751166 0.111318700084388 0.0584966341841091 0.0957301969610859 0.0938781452436962
"ufb2" 0.62982662458539 0.589138364980247 0.156040541339018 0.226064945162415 0.106111653754724 0.0556308003802641 0.0959363274433833 0.0856883067277426
"ufb3" 0.784491842108353 0.787027434712925 0.220218454990724 0.592712124972457 0.175520118256753 0.0973511573021127 0.12406944444495 0.159701112790663
"ufb4" 0.650121571377508 0.729053070394981 0.226671348709352 0.105769399326329 0.151605182834253 0.0694331283757595 0.189056877219335 0.15276668850767
"ufb5" 0.773809523809524 0.77295154185022 0.171358270145696 0.773607853004981 0.140978443348773 0.0643486691399092 0.0431349557467593 0.108394694276245
"ufb6" 0.729945140510578 0.730168566559553 0.178062203844329 0.457821545400979 0.128513699475376 0.0899147454364838 0.115358759417247 0.101752124688467
"ufb7" 0.687869147132096 0.692911237221442 0.164562435224587 0.361356345494154 0.119653181171311 0.0753817286740323 0.105177734184467 0.0871562630768062
"ufb8" 0.702380952380952 0.718013681276919 0.164090421512052 0.702195966960915 0.126599275141169 0.0584548356965325 0.0347829887039745 0.0877407404876583
"ufb9" 0.75493035879272 0.762807571900875 0.176796257218641 0.527663307218504 0.132616170548954 0.087718873049412 0.0909737178958764 0.10954810996972
"ufb10" 0.638297534271387 0.601191396097054 0.160653695348586 0.361499626769985 0.118806126463959 0.0613151313003328 0.0728078734007015 0.0779461462723242
"ufb11" 0.759036144578313 0.72822061976223 0.153920599813854 0.758886069403962 0.125977069430002 0.0554536866130648 0.0228771234372476 0.0840373286711948
"ufb12" 0.711078017048744 0.643920577924751 0.166440929224862 0.419511311317542 0.123600143973604 0.0691480554071127 0.0791171517589773 0.112634763515309
"ufb13" 0.688392633182595 0.619240570157667 0.161167786267584 0.371708090613875 0.117167915421821 0.0642833401192774 0.0838498983759308 0.101341076191692
"ufb14" 0.625058065753675 0.585804591830944 0.158726575806315 0.236115751380474 0.10933030082343 0.0631457759667562 0.0988536749978425 0.0827589278786297
"ufb15" 0.637686225414143 0.709351587203377 0.213851049864495 0.106716126099358 0.144830946503886 0.075428707487735 0.175274110895542 0.141369671786505
"ufb16" 0.75156854450293 0.764028026613507 0.196177755848673 0.459216298377004 0.142829537242607 0.0948585955201138 0.122326870785319 0.149426561466717
"ufb17" 0.714228583829677 0.736387907713027 0.190624979861028 0.404792458904517 0.133585617412869 0.0928860777439139 0.123326515371469 0.140809490357813
"ufb18" 0.620594603084775 0.704539047410469 0.20369936178097 0.119816228339005 0.137869125601322 0.0618830818234595 0.162712983044935 0.136350639114523
"ufb19" 0.698972436360119 0.712017977645529 0.191098736266521 0.31844048995692 0.136298129981949 0.0797369459761102 0.12377609554454 0.118359046895621
"ufb20" 0.714191954035585 0.724154752087713 0.190829875515668 0.312366665855594 0.132537641101994 0.0721717458688057 0.136579265650233 0.129757077585447
"ufb21" 0.647961039223012 0.703644906892935 0.201588903357954 0.155994596155257 0.136915856582773 0.0697473148931557 0.159696579961015 0.134207896464896
"ufb22" 0.630738492438995 0.689360991019158 0.200403139511981 0.0818095830133298 0.131962673697218 0.0612213063096193 0.160843934541428 0.126577377763021
"ufb23" 0.620286240278253 0.669526472904378 0.190175664333556 0.0827277655937692 0.126637994370768 0.0634868290113346 0.149677869777989 0.116587730286357
"ufb24" 0.793169407746869 0.784713272260731 0.205585397142391 0.494354607749681 0.152550073309091 0.0961180194116635 0.139593015383164 0.155012458269636
"ufb25" 0.66718467943027 0.73390981175254 0.211532563335446 0.189832176724814 0.142501353415311 0.0804721667519304 0.170158479201521 0.130410148214478
"ufb26" 0.667840921158069 0.725448727535406 0.206179481944906 0.20450548559543 0.140180815546572 0.0797961229525461 0.163601171846476 0.124019560931822
"ufb27" 0.712520498733287 0.709917673062754 0.187496216661373 0.306070483853264 0.129084264752104 0.0801645851545281 0.133034326729885 0.107353354583311
"ufb28" 0.678443399097854 0.69156645375391 0.191746810308552 0.269868857203404 0.132749410586554 0.0755709637620961 0.142492376636869 0.130971409852738
"ufb29" 0.703265798318541 0.669493245202064 0.174867528512864 0.438063493554857 0.13243296645836 0.0700541992483159 0.0883597152098076 0.0966477790332871
"ufb30" 0.73527024565497 0.725097883071206 0.173629708612447 0.482632860385753 0.128038675582389 0.0878032939274028 0.104967031235366 0.100022089059601
"ufb31" 0.652620828310315 0.728635069905282 0.22538110742385 0.117630524347349 0.150667058673458 0.0641723121357261 0.187742892448015 0.152268471991062
"ufb32" 0.650602409638554 0.53968405024743 0.134913677327638 0.650421476219802 0.102909587312571 0.0456265826815256 -0.000421754595792681 0.0347712745283645
"ufb33" 0.70865855749388 0.63454346890823 0.133581978412827 0.602124462764584 0.10312686104402 0.062104542613516 0.0264530798070474 0.0518017370463908
"ufb34" 0.692334346282718 0.668788775799846 0.182655987793054 0.389167416520752 0.138331386573615 0.0732264476575188 0.09711292151802 0.108011106573283
"ufb35" 0.712916964964034 0.719189419076008 0.194221179496151 0.294383923351881 0.138065903541481 0.0820469289974989 0.136873631349453 0.118808916002926
"ufb36" 0.684274242798586 0.721868539963046 0.188046586702001 0.365272178558975 0.137455770568866 0.0821089950211839 0.113428375780935 0.11046728862396
"ufb37" 0.634128723078437 0.691655341329209 0.198710248172074 0.128710898951404 0.133476549306908 0.0653550515113449 0.157460786889143 0.121911805409447
"ufb38" 0.65035644187833 0.695263226212555 0.185055766648646 0.175739366429312 0.12553911986298 0.0701441200034261 0.138823503589622 0.104404443252147
"ufb39" 0.69380504489513 0.604814957100781 0.13933033839214 0.56693905796413 0.106385742545108 0.0609423269565751 0.0326625816444403 0.0595134684241504
"ufb40" 0.637025352691953 0.593788092411594 0.160391037215851 0.227062466589761 0.109555258965847 0.0584359281337008 0.104148094370995 0.0829773503325114
"ufb41" 0.762890866839011 0.7712503719435 0.20251510017787 0.428783695280037 0.145396958597056 0.0965714221206694 0.136267667455748 0.153934986389705
"ufb42" 0.644454104671885 0.71281354201696 0.215595875761164 0.0831012865535296 0.14363773136128 0.0699012590951999 0.177105875108536 0.142043272819753
"ufb43" 0.670588235294118 0.727538753559 0.18926021668389 0.662426718269412 0.146612043564931 0.0664644477185494 0.0644519708969323 0.0995835467425578
"ufb44" 0.668146661396589 0.600781275863211 0.151066612264993 0.341467217101218 0.10692033539732 0.0617132960841949 0.0804899357604343 0.0848523350890006
"ufb45" 0.641550750822946 0.700871411833626 0.207287018168715 0.154352686005742 0.137253807065903 0.0780935094854821 0.166488034070397 0.130506001366649
"ufb46" 0.717147247298546 0.648525519575373 0.165349557060198 0.419556910010578 0.123535391486286 0.0627860420452653 0.0781302397635878 0.11504100138291
"ufb47" 0.663181693120521 0.577398785425101 0.143763288847697 0.432377154472049 0.107027319587176 0.0649349202265908 0.0649720232809637 0.0639006819447316
"ufb48" 0.636501541896948 0.714966614190326 0.214115561271116 0.120129560052807 0.144868416329295 0.0682304039851518 0.175543018014295 0.145190078821513
"ufb49" 0.686881984276106 0.697423063916131 0.171854662196344 0.364882341874632 0.122668108991956 0.0775589192094398 0.103048069740723 0.087907927871588
"ufb50" 0.692511987527166 0.76547784468118 0.2106928661085 0.475879526462858 0.159714069693994 0.0900919056056227 0.113661799795186 0.132347128382338
"ufb51" 0.701583270541692 0.731197512984154 0.196747185324958 0.328448816223306 0.133044205535573 0.0933522756504865 0.145584752554511 0.115165687076293
"ufb52" 0.720166837293892 0.723433285939263 0.189950441584667 0.384864827518703 0.130286004235938 0.0931828700507985 0.135653057628881 0.109748642336138
"ufb53" 0.73747429381433 0.707848026510056 0.166597411430342 0.539411750371186 0.123064767506578 0.0790061232175611 0.0796217455710242 0.0840419310942635
"ufb54" 0.57488191952799 0.573326330420758 0.157271721859063 0.140770744667665 0.101073809773571 0.0541957449368215 0.103652234353148 0.0818635700381932
"ufb55" 0.576152317102383 0.581202833998754 0.157517158874496 0.130577453131931 0.0996991859655616 0.0588462058056946 0.106200897280372 0.0807736442817517
"ufb56" 0.694578695912649 0.724095779767424 0.192368101481021 0.297225769528913 0.129940242339211 0.077860635742176 0.143173023398369 0.110703237914653
"ufb57" 0.727488611885626 0.711543768204814 0.175750589154516 0.526714534483225 0.12964085022695 0.0678350125324472 0.0741132327459552 0.0879873584351101
"ufb58" 0.724048227351772 0.70402166312062 0.186623099715524 0.44816335226418 0.135643713222571 0.0794363303457429 0.101699634879219 0.122134132360842
"ufb59" 0.744380098712627 0.725962886135561 0.191384751317485 0.435914827497553 0.138542154178793 0.085748092029919 0.117059453587788 0.126756111580568
"ufb60" 0.71189201679532 0.711982556092101 0.187125155342635 0.352915235115614 0.131926789029691 0.0839074075989417 0.125113099337253 0.114840198101885
"ufb61" 0.69611116572702 0.706984510499465 0.183590614906323 0.329179132671141 0.127289806836685 0.0807164940706738 0.125555827681752 0.109708158239774
"ufb62" 0.674805819321741 0.623927132597653 0.160916902006522 0.351906756673539 0.11635806488036 0.0654643380834935 0.0837276269959451 0.100208632013304
"ufb63" 0.719754447501762 0.744861599869305 0.194581415082696 0.39896616636586 0.136587582287605 0.091190001715789 0.133093437340994 0.143126763520808
"ufb64" 0.633179795896753 0.721794321574013 0.217061177203704 0.0936535062290872 0.147208359007772 0.0591891108784315 0.178975147280817 0.148880362247048
"ufb65" 0.649833970327765 0.699264024716076 0.198320848621669 0.117088927972358 0.132872750112302 0.0706102399283513 0.157696854002465 0.12224202624006
"ufb66" 0.858823529411765 0.865549524034301 0.178468065959601 0.857000030165769 0.150457165396152 0.0739909225264187 0.051998437040984 0.135914929947725
"ufb67" 0.68863643598928 0.641349146269661 0.168019547796073 0.355990344591776 0.123477709419323 0.0691449996466329 0.0912906889890084 0.0902877114763178
"ufb68" 0.652951362410066 0.706930187075248 0.207946382856468 0.156624730238941 0.138148350723253 0.0753165081916081 0.16718439836736 0.131444528278602
"ufb69" 0.673787793452289 0.707954195863955 0.179698984457535 0.325449463794303 0.12690844549188 0.0770210238044911 0.111383576338519 0.0965057067519127
"ufb70" 0.765920002948001 0.754181525193596 0.175113161441104 0.577921000903666 0.134375855420893 0.0810928742789381 0.0889879611756588 0.113871925087517
"ufb71" 0.765019894290872 0.757080480694395 0.189198883735079 0.539111879536908 0.142541382721096 0.0835859918560323 0.104614077463932 0.142555329164864
"ufb72" 0.858823529411765 0.875196974472108 0.180664550746708 0.85885065798947 0.152758947443081 0.0742038366202786 0.0545330567251538 0.147334325163792
"ufb73" 0.766377256259145 0.774402454092284 0.183631241699353 0.539486718079756 0.137741504123533 0.0900441161149705 0.0985212789768655 0.124157214373393
"ufb74" 0.69924824769304 0.608047945205479 0.136221494279376 0.547220984556349 0.0980225996119567 0.0544418741548065 0.0296025393765416 0.0515891224419218
"ufb75" 0.639357976009047 0.722471641032408 0.218514096833429 0.128882983269572 0.147629319486615 0.0674527080443787 0.18015433628233 0.149517662041148
"ufb76" 0.643622570719008 0.603876641110321 0.163773405936343 0.215985436226269 0.109950396121068 0.0616568395903008 0.107712262126387 0.0875794185624584
"ufb77" 0.642202885494545 0.716696825401637 0.218442281265958 0.0840813288289678 0.146606317547612 0.0706793105076911 0.180092863146692 0.146396435261483
"ufb78" 0.650853070208931 0.579234972677596 0.139362954545323 0.48853463686251 0.101765742057339 0.0551930290549161 0.0323911168259127 0.0533079870859007
"ufb79" 0.681906638466558 0.653640326269906 0.144311731282793 0.432161553991804 0.106239669591057 0.0724702779687142 0.0653368020100154 0.0640742676051168
"ufb80" 0.764560488838023 0.774796687504648 0.205984238412649 0.416646845670133 0.147636748702479 0.0978399596370307 0.145416286963694 0.154271233652171
"ufb81" 0.670731707317073 0.541585697629227 0.132242157602931 0.670596264099281 0.101284904755465 0.0464588863858406 -0.00394154504096292 0.0397526368915892
"ufb82" 0.73731516630958 0.773355263157895 0.172472461124904 0.629460296264699 0.135237356570613 0.0820813720752697 0.0705941012360255 0.104164086878414
"ufb83" 0.703302528178155 0.720626679585382 0.196516070944389 0.289091896026067 0.135279213320543 0.0830880719165539 0.145364432862528 0.116070280871709
"ufb84" 0.619329510920617 0.693447892236155 0.203332407057403 0.128948729909224 0.139479425034522 0.051303888304792 0.164584064769686 0.135043704855581
"ufb85" 0.650791590272093 0.661688993380564 0.168657916202741 0.276395085810074 0.119028446951046 0.0699115615861544 0.112937613302317 0.0886116852581837
"ufb86" 0.725589744683844 0.732291030658512 0.180867165855644 0.421646438670462 0.127950778155238 0.0863032128664668 0.118255320373843 0.104467743080786
"ufb87" 0.726190476190476 0.683487139210681 0.15199934150006 0.726039084030292 0.120181485438848 0.0548577792137246 0.0207892515523114 0.0736941893588157
"ufb88" 0.664005733297194 0.713384243381283 0.211580841157066 0.166574224522149 0.139565051458334 0.0762357564755581 0.170996738638716 0.13380164818468
"ufb89" 0.698084812079007 0.737346638425491 0.20918312661433 0.214446271144357 0.139288343464827 0.0830386185088293 0.164323409190711 0.125828758146721
"ufb90" 0.710702587176208 0.718220867396425 0.190263291343681 0.505794113604424 0.144200338263021 0.07279965494414 0.09020362991503 0.116725040610334
"ufb91" 0.624293051969958 0.585318575952177 0.156601234671691 0.248667464874216 0.107900479607195 0.0598823243325774 0.0921083777890506 0.0889939124154989
"ufb92" 0.69977372241935 0.736182715131857 0.209034235266055 0.250034052662931 0.141669643657641 0.0866553410257086 0.164195217414879 0.124673182451236
"ufb93" 0.704682770017548 0.683135960222412 0.161351745398266 0.422018277850076 0.119124382000613 0.0784590917726795 0.0915804340217886 0.0886169387527139
"ufb94" 0.688683900571252 0.67753938241896 0.157910238883776 0.373570549452178 0.116259420981282 0.0714936239744358 0.0935969961664687 0.0818035500848296
"ufb95" 0.690026918021479 0.713539992793214 0.194966877283815 0.259074263086076 0.132611615908169 0.0789725468264364 0.147781357278309 0.112312271091431
"ufb96" 0.629530462850958 0.719721978067074 0.215121450721591 0.0939457805168526 0.146694196688673 0.0619178727543297 0.176984725874337 0.146996064398061
"ufb97" 0.714285714285714 0.640583159773877 0.147884703232093 0.707350421204976 0.118585521206459 0.0529666964401796 0.0163219352408611 0.0663216572633913
"ufb98" 0.702366779775008 0.62066710879048 0.156860122270594 0.376367647338307 0.112479399361692 0.0624553134481484 0.0791825112937023 0.101708405206382
"ufb99" 0.738526199117949 0.721805968847231 0.183691427920531 0.434750826057307 0.135758422916975 0.0838593027642405 0.108509125662857 0.116155428884351
"ufb100" 0.702380952380952 0.727688304381461 0.18947920356863 0.707109781544013 0.15330226029419 0.0710161484407825 0.0646689627310689 0.113811191608762
"ufb101" 0.672671566503505 0.650419599414801 0.187125216534845 0.282050270102415 0.132544546046972 0.0813239162893283 0.124892973947217 0.107903661920154
"ufb102" 0.740747767812136 0.714413902431729 0.171488948807509 0.550402392509344 0.128212453742027 0.0690240286767181 0.0693260938627831 0.0848449551939734
"ufb103" 0.674692146711235 0.595205132856584 0.146438425566598 0.351821737903037 0.104250884925619 0.0572219950665397 0.0676524744679975 0.0863111921358836
"ufb104" 0.840635883298446 0.793069542935463 0.165561033905402 0.752660777544579 0.135173139812897 0.0804225477389651 0.0629818233839527 0.110146406161678
"ufb105" 0.794497949147131 0.758768523911215 0.162327414810093 0.646622988234426 0.123639679436934 0.0808606150081504 0.0751199128609039 0.0924081151459557
"ufb106" 0.714097082651624 0.659079671425154 0.152791684716804 0.458947182020278 0.110520846101992 0.0634528446004123 0.0639612726326112 0.0894733994065925
"ufb107" 0.576470588235294 0.560024217263449 0.162777411677763 0.576145665856595 0.126947191418078 0.050177854723858 0.0338923060840576 0.0575799509086486
"ufb108" 0.66101199600158 0.729729487397897 0.172907294183971 0.398711507004441 0.126237137726635 0.0800367461747509 0.0970163385670231 0.101352275321926
"ufb109" 0.651593870701831 0.726303377929348 0.223843999494516 0.0939270074500636 0.151188894438043 0.0743788572700437 0.18609200659461 0.150208305735717
"ufb110" 0.693745010730044 0.617591273930079 0.157783052245408 0.353518285265869 0.112957268632315 0.0599814269485642 0.0878757570042424 0.0948173874681091
"ufb111" 0.633630109810406 0.595239666085823 0.161482093370106 0.230525547380635 0.110187671003153 0.0656508240751507 0.101748146490178 0.0874688658864465
"ufb112" 0.688257893515761 0.708537562666567 0.177579929957916 0.365108126047814 0.129413673082136 0.0726453001067721 0.101999837249328 0.09757954759199
"ufb113" 0.723403832450587 0.725526067859687 0.199027773955821 0.301192092528614 0.137877548627536 0.0852173172477463 0.148036036674416 0.117966906367138
"ufb114" 0.697218922027885 0.714364901843676 0.192669855637695 0.27745268166966 0.136201521414142 0.0808453879928284 0.13511572867296 0.115339029180443
"ufb115" 0.663923392556323 0.653679773723033 0.176903855243325 0.435017172876423 0.132295886396263 0.0674863254424495 0.075719039884623 0.0986545263980536
"ufb116" 0.653919102697045 0.625105217244915 0.161716977522004 0.361085980456361 0.115823958322269 0.0623815649212078 0.0740773957973486 0.0869552083706228
"ufb117" 0.767007560531375 0.747895749413816 0.173027662730545 0.566022622333846 0.131506026567973 0.0795569338575335 0.0866847186659448 0.112639644785824
"ufb118" 0.734514781890188 0.707587075870759 0.164697049514393 0.566097590042415 0.124145082007683 0.0806905002623554 0.0774843185917218 0.103404102861859
"ufb119" 0.75 0.77456106125634 0.180548990120816 0.749823468517637 0.151303417683978 0.06835738821885 0.0545125214159812 0.115508965831272
"ufb120" 0.678618330733521 0.726972219249398 0.206703671156901 0.217013047553245 0.138046029425866 0.0903376745429755 0.161726182778785 0.123838495394853
"ufb121" 0.67454855204299 0.729832073953099 0.207198470609257 0.183095667988688 0.137981326653208 0.0840978565502566 0.163540477289987 0.125025141971494
"ufb122" 0.652306347978387 0.725199054800869 0.223538550523884 0.105788152432101 0.149888227279482 0.070084155708574 0.185810806938083 0.149779841984015
"ufb123" 0.625104589781258 0.693116371734271 0.201026360985648 0.0937798140098473 0.133680381264128 0.0642179655936108 0.161503757063868 0.129626881388635
"ufb124" 0.622967591040267 0.576886873181585 0.152031055999245 0.228891890831109 0.105055318974665 0.0567595813050156 0.0916990780439848 0.0812252555552258
"ufb125" 0.718692886050437 0.704162813424368 0.181625349536771 0.364793501062658 0.128018413215004 0.0749450381641776 0.113627025802279 0.112912098879022
"ufb126" 0.654099392947095 0.692529311504555 0.185461523822824 0.190235758474856 0.125089688050709 0.0753219440063511 0.137698849150158 0.104758044510217
"ufb127" 0.707550322491135 0.712733946102887 0.189900313646514 0.294383923351881 0.131388840813878 0.0768963196121169 0.132245248032191 0.111900477473606
"ufb128" 0.810552376026298 0.781892372829355 0.16883047384645 0.686459388281369 0.131984420067825 0.0770413838911424 0.066122346022107 0.107284728090993
"ufb129" 0.76277792360343 0.758654636611828 0.169100147247713 0.589908230325531 0.125712186770173 0.0877658732875954 0.0926707489572569 0.0921996084782631
"ufb130" 0.650126216366938 0.698350431684077 0.197949039233305 0.117303362272877 0.131725038256551 0.0685277497476714 0.157318824217033 0.12211916394064
"ufb131" 0.741176470588235 0.76137324539151 0.168960326498591 0.737901909982948 0.134436236866272 0.0628023923639629 0.0410270414131646 0.100956510062645
"ufb132" 0.658737479763164 0.700510809741358 0.184095229177342 0.235249259204957 0.124145256428094 0.0798533955922773 0.136252438109236 0.104279228155885
"ufb133" 0.637665639909921 0.691451346008976 0.198261734488548 0.117345041943192 0.133202062188217 0.0610762629677557 0.158596585780053 0.128354691865943
"ufb134" 0.682707607352559 0.704085359893403 0.175400625788566 0.337395442721661 0.125117550990126 0.0805670318440025 0.112369762135134 0.0892941443057738
"ufb135" 0.681733961763173 0.697545688616625 0.185747618860309 0.240929258760169 0.127769820386187 0.0737024292752048 0.13390809687247 0.10637283146127
"ufb136" 0.686746987951807 0.7503336793712 0.194234722494535 0.682748750662989 0.156358867020799 0.0693765391220116 0.0689145506876019 0.124618140374699
"ufb137" 0.654846101441844 0.694700066587355 0.200990457244235 0.179800423143248 0.133833045092946 0.0645603939607497 0.159880650595187 0.12459314038124
"ufb138" 0.676318859044042 0.704734911347487 0.193032449355063 0.240308711112357 0.129898000821079 0.0790770875079481 0.147293540508524 0.111094747695639
"ufb139" 0.646569918058996 0.652405151125533 0.1578716899353 0.281677412074165 0.110565181680736 0.0733592908052708 0.0980081426002323 0.0739142408178691
"ufb140" 0.679945459906293 0.706633363665063 0.187260573979173 0.321871494553113 0.136766310873734 0.0759082799051768 0.112406991309852 0.108040617714308
"ufb141" 0.683359412278869 0.626571283973245 0.165757283104933 0.353486818015623 0.117037988561156 0.0688042533808038 0.0963463763516361 0.0789706616359242
"ufb142" 0.646039323164922 0.693990008871615 0.200797599152271 0.166356738096455 0.133346540961372 0.0738310567200236 0.158869389175489 0.12555058304667
"ufb143" 0.615784373245926 0.573642891335567 0.152547826372553 0.259676070303135 0.1069936045321 0.0584694781000431 0.0877388240577403 0.0829730485255245
"ufb144" 0.684671306314386 0.588082057961576 0.137619005110246 0.52438109442967 0.101833217536564 0.0580866682342739 0.030989267663354 0.0549174238481614
"ufb145" 0.78965208762356 0.769817195499703 0.168351236580237 0.650218164584475 0.130181512597939 0.0852225807357972 0.0814442572653416 0.0980850667702916
"ufb146" 0.69897434533924 0.653755452457652 0.158951236799371 0.441870530191331 0.116205936160325 0.0634528805586222 0.0708730131879402 0.0808025405063134
"ufb147" 0.754765066787096 0.761999114505021 0.20010156250853 0.416646845670133 0.144033502803422 0.0914010020557259 0.139035008742394 0.14744518282986
"ufb148" 0.668623508524242 0.704200070181121 0.18975680216784 0.222226508834144 0.129954876171799 0.0770452104290012 0.140390108494818 0.109443224660605
"ufb149" 0.772209028022776 0.684802190675218 0.138225783869945 0.6424107701704 0.103995355533793 0.0618108462890276 0.0320400685615843 0.0626988658307703
"ufb150" 0.64103052946376 0.711675898921044 0.21326171857806 0.13211975369282 0.14283126689393 0.0789052702305348 0.173401619269631 0.137186500541646
"ufb151" 0.749011726831828 0.75795090715048 0.194725486517978 0.440554577135349 0.139616763442055 0.0945733776546094 0.127830967052295 0.147140949104768
"ufb152" 0.663334589454579 0.673735467855373 0.174140138881593 0.234743791076106 0.115402226544907 0.0716983879355306 0.123844922432732 0.0941626229447802
"ufb153" 0.76888616612581 0.731947027957467 0.162475240988533 0.678251102940635 0.127868141069367 0.0789419226315123 0.0595166879218447 0.100877624514788
"ufb154" 0.798465359291726 0.763940332924984 0.176434208432123 0.666287976730049 0.137816310316198 0.0961302995612601 0.0906953211350554 0.114583102362555
"ufb155" 0.658823529411765 0.58728323699422 0.144024814596123 0.650421476219802 0.110711958182697 0.0480581492480306 0.0122528656602346 0.0423810063003687
"ufb156" 0.738496943332046 0.747846220116304 0.176192185861309 0.60948726757304 0.137187676499171 0.0840442359962936 0.0747152122362537 0.109175198832283
"ufb157" 0.651889963500409 0.718953620869397 0.22073498731673 0.105499426263984 0.147226499724016 0.0687386260370833 0.182827637252382 0.146438599924779
"ufb158" 0.624548574098474 0.594071296340248 0.157005482192896 0.197920996061091 0.104702698751958 0.0569984711749303 0.10566767604956 0.0786753037584788
"ufb159" 0.615866238146972 0.600553897257079 0.157858447543656 0.186259510883507 0.104945315767597 0.0597166573684126 0.108515041719518 0.0798189571640847
"ufb160" 0.624650097776978 0.613562974950221 0.161707650687573 0.166765703503594 0.107824893572817 0.0580976332610487 0.114194876529592 0.0822815513797965
"ufb161" 0.788235294117647 0.803210771620922 0.164356082862785 0.788159898952258 0.131910688920786 0.0638906247512101 0.0357140036819092 0.106154868899957
"ufb162" 0.668341265543034 0.587623344251488 0.143465161110294 0.373889284597734 0.103454443149049 0.0646118685431321 0.0724593871264786 0.0809892197213353
"ufb163" 0.618216074727977 0.548653354254885 0.1383669797845 0.282052590284962 0.0985180943366037 0.0545503898561691 0.0724493718771538 0.0552767163291512
"ufb164" 0.756954702804124 0.723152111416342 0.165881459471808 0.51880394659741 0.119485882057889 0.0701179079068098 0.0787923910201693 0.1053673537311
"ufb165" 0.731808386718797 0.702821968345852 0.159628240546053 0.494660662229663 0.11329827064248 0.0748447246785079 0.0823839870808713 0.092837557137639
"ufb166" 0.794121200571096 0.711811325578423 0.147628136630995 0.666326939180355 0.11520180537431 0.0642987362023578 0.0426009562785742 0.0865778010910733
"ufb167" 0.716275188174309 0.709837431926136 0.169481541392666 0.392608339385991 0.120736681202779 0.0787800832757237 0.110390084377897 0.0915993110739208
"ufb168" 0.662453462269692 0.644062817433472 0.164606198282234 0.280526656065533 0.110941281453416 0.067594416012641 0.11565736448953 0.091205498066679
"ufb169" 0.694230344310293 0.709005125681085 0.187473088954207 0.313100886994837 0.129090762459182 0.0827103036257266 0.129617746909884 0.111831732309829
"ufb170" 0.625285719051035 0.681415989236492 0.196114288592855 0.0842606332794466 0.129578014938743 0.0625073452671149 0.155925742188186 0.123775281052842
"ufb171" 0.733453862409499 0.715075154730327 0.195226163044718 0.475947367952254 0.145637342257135 0.0745129145459504 0.0958954006622797 0.131131057254144
"ufb172" 0.669987432883918 0.63954226540394 0.163130171897435 0.284319965121348 0.110010941242508 0.0665131055596152 0.112216690964282 0.0920089054086093
"ufb173" 0.617589666498501 0.643817879241869 0.155069864780597 0.222457158843513 0.108200606878287 0.0675476504491664 0.0948518804019529 0.0703350388943322
"ufb174" 0.663104012532921 0.687650926145643 0.171697936170657 0.274899353095967 0.120537912794993 0.0714094726950606 0.102633914474517 0.0892010641570549
"ufb175" 0.645429954650188 0.652410010284539 0.168464009839825 0.415834411062861 0.128139389291683 0.0757308272342517 0.0815864689910771 0.0924621143581893
"ufb176" 0.637006694120667 0.619734989117911 0.154694378667978 0.380735232403565 0.111916026173731 0.0638233949561941 0.0665412021481196 0.0729948235492575
"ufb177" 0.638631888716867 0.674223944415539 0.183228158644393 0.188213479745186 0.122011533412148 0.0625275559753458 0.139417265942868 0.109879692008441
"ufb178" 0.658874586452416 0.677471376581008 0.180886287038867 0.315964601033684 0.131494185493497 0.0788440665556397 0.112778377862158 0.110626780002817
"ufb179" 0.692419006161442 0.730104809268872 0.195166251559314 0.369608709467669 0.141609482971743 0.0822775005879673 0.121202335140014 0.12470776689873
"ufb180" 0.73910858305123 0.721392313270486 0.184760737432559 0.526916689485629 0.14072845681571 0.0728398299253601 0.0842344132428632 0.109745192531625
"ufb181" 0.681427362278997 0.711183069715753 0.181438739246412 0.318071498653407 0.129646507506101 0.0862300776232739 0.126582728500074 0.0985641105851079
"ufb182" 0.678571428571429 0.645724763559158 0.154643155499721 0.678411582473571 0.121076851620428 0.052434461400607 0.024618413681874 0.0620716600970853
"ufb183" 0.6 0.599386170788951 0.161717400897445 0.595078137894816 0.123478835861393 0.052650091209101 0.0326691133695005 0.0466277113978137
"ufb184" 0.721677483650714 0.713088350273651 0.179037377738923 0.479049063809451 0.128669833921857 0.0668452962772151 0.0772770321064858 0.0927672285856795
"ufb185" 0.70504384220119 0.713186051882072 0.189805531459924 0.282563393396048 0.134012475970016 0.0762900246396188 0.132143720165682 0.112272141234123
"ufb186" 0.626584977942284 0.707603691673254 0.205150594990217 0.140526851860317 0.138840952580017 0.0653522910409653 0.164246852092872 0.139924045612604
"ufb187" 0.624791715640863 0.709566787791967 0.2053266427892 0.120028072145049 0.139200585247724 0.05806595355038 0.165072187290233 0.139277324038443
"ufb188" 0.652818018005083 0.720938140045542 0.219184737057753 0.14426274317698 0.145935673027613 0.0803980791041936 0.179629569304012 0.141393518524818
"ufb189" 0.754730839619694 0.665665869421403 0.174137003052621 0.52996002132697 0.133708120787681 0.0681753269533402 0.0726894968497555 0.131541539498504
"ufb190" 0.649615753439648 0.717841406059807 0.219491284050822 0.0939457805168526 0.147259878957363 0.0729849046037435 0.181566886488418 0.145584924108374
"ufb191" 0.681942602615183 0.711623551298489 0.188140354799308 0.300918859735765 0.12806272424823 0.0823153377362176 0.133737305052156 0.111850537225753
"ufb192" 0.639560279019153 0.680252826067146 0.189213560646632 0.117594955144073 0.125586018820791 0.0696826971607092 0.14667530163599 0.11128611876948
"ufb193" 0.632254278458819 0.660659853708818 0.177142931178864 0.105205317413425 0.11824715851217 0.0632685626730544 0.133949408394822 0.100386751589281
"ufb194" 0.761904761904762 0.666205722795447 0.135502478498082 0.76162756188826 0.109414901099161 0.0511135355141855 0.00202795071791692 0.0583501571718669
"ufb195" 0.741737828120705 0.70205391995914 0.146551417554385 0.548399862224031 0.109617710899829 0.0701521120581306 0.0572123280956291 0.0670556699763155
"ufb196" 0.725678290862915 0.699018673246229 0.148240586655403 0.520029423087056 0.110887702737286 0.0753547051358728 0.0698204867812642 0.0646014553423781
"ufb197" 0.629578083990854 0.62209797657082 0.153982538602688 0.255714230163114 0.107176921952635 0.063342147636528 0.100159501811236 0.0775753407512295
"ufb198" 0.613182142836663 0.65087234699441 0.17312681824185 0.163993831355598 0.117870633784133 0.0638299721498638 0.127613704374737 0.0958495420225001
"ufb199" 0.714305423762675 0.705686600763433 0.182353243947559 0.376692930050534 0.129947346710621 0.077366178842182 0.114415400580782 0.113393674184678
"ufb200" 0.712087894188144 0.698707169832125 0.182255859210061 0.505723879276198 0.140697074087761 0.0734405808131023 0.0811452786802649 0.113214122670388
"ufb201" 0.734939759036145 0.722656617993406 0.155166765714419 0.734697272262053 0.122166858709596 0.055490761543827 0.0243162994875881 0.0818618433786857
"ufb202" 0.650602409638554 0.614444555744766 0.152888225106836 0.64188371961627 0.117577280814004 0.0499735286917056 0.0216848512424739 0.0543160517157798
"ufb203" 0.667862025227923 0.676106335652481 0.183850464128934 0.228362663343775 0.124676353398376 0.0670539897055486 0.135972178386719 0.118454826802416
"ufb204" 0.655521931823167 0.664636424590156 0.160085402356685 0.325301297112216 0.11336319237511 0.0734921557793648 0.0959370903126029 0.074798167952033
"ufb205" 0.701546510150955 0.665194285319898 0.147564710220686 0.588976142919753 0.11446004889148 0.0654852821002968 0.0422287589499454 0.0627022201844822
"ufb206" 0.712795133087926 0.696084025821178 0.150369840187574 0.530097945155419 0.113272449830703 0.0756285249023234 0.0615838117920009 0.0661930308629754
"ufb207" 0.631008343241419 0.609290163620121 0.152016727256098 0.316428675530794 0.107514575431541 0.0703930864113607 0.0917271239899499 0.0770095356556096
"ufb208" 0.627394036903275 0.619979523673654 0.154578367635223 0.254790912195171 0.108860365748501 0.0695079674344497 0.0979509135892035 0.0776093675468893
"ufb209" 0.658536585365854 0.569955244210936 0.146374659296028 0.658445144922784 0.112191157947758 0.0515631375791698 0.0116600906056943 0.0484940571720038
"ufb210" 0.697618810586381 0.593990540665863 0.144002586727504 0.542845847685445 0.106335271901865 0.0574594334972214 0.0378617341297768 0.066318519762227
"ufb211" 0.738880128813886 0.74750791603143 0.189412666391391 0.452796085246462 0.136670249893861 0.085500694679679 0.114856790029225 0.140389629564182
"ufb212" 0.644857043452397 0.703026938911627 0.202347859982865 0.11847964186619 0.136089786587188 0.0797589491737192 0.162458774078033 0.129211625758908
"ufb213" 0.657615412134467 0.712629767280843 0.203771330723354 0.202121747376759 0.136711033875738 0.0847807795550863 0.161057871667019 0.124508647813505
"ufb214" 0.623758181672325 0.694965273566676 0.201780276975892 0.117109523694836 0.138321925017952 0.052618812962051 0.162829499807169 0.134038899018161
"ufb215" 0.69944863768443 0.714476994719193 0.184202780872523 0.32828016707438 0.127920451777546 0.0874491718451213 0.126045040752182 0.106277307645026
"ufb216" 0.727735987994953 0.72397923690266 0.192143901175726 0.547424509024536 0.149165991124466 0.0797068324998604 0.0928325744046592 0.123843951171707
"ufb217" 0.689512100453844 0.646425271425271 0.170386569292438 0.425990372459957 0.12949657889829 0.0672842887872386 0.0836110117606485 0.0949324048637828
"ufb218" 0.688335314449072 0.628803484197516 0.160135556170775 0.395401221255776 0.117348041303467 0.0674856731374293 0.0827168532854937 0.0816144880324761
"ufb219" 0.726162287198157 0.697656008298604 0.18708363923923 0.398895281663732 0.137337938298507 0.076384935136623 0.112150603777552 0.110938299685019
"ufb220" 0.663532433812644 0.701355483854663 0.191885050322763 0.336086690705019 0.142549230614331 0.0857567642504814 0.117526811240326 0.118182448695952
"ufb221" 0.634296435199416 0.713570875638296 0.211794256453787 0.0936144006107668 0.144320543057932 0.0618282561601443 0.173323997305006 0.143431484438474
"ufb222" 0.676616935976183 0.679626539347023 0.173634323108849 0.31309831906346 0.120392259089745 0.0763181131516107 0.11489447139391 0.099094153872956
"ufb223" 0.678523968948233 0.727712991668582 0.20508701380519 0.219527934834852 0.139662929350119 0.07849230220496 0.161334050944629 0.122106063753035
"ufb224" 0.752941176470588 0.790017767727346 0.174974788668655 0.749764735935604 0.139841055739272 0.0654987835063363 0.0479673918746942 0.116053704377262
"ufb225" 0.674951351508483 0.701065592009296 0.187558339150976 0.2408478251317 0.127767727168577 0.0756124459325092 0.138080296799896 0.106858820106575
"ufb226" 0.631318036218755 0.600457250234889 0.166171203666768 0.24669856943813 0.117099860601398 0.0617040040042679 0.0967874761860961 0.102013732377434
"ufb227" 0.779226477122793 0.776217894804943 0.198582569427692 0.542450768319913 0.150428527778163 0.0917833812966967 0.114976692786138 0.154993672330656
"ufb228" 0.713436336579828 0.724695101494378 0.190445129433148 0.340218563316565 0.130906536071731 0.0893993742367312 0.136140510747635 0.110787163848688
"ufb229" 0.682357855490921 0.685897786921795 0.179458881551707 0.253241698131933 0.125597172649155 0.0689910135724623 0.121063362359031 0.102847984870498
"ufb230" 0.703131479712558 0.711299453516149 0.190927214982822 0.321677129653499 0.135788876258987 0.0845340122450046 0.123701778406524 0.119036501589391
"ufb231" 0.630823911030489 0.664882762222761 0.179806199077343 0.234430496118017 0.126857880463397 0.0740598386631025 0.131717715047104 0.11680793218675
"ufb232" 0.717301446245297 0.701273577301306 0.174977423872829 0.399348965081929 0.122059977308915 0.0832172436842929 0.111950687525177 0.0984357692668928
"ufb233" 0.6381387598532 0.673453901232745 0.180527308842457 0.210199993508967 0.123381821943453 0.0654039682080386 0.136574021693009 0.105325694341187
"ufb234" 0.651884544312526 0.657826559322506 0.169701007471966 0.419369566917866 0.124647018039626 0.0688939905544558 0.0829025943353883 0.0950592190656338
"ufb235" 0.650056169621553 0.653964071249398 0.164294918109712 0.352789459245314 0.116982030940934 0.0777419216119791 0.0947285126552468 0.0933437478944524
"ufb236" 0.716719881203598 0.6621103117506 0.183407324391066 0.487803690223138 0.137749479659584 0.0704179535694532 0.0830219931863081 0.139124034832532
"ufb237" 0.749890903678638 0.755933073530441 0.195976124295613 0.428783695280037 0.141074937438104 0.0902522206582151 0.129122600401883 0.146600933982722
"ufb238" 0.613862657541006 0.642403221111866 0.161182383740295 0.323743773881354 0.116566857297754 0.0740283800189633 0.0914582375141592 0.0917322694566435
"ufb239" 0.629266847504744 0.698034719528776 0.204513066383069 0.0832273375651117 0.13703454445204 0.0644480846737446 0.165158824897489 0.133776296600293
"ufb240" 0.729481418128738 0.714564660691421 0.166680653915299 0.483088015283541 0.119962975381945 0.0668185495351473 0.0793457125694581 0.101639672129332
"ufb241" 0.724285117446438 0.713137743043519 0.169242209475423 0.444218212885372 0.118719642399122 0.0807205650057045 0.0926729835062388 0.0870272270657284
"ufb242" 0.638910636734044 0.70847419590116 0.195117813366277 0.187223258425274 0.130898046631753 0.0710125728346541 0.149538053033417 0.133874430385978
"ufb243" 0.651747515423915 0.717463362374841 0.214195832410519 0.134124356753941 0.143557459005665 0.0755307593308739 0.174385526972071 0.138781281112057
"ufb244" 0.66169864025227 0.694611098048097 0.201799144033735 0.182918584561665 0.133656915234601 0.0714761712585058 0.158983385446646 0.12493581124352
"ufb245" 0.617085954233551 0.572146949233156 0.151549434206171 0.19816900072639 0.0995369842636773 0.0494740639231813 0.0998793583648312 0.0717463151497853
"ufb246" 0.635397447086391 0.648641010798073 0.173777753679316 0.188372350879138 0.116420159239293 0.0542434177612358 0.129442864357981 0.0960967905438257
"ufb247" 0.694957044492281 0.738425395190191 0.210170479192716 0.216902799009956 0.141439481418219 0.0860337951227513 0.166681460582319 0.125841805228314
"ufb248" 0.674551204725139 0.707639792141856 0.193793823525349 0.231197777949454 0.132176081739884 0.0706647329614525 0.149434768597519 0.111962899683901
"ufb249" 0.709106310065571 0.722233539886195 0.197904537799128 0.268148860962155 0.134954308282471 0.075618774242519 0.150902573711653 0.114642927655304
"ufb250" 0.667275988095011 0.669372167678628 0.159529199995128 0.321416406630711 0.112579482141884 0.0698567454761008 0.0954323589807901 0.0736350884253652
"ufb251" 0.673761205095381 0.734367462636019 0.210117425699498 0.194805752205363 0.141903302884277 0.087409208969005 0.167737079734639 0.128001366456296
"ufb252" 0.676203122254436 0.728103248034404 0.20481672705231 0.183095667988688 0.137557308959281 0.0760146998975235 0.161023862936808 0.122986825552822
"ufb253" 0.674561195728152 0.685739463680052 0.194286613335643 0.216186502197272 0.129711389048919 0.0668739284047343 0.151086037724656 0.117217313245157
"ufb254" 0.668201081921969 0.608976943488575 0.156210338471345 0.35122893342246 0.113712531512629 0.0624319198717393 0.0781289259085026 0.0763416812893213
"ufb255" 0.783132530120482 0.693515865435636 0.137528787450236 0.782967833305599 0.112635627910793 0.0533977619644899 0.00292261982140878 0.06809919301163
"ufb256" 0.686746987951807 0.570344761355997 0.132550756617034 0.686556077730425 0.103442612301078 0.0470132988288987 -0.00315433424861958 0.0411274535638393
"ufb257" 0.696281362830859 0.639085951232704 0.16633909991816 0.376452658710938 0.122540667703977 0.0646613963109427 0.0897923331757065 0.107917424953436
"ufb258" 0.59950562676543 0.592054115367949 0.142689870381669 0.257124830997921 0.100613590544611 0.0604730495635856 0.085267124943143 0.0653883765279256
"ufb259" 0.653457587330798 0.677236001180727 0.18976327087699 0.192501463512561 0.126262868687004 0.0680801002275628 0.143804446577656 0.117898784232596
"ufb260" 0.657768304900861 0.698609458671002 0.187225428593253 0.23440573659885 0.128437858515969 0.0713843101115939 0.137782927522895 0.127580792517959
"ufb261" 0.64025545961788 0.685334538959523 0.190424152779678 0.187403453662531 0.13077425067621 0.0691368614072718 0.145863734769846 0.126500861244379
"ufb262" 0.700530234615246 0.691262084771213 0.183215658414343 0.363623279486974 0.136685646563823 0.0734275839736482 0.108024544288017 0.105846510680091
"ufb263" 0.589163052399865 0.596864887478006 0.162431443019343 0.141924989354559 0.103692457286548 0.0601509841735301 0.113355981664791 0.0832608251341851
"ufb264" 0.825144637068289 0.684565035390821 0.138401425775739 0.734658101188359 0.108383079198043 0.0660002430934918 0.031846718615356 0.0601632259564867
"ufb265" 0.653531630073543 0.676695747813991 0.197971967006409 0.188124017689383 0.130392986453951 0.0744960610578763 0.154910374316676 0.128641364528118
"ufb266" 0.656248958761018 0.704178149111105 0.192972351930796 0.191994396005988 0.13076288210533 0.0662695852776472 0.147256018815612 0.128580007896308
"ufb267" 0.756507421844341 0.724291272929405 0.162964852262574 0.542375800611343 0.121714908498112 0.0701439592308334 0.0755712652172944 0.10264645473833
"ufb268" 0.686070124559359 0.724724485596116 0.192706050112053 0.269487543583004 0.131034273002934 0.0751473053098893 0.13861150505818 0.134197961655374
"ufb269" 0.678662262168902 0.643549322216394 0.174955091447272 0.452099040431694 0.133732701948552 0.0663377475758314 0.0732451819843206 0.102814571692445
"ufb270" 0.62362764582325 0.593324050285356 0.148508341564114 0.332254102819519 0.10641046335598 0.0619602003575429 0.0700235915630551 0.0723179747305628
"ufb271" 0.65703426082575 0.721613894054211 0.20758945542461 0.180438902297023 0.139695254282421 0.0841470579424687 0.166003295809869 0.128903670107254
"ufb272" 0.6892029239769 0.60699639838819 0.134608277635588 0.5712049950557 0.102301414226717 0.0605782352832993 0.0279768220394143 0.0433579689471642
"ufb273" 0.657286662625641 0.599607665978861 0.147335087797362 0.301440863718917 0.101032174581124 0.0583685013633817 0.0867614122236268 0.0744501248591876
"ufb274" 0.725879821157217 0.716510436944087 0.183316437504021 0.384822966370212 0.130462325017972 0.0869784703223912 0.120926751376255 0.108760845503937
"ufb275" 0.675729865482338 0.718060682827643 0.197432098647282 0.237693798475859 0.133192356870204 0.0804737300408363 0.148601441400335 0.136578670448883
"ufb276" 0.623992835303461 0.582193472087749 0.150465166686852 0.207185510599241 0.102588093256533 0.0528785918641433 0.0935112831768323 0.0767065606059403
"ufb277" 0.719377239137204 0.691622733920615 0.175514680770306 0.364882341874632 0.121121588712471 0.0714068606523199 0.107008624748674 0.107552729619468
"ufb278" 0.698571734864132 0.71557743884923 0.192530225703418 0.277232850209274 0.131421866964776 0.0805726150468329 0.141099197654882 0.111550088301999
"ufb279" 0.70526213371051 0.718959277900254 0.174501252225468 0.422133114697624 0.121657754699742 0.0880525744225934 0.111401642106537 0.0918356809425881
"ufb280" 0.701909197457194 0.634951523187932 0.138946553107252 0.502526731187467 0.105328500416658 0.0675061118904226 0.0489264025080139 0.0604811034502219
"ufb281" 0.697623273193722 0.701698718443008 0.180288521178843 0.329281458780931 0.125409897070038 0.078711736852701 0.122019003302752 0.105845688503483
"ufb282" 0.672383813946993 0.684958582989186 0.180147376189997 0.301153930343926 0.127371415763419 0.0797759777651275 0.117503238953392 0.107316585892814
"ufb283" 0.681302697561305 0.674256881537197 0.188808708458566 0.211163149861771 0.126750474573247 0.0667660274585003 0.144177652987092 0.111578752208725
"ufb284" 0.702961331737314 0.626812687481141 0.130134902473264 0.511827741117214 0.0979626142149042 0.06516806959548 0.0390364182182116 0.0510651116353206
"ufb285" 0.634501946203883 0.58613123746367 0.14074238617823 0.290346843620755 0.0965356016920603 0.0611825892678587 0.0796827298043016 0.0695961523383452
"ufb286" 0.687433007526 0.654152365450621 0.147321443164585 0.553994405348617 0.110825967639037 0.0631805657444862 0.0419554312346083 0.0576878808000734
"ufb287" 0.622478222784318 0.68546226846411 0.193072906162581 0.128923912186746 0.129470427549439 0.0483095916520785 0.153824405772701 0.125443231909285
"ufb288" 0.636950001060571 0.531938929590068 0.116839745451759 0.417229434013707 0.0842850042024287 0.050310421713623 0.0357006293140655 0.0316262079541679
"ufb289" 0.726190476190476 0.761949685534591 0.171451470303036 0.715947137371155 0.140055509380573 0.0627116426038806 0.0427463798258465 0.105014109873349
"ufb290" 0.674781542448397 0.706340841368362 0.175050568886355 0.317852739948598 0.119085401775121 0.0791534777846408 0.119770367185153 0.0967068678970502
"ufb291" 0.654260356493951 0.685330128025941 0.175305064117013 0.31355599432361 0.126994160960407 0.072348753435785 0.0992608592750691 0.0933497499830692
"ufb292" 0.718392875783892 0.773013120778448 0.2010256010558 0.547288826045745 0.157873382976408 0.0896972078118444 0.102504880654544 0.126683772318371
"ufb293" 0.671252802814507 0.707764768178699 0.194472845254876 0.211520530199666 0.130961382451141 0.0782578889667974 0.148798051515691 0.111731891009822
"ufb294" 0.695401328143554 0.705948944868094 0.189821056036211 0.252947291350254 0.130634714890048 0.0771197394088119 0.140480814104867 0.107616952512468
"ufb295" 0.711904863154222 0.728590241865545 0.195175157073861 0.369389918805601 0.140812875917827 0.0907376633717402 0.128306151794854 0.123672377590413
"ufb296" 0.677076162706982 0.725405605244074 0.193398957075508 0.270506364199921 0.133655065280843 0.0769776740346661 0.139350841809641 0.137062430646708
"ufb297" 0.619236246848983 0.676279274378245 0.188568436068189 0.164344054239558 0.126143945122906 0.0685794338866003 0.142557043326015 0.121429097260426
"ufb298" 0.632538897651137 0.677343294276812 0.196661495232237 0.16436471333722 0.130946324301181 0.0688087249100142 0.154485048026502 0.128937350373838
"ufb299" 0.623663773295652 0.640542743513391 0.17332691406149 0.105915503171636 0.115172202110116 0.0635319855162692 0.126442357529378 0.0948443924427622
"ufb300" 0.689684517401768 0.711667068369888 0.191443851443718 0.265229790898958 0.130486557648626 0.0779947149282925 0.137206226633394 0.11303419669703
"ufb301" 0.668754373484492 0.600683107669436 0.155619825256168 0.351112829512906 0.113245363064813 0.0612427799839761 0.077631299269332 0.0786919990328706
"ufb302" 0.64406966251798 0.702960627559919 0.211526297270169 0.0840388496456632 0.140797992390472 0.0681664456588142 0.173172020902262 0.137783616870151
"ufb303" 0.677503862909965 0.716700070641192 0.195171676894891 0.269166400835031 0.134698782144603 0.0832542825546742 0.146212560029675 0.134347119063627
"ufb304" 0.631382823553553 0.56336573425584 0.148616352295195 0.384089343057302 0.110001793457197 0.0580940571350875 0.059613775806204 0.0660593382532102
"ufb305" 0.638950521899307 0.711106084642338 0.212128552127212 0.0936374230517247 0.142508076579729 0.0590612766101108 0.173147499386398 0.144194788417123
"ufb306" 0.639622897571828 0.719916955289673 0.217134682907575 0.0839855689395659 0.146353754905416 0.0618841180357034 0.178707212897249 0.148511137410013
"ufb307" 0.616904376018136 0.642805686960648 0.16875395686923 0.234436106954825 0.118758537834973 0.0689982721368477 0.118115719217873 0.107252643607583
