NA NA NA 0.14897 NA
NA 0.1033973 NA NA 0.3688299
NA 0.1646171 NA NA 0.1308397
NA 0.2146234 0.105214 0.1321147 NA
0.0238431 0.0988141 NA 0.1088426 0.2390888
0.1316285 0.09737385 0.1865901 0.08696664 0.007398019
0.1521115 0.1399783 0.1258127 0.1180992 0.07579067
0.03883676 0.1713148 0.1099856 0.09029771 0.06926592
0.1927425 0.08652646 0.08142896 0.1022599 0.2413683
0.1009471 0.08814593 0.1471403 0.09783326 0.07918795
0.1780031 0.08720862 0.03533943 0.2420384 0.07189173
0.05807522 0.1018339 0.1058972 0.01718539 0.1299615
0.04390294 0.1841697 0.1788779 0.02857707 0.05319541
0.09179411 0.07774126 0.03924794 0.07708619 0.05038761
0.112672 0.03907089 0.16256 0.08013342 0.1304488
0.0438468 0.1014373 0.04045849 0.05534997 0.04181343
0.02634657 -1.191275e-05 0.03686278 0.04849762 0.06866336
0.03194844 0.01621562 0.09196355 0.01645372 0.0174161
0.05140199 0.04034619 0.01431129 0.01038168 0.0120288
0.06876889
