0.1590515 NA 0.3055778 0.02534184 NA
NA 0.2329282 0.200011 NA 0.2849044
NA NA NA NA 0.2005446
-0.06311805 0.1726955 0.003447916 0.03834928 NA
0.05033273 NA NA 0.09412472 0.2443531
0.09729949 0.1246181 0.1197219 0.01346761 0.176631
0.01674978 -0.06425446 0.1710509 0.1593741 0.05561631
0.1970049 0.041915 0.07766403 0.1252093 0.03635583
0.1664078 0.1772793 0.07533266 0.03446977 0.007328659
0.2557288 0.1253467 0.0809164 0.1126855 0.1661354
0.1559059 0.09039241 0.02529128 0.2230758 0.082239
0.09088188 0.211382 0.09586853 0.0328925 0.04313604
0.03766263 0.04094495 0.1471709 0.02035276 0.08396658
0.053502 0.03786207 0.1538336 0.04755272 0.08279937
0.1088055 0.07441345 0.1050698 0.06870596 0.02203791
0.06343621 0.07753883 0.1223236 0.0839094 0.1918575
0.009894346 0.03601327 0.01893924 0.02232397 0.02462158
0.01118726 -0.00369981 0.07501554 0.02992691 0.0124295
0.01348056 0.02842225 0.008211375 0.0191084 0.03221092
0.003613616
