NA NA NA NA NA
NA NA NA 0.1944882 NA
NA NA NA NA NA
NA 0.2325258 NA 0.1578602 0.3036482
0.2750054 0.06951234 0.04224055 NA 0.05967995
0.05510448 0.17978 0.07284283 0.2593459 0.135567
0.2488111 NA 0.0250676 0.02735853 0.0986829
0.04336745 NA 0.1496605 0.1074827 0.1177948
0.0487107 NA 0.06982034 0.01292329 0.04574164
0.1641617 0.04747668 0.09803144 0.1597191 0.0328225
0.2133481 0.2252058 0.1018642 0.06151674 0.03826755
0.2466966 0.1281824 0.01465419 0.02291991 0.1120294
0.232823 0.0781115 0.05112784 0.1286282 0.1746793
0.02458156 0.09756326 0.1356956 0.08279762 0.03731135
0.025182 0.1421941 0.148684 0.09551092 0.04264279
0.06729212 0.08593573 0.1043648 0.2074771 0.0560878
0.002420338 0.03490557 0.01730224 0.02575715 0.02846507
0.04322784 0.02670468 0.01764652 0.00879898 0.05945024
0.03164564 -0.01771938 0.02738263 0.04502886 0.03421443
0.01036358
