NA NA 0.1309624 NA 0.1931703
NA 0.08944328 NA NA NA
NA NA NA NA NA
NA 0.1279741 0.2005446 0.2623943 NA
0.2628194 0.124959 NA 0.1132235 0.1351867
0.3403256 -0.01772164 NA 0.1246181 0.08152308
0.1308397 0.09820482 0.1870146 0.09328254 0.2453951
0.1913159 0.2435125 0.02697254 -0.01178479 0.2128354
0.08812587 0.1409013 0.04499646 0.1482934 0.05181126
0.07599877 0.05580849 0.07117215 0.07798512 0.0568375
0.143968 0.0006399515 0.2309999 0.08531506 0.1458469
0.1205739 0.1325019 0.05834855 0.0550463 0.06863159
0.06702081 0.1042326 0.1876825 0.1221532 0.01715218
0.01758164 0.1290597 0.155807 0.1087021 0.1295758
0.05042481 0.04939771 0.02514578 0.03271941 0.07892395
0.1124347 0.07200811 0.07007032 0.09767892 0.1281554
0.05452453 0.04601005 0.05204918 0.02427507 0.009990586
0.02944659 0.02850899 0.03347547 0.008961797 0.007051336
0.01939401 0.05235319 0.04999761 0.08874137 0.0232964
0.03522652
