0.2996547 0.1563156 0.2283929 NA 0.09756056
NA NA 0.1099102 0.1503228 NA
NA NA 0.08944328 NA 0.1033973
NA 0.2328544 0.0696191 0.09119421 0.1770098
0.02669584 0.03452427 NA 0.08470821 0.04428031
NA NA 0.1133372 0.1186128 0.1519985
0.09540342 NA 0.2351765 0.1425709 0.1034909
0.1266999 0.09820804 0.05803351 0.1020211 0.1940849
0.04058806 0.2158557 0.2757408 0.1220661 0.1195545
0.06724435 0.1614957 0.05305316 0.2922186 0.1492596
0.09408029 0.09748187 0.1890109 0.1174064 0.1115928
0.110278 0.05911819 0.1660669 0.09838695 0.1142986
0.128705 0.1283806 0.194561 0.1504186 0.04898466
0.06250363 0.1133258 0.1498872 0.0345981 0.1148358
0.1679763 0.09991262 0.2378033 0.06031473 0.0285871
0.1158686 0.09781902 0.1462614 0.1307145 0.03764552
0.01774972 0.01647388 0.009910708 0.002076051 0.02287973
0.001122226 0.01840824 0.03932471 0.07200145 0.02078896
0.02595909 0.07902688 0.06250383 0.02155821 0.0009541109
0.001042827
