NA 0.1316197 0.02612335 0.1976736 NA
NA 0.1976736 NA NA NA
0.1071767 0.1217007 0.07381745 0.174427 NA
NA NA 0.05103325 0.1366901 0.3459724
0.1027357 NA 0.1142199 0.171246 0.193936
0.09461632 0.04447785 0.2139351 0.03441558 0.02425231
0.1724147 0.1658121 0.2468754 0.08649884 0.0404293
0.09311667 0.09922315 0.1158076 0.02159975 0.04153149
0.2444696 0.2172624 0.1002157 0.06868575 0.1072398
0.2025735 0.06715328 0.05955202 0.09308421 0.04364406
0.1736666 0.1077807 0.08832033 0.009562844 0.2242813
0.0616559 0.0569141 0.09365247 0.04951012 0.08810569
0.1340019 0.1021065 0.01537771 0.06009719 0.05497311
0.05735753 0.1126116 0.04621122 0.04182441 0.08423621
0.05525714 0.1584268 0.09437194 0.02869104 0.1112536
0.09646642 0.1373921 0.01458166 0.05351575 -0.01150381
0.03258274 0.04178153 0.02486747 0.01451471 0.00466507
0.04094695 0.05563863 0.006592787 0.04678088 0.1213144
0.01403155 0.01716255 0.01832369 0.05438511 0.06049381
0.1224765
