0.09756056 0.1214427 NA 0.08097121 0.02836352
0.2001415 0.1246181 NA NA NA
0.2185567 0.1527238 0.1068197 NA NA
NA NA 0.1253693 0.2775484 0.01074905
0.04613494 NA 0.03615586 0.1951709 0.03443204
NA 0.02879459 0.1503228 0.1644937 NA
0.1010145 0.1503228 0.01630709 0.2285676 0.1289018
NA 0.06963257 0.1655071 0.0998777 0.1568508
0.1370945 0.001670041 0.1314186 0.186954 0.208924
0.2028013 0.09745054 0.03647487 0.05138115 0.02269862
0.05849451 0.07929985 0.01696014 0.1193198 0.1222531
0.149952 0.03874557 0.02433619 0.1354341 0.05770791
0.02256212 0.009984301 0.04055486 0.1176871 0.06194107
0.0685523 0.1025687 0.07511314 0.1034173 0.1038612
0.07348965 0.02641087 0.1319525 0.1731738 0.0789324
0.07174843 0.1474741 0.05079905 0.04768926 0.07650492
0.04516593 0.07361155 0.04064303 0.02002522 0.06135772
0.009636761 -0.001259186 0.0366612 0.01305235 0.006270488
0.02324324 0.005522456 0.02314638 0.01239344 0.01101972
0.01691065
