NA 0.1567055 NA NA NA
NA NA NA 0.2344021 0.277848
NA NA NA NA NA
0.1976736 0.02480822 0.13961 NA 0.1033973
NA 0.3067707 -0.01174207 0.1258951 0.206092
0.09609759 0.08942788 0.1967278 -0.003775822 0.08404795
0.1565646 0.2635772 0.08261708 0.003516061 0.07631177
0.1575764 0.1718948 0.2204929 0.03257357 NA
0.2495851 0.0459074 0.1575528 0.03192672 0.04114434
0.2239655 -0.003526804 0.0152387 0.0855 0.2724481
0.1433006 0.004570563 0.2164039 0.1193831 0.2565327
0.04939579 0.0373351 0.0301156 0.06673284 0.02878618
0.2195527 0.03855568 0.2188179 0.2020667 0.06723261
0.0802961 0.1911885 0.03674642 0.2074212 0.06428373
0.1174998 0.03149623 -0.01426817 0.1415098 0.08216826
0.08227247 0.02815339 0.01393733 0.1171706 0.2082221
0.02172909 -0.006595211 0.01860627 0.0581063 0.02543184
0.01159905 -0.002934449 0.0130485 0.01609956 -0.004739625
0.02943952 0.005119618 0.03890586 0.006446491 0.05651781
0.01147438
