NA 0.1294699 0.1503228 NA NA
NA 0.1939246 0.1706968 NA NA
NA 0.08017288 0.1789613 0.02592311 NA
-0.04531282 0.1316197 0.2940626 0.1596511 -0.004024366
0.1070641 0.1246181 0.1997081 -0.02428788 0.2775549
NA 0.1396456 NA 0.1176419 0.0003711822
NA 0.102839 0.03756672 0.1040678 0.1464935
0.04867154 -0.000390127 0.1187963 0.03295474 0.1505907
0.1562104 0.1083293 0.1720403 0.2172585 0.02949711
0.1926059 0.2664041 0.1590515 0.02586639 0.006179247
0.07685376 0.06756473 0.1606123 0.1628641 0.04381545
0.07299922 0.08342197 0.06742004 0.06736928 0.1231106
0.08157087 0.04463591 0.0640282 0.167811 0.1453358
0.160219 0.03987606 0.004332629 0.06612874 -0.004800853
0.0348841 0.04950407 0.06275527 -0.01529754 0.1354308
0.1101966 0.1461193 0.02397714 0.02285048 0.05159355
-0.0007007546 -0.01035004 0.02469555 0.03407339 0.03970385
0.01097633 0.05065894 0.06038732 0.04930421 0.00370484
0.01924819 0.00104539 0.02086352 0.03271823 0.04428401
0.01252031
