NA NA NA NA NA
0.1278466 0.1590515 NA -0.009492136 0.1251068
0.1402676 NA NA 0.197395 NA
NA 0.1408694 0.06766666 0.1097745 0.1048373
NA 0.03543148 NA NA NA
0.02717659 0.07412895 0.1099717 0.05799967 0.1230759
NA NA 0.02278642 0.1301132 0.1042314
-0.01114446 0.1036858 0.1386137 0.05841498 0.1153969
-0.04436717 0.1487975 0.2727681 0.03766583 0.08424372
-0.02586648 0.2898022 0.14444 0.04166108 0.1566064
0.02009861 0.09154458 0.1674577 0.03326465 0.06885309
0.2177682 0.05141631 0.0739145 0.07078151 0.06977028
0.0332475 0.1770918 0.03490536 0.07537663 0.06980471
0.06955688 0.1724336 0.134058 0.03682229 0.04299796
0.2504698 0.06905918 0.08609879 0.1026554 0.01228183
0.05460852 0.09036972 0.07515206 0.1657237 0.03835038
0.02117274 0.03736344 0.02095931 0.06733969 0.0639086
0.04577651 0.0008685349 0.1353494 0.0009714554 0.03575464
-0.005299461 0.03161357 0.009933684 0.0320098 0.0001762359
0.05736471
