NA NA NA 0.2826458 0.1522437
0.1246181 NA NA 0.2623943 NA
NA 0.1706968 0.1987224 NA NA
0.1099102 -0.004587641 NA 0.0559047 0.2257774
0.2040262 0.1976736 0.1810916 0.02483563 -0.05232209
0.06006825 0.08992041 0.2741676 0.03341234 0.1704199
NA NA 0.08315672 0.2085939 0.1554946
0.0117099 0.1459776 -0.007850004 0.04216661 0.2174752
0.2539313 0.09900831 0.1398064 0.1323129 0.07533574
0.2065385 0.04112652 0.05235447 0.03569449 0.05629786
0.06846666 0.06620134 0.04709584 0.18042 0.1846171
0.03441558 0.06837955 0.1032636 0.1357943 0.1607301
0.2276115 0.1187939 0.005370618 0.06984124 0.06947783
0.05818456 0.102285 0.06921298 0.1211481 0.2354899
0.05645245 0.1084062 0.07610153 0.07792404 0.04981885
0.04651095 0.08326355 0.1033162 0.03075495 0.06108522
-0.005246684 0.005999227 0.00781684 0.03496016 0.04938217
0.04255088 0.0146682 0.05268619 0.001696536 0.06287796
0.07907356 0.05975831 0.08360238 0.05523741 0.09167825
0.01155512
