NA NA 0.05450111 NA NA
NA 0.1985228 NA 0.08944328 NA
0.1939246 NA 0.1503228 NA NA
NA 0.200011 0.1729155 0.03398049 0.0466114
NA NA 0.1344765 0.1813975 -0.04042819
0.1484474 NA 0.3020781 0.03884381 0.04991276
0.1712725 0.1926325 0.2617025 0.2126264 0.173982
0.1565538 0.2679341 0.1122881 0.1263012 0.2142011
0.02891856 0.08248048 0.0815302 0.03243324 0.139916
0.07668284 0.08195015 0.1637707 0.1035761 0.02606221
0.2328115 0.2895822 0.1647141 0.08445937 0.106012
0.02945048 0.05836945 0.07486671 0.1028538 0.0788696
0.005675357 0.06664196 0.1125461 0.1065268 0.0801972
0.1366554 0.009912741 0.0945239 0.07410534 0.1527128
0.1377864 0.04607734 0.04328169 0.04096988 0.02567067
0.008064594 0.07814345 0.03630789 0.126033 0.03039189
0.02696951 0.01806615 0.0558155 0.06024243 0.05059946
0.06351095 0.02215909 0.03474163 0.03620455 0.02535307
0.06198613 0.01353955 0.04892727 -0.01130403 0.08942387
0.06199095
