"quartet" "wQuartet" "cluster" "phylo" "mutual" "shared" "clusterNorm" "wNrqs"
"mb49" 0.735577128266082 0.774914310749169 0.221366693559051 0.498026318614361 0.163063929344606 0.108110754844714 0.135027339903446 0.139013100167377
"mb50" 0.784392885036416 0.824703547975622 0.237355022372699 0.599928453132906 0.18057932333488 0.101169162167714 0.13730478897381 0.185506440192369
"mb51" 0.793653349409914 0.833421818942356 0.241418065086652 0.486892260098562 0.173028767716739 0.117142370511107 0.167593311335314 0.171765949453679
"mb52" 0.8875 0.947260273972603 0.269549323402315 0.887422453855815 0.216276261886384 0.109601450190693 0.147591753309749 0.240250599503864
"mb53" 0.868192298382208 0.919770894312367 0.267532203043565 0.760956458991535 0.208320998701549 0.138142968482341 0.171156195134293 0.22611210402347
"mb54" 0.8 0.885617732974397 0.248975678374245 0.79981418355833 0.196371856723856 0.0955833167357549 0.123583089551519 0.20255041313551
"mb55" 0.802901832523403 0.781131628787879 0.218485686452648 0.58049657332163 0.157044011409817 0.0908300945123602 0.114922160235325 0.155519181811735
"mb56" 0.729350583738682 0.750712373392245 0.219020460734276 0.32288223853823 0.148782173990053 0.0960175306520089 0.160712785049355 0.142146521624699
"mb57" 0.8625 0.896792493999564 0.218327614726099 0.862329860961095 0.172708086521988 0.0857133165829178 0.0878179612057543 0.166532564826354
"mb58" 0.652880213005077 0.71264258319695 0.215955186697939 0.12550787542663 0.14056228424475 0.0954572870014228 0.168449885343761 0.134240651659657
"mb59" 0.7 0.810454510615467 0.226055185897935 0.6997521045995 0.171589585377939 0.0796567280629808 0.0968357437950455 0.155133667676035
"mb60" 0.730769230769231 0.811442512001259 0.229223368297949 0.727248643270389 0.17688373744614 0.0867045205406631 0.0985314663290868 0.161773263367858
"mb61" 0.752261310948321 0.755174704397502 0.200637307770697 0.610079571715434 0.152296466383059 0.0918896669060645 0.0955297681293259 0.140946464586861
"mb62" 0.726953005644092 0.695630153680579 0.183178583171574 0.510509655599498 0.133008823860651 0.0824513279853681 0.0922053781513244 0.105756954864863
"mb63" 0.74658452929542 0.687574613622431 0.163854308545147 0.609936369111152 0.123451210273983 0.0688498043789255 0.0538384720637823 0.0906419060379762
"mb64" 0.651723510968679 0.696906899813714 0.212765125459572 0.087357026691116 0.1303420553268 0.0589429310869743 0.173646548822711 0.127212700671799
"mb65" 0.750432739834394 0.755884586180714 0.214569324690017 0.474401066562879 0.153698604677186 0.100597833929612 0.138068083283156 0.145034788343292
"mb66" 0.675 0.687813296080204 0.178907298867615 0.500618687414198 0.131674857495985 0.0626503096292913 0.0418159471047889 0.102022190631909
"mb67" 0.666053470987281 0.64252683501023 0.184836348315393 0.272370438196894 0.122658884246614 0.0679572309621847 0.113122636656305 0.116086946541238
"mb68" 0.708860759493671 0.800660066006601 0.203275982763666 0.708576581770784 0.15107733012261 0.0695758283589341 0.0689095270506867 0.134476403805056
"mb69" 0.75219499236 0.761637129416913 0.208146125525303 0.542237571780194 0.153001772699985 0.0991337990843312 0.120390539322118 0.143141001371098
"mb70" 0.721518987341772 0.707825639265488 0.178706433149677 0.72118744369357 0.133433244642138 0.0644085467287161 0.0401003849322264 0.0988524809017254
"mb71" 0.612456975845261 0.672514111821082 0.196715290513473 0.1371238734718 0.12258540605512 0.0575479174869836 0.156548450664199 0.115653679703002
"mb72" 0.709448610836483 0.671596029090093 0.16642934592677 0.512671429794142 0.119319677156974 0.0776906228186421 0.0740543784967764 0.0739599297253379
"mb73" 0.7125 0.770393920595533 0.203919538228887 0.708639017861926 0.159329933502001 0.0760177456154482 0.0710042821735529 0.145765369229222
"mb74" 0.608834859110531 0.67290550816251 0.199129548602075 0.124564135091236 0.122970786099533 0.0554955185874617 0.159331895212734 0.117495771987667
"mb75" 0.650702881209764 0.709519805075792 0.210838869553078 0.128682368896438 0.137160164888042 0.0942815609013211 0.161006722827511 0.132858240006407
"mb76" 0.703806806437817 0.662733429099118 0.170198552230762 0.575898271196039 0.125051969243898 0.0731456240619886 0.0607145562025034 0.081175365612513
"mb77" 0.720663028183941 0.713773796192609 0.196789256932045 0.545062942668206 0.142865460471959 0.0825950267653508 0.0904499784235986 0.118945616084613
"mb78" 0.64200962667531 0.658756633813495 0.175569811215106 0.250398305594167 0.122895437353975 0.0748434999865333 0.0843490974777067 0.0959842891978026
"mb79" 0.652204726122817 0.688888139262807 0.20624084673248 0.113009635391842 0.130204599372853 0.0771079835249105 0.162479198714013 0.121087944262369
"mb80" 0.717948717948718 0.671615549912092 0.174278306513597 0.717962314540586 0.130624543613461 0.0602620780836553 0.0346571076975026 0.0861110552967139
"mb81" 0.644681627065972 0.606467519193076 0.163732818853977 0.260185833460244 0.109338931380162 0.0613832539105601 0.0963772482407604 0.0887242304054162
"mb82" 0.784810126582278 0.743391945547362 0.16299998059078 0.784692554448515 0.123898293061699 0.0591102321752047 0.0223749880844688 0.0776723107450416
"mb83" 0.76541425454841 0.766251531995494 0.220775403996336 0.424116184303607 0.152442484040279 0.0956397336831662 0.15239363506578 0.148935177123815
"mb84" 0.602963073622205 0.656877679422039 0.188123634418974 0.137111299458988 0.116267904708143 0.0492247385630264 0.147165971427046 0.108613226600804
"mb85" 0.843223860826924 0.865263315044974 0.243563172761488 0.580317229720303 0.180272749621268 0.112662973953833 0.159690181102283 0.192244048663963
"mb86" 0.873417721518987 0.924064430180453 0.246764562092925 0.873267019860714 0.199658586299749 0.0986922165714077 0.119732397981615 0.226126647359956
"mb87" 0.650901743265419 0.697131244157217 0.208518005658772 0.128626639563431 0.132788096454364 0.082256596421966 0.163672204715762 0.125122601708022
"mb88" 0.634070061221274 0.647903458355553 0.166142430988259 0.212901802141256 0.114668761054008 0.0766033762537533 0.0931343298721972 0.0838900024361047
"mb89" 0.760629092415181 0.796954076850984 0.224001007845049 0.58213839167357 0.16877970507494 0.0961696231553521 0.122198881613323 0.156373789284723
"mb90" 0.761517289273898 0.791851067923802 0.223381297880213 0.556715003946071 0.165256733862279 0.0962662581003179 0.121191080536443 0.15174409116733
"mb91" 0.757648996464586 0.676061107766406 0.153349747213284 0.679234236148376 0.11547861944729 0.0729704966609811 0.0411246932088888 0.0659790708422989
"mb92" 0.603821726263408 0.641173737379954 0.179470649442314 0.149887702747786 0.116202917655118 0.0515089149024603 0.135327931033864 0.103228508530091
"mb93" 0.639401981846145 0.650586101002623 0.182820705419835 0.2105310837137 0.119937236856782 0.0635361170782583 0.133319969682613 0.104874417756839
"mb94" 0.631966524373375 0.644520040289629 0.165808499686596 0.21287077919118 0.112393850773388 0.0691926700175 0.0847782810230704 0.0873167486421116
"mb95" 0.65133971059078 0.672799823642975 0.189461347670575 0.198981863202899 0.118655727649698 0.070235748013246 0.140356510269914 0.109578846227181
"mb96" 0.835443037974684 0.868769968051118 0.191491535520476 0.835371998001213 0.150476522128346 0.0718098415374012 0.0565914605140867 0.136499178230256
"mb97" 0.784810126582278 0.881239351296775 0.243136598823759 0.784616369854356 0.193269441980637 0.0938342265595387 0.115492583487447 0.204766636993726
"mb98" 0.661063674906641 0.595513877931579 0.147275034676644 0.435058494828239 0.10297471927927 0.0581268410589594 0.0529761775162246 0.061341838489196
"mb99" 0.709328166497152 0.727173725317112 0.203706436180842 0.335256034587247 0.139615680412503 0.0873587750814288 0.139628004812443 0.134031627927751
"mb100" 0.606154010200743 0.651969741931789 0.184804763684809 0.137096072376433 0.114357748452844 0.0487510192640867 0.1431993967441 0.10532255288347
"mb101" 0.725 0.709195305243604 0.171497864196059 0.724784440419611 0.129979103532754 0.0614586218126733 0.0331694177501094 0.0956513713172992
"mb102" 0.771631978946188 0.79439035980164 0.223986580746225 0.398977266625631 0.154041946050987 0.0987140949614877 0.155934979758424 0.14978132949454
"mb103" 0.632484894626946 0.639557330988742 0.16311648273288 0.225392589731838 0.113588451828203 0.0718255838053031 0.0818247716874212 0.0833826529904955
"mb104" 0.8625 0.940163775872074 0.238891632438313 0.860656157937927 0.192374500531696 0.0947873310265462 0.11181539025137 0.204316453246268
"mb105" 0.63928982489825 0.656818078693473 0.182999894969025 0.16110674181027 0.112923814764345 0.0607060433555003 0.138000573014956 0.100360097159005
"mb106" 0.631157893016047 0.654145529179414 0.18260039933945 0.161183747673973 0.111356161097129 0.0589296723690232 0.138641591460247 0.100502229403191
"mb107" 0.655900293446677 0.685712784389053 0.204279404371519 0.100404909341244 0.128082075006998 0.0679193748916011 0.16145118632753 0.117878611407377
"mb108" 0.701298701298701 0.689077840112202 0.185659211505862 0.70111982980355 0.144560343604369 0.0665717375990271 0.0465187920811341 0.114773561712628
"mb109" 0.647958694954852 0.688257072551708 0.208054600463179 0.087319270117526 0.128141095078858 0.0552214435666305 0.168456979013927 0.122362504273526
"mb110" 0.650976925414071 0.596432863745059 0.147794262934659 0.298129979997072 0.0954952786173281 0.0565389755504586 0.0792848170994392 0.0605315530385087
"mb111" 0.608951078739351 0.650684903569656 0.182084421230502 0.137275753287602 0.116000884268538 0.0492736242181694 0.139727179963644 0.104383014990592
"mb112" 0.743589743589744 0.70676323774102 0.173363938784719 0.743630975428812 0.134302440225341 0.0642925022746891 0.0335881296205241 0.0876992044620285
"mb113" 0.649256622600897 0.699653575812653 0.209414719371272 0.127036663588913 0.134392402991659 0.0855787802667861 0.163175997707168 0.126131505238648
"mb114" 0.622028876891298 0.585181678191922 0.152926500501682 0.237575253818036 0.0925645995574071 0.0592857764863563 0.0896764924971037 0.0734407654485752
"mb115" 0.687784401264121 0.678846981356763 0.187183449718629 0.234850035897959 0.121310952923604 0.0702355995008145 0.135875057599406 0.104171031256594
"mb116" 0.609981535323844 0.648260466136487 0.18085917557107 0.149867554386453 0.116184767313455 0.0490218495205905 0.13768941168187 0.103071110373236
"mb117" 0.717948717948718 0.590549426055946 0.145890701943432 0.717771189091987 0.110169925907686 0.0510563723388377 0.00100247641665826 0.0485295119988278
"tnt1" 0.647127850525355 0.692210324831358 0.194938813511406 0.125717497506035 0.128094654814252 0.0809398374120627 0.141568493437448 0.119626708683401
"tnt2" 0.621262569185007 0.616908473909408 0.15747790521531 0.192599932332232 0.10684916656955 0.0649090705464859 0.0755524420373188 0.0815318891814801
"tnt3" 0.645829246730078 0.701215361752327 0.203783551610416 0.113109010399907 0.133287218468504 0.0884236448647861 0.153473122530743 0.126952694564994
"tnt4" 0.754560466889113 0.698571063114425 0.162246750252902 0.646166318261469 0.122532321595135 0.0757914111578132 0.0517135935386717 0.06995652061593
"iq1" 0.703316726323185 0.637729298817075 0.161384814607327 0.435257353010122 0.113283434414229 0.0696376997380117 0.0796708964539916 0.0810856778656984
"ufb1" 0.622744195962296 0.632217655772954 0.173783011411632 0.172870132582877 0.108605019885367 0.0524826912170552 0.1282798613161 0.0926325456406878
"ufb2" 0.7125 0.693128607208973 0.165125594105125 0.705127984096472 0.123676460311559 0.0571132506539413 0.0257332201399577 0.0659786482821148
"ufb3" 0.657717784810466 0.67661333812691 0.181395861754886 0.412042133328825 0.127146417583527 0.0824100463526395 0.0908197829371416 0.10066262533403
"ufb4" 0.665451574939631 0.722001926448559 0.213952039462925 0.236263603880759 0.134791466994845 0.0963368589234826 0.158908267864211 0.13676340813716
"ufb5" 0.769230769230769 0.815662752386584 0.213501103465554 0.76605757914932 0.163352752107007 0.0806532739427138 0.0800289738674796 0.145576616701704
"ufb6" 0.599142444461247 0.548846466607208 0.139580293560506 0.197034852834523 0.0879849872981092 0.0493620318578734 0.0824721447093717 0.0566234674831792
"ufb7" 0.747525344606249 0.748518498745395 0.199528019969256 0.581920382470281 0.14896904626448 0.0890384350559456 0.094515319721087 0.136997971068359
"ufb8" 0.65 0.596701649175412 0.163737703073079 0.649939672852921 0.118788851000203 0.0519741195144499 0.024113603923386 0.046621503428404
"ufb9" 0.646137564503304 0.685867120850944 0.203851822300814 0.136020169860493 0.125485661492723 0.0528231120430377 0.164434816016187 0.11901129120162
"ufb10" 0.665243344956448 0.615271747267555 0.153193934174803 0.499596644552203 0.105675206069271 0.0623373601975331 0.0415015264010204 0.0781113749783515
"ufb11" 0.679723474284758 0.680519934180892 0.185290024641651 0.338005120707773 0.129103904838683 0.0674682462898901 0.106017860564446 0.105103910313486
"ufb12" 0.721518987341772 0.666700120433561 0.160603961783549 0.721249879784712 0.120118280698217 0.0542420915023878 0.0189428403008214 0.0792743508140425
"ufb13" 0.612806070490532 0.651338657282079 0.180004046626575 0.149030435146515 0.109927946901861 0.0527009658733692 0.137539679757845 0.10254847541604
"ufb14" 0.62090262626584 0.663124791415295 0.185135695091794 0.149066373632687 0.113863391871174 0.0478593223968124 0.143547217997844 0.107254473179982
"ufb15" 0.672362128182467 0.725962509927022 0.207891683215943 0.273594375551355 0.134125018804212 0.091551352619258 0.144179672015369 0.131962272174193
"ufb16" 0.721572754815376 0.732377589239927 0.205660727533678 0.28543815189417 0.139584741555088 0.0804130731199018 0.150009733391389 0.125974250061777
"ufb17" 0.63399963032344 0.613646015193696 0.147268949736858 0.433280854554219 0.10274377255338 0.0650528051476317 0.0528011115158323 0.0743385096275905
"ufb18" 0.75112559498753 0.781638304850053 0.221601249279127 0.370772130510238 0.152375452404082 0.0956514813452911 0.15327533976186 0.147043322283161
"ufb19" 0.650188172223008 0.681681908458628 0.203779520079255 0.173034887078932 0.127120732715544 0.0626080720065941 0.163129231121367 0.118368903853713
"ufb20" 0.644483609835235 0.681335848496565 0.200999023646275 0.165202477869245 0.126317894379408 0.0591729755425004 0.159618050287078 0.117323103825444
"ufb21" 0.720332438458246 0.644948097495638 0.170673558714204 0.42213133819091 0.113042327855713 0.0643728704569184 0.078235447282588 0.0944915296643002
"ufb22" 0.617689023736192 0.615022368730869 0.15458678431341 0.486907914907891 0.110234022663809 0.0642253698182107 0.0436783117878296 0.0715456956422847
"ufb23" 0.644314331438728 0.690835420936765 0.207428480538202 0.12717470963221 0.127978849544064 0.0535908017155482 0.16780036490703 0.122810261409786
"ufb24" 0.7 0.643146109699878 0.157914472108627 0.695903283756855 0.117308532372147 0.0540431782157925 0.0173181141586262 0.0748136076457904
"ufb25" 0.78880946467988 0.74046447488012 0.18047622394792 0.623077515759786 0.134256647325123 0.0734056874587759 0.0729641475882959 0.107421497755054
"ufb26" 0.639425411307979 0.556935457686867 0.146303943843453 0.27144087753039 0.0911809081619642 0.048548441469336 0.0776888407594772 0.069174203201846
"ufb27" 0.682310750711415 0.723218652143967 0.209393109227506 0.260077582114234 0.135748007316819 0.0901503334831901 0.156981014940306 0.129896342011775
"ufb28" 0.677784467432699 0.718596533643603 0.204351818427895 0.25983594145181 0.135217831682861 0.0880372664673723 0.148593453216877 0.125375033899293
"ufb29" 0.719352826113522 0.757714770070511 0.217178321930347 0.334527376419426 0.146050445881622 0.0947487773834532 0.154157810122017 0.137285057898023
"ufb30" 0.628205128205128 0.426789937647818 0.130290712681478 0.627994105414434 0.0906410688492097 0.041363582339694 -0.0170311393339289 0.0160387112348613
"ufb31" 0.634301348338162 0.543176150532759 0.144098886572293 0.332935617282872 0.0912488800585961 0.0553751706255528 0.0603874916461334 0.0647171165248709
"ufb32" 0.646778824233387 0.68605212442139 0.199309979900361 0.191001387816771 0.127209852273105 0.0691337806022952 0.152505924644235 0.121037236165497
"ufb33" 0.667777255460998 0.68467073765087 0.189671396404679 0.449642838893153 0.130291506500266 0.0715885465160518 0.0833656207189331 0.114644333037335
"ufb34" 0.639066623992222 0.593136908547069 0.148913302012333 0.349202552375688 0.100769489487876 0.0621020881648331 0.0661315791595594 0.0589318628095921
"ufb35" 0.628993673790155 0.576748662165906 0.143995034580284 0.24822087958735 0.0900998674643254 0.0532372867879931 0.0801412319536523 0.0569027616964734
"ufb36" 0.751794971812637 0.644129280839465 0.14703652900008 0.570064295071864 0.10352488458323 0.0688900289435872 0.0518331337600611 0.0573352805668382
"ufb37" 0.615898678030656 0.562950244713157 0.142626461580772 0.285461752608864 0.0930650478673181 0.0592984514319436 0.0735530449704419 0.0567140111418128
"ufb38" 0.540656957749747 0.514827810052836 0.132454148929883 0.136415606999078 0.0833570302787222 0.0463451132154296 0.0776292031110543 0.0479482429737097
"ufb39" 0.575759284673634 0.62753716168716 0.179913560820358 0.0996845735742643 0.108704978811771 0.0501207377765487 0.139311496673476 0.102556934454744
"ufb40" 0.666666666666667 0.634563886763581 0.16257102794509 0.666498533901652 0.119558866770821 0.0533290920142009 0.0207172051868375 0.0760745936507847
"ufb41" 0.648162273436341 0.535884582467294 0.132547812954296 0.409937677824631 0.0940630138330185 0.0488400650373375 0.0366203413706564 0.0487880815563778
"ufb42" 0.642831820342413 0.585414122048888 0.150381850882071 0.309970729121179 0.0982970173900387 0.0623325986027358 0.0758015426779512 0.067858832435482
"ufb43" 0.69620253164557 0.682251512890657 0.179479835877072 0.69602815593914 0.140077006695666 0.0674038783840755 0.0416422922911112 0.10569179993541
"ufb44" 0.648530619504015 0.703651306216757 0.209336951687967 0.21331685887967 0.135640015938331 0.0887489416611847 0.163118880898736 0.128587758322653
"ufb45" 0.756100252489404 0.752701295904082 0.205061392153268 0.466375565813707 0.144433148937951 0.0927978452355674 0.127748770743853 0.137915753798198
"ufb46" 0.695994504016321 0.681012147633306 0.18355714010441 0.410172580198618 0.134256276058738 0.067481643049121 0.0927487825410529 0.115004626437648
"ufb47" 0.712269011233508 0.694040259946109 0.182205891864812 0.39976036997609 0.129731262837202 0.0620208000412219 0.0917194404355135 0.111885035388037
"ufb48" 0.646529580418779 0.678352442477046 0.201533765822076 0.172969677252696 0.127089900115142 0.0616430444280699 0.160167437196557 0.116762027166706
"ufb49" 0.671632841948955 0.611848500379986 0.147574327022512 0.435060348561961 0.1022045816117 0.0607738205672382 0.0533085671998276 0.06227515807001
"ufb50" 0.644299551712465 0.583753967420712 0.145972307882106 0.322831834846495 0.0959226003135518 0.0540855269431757 0.0711334012298506 0.0632212648291796
"ufb51" 0.643423121519117 0.676259690046048 0.20251985768368 0.136024250335938 0.119808533629658 0.0573853470548337 0.161807624834104 0.118820101826976
"ufb52" 0.640364728075275 0.673179921344562 0.201293654217829 0.135996557455283 0.120207303505198 0.057525203929222 0.159917857718423 0.118329863293774
"ufb53" 0.654088828960093 0.574555099846929 0.138556471992693 0.397894132525122 0.0929765898643135 0.0585569692498949 0.0549142669938996 0.0515482149511666
"ufb54" 0.625 0.57854685708329 0.168289050269578 0.628249897449151 0.12327032552008 0.0543219803835755 0.0294248535506932 0.053822999689502
"ufb55" 0.611276947651446 0.634994646622256 0.17602364843404 0.149132041681781 0.112702384360229 0.0541431557865469 0.129361178013223 0.0988844718024779
"ufb56" 0.642707247737403 0.594380600948867 0.156348084336337 0.334465686922753 0.105465384912677 0.0568032390917761 0.0741433916629441 0.0819722437786552
"ufb57" 0.631675074016138 0.6402018324528 0.163470831611328 0.29435236332485 0.109161659774094 0.0695687482819015 0.0962179259319825 0.0860629415936403
"ufb58" 0.640980060677392 0.660400559368621 0.182839888542046 0.173902479697624 0.11379064247638 0.0570255833024797 0.135076772466313 0.101626590852831
"ufb59" 0.645597146622675 0.700816214487366 0.20119455601358 0.216930627035911 0.131395418372979 0.086866423721377 0.148276251576484 0.126825455181349
"ufb60" 0.665474960712648 0.689443839853371 0.186057049501268 0.512088093702941 0.135351091889234 0.0770125675800488 0.0792771131485288 0.106541136375681
"ufb61" 0.7375 0.772447372189603 0.210228925621156 0.737298506155565 0.162214801136707 0.0777168434787518 0.0783670980583769 0.154540890807052
"ufb62" 0.582259753784949 0.618740503081048 0.177537728618754 0.111794537051227 0.109262888191471 0.0514384141279808 0.136042345628362 0.096003946246603
"ufb63" 0.740791075052995 0.771528026285826 0.223183512831656 0.374084367720597 0.149391569843642 0.102100957270718 0.160701476369523 0.145295861333818
"ufb64" 0.751471482643487 0.750345638372913 0.21473376566044 0.378701048166829 0.149397880049352 0.0941057276176234 0.151531096428494 0.139811297722183
"ufb65" 0.62078408656652 0.581678047708841 0.152406479403031 0.200410815621268 0.0993812195070286 0.0527958128280545 0.0890805772107131 0.0772106182364787
"ufb66" 0.641540526029306 0.687974560862115 0.204995060532159 0.125600681625143 0.125936202716881 0.0539853768828893 0.165244607849172 0.120961110505022
"ufb67" 0.63920280173522 0.685619079145937 0.203673293823674 0.127183845053395 0.126522597483088 0.0597628176430023 0.16350423320785 0.12004948492744
"ufb68" 0.563209271573029 0.533284066160764 0.142846424444635 0.149585403649494 0.0903473930570102 0.0446262960179194 0.0887154412842777 0.0650575568953416
"ufb69" 0.746835443037975 0.777254324622746 0.208830025152016 0.746658911903712 0.163976277268729 0.0783613483773524 0.0759229612426465 0.161048459939775
"ufb70" 0.747405603977069 0.757192348245218 0.184707074890804 0.572181346641056 0.131189080894094 0.0787209516967699 0.0774331746248914 0.115191608926321
"ufb71" 0.602047206844791 0.645113265058258 0.181178294105532 0.124686622406864 0.113211215471852 0.0479573288191673 0.139387417252893 0.10317877271751
"ufb72" 0.671116709216485 0.720675105485232 0.206342940386886 0.248544144778039 0.131845651960029 0.0901968093957042 0.147116907257176 0.130472235988662
"ufb73" 0.600709464859348 0.639550923276721 0.178004552247093 0.137293814089402 0.113882338011214 0.0514291845610859 0.134684346075914 0.10168006682501
"ufb74" 0.693584802587176 0.708048489990374 0.20281545967559 0.2604263889136 0.132709386307567 0.0826338592588646 0.146965127554691 0.12607362660054
"ufb75" 0.693132503275888 0.700233670857906 0.19658770119288 0.248112256235376 0.129974661920125 0.0765151587041616 0.143350305095802 0.117012539444361
"ufb76" 0.73245843197411 0.730528295307363 0.203583293709569 0.404114908042639 0.14378636990352 0.0940214580451848 0.133692810963911 0.129678042483049
"ufb77" 0.730224791024331 0.749436054291722 0.214811704965019 0.315103965558188 0.143896339157825 0.0939881692723876 0.151626924174683 0.140673145492942
"ufb78" 0.725 0.641309106830123 0.151046650396234 0.72484469749422 0.115647576204148 0.0504652738604797 0.0093036265936212 0.0688511238823792
"ufb79" 0.790989875501259 0.836255642081246 0.240003315699616 0.504157913840086 0.175904397407396 0.108080919146185 0.155501319782835 0.18877230094922
"ufb80" 0.64220664402954 0.691691775273234 0.203317483303158 0.203151700403082 0.132632846444249 0.0822626949068963 0.156720782504333 0.121648739092246
"ufb81" 0.62560061369535 0.564742839118355 0.150949855307275 0.212583425202524 0.0998353431449169 0.0473876172879394 0.0876810469729634 0.0643802739859019
"ufb82" 0.653012271293929 0.597088181473835 0.164742493488709 0.237842139966453 0.111685143589315 0.060725965778978 0.0976758237246706 0.0802981604832455
"ufb83" 0.598506885698734 0.544203541176111 0.14237766214995 0.209240981535268 0.0902808902409445 0.0514290881911213 0.0821901036307524 0.062840333177205
"ufb84" 0.64757183646149 0.617605652334088 0.175424914271362 0.273472262202259 0.118307815821574 0.0660235597745712 0.10324324677875 0.0974864291415107
"ufb85" 0.775 0.622935297211994 0.141157312968368 0.774846309161031 0.108817330339295 0.04990441255925 -0.0022368552594181 0.0703791630637005
"ufb86" 0.69043213028161 0.631012634499306 0.159343305643275 0.538474582825317 0.113229303257589 0.0650586832748773 0.0490588339086008 0.0603490492717496
"ufb87" 0.64862166095214 0.648723931340022 0.174122507813032 0.196965224821037 0.110566595134262 0.0551163227163136 0.125858283202817 0.0938227129795279
"ufb88" 0.614537310774659 0.659647900506665 0.186280425583527 0.13652413422039 0.112872094901813 0.0474480233276104 0.145229776110521 0.107376395523326
"ufb89" 0.703043468286332 0.715285279148298 0.199569191317152 0.27287273247152 0.134511221951916 0.0751517151717331 0.143491427332235 0.122578583374214
"ufb90" 0.638950466307593 0.655209989986452 0.184347694068458 0.437052115544886 0.127438107927117 0.0706135862774774 0.0773435099791815 0.0991230684102736
"ufb91" 0.634575137813128 0.619031625921048 0.168211026833231 0.210904794031345 0.107819608554916 0.0585322299862155 0.113054667660728 0.0941793400494711
"ufb92" 0.606049860436655 0.589372475248369 0.147507546527713 0.261030923326522 0.100433128600696 0.0565512898791333 0.0838892147157002 0.0664660021657496
"ufb93" 0.639614529409321 0.647051197690064 0.179456957714782 0.198043273228755 0.116857114675419 0.0612253964104598 0.13150155233771 0.0991540313543696
"ufb94" 0.620727325370743 0.640177797245794 0.176037299038596 0.173122954026472 0.113271961562717 0.0555193196037603 0.129380187010286 0.0949866569351805
"ufb95" 0.634086818533111 0.659721958711208 0.182448097898027 0.173902479697624 0.113529675522212 0.0556579348462371 0.13466208160758 0.10282704185289
"ufb96" 0.685029894864762 0.670017258709959 0.17976117744403 0.325541125396573 0.127550405011202 0.0652896834949909 0.0999510505389919 0.0994019145200964
"ufb97" 0.603951252514686 0.629286997310302 0.172686194646774 0.160564946143017 0.107932793162358 0.0531987491875096 0.128197373898085 0.0913380047608386
"ufb98" 0.810126582278481 0.825208085612366 0.195691001874 0.810026821096241 0.151920353997075 0.0741945415601061 0.060937833622871 0.1416032211775
"ufb99" 0.697618955379118 0.627804620169906 0.149005512197809 0.437177335298523 0.103198872215103 0.0637499607162914 0.0662327582527105 0.0582617869617019
"ufb100" 0.613775744424891 0.664108382440295 0.190689497516931 0.137111299458988 0.118452884990181 0.0492255455462292 0.149861277578779 0.109966708423138
"ufb101" 0.768028029525812 0.659789072510431 0.161069514012448 0.574606205616673 0.114171240491121 0.0577879574035827 0.0510115009253718 0.0881244977436775
"ufb102" 0.639994059101865 0.6759058918351 0.199466092496845 0.114525186329684 0.120894606408229 0.0480398878729404 0.1594448952318 0.116541786223221
"ufb103" 0.775 0.679003473469877 0.145074036232008 0.771957633534545 0.108242635603513 0.0507032724858816 0.00233381229815277 0.062006687196598
"ufb104" 0.693918361564732 0.722136578568993 0.202159065378255 0.284458226542249 0.133328251821086 0.0812414864569034 0.142572175653555 0.126108842136929
"ufb105" 0.6 0.473560876209883 0.148526159580156 0.599814744138091 0.108237455518508 0.0445567842034615 0.00636230936828897 0.0453352676177997
"ufb106" 0.6001952088382 0.658539553117181 0.187179415165241 0.124553409071087 0.116608237417407 0.0476810050350522 0.146535750631753 0.108206685153106
"ufb107" 0.654580861138081 0.615404470240254 0.162290188329115 0.312891351346443 0.111116064321244 0.0579213631727423 0.088958732979729 0.0786940009423095
"ufb108" 0.615677040059426 0.629401242072429 0.178932434209554 0.100063286330085 0.110805377400982 0.0451848785333522 0.138130550172526 0.0962692891497429
"ufb109" 0.622249369301629 0.639889767059888 0.182889324540975 0.087461225815286 0.112609753233329 0.0454356252759654 0.142433413974964 0.100436666681334
"ufb110" 0.651687006895098 0.700551195102746 0.200243827046106 0.248596548141362 0.131201238686291 0.0870808659170941 0.147262539857307 0.124965899897582
"ufb111" 0.640020280626608 0.592344048393808 0.157037590917894 0.309420976727873 0.105549750609124 0.0619817078545804 0.0749000831528508 0.0790944374857615
"ufb112" 0.648741962516895 0.696637345339296 0.195497852304312 0.242379902797407 0.129090770256881 0.0831410509587257 0.139161808332925 0.121396054007667
"ufb113" 0.691494704761697 0.648308468836853 0.165574662205058 0.382095321233357 0.112724622260047 0.0717051402281423 0.0841598738227507 0.0855647469604521
"ufb114" 0.642815059493649 0.59532233465204 0.155735779233628 0.296936802801606 0.0985004214651078 0.0625584783511055 0.0815367301244702 0.0743482064570004
"ufb115" 0.619269507718886 0.58406162664014 0.153118168041817 0.261335000950411 0.0928639145583023 0.0609851059222015 0.0849598209451236 0.0727649764806122
"ufb116" 0.587232264990819 0.558300294805327 0.143392278297962 0.16163836361129 0.0848674569393155 0.0431435114748483 0.091500292796243 0.0620241751885203
"ufb117" 0.642977947733918 0.681460104304773 0.200619631724435 0.165173454600957 0.128025570033717 0.0583565132494595 0.158486768160065 0.11795468751132
"ufb118" 0.64568966926578 0.683223901181268 0.186678365080236 0.276671148489622 0.123177716937255 0.0769826019731133 0.126063455357742 0.116718159705759
"ufb119" 0.684837082105635 0.675114180309692 0.183346253254704 0.209988631072986 0.117751711564234 0.0628934925337048 0.133907070593207 0.0980060270060681
"ufb120" 0.618358823140434 0.650106172447167 0.178195696101718 0.148986751905548 0.110496441293691 0.051222296631825 0.134886423345903 0.100470050769547
"ufb121" 0.623474600248752 0.627868506504558 0.158010728013282 0.294389105484233 0.106118368022032 0.0632472659406986 0.084220501179403 0.0840392435879394
"ufb122" 0.570371656271327 0.54139654022742 0.152115981293074 0.149545038747254 0.0952284744990452 0.0505326790435244 0.095941446076313 0.0754903372506725
"ufb123" 0.739315588199102 0.760612174972399 0.213519727044786 0.332185253539635 0.143120558893857 0.0902018786841209 0.150204682613451 0.134881327117282
"ufb124" 0.667751941269351 0.687650963259727 0.189960828286462 0.259560517862282 0.128095601886537 0.0706560205471094 0.136249821198298 0.115170187488112
"ufb125" 0.643029393568758 0.665283014141313 0.185972419585833 0.211351331536933 0.117858560564794 0.0740540602111453 0.134545144724303 0.108278408784915
"ufb126" 0.646110518481138 0.598321891685736 0.148492771251313 0.486981141906415 0.102824174099894 0.0579109104307757 0.0367848344309631 0.0734191525383258
"ufb127" 0.640528641323881 0.678585175661628 0.201729294746608 0.136233541558631 0.126854353475283 0.056062279504044 0.160396023104443 0.11749599499506
"ufb128" 0.61960090458579 0.651643775530281 0.177519171204369 0.174338999004218 0.114443160330439 0.0560548641812526 0.130921831645464 0.102782059426338
"ufb129" 0.748712500340549 0.788044158211747 0.227352249039431 0.383856967213333 0.154302810533559 0.106029787077149 0.159595796447346 0.153157030570224
"ufb130" 0.633100328288796 0.6422031302397 0.177157671657706 0.177729868168892 0.115975335047643 0.0589495818048514 0.129039819268576 0.0995432481794466
"ufb131" 0.608179985570057 0.633821927835604 0.172400507532479 0.161164830136245 0.111322038572926 0.0540817666092419 0.125513172023691 0.0970944432463496
"ufb132" 0.594273710597865 0.628728972365219 0.172992470016777 0.1493610064447 0.110865728680543 0.0539511759965475 0.127423364381887 0.0986589292126639
"ufb133" 0.638378175210235 0.677163550674474 0.199975703018641 0.136216528755083 0.124578298798575 0.0596002382942859 0.159149755964435 0.115184750624446
"ufb134" 0.65863740069801 0.662774165544611 0.181622744825824 0.222553535696992 0.116977866491366 0.0668218638908211 0.132079223148713 0.0986338998758361
"ufb135" 0.609006533760437 0.637388730076104 0.176370860479038 0.160649977251147 0.10989803797386 0.0541227512100585 0.13298024562097 0.0936740019021509
"ufb136" 0.638366709861698 0.671024996519101 0.19662137215359 0.1364394246298 0.118763871328222 0.0570291210111705 0.153414460823171 0.11452868483835
"ufb137" 0.641459367240589 0.679295566070668 0.203506417731387 0.136465466268105 0.1254719641355 0.0636935790029739 0.159633435029186 0.123187657749191
"ufb138" 0.597636761162683 0.54432874489589 0.139939211929094 0.222100917262523 0.0839844927388399 0.0509815968958018 0.0797405685047578 0.0582011360792675
"ufb139" 0.708860759493671 0.740722852773082 0.187296360113078 0.708576581770784 0.141264280911232 0.0658790344995891 0.0503148026648717 0.106505114914472
"ufb140" 0.626790303762711 0.586443788041532 0.15878238977252 0.241333578342957 0.103781523096259 0.0500735745510738 0.0909377735139043 0.0845605532889377
"ufb141" 0.652047684665377 0.689690210580443 0.203501028559157 0.190473381751837 0.129329341461673 0.0674556516068197 0.159610027597015 0.119642578311125
"ufb142" 0.666029828290198 0.584297281665703 0.141683723542978 0.574750282028499 0.103656667019669 0.061297791961873 0.029082518121341 0.0547175622509278
"ufb143" 0.593499803120052 0.555138404780227 0.143598649982042 0.174712000665322 0.084404267084836 0.053252428602868 0.0894921944924288 0.0598868797149531
"ufb144" 0.67948717948718 0.54960362400906 0.142729814098809 0.679268197759647 0.103351116628627 0.04687879387621 -0.00248495284239008 0.0457301257206925
"ufb145" 0.70074340171278 0.59687000228467 0.142070638365368 0.597177118827051 0.10359048484734 0.060706479558642 0.0284260586134687 0.0489953815178564
"ufb146" 0.584415584415584 0.606341259908219 0.188931202797763 0.584116595684766 0.136084976389849 0.0618760629624989 0.050349844453042 0.0831748403966905
"ufb147" 0.641218893249704 0.682854842220467 0.198337350131998 0.17324917262955 0.127773242147615 0.0665349453178596 0.154174498449376 0.117339193363489
"ufb148" 0.598901002798934 0.633363444745559 0.173067581725777 0.149386594281662 0.110504985709566 0.0504342795250788 0.128580392013565 0.0972363640993072
"ufb149" 0.650078379007118 0.565861076859844 0.147209798812721 0.334051542846285 0.0949082463621114 0.0594302561836819 0.0720507816783387 0.0662537340188584
"ufb150" 0.605900553615684 0.660899114448498 0.186641808470353 0.137111299458988 0.117793565633789 0.0492247385630264 0.145609390096462 0.107688003478873
"ufb151" 0.771295195661172 0.789840055263298 0.217133700863181 0.459125228074952 0.159012200179259 0.0892171072887728 0.130223272302552 0.16409248846776
"ufb152" 0.621504420454182 0.641997490015578 0.174836918219717 0.161426583306643 0.107260078364483 0.0474225818884961 0.129386362022521 0.0944290271171221
"ufb153" 0.625220464349158 0.585580184316009 0.14431673921673 0.298902718200607 0.090989181661036 0.0593112718751854 0.0691141157641936 0.0625806185012899
"ufb154" 0.611479700107936 0.645084405191263 0.174189957666851 0.161774740840175 0.11117118367042 0.0498409809782973 0.128686835036038 0.0991136406367421
"ufb155" 0.607306090569665 0.615801716037402 0.15476192678001 0.399601602024774 0.109024885304626 0.0623996149503637 0.061238883390742 0.0694092754445281
"ufb156" 0.648479188060906 0.619771389416638 0.148855153416092 0.449522495192292 0.104343552442572 0.0650977429013854 0.0546785433701552 0.0750260028352414
"ufb157" 0.592840010709914 0.638934591867332 0.176803909588821 0.136701481427896 0.107765342931646 0.0446622290131855 0.134790200626871 0.0996042947974132
"ufb158" 0.625924153839187 0.557974233673923 0.149968296019602 0.459131083137192 0.1049363329395 0.0577495974251933 0.0381254079860962 0.0596300675879997
"ufb159" 0.639914588589278 0.552595513001033 0.137539307772215 0.422497159459574 0.0946855007730247 0.0592366475422744 0.0421638222051609 0.0513018081055927
"ufb160" 0.598034727317286 0.63899125742945 0.178703059011181 0.137293814089402 0.1132976158492 0.0500121462399086 0.135419665035392 0.101465320548738
"ufb161" 0.658802764838422 0.61109124547193 0.156747303705921 0.33465082086801 0.0999805432834267 0.0660803989347342 0.0826371534890156 0.0773513263500454
"ufb162" 0.666253957076073 0.592888483674283 0.143439565238715 0.382738426722518 0.0962304995487991 0.0601325536610888 0.0601604797447818 0.0586351183611019
"ufb163" 0.609800178410757 0.507515321669463 0.146338650059427 0.377032983864911 0.0941924434398356 0.0471358431427203 0.0333200770053717 0.061060255229857
"ufb164" 0.610029141286024 0.635575683051915 0.171282851958283 0.462087848033532 0.118357895590065 0.0700672628338586 0.0625647111253211 0.0770306129593279
"ufb165" 0.605523683463432 0.531801460461643 0.136253901553336 0.267430437369659 0.0863476398653476 0.0535181753447056 0.0665225162333737 0.051649232876996
"ufb166" 0.603307904710389 0.629640607133294 0.173153564765722 0.136627151713593 0.109748812261943 0.0474538264168183 0.127610288290014 0.094508290743408
"ufb167" 0.620496551770395 0.552645906879534 0.143050495050954 0.247625755582012 0.0901970439751477 0.0561982321390865 0.0741563331939416 0.0619855062698556
"ufb168" 0.582573797929521 0.563311603859283 0.148127177333661 0.14919611582709 0.0863069895750335 0.0455073267240881 0.0998889806076243 0.0635995627611965
"ufb169" 0.637620254020157 0.683264821883456 0.195747924695457 0.170258032982923 0.127102898777555 0.0657929868857455 0.147015670383893 0.119444058707751
"ufb170" 0.719425859604054 0.720401773697706 0.194672284583404 0.516960548042486 0.141297000565393 0.0920651625101195 0.105262545746381 0.125930633878321
"ufb171" 0.599726463505363 0.661459279231453 0.191851681808622 0.115066889937903 0.119198798791834 0.0502782779438574 0.151839536646608 0.109715184299541
"ufb172" 0.681062961752968 0.724495509580773 0.203893840526583 0.255312247362973 0.134977214790406 0.0836628675198618 0.144485045248276 0.129041652374686
"ufb173" 0.635319724014192 0.553787776374121 0.142235947630388 0.271873006845622 0.0877860123874934 0.0498665420127057 0.078263249687103 0.0618183667756427
"ufb174" 0.598983351060506 0.553560857096727 0.142711399701391 0.190447071541763 0.0903282480996017 0.0502144747986253 0.0826130129739001 0.0656051226784564
"ufb175" 0.6125 0.414225477141589 0.135282704302639 0.612206894275426 0.0957197286507586 0.0413213265585414 -0.00909230085373177 0.0180098277990715
"ufb176" 0.600883186854342 0.639082576129751 0.178560732588513 0.137275753287602 0.111985420684402 0.0476879854858952 0.136021010716282 0.100399288412532
"ufb177" 0.689900222959063 0.588337025377949 0.138256262032552 0.526011534148661 0.101400192953497 0.0688648421183262 0.0419528515773607 0.0438793039979831
"ufb178" 0.65530536234307 0.596517915503001 0.146999068141938 0.386856121638547 0.0999056957588326 0.0631243652816189 0.0640311555882685 0.0561237264857673
"ufb179" 0.5875 0.436649435594472 0.146725447024268 0.587362336926146 0.10590014749687 0.0441248450155303 0.00426094608431319 0.0276064908293241
"ufb180" 0.672418904788988 0.681807154294261 0.188551389129556 0.222988915375985 0.122005825673533 0.0668156223872685 0.134781474014396 0.109276014403224
"ufb181" 0.585492070270635 0.531676922361548 0.139801534623899 0.162424152353182 0.0885696000502494 0.0448380186150328 0.0828743073313948 0.048158411055862
"ufb182" 0.774000809091638 0.784105386536208 0.211819521320617 0.632550807160046 0.159127099557495 0.0986374202990068 0.108182321695615 0.154946729073942
"ufb183" 0.722713086450144 0.745837270178591 0.183654565516307 0.485064896489282 0.12866546042861 0.0855526906960096 0.0931389648052228 0.111777386954679
"ufb184" 0.743996790582903 0.767696719910353 0.19644308164759 0.466377645043965 0.138392340142002 0.0960768732846357 0.118301369943915 0.126741130691981
"ufb185" 0.593390201968817 0.635599338568869 0.182725980360479 0.111929811198364 0.110350741102923 0.0491833454005912 0.142114829616726 0.101647454583161
"ufb186" 0.682804967431642 0.70372739344293 0.19264486658274 0.287716350572644 0.127356919832969 0.0762003331689575 0.132425547033168 0.118721910320137
"ufb187" 0.666322038493485 0.687594864884034 0.188055956169337 0.296215146144697 0.125288633573037 0.0806837509857722 0.122791570426514 0.118870697231628
"ufb188" 0.708505437337315 0.726847844060345 0.199356790410081 0.338796229888889 0.133808935211573 0.0885948001663808 0.135001579611252 0.129261894075366
"ufb189" 0.660990329095581 0.681801533305236 0.189061353333062 0.216409636141387 0.122278720133012 0.0714506651261044 0.137866392634254 0.110266848750846
"ufb190" 0.762560946572691 0.772295912133266 0.215592825067295 0.555120859276445 0.160026419787048 0.108338693337566 0.128505743237086 0.149580214182392
"ufb191" 0.646522045645962 0.666492654870499 0.184183153284758 0.291673456024086 0.131195520698653 0.071366325609784 0.104621160964015 0.100466410879728
"ufb192" 0.617555324137939 0.609342017612755 0.171399759279464 0.124490853397877 0.106191621545473 0.0453897926456823 0.125780713908571 0.0864995622038172
"ufb193" 0.624036045493358 0.584752916049955 0.14988567830298 0.237530485752841 0.0906145204512541 0.0553696927622657 0.0903208308355269 0.0681115265626885
"ufb194" 0.608088422438302 0.5710715802574 0.145644211021938 0.187289971179326 0.0864396215636939 0.0522215285821386 0.0890142932926833 0.0629098521091601
"ufb195" 0.613493215092403 0.596531700516005 0.159640131659483 0.283319096772383 0.106063199382648 0.0652467963448854 0.0858915523414754 0.0883722459019286
"ufb196" 0.645939813611277 0.674747651211896 0.195471424909866 0.170318706516577 0.123531147035479 0.0612981709474136 0.149883353131897 0.11504927282601
"ufb197" 0.750106917587661 0.756128910903505 0.186766136491985 0.529519345199439 0.133283492014267 0.0900325231597327 0.0964328979721893 0.114679547077752
"ufb198" 0.7 0.756674757281553 0.203492869496011 0.69993848162093 0.152357484598347 0.0720251500071053 0.0705063759381821 0.121946581894618
"ufb199" 0.660537300054166 0.714971306096775 0.211312422438809 0.204060959025989 0.134787688247783 0.0908065470048014 0.159027566133179 0.132934447034238
"ufb200" 0.612029468410891 0.565160745521443 0.142734985245491 0.321516737300779 0.0876434137288551 0.0575166528469048 0.0590917320956861 0.0613106608724988
"ufb201" 0.616894013508022 0.576592042030004 0.146461140472904 0.261502644168757 0.0893110834741533 0.0537567150683753 0.0827283714401336 0.0646533112360977
"ufb202" 0.658179690917961 0.663334487652455 0.179375669388395 0.19767980112065 0.11484447615348 0.0589374156129634 0.131440959874859 0.0948526143877799
"ufb203" 0.758019183818412 0.647943831494483 0.145371216931354 0.640797848801521 0.105962309756628 0.0607221659438837 0.0327764226580612 0.0596320259619609
"ufb204" 0.615099412953073 0.562011574536021 0.144267994143221 0.28183726971356 0.0931672267930768 0.0543095736070583 0.0692103279251043 0.0643263311770088
"ufb205" 0.631680758052807 0.644428705373771 0.176113730322186 0.173429647414959 0.109245402802596 0.0581516116478003 0.129458555509404 0.0958875604418148
"ufb206" 0.636010221618303 0.536235488283237 0.137211195977496 0.305170848753303 0.088453575617902 0.0481941245559506 0.0531771981829838 0.0593146842760049
"ufb207" 0.583347951889814 0.514195255722475 0.129713645679194 0.243783913943152 0.0826958491041534 0.0466459611275547 0.0533439055224832 0.0483673161719898
"ufb208" 0.670071476979562 0.560976360502339 0.154763791065977 0.449571619585272 0.105458765714064 0.0490453888527032 0.043878539786752 0.082845670276688
"ufb209" 0.596315154020929 0.652994928037215 0.187515282457492 0.124553409071087 0.115022469053437 0.0476810050350522 0.146888412377551 0.107413269988262
"ufb210" 0.599094287239226 0.629481563803002 0.174442899305868 0.148149846809245 0.107160353220299 0.0533833991086853 0.131702863112304 0.0921204743519817
"ufb211" 0.666666666666667 0.580392156862745 0.148471571456877 0.666370637884293 0.10733466219796 0.0489471607336136 0.00422941265054248 0.0565189462074355
"ufb212" 0.624951180851114 0.6360414998021 0.175159001719187 0.172962033783911 0.10900160419728 0.0531250232562431 0.130803156233184 0.0920233327074928
"ufb213" 0.59668710849378 0.640226204265177 0.179430036517048 0.137275753287602 0.112272464237325 0.0496578867365881 0.136935333124952 0.101768665074014
"ufb214" 0.718911879146027 0.716132572826889 0.192541484038977 0.428246929333526 0.134888716304779 0.0888174784558492 0.11401122530944 0.122536148908388
"ufb215" 0.716969138884076 0.751560713147485 0.216950692715291 0.306702134252796 0.142809856796886 0.0970207115265726 0.158468518264943 0.135997685819858
"ufb216" 0.631155191504837 0.663102950666739 0.192432947342598 0.114902846692089 0.118951641535451 0.0515662488657803 0.15063062515417 0.110638120270573
"ufb217" 0.677770306808024 0.647481363901224 0.19177048795718 0.294458337388423 0.126088094228748 0.0786350587642738 0.112805526800742 0.124801834149473
"ufb218" 0.594832193583661 0.555426430822867 0.142013755132495 0.198149126283143 0.0859246144172198 0.0418830013011376 0.0851503877271337 0.0634799096058681
"ufb219" 0.727319283580927 0.751171661603044 0.213332667562839 0.322677264140645 0.146799271393775 0.0970986221392644 0.150028867354321 0.141503575252485
"ufb220" 0.671988183388772 0.578116434601469 0.146479856886312 0.41009882476743 0.0979056559583608 0.0557226295759443 0.0520930647410884 0.064976897200076
"ufb221" 0.658227848101266 0.668473689129825 0.169414404020598 0.657947244929098 0.119791487459301 0.0568948851794131 0.0302588794364468 0.0686839347310152
"ufb222" 0.640791686181143 0.686467088488054 0.190800930304108 0.251586783991145 0.124338553400491 0.0811322033703798 0.134198428640697 0.118848723996911
"ufb223" 0.628399108535068 0.653715685773334 0.180435376159262 0.15084778929552 0.111431405776992 0.0606162165506319 0.134022745571944 0.0999009009733168
"ufb224" 0.619611115407597 0.648109001653058 0.17835557088636 0.150897959319961 0.109216470812172 0.0589494401177653 0.133098824524207 0.0983209212056636
"ufb225" 0.59305632908161 0.535110942432125 0.138664246720761 0.221750257246371 0.0842189768193929 0.048019411550963 0.0744251685965804 0.0583992916101572
"ufb226" 0.627078072411076 0.652015658140305 0.179657516095026 0.161386164711896 0.110336674839961 0.0550164331819245 0.133200834641236 0.0990773885564743
"ufb227" 0.658433969885785 0.609239148266019 0.157977771402993 0.320092767576536 0.104291214911098 0.0617533464754196 0.0759318739886172 0.0768635881009317
"ufb228" 0.596611893116058 0.635872741298301 0.174847902093023 0.136652060508561 0.106924244261747 0.0436476398569528 0.132116518768663 0.0977849242232166
"ufb229" 0.594818879357976 0.595480144520016 0.151245391705458 0.285249623953616 0.0981973440898264 0.0635680659203778 0.0768635662524648 0.0676241390771142
"ufb230" 0.609640831929524 0.640512605559518 0.172418570431509 0.186241304586777 0.111141396830819 0.0610606923832784 0.124023586731307 0.0990279009546648
"ufb231" 0.642497514312847 0.548981965786241 0.146253203866541 0.318859684814659 0.0953729080217243 0.0597968652998647 0.0708683002158378 0.062406158140072
"ufb232" 0.622836730353141 0.651055020632737 0.18206862159534 0.148733938869455 0.11000999283298 0.0499880133812848 0.139721315551356 0.100485731289319
"ufb233" 0.645019232424184 0.685014335923049 0.202334789378208 0.203262540254095 0.129878036203908 0.0779899553956942 0.157113159653854 0.118234251659327
"ufb234" 0.615176806329068 0.638126357393023 0.165640623533273 0.315838488727458 0.113283036750205 0.0790326870390921 0.0985178865029853 0.0852874266765656
"ufb235" 0.697956629572072 0.726425269931169 0.202707352458496 0.286104143135718 0.132153890041825 0.0842654317023381 0.143210016442376 0.129122926704452
"ufb236" 0.683617971889455 0.703938688726947 0.193096521508259 0.235797817000514 0.130033815267984 0.0731311897801543 0.139627785517589 0.113861369284487
"ufb237" 0.650675481421947 0.579573511077793 0.154920427415683 0.324323791049356 0.0996059572051093 0.064755610415192 0.0808415667084838 0.0716845504551564
"ufb238" 0.642560741222076 0.685215266700006 0.20445983370532 0.127183845053395 0.127143873128579 0.0490876041235464 0.164330300036124 0.120276661120882
"ufb239" 0.660817440219624 0.669399990330223 0.173876978792516 0.358651700620894 0.115615157735385 0.0778896851575429 0.0935605849140635 0.105730153188952
"ufb240" 0.618390744889667 0.558280082445143 0.140365680012966 0.260394365283149 0.0881798969825983 0.0499911755637049 0.0712590449343846 0.0584146431625085
"ufb241" 0.652335005081227 0.700039090192337 0.201933334505594 0.216693582432423 0.132010586918714 0.0848019175630114 0.151505995989269 0.124746889172853
"ufb242" 0.628205128205128 0.658569762922658 0.189606500779241 0.623181721111249 0.13414211329188 0.063288031133202 0.0519315184080787 0.0898557362632137
"ufb243" 0.716419915103732 0.73332513299917 0.182151272766803 0.550837626910576 0.12820483155471 0.0766921072302841 0.0742799252760795 0.106455233871285
"ufb244" 0.598172528973964 0.659283244065968 0.189223595011054 0.124553409071087 0.117734702526675 0.0457199002628599 0.148682146097408 0.110860399827691
"ufb245" 0.632958937146528 0.570998439594734 0.144969682020643 0.320909916597846 0.0949153194764078 0.059084064406509 0.0619802267980077 0.0686950367449246
"ufb246" 0.638040284001804 0.678507418272059 0.19669802454586 0.163102551610513 0.125049953982704 0.0666766551164614 0.154370723234091 0.115230380480916
"ufb247" 0.72012327608988 0.738559475107644 0.2027366584619 0.315103965558188 0.138669269211553 0.0865074016145251 0.13863582650871 0.131596931559103
"ufb248" 0.68079236213622 0.664932075530845 0.179271591577757 0.234979127830084 0.115018981350401 0.0608792179200712 0.12958573406326 0.0936568462581643
"ufb249" 0.655887011318598 0.656639417256181 0.178009654149458 0.222657838767937 0.113672774371241 0.0617061920070801 0.129995152286088 0.0922053868531441
"ufb250" 0.611958929369019 0.627320120269441 0.178318779422707 0.0873147134183509 0.107354937967971 0.0477738951389376 0.136872067792293 0.0966217011290949
"ufb251" 0.625537031305053 0.611892019055461 0.159685758386402 0.474534494969973 0.114473412034151 0.0685109535546829 0.0494462125056745 0.0751995530140092
"ufb252" 0.652555627026333 0.666086833830525 0.181976957345197 0.199040704414324 0.114443462797205 0.0513217666789504 0.134163402827423 0.101232943982918
"ufb253" 0.6642274175746 0.556193021916528 0.146473043493718 0.372879003435965 0.0972586623835087 0.0531406620680061 0.0635995011812745 0.0675445210297168
"ufb254" 0.639116338883314 0.677168592578959 0.196995553710146 0.163060495937625 0.126855572353453 0.0596038743573385 0.153789534876972 0.113968976527722
"ufb255" 0.670848507332674 0.601474377570349 0.167856778364953 0.338162448854124 0.110434159153579 0.0572049245208849 0.0748201360847758 0.0910874726933608
"ufb256" 0.648393629908757 0.692449239939994 0.201850136147918 0.18799287360688 0.130586558671654 0.0740178908334575 0.156647790780561 0.120923422479843
"ufb257" 0.669206909707599 0.577793282168843 0.149705792254547 0.360240450086391 0.0991693525458125 0.061784990967524 0.0750661389659835 0.0728893733504892
"ufb258" 0.640459024428005 0.671335067915597 0.196668913062277 0.124025543120984 0.120343598388843 0.0465389928275295 0.156944309209635 0.111593625501148
"ufb259" 0.622456810132407 0.565704283273931 0.13315977333039 0.358930629814816 0.0877472823180968 0.051890150622931 0.0488696549930524 0.0598382444659841
"ufb260" 0.599459694151624 0.564727498181056 0.145098289388398 0.186588828089695 0.0871913750240241 0.0436288592765745 0.0910919701847449 0.0640094075041155
"ufb261" 0.643858851658575 0.692680456924835 0.19762820567422 0.251645088261503 0.127046479597004 0.088903350210373 0.144523870974002 0.122990240023813
"ufb262" 0.647137411729313 0.686358101898699 0.199732651521159 0.197591035965201 0.128428519788526 0.0673434144052504 0.154389067627069 0.115039199262529
"ufb263" 0.564102564102564 0.519002961500494 0.154684323578173 0.563759223762627 0.108147318887015 0.0488965428792436 0.0114945556821896 0.054943729367703
"ufb264" 0.626415545816328 0.641291258030086 0.176291926773663 0.186471592055974 0.108200999998246 0.0528381190432439 0.128146081470675 0.0967613563961595
"ufb265" 0.572714238674054 0.613803512221374 0.173462763317453 0.111860702166336 0.108111006411076 0.0512609081121425 0.130657440267794 0.0946027506673298
"ufb266" 0.567991211591989 0.607091020445832 0.16979848995292 0.111818793249418 0.106639142393957 0.051561410527465 0.126043453418713 0.0903112441312642
"ufb267" 0.65945536813178 0.57663639139926 0.156333990588006 0.330612451140724 0.102187144670621 0.0591081047977403 0.0737170436087145 0.0804946823564741
"ufb268" 0.611569081511526 0.541099482059129 0.146171014778015 0.211230256156772 0.091230940514235 0.0549226789265815 0.0896219219248034 0.0617867386380467
"ufb269" 0.626033008221435 0.657473345242196 0.181288153309292 0.173902479697624 0.113506247990416 0.0628821861936093 0.133434338104953 0.101854993646699
"ufb270" 0.724523428596753 0.743133971506094 0.203177120243473 0.382554618362166 0.139552497200633 0.0877605476360858 0.125723442204002 0.136585935714814
"ufb271" 0.633694229968343 0.663420666477327 0.192712874639196 0.124025543120984 0.117894160237061 0.0467685585961459 0.152792645269581 0.108268015362978
"ufb272" 0.626992417462163 0.540907242411919 0.137065685515757 0.380813058458046 0.0892244360122872 0.0544876492114128 0.0409566723419845 0.0542619753858688
"ufb273" 0.613172992765199 0.545345351025697 0.139594528250651 0.24822087958735 0.0907970410963593 0.0453829696388409 0.0754124692774083 0.0587856006202761
"ufb274" 0.587471786772142 0.557607375714627 0.142734859877525 0.173478970527122 0.0849346690509578 0.0432816645092466 0.0908030489734922 0.0609633028168919
"ufb275" 0.600859156708063 0.652598619298693 0.18331946783228 0.136744474710129 0.112442401775439 0.0457516357398318 0.142119443510035 0.104988116019149
"ufb276" 0.780671571607608 0.80886266037885 0.22672907392216 0.446490305665938 0.160685219669419 0.0969437180164178 0.140989533490211 0.174134210767269
"ufb277" 0.632973937052397 0.674084820166927 0.187011499152287 0.248367843903781 0.121358600861403 0.0788346404795848 0.126421417112761 0.12086927674253
"ufb278" 0.671795057817409 0.595215894832568 0.153352366945583 0.351780289169936 0.0995223474513372 0.06041380314064 0.0706339107878097 0.0750942248881081
"ufb279" 0.684090395208302 0.590451599304421 0.161701482428326 0.368459426517061 0.108515339504396 0.058129440950412 0.0677718394488782 0.0863677684252227
"ufb280" 0.634723420394581 0.672226668204316 0.196314918523375 0.124058406729283 0.122004372369582 0.0449626156212121 0.156524762878009 0.113057125239849
"ufb281" 0.602597774233183 0.660731128139644 0.187964639436223 0.137111299458988 0.117926865277086 0.0470670509064814 0.146998955441102 0.109870390869644
"ufb282" 0.645103036514127 0.589741091916699 0.156582462952555 0.317613827071299 0.104816891231462 0.0600649327984706 0.0744006079231683 0.0716920138954359
"ufb283" 0.590244291405457 0.643484141047638 0.182464315238346 0.102181611349179 0.111077007512639 0.0435345905669307 0.141985718844887 0.103144123686417
"ufb284" 0.647987216101011 0.668828249181491 0.192021133505838 0.165092541602905 0.120882375503331 0.0533996206708139 0.147495371283552 0.110471995035039
"ufb285" 0.62774590428047 0.59403732235726 0.162399740819102 0.212812571781182 0.10408112113866 0.0530131852742291 0.0949367999374645 0.0924111623702458
"ufb286" 0.639292318815518 0.681989581476226 0.202142769357208 0.125612800185461 0.125086142338889 0.0495885375005872 0.16189547628171 0.118335622871275
"ufb287" 0.616172261811543 0.570385281803099 0.146636017836929 0.228752725497574 0.0970316702405752 0.0489041651855959 0.0828070122923919 0.0668365574545759
"ufb288" 0.59404149555856 0.558983084555127 0.138306720719371 0.273220520495069 0.093606274543852 0.0529456619621869 0.0689913697972291 0.0599666562560032
"ufb289" 0.717715807848549 0.71808204290544 0.19815717652791 0.310452802311293 0.133682899271984 0.0720759883782392 0.141980487525071 0.119648289535211
"ufb290" 0.6125 0.489644647918029 0.148116236472244 0.612267151350035 0.10926455976209 0.0474398813085314 0.00588394464239056 0.0381682453523779
"ufb291" 0.61733037282129 0.56107138428471 0.138824032207536 0.299093101251744 0.0926439592257767 0.0560235911563853 0.0633341770127215 0.0501035631675318
"ufb292" 0.631578947368421 0.409555579468417 0.129700174089451 0.631373512015701 0.0924917802473484 0.0415869146670912 -0.0201792738446463 0.0215880538373803
"ufb293" 0.646314607694043 0.691976594541223 0.201761480192946 0.181095281415754 0.129559428280061 0.0692143194127468 0.153394667495713 0.123825178415255
"ufb294" 0.616358073039837 0.641939609563841 0.185895368570589 0.0872342777740888 0.112575185803361 0.046823528075293 0.145442693838104 0.103974070966109
"ufb295" 0.5375 0.585884925975774 0.185458231514577 0.537299066735326 0.131723357618439 0.0549671222899315 0.0494606371443582 0.0710820013980777
"ufb296" 0.6 0.515686494996064 0.151792318864658 0.59975168416468 0.109209490665136 0.0447345634409931 0.0101737934264345 0.0342639368751369
"ufb297" 0.653300779222816 0.623332104313858 0.14818699909174 0.396968032298466 0.103134850762401 0.0652339270109063 0.0653581034788864 0.0779198352675952
"ufb298" 0.662072706923321 0.717120310049848 0.212310548457251 0.236295279461973 0.136486951914754 0.096465408478198 0.160128642947682 0.135161057345396
"ufb299" 0.632113540315927 0.642907723802289 0.175179939060622 0.186519786309919 0.108017738865551 0.0483389583222623 0.128469688671841 0.0948636493547245
"ufb300" 0.684105436305301 0.724911612317912 0.207135853773747 0.255373813572952 0.133944130439418 0.0870429417231894 0.151614772154417 0.131290008399299
"ufb301" 0.621465536039171 0.573504099894162 0.153613043192206 0.298113296919974 0.10095098516268 0.0529257899551012 0.071209906835097 0.0782009403378749
