NA 0.1694055 0.141892 NA 0.1696072
0.1511582 NA NA 0.1939246 NA
NA 0.1294036 0.1511582 NA NA
NA 0.2641202 0.07987711 0.03745485 NA
0.2793464 NA 0.2329282 0.2463686 0.1708765
0.1136661 0.07241676 0.07303194 0.07451532 NA
0.1171276 NA 0.1208903 0.09102921 0.2798343
0.05815476 0.113088 0.1304991 0.05064369 -0.04674136
0.04296018 0.1951192 0.06563157 0.2906129 0.1242395
0.2864129 0.05013014 0.200206 0.121105 0.1813387
0.1427357 0.01659649 0.1176986 0.02234497 0.05110012
0.1313554 0.08132326 0.08029115 0.01952357 0.06501728
0.1158245 0.01778332 0.0957516 0.01484578 0.03679948
0.1075066 0.1154086 0.07586941 0.106322 0.06549595
0.09616063 0.04409549 0.08876199 0.06356892 0.07724919
0.07100252 0.03670058 0.09306851 0.07064564 0.2164918
0.02507649 0.0149823 0.08233494 0.02831935 0.02716401
0.01723165 0.09006125 0.009222951 0.04770588 0.02728493
0.01542895 0.08429886 0.02507954 0.03459504 0.009544312
0.03176599
