0.04368168 0.08029339 0.1990511 0.1919305 NA
NA NA 0.1511582 NA 0.1273376
NA NA NA NA NA
NA 0.1464121 0.01164506 NA 0.2262768
0.2384426 NA 0.05615628 NA 0.3333041
0.2362733 0.2419418 0.1114169 0.04371803 0.2580951
0.1224461 0.09756056 0.1151632 0.2017159 0.09802374
0.1669284 0.1314642 0.1171102 0.09317986 -0.05942401
0.1973586 0.04156528 0.07783627 0.1332737 0.193041
0.1815397 NA 0.1997792 0.04567799 0.02256027
0.09694228 0.06991757 0.272951 0.06010509 0.05125694
0.1062722 0.09073908 0.1341717 0.2024842 0.05014324
0.1967648 0.01716812 0.1077061 0.05759457 0.1446857
0.1127136 0.07062511 0.0705573 0.07483328 0.04712385
0.0810698 0.08846013 0.1772605 0.05400623 0.1252337
0.036732 0.05215544 0.1347774 0.06418743 0.03514023
0.02265857 0.04214092 0.0062226 0.01501863 0.01153628
0.1047303 0.02856333 0.005926724 -0.005689756 0.01610704
0.0131997 0.03702898 0.03423073 0.03040862 0.0980855
0.0210408
