NA 0.1511582 NA NA NA
NA 0.1403978 0.1522437 0.1944882 0.2532155
0.2819882 NA NA NA NA
0.1246181 0.004542444 0.09856245 0.1246181 0.03133104
0.141453 0.1088967 0.1674743 0.298432 0.1706968
0.00236021 0.2443556 NA 0.1316197 0.2084291
NA NA 0.06495136 -0.005253291 0.05984726
0.07579903 0.2989087 0.09937461 0.1140923 0.07128132
0.131806 0.1689059 0.2515324 0.09347006 0.06566652
0.1654811 0.1387151 0.1123864 0.1088983 0.0862377
0.1728909 0.06136875 0.145844 0.0633867 0.05223185
0.1181369 0.2375836 0.05328525 0.1924715 0.03924534
0.1497086 0.03841462 0.1492645 0.0914626 0.07066324
0.0350649 0.0265335 0.1254684 0.05552851 -0.0006174019
0.07354785 0.03735423 0.03233251 0.008099606 0.1093321
0.1991022 0.03881018 0.09902144 0.03739572 0.05227214
0.02234389 0.009495092 0.004687564 0.05783688 0.01355621
0.01596047 0.05833646 0.04046535 0.01757879 0.02937268
0.01307736 0.1083673 0.02258761 0.04576575 0.07595173
0.04908779
