NA 0.1800425 0.1944882 NA NA
0.02316008 NA 0.2985731 NA NA
NA 0.1501498 0.08944328 NA NA
0.2246304 0.313935 0.1793344 0.2119988 0.1147674
NA 0.1066248 0.3391402 0.2021121 0.1034333
0.07796441 0.09747886 0.03429519 0.07728077 0.1021722
NA NA 0.1580365 0.08734611 0.1420856
0.2281676 0.1289072 0.1398385 0.1790713 0.1663225
0.1287872 0.05534199 0.08672043 0.05611724 0.2673381
0.01806252 0.2642055 0.0494558 0.07234563 -0.06526393
0.1351747 0.05224864 0.05435419 0.04826546 0.1941071
0.1338214 0.06100189 0.2075989 0.1558389 0.01881835
0.05315965 0.2026362 0.05692394 0.1418014 0.03561525
0.07123659 0.03758105 0.08238081 0.1820511 0.2196735
0.06175247 0.04226476 0.1101771 0.07892537 0.1057706
0.04830092 0.1289382 0.0696635 0.01083005 0.09051491
0.02011737 0.04841185 0.01430826 0.02883859 0.04427223
0.0393787 0.06153903 0.0388942 0.005281927 0.07561823
0.06457312 0.01707868 0.009144725 0.03483045 0.01770562
0.03264656
