0.3050568 0.1316197 0.1263012 0.1088471 NA
NA NA NA NA NA
0.141892 NA NA NA NA
0.14897 NA 0.1331369 0.09845953 0.1825364
0.2776632 0.1939246 0.02550548 0.3011636 0.09189322
0.1343979 NA 0.1195455 -0.02163883 NA
-0.01288356 0.135515 0.1297918 0.08350925 0.1072272
0.02867068 0.05907058 0.1202001 0.1597104 0.08569348
0.1556722 0.05366963 0.1125643 0.2090634 0.1065441
0.04205932 0.2271326 0.1335174 0.1751936 0.08308107
0.05418277 0.07960237 0.07190019 0.1588922 0.02419224
0.2067815 -0.01342005 0.09457069 0.03001207 0.148202
0.03296531 0.09535744 -0.04708316 -0.005112848 0.08568346
0.08566774 0.04531847 0.03957414 0.03561079 0.07199497
0.09398463 0.05911102 0.167021 0.1239843 0.07010324
0.2717857 0.1798759 0.07159021 0.004787083 0.04363275
0.01290262 0.03299747 0.05179863 0.02264443 0.02754497
0.086706 0.01780298 0.0394305 0.01297179 0.09294892
0.05294863 0.0062629 0.08408576 0.06707722 0.0337454
0.03973337
