NA NA NA NA 0.1316197
NA NA NA 0.1503228 0.01873022
NA NA NA NA NA
0.1976736 0.0439881 0.1677387 0.1202136 0.1374394
0.1351867 0.1027101 0.06162551 0.2188282 0.2196706
0.2608242 NA NA NA NA
NA 0.02302383 0.1700654 0.2388892 NA
0.02809822 0.1517601 NA 0.1165148 0.05286478
0.1075435 0.09423877 0.1468545 0.07706954 0.02089477
0.04798985 0.05359591 0.09488157 0.07020332 0.07821516
0.1524952 0.2618045 0.10113 0.1392391 -0.0349067
0.114625 0.1149851 0.1100256 0.05287412 0.07993246
0.1377281 -0.009447607 0.2318048 0.0630846 0.02613679
0.04643188 0.1382248 0.1123474 0.002231929 0.07217418
0.1330202 0.2125593 0.08530846 -0.009898512 0.07836845
0.1388533 0.03292307 0.06247492 0.03923883 0.08188224
0.01566917 0.02216461 0.0002538781 0.01977154 -0.006506766
0.0216799 0.06628567 0.04494496 0.005230127 0.06588494
0.05123081 0.03193062 0.03251551 0.03113118 0.01228414
0.07820561
