0.05054801 0.03881152 NA NA NA
NA 0.1033973 NA NA NA
0.155074 0.07625465 NA NA NA
0.3011636 0.1401955 0.06646975 0.1329139 0.09947978
0.06936393 NA 0.1439519 0.2253611 NA
NA 0.03726044 0.1652777 0.06966696 -0.04782693
0.1292205 NA 0.1217007 0.1156514 0.1347909
0.05078754 0.09228296 0.0895308 0.1233059 0.1627671
0.02361413 0.06153791 0.2298896 0.06000617 0.2249979
0.130199 -0.01770901 0.04661266 0.1165986 -0.001442972
0.1522563 0.06418969 0.0378338 0.2769432 0.04034934
0.0740856 0.1193723 0.02939272 0.04614306 0.06739014
0.1639214 0.05322841 0.06438274 0.02583496 0.02915449
0.05245886 0.08478406 0.07315344 0.08671971 0.06088099
0.03463941 0.01957965 0.03230566 0.02987658 0.03881356
0.1009391 0.05742905 0.06470873 0.1262846 0.1425777
-0.01408189 0.06115562 0.01786961 0.1037414 0.08697854
0.0002793967 0.01324408 0.02641705 0.005026024 0.01679378
0.02588009 0.04024611 0.003182933 0.03706449 0.1031059
0.01960894
