"quartet" "wQuartet" "cluster" "phylo" "mutual" "shared" "clusterNorm" "wNrqs"
"mb49" 0.827160493827161 0.909487644525051 0.256938681653314 0.827100133026309 0.211920102759694 0.103032646832765 0.136191620346039 0.228748158980747
"mb50" 0.633960587382066 0.705659305235322 0.225066003064959 0.0957294861348271 0.14744375410297 0.0805873184780429 0.186211935257949 0.14534311563901
"mb51" 0.771301980743668 0.772962126912465 0.2227516662111 0.623562497790668 0.170843579697864 0.103000918219935 0.121903336956506 0.162776133433502
"mb52" 0.727030664383036 0.789866585413629 0.234016599021162 0.527154974081082 0.170808149588829 0.102645700703032 0.135174972166219 0.189160207480871
"mb53" 0.744561916718224 0.750279010615381 0.210101607057909 0.441783336284307 0.151207001877479 0.07313016848177 0.123453907072309 0.164000781625065
"mb54" 0.700371866631103 0.754012302853707 0.224895093929506 0.490915553170173 0.169481283505707 0.09489662442288 0.125168931474973 0.173068186239491
"mb55" 0.847881397309936 0.858561720558584 0.219945884060789 0.758758307028115 0.173344398586467 0.111047487211079 0.119506987536034 0.174108491967311
"mb56" 0.761983293371053 0.814346859823854 0.242128146383833 0.597931704809429 0.18683000254262 0.11439829250892 0.14402623517666 0.200668588356021
"mb57" 0.719512195121951 0.822410147991543 0.25630773192109 0.719423733709037 0.20981399092701 0.102092386877442 0.135760106756037 0.217975526168424
"mb58" 0.903614457831325 0.931720973637141 0.206051389614542 0.903470695975025 0.170867434627914 0.085855440372496 0.0787762872013969 0.164754766631793
"mb59" 0.638551324170681 0.710449194918826 0.227501683286066 0.0836087044096067 0.149385364774789 0.0851077743235929 0.188539285402589 0.147443867606332
"mb60" 0.728395061728395 0.807810174240434 0.206440077618507 0.728073980854167 0.158566388749769 0.0763778740796975 0.0787048240718544 0.128752908343832
"mb61" 0.681335994176308 0.781132051554265 0.243818565421755 0.275863516525297 0.168749874518733 0.104505818261533 0.187922454012473 0.172042873291292
"mb62" 0.822784810126582 0.867567756845718 0.221436392837491 0.822761387601797 0.182664496222887 0.0895685105357975 0.0933421640012739 0.182780080462195
"mb63" 0.751366152106472 0.735862203517378 0.183381776293023 0.62227824199876 0.139251378291127 0.0843659992420295 0.0775509625758218 0.126531485411989
"mb64" 0.654320987654321 0.726285759568904 0.209037122822112 0.457371651010394 0.158350051571578 0.0744188849505406 0.0804280841821948 0.117639597420411
"mb65" 0.651439213474581 0.720764699134214 0.226256639810387 0.082825073071456 0.146708600382078 0.0869471798107684 0.184502819427559 0.142996668448963
"mb66" 0.819277108433735 0.851202580464203 0.21012209000897 0.819066999941538 0.169899004963387 0.0837149898277789 0.0834995472235089 0.168768800681649
"mb67" 0.666757715019747 0.768546547380532 0.233880184063299 0.292391723880767 0.163284225787465 0.104890962743943 0.172990138252459 0.165484207526543
"mb68" 0.710843373493976 0.808354309816994 0.216050582250087 0.71064986787854 0.171801589253289 0.077996770238066 0.090378415153019 0.151862656993019
"mb69" 0.784260487638325 0.764791481202493 0.168390623253427 0.595153053072734 0.122976310654431 0.0856123849587806 0.0772775137362021 0.0882723397247699
"mb70" 0.663375781024643 0.651320807044304 0.185659702734975 0.268912576331792 0.132050879820924 0.0823621565620429 0.0961954565307039 0.0963091838795298
"mb71" 0.829484022289936 0.788052373158756 0.186991822233827 0.698482216407518 0.141324552583567 0.0858782222628102 0.0823097975231213 0.125552492273887
"mb72" 0.782848034910394 0.768323610240586 0.196251050617348 0.577593894097437 0.14355292981865 0.0955052190218765 0.118964129626069 0.127956216844291
"mb73" 0.625957156766402 0.672129496269607 0.198189807912197 0.132620416436469 0.132235562641716 0.0668354429753407 0.157738420560947 0.117386435872557
"mb74" 0.629040551849141 0.614610257107877 0.165718005279974 0.234232321197893 0.117396862614977 0.0744193913892679 0.0850201720747331 0.0781884592962857
"mb75" 0.697196965735307 0.715475298126065 0.206662878246737 0.400341715645008 0.14948038305866 0.0869332561507408 0.119853216656042 0.148116667786439
"mb76" 0.64122227276021 0.709272927782405 0.225211359917122 0.0836159029780584 0.146775705178466 0.0733449573199302 0.18580424249476 0.145041287761428
"mb77" 0.680889153021369 0.649259840190968 0.171295408470932 0.371046990497449 0.116271536368807 0.0771271320563273 0.105306869502162 0.097892558269346
"mb78" 0.709273542067943 0.659135492544275 0.17106169075567 0.431060442332112 0.116618615521297 0.0761478489601693 0.0992094206058045 0.104598120360397
"mb79" 0.620826985997226 0.619432182047851 0.160548043120356 0.145496303968077 0.102088412276019 0.0653603491955342 0.107644783657759 0.076930229385203
"mb80" 0.624755697892905 0.680116243224208 0.204247784601587 0.132618097762175 0.136740158708652 0.0716609180111917 0.164342995522697 0.124435755783303
"mb81" 0.612076431877567 0.619815219406421 0.160014789669646 0.133302810822691 0.104184955163593 0.0603019723103019 0.109164893461134 0.0758745028527103
"mb82" 0.624781459275529 0.599329985967018 0.156783581601275 0.221831236591203 0.109411865698221 0.0679054717051984 0.0832926699053585 0.0688962043198174
"mb83" 0.722238320112049 0.770484959528724 0.220852524326488 0.40756710753796 0.155733440675307 0.098270031551102 0.1458531933748 0.172181122325497
"mb84" 0.65007919963816 0.655392884360836 0.179796349287541 0.248738713534037 0.117419053695684 0.0805088757422922 0.119069029418229 0.0960843138226373
"mb85" 0.718242717298539 0.770023675104717 0.216139688797719 0.455519990531519 0.155966025795089 0.0939092392369909 0.13035986457674 0.169292200730768
"mb86" 0.637663120109766 0.706634191988524 0.222552640095954 0.0846139120823705 0.143445534677463 0.0808578041694603 0.182585496443813 0.142704270405546
"mb87" 0.791080326273168 0.777726130470781 0.19685868726856 0.613870431530835 0.146951787107929 0.0902657598983246 0.109094720952752 0.139819672662033
"mb88" 0.707317073170732 0.70382217847769 0.173657362365677 0.703445750091347 0.139003025272234 0.0662694028064204 0.0402905898375529 0.0983376387964238
"mb89" 0.614457831325301 0.751239177846805 0.221743716065082 0.609372313522395 0.167576115304751 0.0770601782922839 0.0969841951769466 0.14432180267825
"mb90" 0.655064614939788 0.632652542895603 0.157397929771415 0.322658196528733 0.107099181678093 0.0663661931766719 0.0987715496350892 0.0745626705621932
"mb91" 0.769595433455034 0.737303863674709 0.161801132477271 0.62790096658922 0.116579496316366 0.0723339063150591 0.0533762094714726 0.0847802422777508
"mb92" 0.75609756097561 0.689262858497274 0.143066701459508 0.755864362153317 0.110242290311193 0.0505427103103857 0.00496408634097566 0.0589218169600967
"mb93" 0.753086419753086 0.756918892977124 0.18364413815984 0.752952658411713 0.1495126965027 0.0691718598080889 0.0506070877110726 0.129224298220727
"mb94" 0.7125 0.715003664537745 0.161255186264141 0.708639431338377 0.122107398082115 0.0559019819688521 0.023606096417777 0.0685028500145466
"mb95" 0.824679455513242 0.812134492101328 0.203798417114816 0.650084429765952 0.156079945157577 0.0942374906338963 0.116792795821002 0.146252585038694
"mb96" 0.855421686746988 0.880348078317622 0.191344419624339 0.855206043962537 0.156539915388773 0.0759649272147205 0.0617116947061536 0.155952530499089
"mb97" 0.670731707317073 0.764287481444829 0.225378595423018 0.67043630668476 0.17590038447965 0.0834643314277814 0.100243950054221 0.169092528805761
"mb98" 0.8 0.783314669652856 0.163851677673925 0.79722751953621 0.132673580485946 0.0638631874270296 0.0268461213138745 0.103663333740218
"mb99" 0.636041780077822 0.717963826736935 0.221467081433592 0.119076840280116 0.143268889524938 0.0824579813912005 0.174484452277569 0.14678240149666
"mb100" 0.725345398966036 0.686951788491446 0.188130206694103 0.450256673577924 0.135944265279679 0.0785680930519957 0.0986971017573273 0.115785930395411
"mb101" 0.680797110146319 0.64133978336313 0.163399071905265 0.33916051197924 0.110021856828471 0.0690325129989011 0.101440044693554 0.081848292433201
"mb102" 0.719512195121951 0.819746835443038 0.227109586404788 0.719225966255898 0.182422300622171 0.0866620287079523 0.102254570467041 0.188412308433655
"mb103" 0.691358024691358 0.6828927680798 0.162242633851986 0.683292871280403 0.118366340978587 0.0553683996802169 0.0251229310502519 0.0675948928444128
"mb104" 0.651419961829489 0.630495806568275 0.159883604814521 0.327119391614808 0.110289397898582 0.0682757918460859 0.0976168820927326 0.0815971266268119
"mb105" 0.653868895997278 0.713041738847223 0.223127899751944 0.0838879342186891 0.14414297198673 0.0791874425386578 0.181982289526288 0.13799205678079
"mb106" 0.719512195121951 0.706092823553466 0.154707787467259 0.719243242611384 0.118073007335371 0.0527548495160459 0.017691479560016 0.0647590680746087
"mb107" 0.827160493827161 0.791422650689251 0.163374385805764 0.826938970884644 0.133894905220395 0.0636572375953619 0.0264399221888078 0.109128581176367
"mb108" 0.754008164865403 0.737088737088737 0.161235795391904 0.645227030931917 0.119395801051746 0.0747983292911567 0.0521740981401761 0.0824509858514312
"mb109" 0.730536320402589 0.794196105806387 0.209390642232088 0.602067937512462 0.163324354123682 0.0941131512865442 0.107592664561341 0.145826568004046
"mb110" 0.618084704340367 0.655932495682609 0.187880006113743 0.132623322887051 0.124785707741132 0.0634845138679297 0.146559611986172 0.106632861902629
"mb111" 0.658213446968699 0.706744548286604 0.206246007517069 0.155297617944619 0.136200150185211 0.0706483652798618 0.158363549316577 0.128123045753765
"mb112" 0.620441136552781 0.612893181634191 0.156709004106198 0.147231415408862 0.102257708656103 0.0639223145509208 0.101056979070753 0.0764144459600244
"mb113" 0.606182514046357 0.646405219502587 0.181713194722636 0.122316353382456 0.119791505579906 0.0602078481868187 0.139618475432674 0.099941597462771
"mb114" 0.826581455202996 0.798533970550245 0.167666197764793 0.723120267263899 0.130645690463116 0.083159797172599 0.0599999482395536 0.102627137380956
"mb115" 0.774704167112501 0.748503626505176 0.158689195692628 0.632551416550761 0.116298502783394 0.0723090732636905 0.0493488630384379 0.0788229909542808
"mb116" 0.74390243902439 0.71349975365413 0.176495414289038 0.740652056333738 0.142240016728161 0.0673369199048156 0.0432188595710968 0.113376178440891
"mb117" 0.771084337349398 0.670403126285479 0.144486513264616 0.770742902940684 0.113302746777169 0.0523236573149754 0.00734216259031974 0.0699819386266593
"ufb1" 0.740740740740741 0.664594127806563 0.145040172642141 0.740682037715131 0.111771952279027 0.0506996905767828 0.00784255613305811 0.0573119829270305
"ufb2" 0.643565691386311 0.622679008141659 0.153281397535348 0.311801732563939 0.102662946937069 0.0654757864936539 0.0974936598345506 0.0686758265911818
"ufb3" 0.74390243902439 0.628851388132825 0.138815074897462 0.743713098479598 0.105923803727128 0.0493219668676235 0.000952317908185998 0.0534408500051111
"ufb4" 0.721479941240315 0.692308113225099 0.178383089138395 0.432062870579425 0.120564149947802 0.0784298094021115 0.112937480824777 0.097140041140273
"ufb5" 0.731264636349552 0.644244277332452 0.138025063028113 0.624204195922069 0.100334128329299 0.0603116507755342 0.0267994525948546 0.0453116795722255
"ufb6" 0.631503660474203 0.724006520219183 0.225067612733014 0.132323178214136 0.147001160358217 0.0902528836443311 0.176438855237634 0.151380843474777
"ufb7" 0.7 0.664697193500739 0.15166751990887 0.699652987247355 0.116498624429169 0.0533125128525632 0.0136732028472814 0.0626065007651618
"ufb8" 0.638181069787206 0.714659075156626 0.218557698997806 0.109677643408352 0.138953389781278 0.0801874694764303 0.172954440243382 0.143154490890122
"ufb9" 0.632178951018501 0.703056888814433 0.220745560936754 0.084612819272195 0.143371629979341 0.0803058000134584 0.181118407670425 0.141134266261198
"ufb10" 0.605845900733724 0.617946046479589 0.158384362515322 0.227394154686129 0.10514644516727 0.0582337457642344 0.111879570792126 0.0750681760883892
"ufb11" 0.707837600055862 0.645341254890596 0.165971818179098 0.506519664120068 0.115173641668094 0.0596748953524459 0.0577454920428846 0.077808386062345
"ufb12" 0.72289156626506 0.638011327879169 0.143028814930701 0.719225966255898 0.108509726552021 0.0491769748704479 0.00565078577607308 0.0489839042833291
"ufb13" 0.669521284711737 0.752933659946544 0.224215236584921 0.208726208295769 0.15249207127455 0.0790232971814247 0.170328270451005 0.154531251207612
"ufb14" 0.649696342722163 0.656182610485249 0.185532606904592 0.303743219442134 0.130314262486867 0.0743090886554224 0.107156690490001 0.118870503023832
"ufb15" 0.634628923642273 0.709457108056377 0.216439062407286 0.0852873661845985 0.137298280577792 0.0737158353551912 0.172059606361786 0.139814522619093
"ufb16" 0.756591259743009 0.799236046540849 0.193982908848998 0.650069081225744 0.148298035722816 0.0919868567181512 0.0902010486407142 0.139236437110266
"ufb17" 0.637496008370542 0.736672603508429 0.217967835154144 0.362061097429963 0.154389435297921 0.0889111549911544 0.132388069630949 0.159366888265299
"ufb18" 0.671010070995374 0.76921995403542 0.22881929388574 0.325231323051388 0.15880537891928 0.103522146872345 0.16209339653759 0.167411521957332
"ufb19" 0.699659563655556 0.657728037221585 0.166963244760831 0.490249220003743 0.122547847946913 0.0686118632154849 0.0755027945794718 0.100516152530137
"ufb20" 0.698886663807321 0.659168275463287 0.178385352309883 0.333794261009125 0.122146220822185 0.0550825278498396 0.0991410252375719 0.122342976995851
"ufb21" 0.712732364560409 0.744656586365966 0.207181844708445 0.399936851476432 0.145248031660263 0.0773804523089019 0.120471348756806 0.157753787473092
"ufb22" 0.661756628682736 0.753673742021671 0.22495686416496 0.275801544502911 0.156462697423779 0.0891796699026219 0.163377759670181 0.156056692925563
"ufb23" 0.614350697405785 0.578130641004893 0.145104883499402 0.289694256224028 0.098195701327048 0.0610012821000727 0.0767086904954409 0.0601670114300701
"ufb24" 0.732182159849865 0.693263790395144 0.171378571584824 0.526615975523185 0.127574461451207 0.0759349323006195 0.0804028872634108 0.107370995790208
"ufb25" 0.64358891312319 0.643574375340546 0.177949311541891 0.278165241425286 0.121077832275935 0.0764647910718727 0.106774698617035 0.105545824820498
"ufb26" 0.632752245257042 0.703142655640893 0.214630860253526 0.0946732453436403 0.137649110331777 0.0739105873591129 0.170170231678737 0.13657330230289
"ufb27" 0.640330536934665 0.706942355272892 0.217175290087005 0.0856871469990503 0.141294797401643 0.0755769046707262 0.174000975409709 0.136229389733421
"ufb28" 0.616156600136283 0.661349183854203 0.191457503839448 0.191472068569127 0.127498209195347 0.0569418848286342 0.150666471217408 0.111580262414192
"ufb29" 0.619486557661964 0.615831038722728 0.158770333631238 0.242741959997927 0.105049112039017 0.0610134921686675 0.109590646724302 0.0747682258330378
"ufb30" 0.710843373493976 0.568153808232684 0.132289349064193 0.710591774027663 0.097896787781184 0.0455049534817952 -0.00681028599810055 0.030942033441853
"ufb31" 0.727864106296523 0.598932859048466 0.130836942868148 0.609451777407125 0.0927978723704069 0.057368422364715 0.0186838077257968 0.0387754709968529
"ufb32" 0.633417361383972 0.69020194448658 0.212296847386233 0.0957129043611599 0.139628154229795 0.0715954398695707 0.172941453938235 0.132513812807172
"ufb33" 0.857792472905335 0.8260964433777 0.192142020019131 0.731466592252448 0.150184217251572 0.09379094617883 0.0881994701681058 0.142284942517684
"ufb34" 0.728804277768682 0.771443939555237 0.221067471536629 0.376234339214008 0.15412131632892 0.093704201924052 0.153696854343927 0.165916059563703
"ufb35" 0.683871764934218 0.764050425335656 0.223821519425062 0.334694723065549 0.156173451691363 0.0959071584094219 0.16215220896736 0.162003905223639
"ufb36" 0.746367205860517 0.69251168720782 0.168465877494317 0.553819926549811 0.121701007673118 0.0753423596766397 0.0775992621662662 0.0985754037797032
"ufb37" 0.692373720444623 0.639854347433858 0.1484898635181 0.432288293703702 0.102112918271231 0.0693626766180503 0.074713710004984 0.0659055946233689
"ufb38" 0.759801819308156 0.816857091274856 0.214254953261371 0.565814719608807 0.163763610537568 0.108065585168683 0.128391979060415 0.150926500653391
"ufb39" 0.670731707317073 0.522154055896387 0.132696176553744 0.670556641487537 0.099518400807769 0.044830816148208 -0.00707774321834433 0.0288235802708303
"ufb40" 0.683611808609819 0.778414292164246 0.234060377640056 0.292490796981532 0.162076962839935 0.0970388610117178 0.173204569929203 0.168892521767329
"ufb41" 0.63393855707014 0.606865155845019 0.17042437690304 0.455672354572297 0.120620499090692 0.0650887011435774 0.0631745880997968 0.069774156976971
"ufb42" 0.644703429769431 0.624459672517579 0.157653360610572 0.298674910027622 0.107885611736837 0.0665902175547123 0.102153678384838 0.0725103301980463
"ufb43" 0.616735099070765 0.574496102936889 0.141487493981073 0.313585407138878 0.093771190258248 0.0616370005313582 0.0776433780473912 0.055999837864373
"ufb44" 0.610777962526191 0.567817971670273 0.143610963917765 0.313849407657608 0.0965632702529422 0.0628259105522511 0.0750952493373368 0.0588285033602015
"ufb45" 0.609237053363747 0.564216511183361 0.144598942138414 0.317501366524944 0.0991418030645098 0.0578004230025186 0.0701860410964983 0.0618254471150533
"ufb46" 0.674698795180723 0.548601714027966 0.139298974791719 0.67451217499503 0.105836073204139 0.0470771368762133 0.00132302811514557 0.0397621591602391
"ufb47" 0.649639444701979 0.641828322760565 0.174970125399509 0.253324117739432 0.114922530575747 0.076470102954988 0.109273010257345 0.0961935333208199
"ufb48" 0.589164680198395 0.606984153513491 0.151961425161897 0.216218283334777 0.100019559029979 0.0535113625603378 0.102380474485075 0.0677748024279645
"ufb49" 0.645344398418522 0.632740750459197 0.184944613897935 0.455935642223106 0.132076912178724 0.0739384654011428 0.0795149073188238 0.087820802855153
"ufb50" 0.638772878614102 0.697891994824555 0.214137485627949 0.168323809813645 0.139699969753752 0.0775488333200738 0.164722188315154 0.14016418389932
"ufb51" 0.610616834609445 0.635697591471638 0.175917386192511 0.191510567062818 0.115434719367607 0.0591053048247395 0.132942743657214 0.0941980713260109
"ufb52" 0.630316778743267 0.726357113224652 0.212031853046503 0.325455341142339 0.148948325407176 0.0917033050993434 0.136183460183947 0.146566701491362
"ufb53" 0.733888381113753 0.712074894917845 0.182398160083615 0.450465701197513 0.126531950018108 0.0792072269736696 0.1116299685559 0.108144593518407
"ufb54" 0.640744708720908 0.635936756120173 0.17424888031272 0.247868482904675 0.115687985276773 0.0769491628043957 0.108580722162559 0.0936777501318589
"ufb55" 0.734939759036145 0.801169590643275 0.204336341444726 0.73484163887315 0.165844926232497 0.0743736556248263 0.0767863057064241 0.142951688795836
"ufb56" 0.734939759036145 0.597757136384232 0.138633171597608 0.734603858919685 0.106848567676925 0.0493890005817026 0.000550492358487317 0.0500653077041937
"ufb57" 0.648494615490541 0.586537740799041 0.152066243460186 0.406019757576398 0.103087619518125 0.0605454505222855 0.0588663130727273 0.0581757761590159
"ufb58" 0.644422951893376 0.604767975244882 0.156900315156195 0.287400367605826 0.100476129605092 0.0636739415926176 0.0981709834511623 0.0800934848135468
"ufb59" 0.636382442962231 0.614401324259702 0.155067086386963 0.263009933219754 0.10151794454323 0.0601717929632526 0.101892464106827 0.0754647947264606
"ufb60" 0.625490943642073 0.619538621782032 0.155284881004304 0.253130370908409 0.100381351460064 0.0602133425395707 0.0995763776150891 0.0704560260812481
"ufb61" 0.705472099005962 0.748501605205015 0.21397742697762 0.407080657252194 0.153024829576687 0.084484399404754 0.127960980955284 0.169040592737
"ufb62" 0.60305917080357 0.648848327353248 0.18387872319347 0.169946206258501 0.121468913039816 0.0542546309417492 0.142355021691631 0.103139795984356
"ufb63" 0.666150753379727 0.625180314234103 0.163811019561219 0.322878714052543 0.112224393317099 0.0686936418751999 0.101882501371394 0.0847431838870559
"ufb64" 0.641961367942801 0.602604441790496 0.164728697653576 0.370838331970564 0.113308029791788 0.0694379478657544 0.0838754457539428 0.0777959634908917
"ufb65" 0.609947641624573 0.665168632270568 0.194108550430574 0.16988125455939 0.129375694979006 0.0611593059243545 0.153451518758164 0.113598178901355
"ufb66" 0.671804759799084 0.754335538570236 0.216608823453786 0.351747573207897 0.153360784838024 0.101787807047294 0.148826423278016 0.158023882726712
"ufb67" 0.607116220417128 0.596832404013662 0.154308840551312 0.264639786487829 0.100023247823105 0.0654515236489098 0.098445363280041 0.0744584453721221
"ufb68" 0.651592352784712 0.651143172186574 0.178585063106862 0.272620808290536 0.120180314175686 0.0760955080884145 0.107357362848192 0.108728839426077
"ufb69" 0.696975302663851 0.638881504455275 0.163758877382683 0.430506307579709 0.109990844858096 0.0686231065281875 0.0832105294689781 0.100397436485556
"ufb70" 0.6230111894491 0.621324770600441 0.161976166836463 0.25147411957381 0.106698741657848 0.0641859586860279 0.114438385398865 0.0779331592992328
"ufb71" 0.612616416041824 0.61955916003141 0.159562205639438 0.231115408857817 0.103778834872595 0.0605014724111818 0.110425637957852 0.0748462423099042
"ufb72" 0.670731707317073 0.585272247541377 0.141329325956549 0.670495106528783 0.106427376813124 0.0463881254532385 0.00294671693322848 0.0406612734766189
"ufb73" 0.641657496339826 0.712918859838352 0.220217121352669 0.0982542281499808 0.140777749551901 0.0737179556496328 0.177191837448086 0.140817532727075
"ufb74" 0.614397424980111 0.637126366459585 0.175258951941531 0.20403863537566 0.115498218594876 0.0602968339774167 0.132249973071388 0.0930239424634178
"ufb75" 0.745054767657943 0.679342746101245 0.167204894764777 0.517605928314694 0.116378762616301 0.0732730190988685 0.0762004844509047 0.100869844036445
"ufb76" 0.716326611188916 0.646689044858102 0.160205592810256 0.443955616811047 0.108142364753739 0.068761552502471 0.0792855253592298 0.0953619775913307
"ufb77" 0.668486096351123 0.638722714099599 0.17533588968082 0.345922438159434 0.121945165398265 0.0641403047825329 0.0957974434437015 0.115612119517903
"ufb78" 0.634091448166786 0.608366181068733 0.169877336909986 0.262534541082702 0.113334968070254 0.0714863685469089 0.108416407766078 0.100595833809213
"ufb79" 0.639956848481214 0.612259831696777 0.169243884088716 0.250643852215694 0.111780111286761 0.0680624651126082 0.111494408468323 0.0935784349455136
"ufb80" 0.574302194955928 0.577365133524098 0.15386731763257 0.155373475908312 0.0988196963196254 0.0564410652943723 0.107112500805013 0.0770101764316374
"ufb81" 0.593924344368368 0.63352955301798 0.170484383668831 0.203763756560049 0.11369158837688 0.0658959794432768 0.12722766406929 0.0919325934301281
"ufb82" 0.599847278098652 0.623607207754647 0.164236459324431 0.215552164135824 0.10936296240527 0.0636899192268033 0.119935026521856 0.0848341432773042
"ufb83" 0.73467912349661 0.663292289412066 0.156071908320335 0.475131701079682 0.107992260857951 0.0691825542183877 0.0749214398885382 0.0768531637512188
"ufb84" 0.627913410456664 0.604931230510471 0.14894121637151 0.2876876561104 0.0986397773445054 0.0607328257379477 0.0954961854083081 0.0627345858893031
"ufb85" 0.610127992786147 0.606815860425313 0.151755946383896 0.263909182349114 0.100176470435538 0.0628055470205449 0.100571365429738 0.0662141758590557
"ufb86" 0.608666020026526 0.567946815773715 0.146297873111522 0.251364539760248 0.0958318049541338 0.0545999781025698 0.0866687196480559 0.0702843415278089
"ufb87" 0.586021147560522 0.619130766882748 0.162766980628274 0.203790210455807 0.108718722334221 0.0622782873913469 0.118387654966602 0.0842762228407849
"ufb88" 0.694413869252075 0.639648778728345 0.151906164454065 0.450861279506109 0.106908421774552 0.0679166208111231 0.070258128538252 0.0753322310895824
"ufb89" 0.628778402254389 0.658739270746274 0.188597484723341 0.203062340572601 0.127018221392796 0.0651136977100753 0.147313595667865 0.1075463793619
"ufb90" 0.610383007008681 0.6083829106052 0.153479174244059 0.239189175077054 0.101324374411309 0.0574172910446957 0.105459391984109 0.069768682632416
"ufb91" 0.597764253929137 0.595414424925996 0.15208133928802 0.2405028172407 0.099592734062665 0.0611217463787314 0.0986444980927646 0.0709348461326106
"ufb92" 0.603462727464736 0.560758644661924 0.137075947075434 0.28947639702485 0.0918546337345493 0.0586170573822503 0.0729037621734888 0.052530145899878
"ufb93" 0.748706598040296 0.721261277941166 0.182928423532532 0.474723908499717 0.127639973571029 0.081317217189606 0.112073827565318 0.108029786926413
"ufb94" 0.622408626661889 0.708562758485672 0.218120827031034 0.0713687868781975 0.141923435654902 0.0801241557713272 0.176724028434455 0.138650004359901
"ufb95" 0.626353541087978 0.704160767309697 0.216567219077215 0.0722578455585194 0.141377757266755 0.071981634451345 0.17574213301252 0.135895527061226
"ufb96" 0.670268192737471 0.610162067455103 0.149390694279004 0.42078949119937 0.105913743000721 0.059334229879952 0.0674583754265091 0.0766786420077742
"ufb97" 0.593837028230667 0.613983345720683 0.160620093787472 0.191754320837372 0.104513587800058 0.0494586593511787 0.115260015866207 0.0809908740157979
"ufb98" 0.619953612161973 0.625805969032837 0.167157857180794 0.239540032239343 0.112078691885367 0.0689535931352459 0.121215583678139 0.0823273413073262
"ufb99" 0.698795180722892 0.531472419928826 0.136580201282334 0.698525611024541 0.103747138108383 0.0479076979975774 -0.00183158238962996 0.0426590103019002
"ufb100" 0.702421224855016 0.656811808199404 0.167996160158388 0.396603629161452 0.110816551993859 0.0683157408948174 0.101826489753102 0.0882312909284876
"ufb101" 0.698059747580488 0.651790340795855 0.167370368770422 0.364766872159624 0.108787212163449 0.0657976121591357 0.105690541697962 0.0822686212270772
"ufb102" 0.891566265060241 0.786256278721813 0.142432686319677 0.891463977960269 0.118691921755452 0.0577798038558285 0.00495909388925689 0.0893539674249251
"ufb103" 0.623281101507754 0.608832637776885 0.159324550395763 0.214916583287974 0.103309250739759 0.0588711090061329 0.111659019242823 0.0791875393797245
"ufb104" 0.879518072289157 0.889226437462952 0.199392547660456 0.879397814957147 0.166773402190242 0.0815920663538419 0.0710499897715113 0.165714061684361
"ufb105" 0.728360271239381 0.648280819173756 0.148376800870307 0.516640304611548 0.104537242934342 0.0714721154370668 0.0663889846229212 0.0694309295049431
"ufb106" 0.663131452140404 0.739518383440663 0.220302757564009 0.193918736096897 0.146856291742685 0.0734121209051401 0.16619356402565 0.149107550204024
"ufb107" 0.707317073170732 0.729505855469866 0.209755516670712 0.708639431338377 0.169648903407256 0.0805739239912326 0.0826844371686137 0.142741812646466
"ufb108" 0.756255186636025 0.782134152802798 0.201671334480133 0.60958917767765 0.155598876883987 0.0890396909450145 0.0989548680100408 0.13313264617121
"ufb109" 0.759421528069726 0.791424755362935 0.208219602921159 0.536262700550176 0.157760656067491 0.0981712814656314 0.121746524756064 0.142229726976083
"ufb110" 0.598873920204797 0.570468268940802 0.155486603501683 0.167485241176183 0.0977931610938782 0.05257757410772 0.108901222617294 0.0768429371387289
"ufb111" 0.736194030822514 0.681670238945781 0.180533651394882 0.456857785764959 0.129263957905095 0.072901466750296 0.0904819348721465 0.109579180179432
"ufb112" 0.621951219512195 0.709259486675672 0.210685702164923 0.617050232090851 0.162884744785384 0.0781144568342726 0.0835110037142141 0.136485909208327
"ufb113" 0.792682926829268 0.708109847672173 0.145634840174038 0.792502758050736 0.116016579555079 0.0533914951216288 0.00869619260391141 0.0761947728271834
"ufb114" 0.641086265026348 0.675091706251085 0.203407075770258 0.119604506939857 0.128590253684551 0.0689036752961473 0.159445589571059 0.124391754950762
"ufb115" 0.616983966285551 0.682115965789668 0.206858686436925 0.084116878327922 0.135579044158212 0.0590219119110731 0.167231590428028 0.12874825177511
"ufb116" 0.618056355251848 0.669009575233818 0.197574783259221 0.119130819353836 0.129361113576889 0.0562543558423403 0.157529604214913 0.11916980841967
"ufb117" 0.664515740898956 0.622907733983961 0.174269536752104 0.291305492869343 0.120889988534305 0.0513830404194407 0.09453297651914 0.121552243213884
"ufb118" 0.615623642950706 0.647712154390106 0.181856536021574 0.181701328195302 0.121594207850105 0.0616986235098416 0.139769190566437 0.100339109521199
"ufb119" 0.619227100769153 0.615177747026473 0.15757335627924 0.252272378483748 0.101405096708804 0.0598069110681326 0.106575663856015 0.073903770947051
"ufb120" 0.629345948598204 0.593423584387026 0.161599105437773 0.226590017689307 0.106413985827276 0.0630496505795431 0.106403230768847 0.0851054803124122
"ufb121" 0.608211469922473 0.623479283209458 0.180614481169965 0.143249130590801 0.113680075651007 0.0614298865365879 0.138953726889937 0.101908687807919
"ufb122" 0.612253365870757 0.659935578116118 0.18954201089725 0.169946206258501 0.12602186354475 0.0630774822003369 0.148306453663687 0.108315640787689
"ufb123" 0.661834091184958 0.74506677629386 0.224549475041459 0.193918736096897 0.152444734245346 0.0842471955696925 0.170734993918873 0.153917680223579
"ufb124" 0.626538888687541 0.682994090465257 0.207696272759515 0.191409921755759 0.138734383408688 0.0663323044139968 0.168107600222023 0.128907774660398
"ufb125" 0.652406347772606 0.710352960666858 0.205289857028883 0.169178873705937 0.138277718095435 0.0699849490198506 0.155396031406374 0.130989943633081
"ufb126" 0.658521845932116 0.653070438107523 0.181212389645397 0.282788678352786 0.125818978417944 0.066648237318293 0.102429495010423 0.115061912527917
"ufb127" 0.768292682926829 0.633393064193106 0.141854408548083 0.76807716078579 0.1134188095357 0.0524920792196496 0.00430982897319757 0.0673740193113806
"ufb128" 0.619043749882752 0.639837427783003 0.176615950515885 0.205475471868629 0.119321551705443 0.0635531582287375 0.134267966068933 0.0969514206337972
"ufb129" 0.605992130320518 0.595001990058177 0.146516578465259 0.241946132155229 0.0976834111972503 0.0561256849466535 0.0966505649838709 0.064510424302631
"ufb130" 0.624711419509189 0.602199367050929 0.152221809167282 0.263112304350758 0.101471255608963 0.0613068893208453 0.100940892078408 0.071365445877077
"ufb131" 0.627636338263735 0.705053933263887 0.214482845528556 0.0872633488546654 0.137426714387052 0.0746631412638169 0.168660284867407 0.139533448466346
"ufb132" 0.62593039111518 0.676858422752836 0.201800647533595 0.179281392537354 0.134791606162854 0.0593597332854495 0.161917391027295 0.122842744530391
"ufb133" 0.661046688594877 0.645987585072171 0.182051048999701 0.279193856972876 0.122529579303462 0.0670531205155081 0.103348849297954 0.110802844021297
"ufb134" 0.659019927152324 0.636579637881282 0.172403751746437 0.247437851263716 0.113164773513584 0.0673843587432865 0.10064994941567 0.097825088811593
"ufb135" 0.628505140575609 0.612238277653479 0.153182837463006 0.251824764082669 0.100254585551457 0.0597161199802119 0.102017924393422 0.0728699916845317
"ufb136" 0.639314512631074 0.625069769987049 0.157253317136292 0.27734461768119 0.102085037769176 0.0639919164726543 0.09855329177167 0.0736098075568988
"ufb137" 0.653272040649505 0.611289320217701 0.156291012506165 0.278801711819751 0.100671481998668 0.0621025126226291 0.100645601834775 0.0767606074402026
"ufb138" 0.639995155931981 0.623320296719834 0.158099442226349 0.292930569511263 0.103718802917592 0.0666514682110067 0.0957050769312201 0.0788144117083806
"ufb139" 0.665555394231887 0.589866889678723 0.165503269779497 0.461261965155903 0.113905293928896 0.0578091066248639 0.0575153771464827 0.0681446648722287
"ufb140" 0.746552347506387 0.70709430120085 0.177951997343168 0.487012392275761 0.122913954330015 0.0749896970385306 0.0987261443961433 0.114765881899413
"ufb141" 0.599311102906964 0.599722226338956 0.151298545623738 0.240330320506819 0.100398324753447 0.0514179972590712 0.101678839401282 0.067825322797926
"ufb142" 0.647957942773267 0.73541869590627 0.212109278644271 0.304880728783764 0.148993543154899 0.0877740511861279 0.143963858805594 0.143810787280007
"ufb143" 0.605785368503368 0.599279618184843 0.155935460469172 0.194049846262647 0.100950899098463 0.0574963770404085 0.106614464265769 0.0763163097035862
"ufb144" 0.618866444356661 0.572084979824393 0.146725019018971 0.313663267147907 0.101410398304149 0.0560541238716714 0.0724970692897361 0.0629925777804583
"ufb145" 0.626183311596281 0.607626520579405 0.154338698580824 0.238865646089926 0.10130227997882 0.0581844921171751 0.103243622940416 0.0729272489328276
"ufb146" 0.612318615830858 0.657224913975797 0.188066695342822 0.19375792644762 0.127158506432968 0.0587956606532217 0.147109742809394 0.109957733359309
"ufb147" 0.614189310198357 0.605520379980798 0.153177297226724 0.254368511138036 0.101974962279628 0.0613433416782061 0.103700445951858 0.0713578653176919
"ufb148" 0.64553903957422 0.740659825546043 0.218805975137897 0.292545249428597 0.152882809059718 0.0949003351359784 0.151213682049312 0.153008695095088
"ufb149" 0.699477891372069 0.604832310069749 0.131405650689461 0.528255774253912 0.0925150720273128 0.0620191824395216 0.0363456601245929 0.0387996407800501
"ufb150" 0.648823285588105 0.612905554152081 0.164573869018259 0.287170065044361 0.11057684078391 0.0719102704031955 0.114155952882283 0.0808507383918523
"ufb151" 0.630806906938148 0.559925387300985 0.134200117595011 0.339166195785701 0.0895119267742221 0.0549378340343679 0.0589548333331602 0.0470650915263246
"ufb152" 0.618209925725944 0.541496758986447 0.135401776015698 0.339942663786827 0.0896507358881981 0.0526199680719325 0.0518637232215 0.0475978311599328
"ufb153" 0.643009485908583 0.712154337406841 0.217669613814817 0.083957918817965 0.139150515413144 0.0744278975017772 0.173365548884486 0.13933915472826
"ufb154" 0.648974505625505 0.714039057697087 0.219947023329622 0.0729343438297713 0.141226339337929 0.074422470122384 0.176912609918929 0.139099494025776
"ufb155" 0.635936582693941 0.707272990899067 0.215913932748911 0.0975317048993715 0.138945072542386 0.0754819462220583 0.170181203125237 0.138824558264869
"ufb156" 0.652086530141554 0.61949069539667 0.165239557857164 0.275109986529109 0.110262035272731 0.0702726004148373 0.116542919431849 0.0792033793993722
"ufb157" 0.668058721378542 0.62644770706598 0.160832396945245 0.314848861161921 0.109845537884645 0.067114440866783 0.102484716143236 0.07667197629383
"ufb158" 0.628889273691487 0.609050540151186 0.148071068118588 0.265011060392408 0.0966961293680406 0.056386309817596 0.0918868176869017 0.0626278585673662
"ufb159" 0.623764606139308 0.598006152188068 0.14953717020827 0.277601014467169 0.0972924827591826 0.0622449408932507 0.0864253034901991 0.0711224527491254
"ufb160" 0.634014661351698 0.728300327529012 0.224134377628918 0.142707576468559 0.146636495006535 0.084282224414561 0.173131474830314 0.156766685001704
"ufb161" 0.605714333379784 0.607764545745559 0.153342482168548 0.243260083844403 0.100378865631559 0.0590584433820688 0.100028525527525 0.0719243013886599
"ufb162" 0.716023308800348 0.657924284473445 0.172225503400591 0.413417387531293 0.120189187432773 0.0741117002924715 0.0921109815826127 0.0941981331701878
"ufb163" 0.650602409638554 0.479688186209925 0.134632032942977 0.650319052862931 0.102088498895113 0.0453964631584877 -0.00409205472658378 0.0339034185727624
"ufb164" 0.621846361316573 0.643860052718634 0.180217684290421 0.193588400031965 0.11988603633901 0.0621242983579215 0.138045799871218 0.0984469634635538
"ufb165" 0.744949895414067 0.676782024793388 0.164750717522231 0.589998986339393 0.123113124003991 0.0654997583205621 0.057204953015685 0.0969762619695317
"ufb166" 0.626489447263594 0.611818523036502 0.15699722355434 0.254750284991047 0.102427096124071 0.060384917079373 0.105969475701281 0.0741832098446858
"ufb167" 0.622233228693353 0.611870057394098 0.159472366998927 0.255274585201851 0.103874755483684 0.0608939060109281 0.106542081622929 0.0762668446859418
"ufb168" 0.629376072291431 0.573434179064825 0.148566358409869 0.317501366524944 0.0990901908762105 0.0568858296528301 0.0744582251201928 0.0642820209266545
"ufb169" 0.628737029857489 0.579708114419148 0.155499927192997 0.329472400285679 0.104448020913525 0.061069813006903 0.0739393521341208 0.0679996987829244
"ufb170" 0.584136848574058 0.586304485235029 0.157928232427058 0.143227122450492 0.102604169961432 0.0589079657200226 0.112424781600065 0.0800603036868742
"ufb171" 0.731707317073171 0.713440683535984 0.180366318640994 0.731740969452679 0.146797820509481 0.0662045291949471 0.0486621992839287 0.116136485045544
"ufb172" 0.68953024860864 0.689168346521087 0.16596340577839 0.381935066290584 0.115080149974091 0.075542817940064 0.0936748464022118 0.0839683311843362
"ufb173" 0.65388367308672 0.710148659646981 0.212901002615148 0.119142659586719 0.138512800333021 0.0698303534239291 0.168327404353062 0.131825490689322
"ufb174" 0.637968963594077 0.68729307571875 0.210845184873413 0.107497728562774 0.134445151361833 0.0593099501607297 0.169711033068175 0.130202719661773
"ufb175" 0.731805046712121 0.668764777823074 0.163724808851224 0.508457664053621 0.117010188318124 0.0657170034402566 0.0716534460302283 0.100346709237098
"ufb176" 0.635297729423469 0.646762072779317 0.180739263939044 0.227117204281322 0.122418336378346 0.0651485740928554 0.138594211028933 0.0987523454347547
"ufb177" 0.623162586136028 0.637761548604478 0.17525902540867 0.206097239818245 0.117590583811538 0.0616545691540901 0.132250050369726 0.0930844095553512
"ufb178" 0.613944120995224 0.608540415050145 0.15756548189427 0.227335398259333 0.102432482053566 0.0521974677457962 0.11101236176357 0.0766698563182646
"ufb179" 0.606144579837885 0.562070655903788 0.141072279711335 0.251457709541823 0.0918983204376407 0.0532505592274621 0.0842876246771787 0.0631369893041045
"ufb180" 0.643348318778866 0.624290483067939 0.168741037655722 0.254840740118962 0.112676969442169 0.0723448638366345 0.121676109997272 0.0830289159190665
"ufb181" 0.627927730290622 0.6458609814305 0.17981058402521 0.227503344248767 0.119997218332746 0.0648959062081225 0.136375325947518 0.0944414267556953
"ufb182" 0.601316617436265 0.614179471930733 0.158159160301131 0.227410689255196 0.105264747083872 0.0504971768066855 0.112668414566131 0.0759926232229684
"ufb183" 0.566386425924085 0.526143312389609 0.137132808211516 0.179624506481229 0.0880334280326607 0.0467276156693603 0.0800979501694362 0.0650979076839696
"ufb184" 0.742504655237636 0.666233332747747 0.157058605958022 0.536340169459758 0.112467819919366 0.0673748858072735 0.0648061050892653 0.0860171554116178
"ufb185" 0.716203260935298 0.687669202929526 0.173080031843619 0.432807455495775 0.120124333022245 0.0702250795281875 0.101505302155428 0.0966295727447095
"ufb186" 0.635667871865112 0.583813326953865 0.149247705749451 0.316295794052346 0.101958059425276 0.0630230285232262 0.0811239751950225 0.0647371488797199
"ufb187" 0.606447916565704 0.662482463773773 0.195689063342902 0.107271861325325 0.127760956204658 0.0579856597070197 0.15554977709695 0.116520727669191
"ufb188" 0.568126474255985 0.58319547346706 0.15404353556634 0.131237291911849 0.100454664233916 0.0536252756424487 0.109929511771079 0.0778048183491495
"ufb189" 0.710843373493976 0.579708625930196 0.147629527040067 0.710590422890174 0.116275110881621 0.0529535666193627 0.0109890218224217 0.0607128839800895
"ufb190" 0.629261201486381 0.682467459320009 0.207280311325415 0.179238054246178 0.138238714652762 0.0611194285450574 0.167719488456639 0.129116820022478
"ufb191" 0.644650551773236 0.750283000560611 0.226905521642256 0.19150069004483 0.154144700448422 0.086534966236974 0.173241295762811 0.154344862484526
"ufb192" 0.699291306536568 0.697668270501771 0.204798748935676 0.448283746952322 0.150395048352521 0.0745619925482696 0.102224786158421 0.154498456487175
"ufb193" 0.619906610178968 0.70460262973477 0.210104262490246 0.120742737393008 0.137014683111601 0.0700279395384195 0.158168110727311 0.145918430808662
"ufb194" 0.761670025143437 0.735748642854857 0.167773544061607 0.4933219193146 0.120136873795972 0.0785835559176626 0.0876209010546357 0.0856340141752613
"ufb195" 0.639531444443898 0.707704690406397 0.214696097532093 0.0837222627681232 0.140101233783461 0.0739038236791229 0.17139065901405 0.135045353397562
"ufb196" 0.620166089755646 0.587302963674089 0.147365081531724 0.32602673200582 0.100238006041419 0.0662843002980353 0.0791497164888334 0.0610663448132179
"ufb197" 0.589314288476814 0.643631437881808 0.184505818616374 0.119169076119243 0.120311622641366 0.0630198007223657 0.143758471108242 0.111148045150113
"ufb198" 0.591065744230312 0.634437290632202 0.177776076661563 0.119213515228998 0.116263475889715 0.0602224615889723 0.136544080859288 0.103897101525031
"ufb199" 0.625285165629565 0.644523699747122 0.179943399669806 0.206236827450063 0.119735445297058 0.0636575618385399 0.137757405286168 0.0980229464945621
"ufb200" 0.664486694383388 0.730527692440562 0.214531813105979 0.176099880872809 0.144861282015982 0.0739666912075023 0.162867635125894 0.141605994446095
"ufb201" 0.624504960271437 0.624362958959114 0.166781728133772 0.203633344457486 0.107937068628121 0.0605399458393658 0.121755165749267 0.0847437353332509
"ufb202" 0.626233900771924 0.664187967557151 0.192602793775452 0.203052773341593 0.129172610035824 0.0587157103994068 0.151869541120901 0.112729800935812
"ufb203" 0.704751744217291 0.620050530570995 0.137105226699971 0.564429919503097 0.100224397388727 0.0653214812658157 0.0426690044594216 0.0457332020800217
"ufb204" 0.686746987951807 0.531218697829716 0.131067217992712 0.686459448021419 0.0989058525332105 0.044598035424943 -0.00822833259263909 0.0335021558700757
"ufb205" 0.622820130870864 0.651388289845902 0.185846568360696 0.203062340572601 0.124321669933315 0.0615854563582003 0.144422713599201 0.104997560354708
"ufb206" 0.768970879257571 0.718201878175194 0.177600190894707 0.493079143853746 0.126009987784888 0.0700056818442091 0.0985198398492918 0.108172616416432
"ufb207" 0.703631547372665 0.653083823212468 0.16038934580607 0.425927296097305 0.110556813028592 0.0685233534215189 0.0876441818189634 0.0819024859893763
"ufb208" 0.627395804481894 0.617114502663431 0.162800875956618 0.238797117562793 0.110620096505763 0.0651959667495933 0.115401601834091 0.0776394148181613
"ufb209" 0.674698795180723 0.605386840202458 0.155382257509938 0.674510823857541 0.120511045980544 0.0564298504270635 0.0199845651792064 0.0679600239786884
"ufb210" 0.641043348725855 0.707649273442714 0.219044982375961 0.0828853031972602 0.141981660275022 0.0839896297131605 0.177697113427349 0.13461999835986
"ufb211" 0.605140655299326 0.59292237551576 0.148766141037121 0.252272378483748 0.0965535919949215 0.0507815777586622 0.0972352892493733 0.0661488365291025
"ufb212" 0.649037747655838 0.720615621617932 0.209342601480949 0.17205409002963 0.140171568093903 0.0703571544367378 0.157328778428515 0.138724700477974
"ufb213" 0.651460631707623 0.708608757518919 0.206748901116186 0.169178873705937 0.135484705711549 0.071038038310162 0.156946677811718 0.132135086092231
"ufb214" 0.696061528250871 0.624717344786244 0.162038938783692 0.395286012079557 0.110038187313006 0.0716715090407935 0.0891145271303276 0.0816087577316686
"ufb215" 0.593791588736907 0.565019768109986 0.154302714426799 0.167458154004935 0.0981382436821856 0.054196694833543 0.106423632887177 0.0777235570456627
"ufb216" 0.730737103305187 0.715139742091795 0.179429702494721 0.499262313599925 0.128460800375189 0.0818432659821845 0.108310415608837 0.104928072071191
"ufb217" 0.703123290307429 0.630925155070008 0.156479926617436 0.465876340756601 0.112714393346977 0.06099015884135 0.0638684960132333 0.0887593106760008
"ufb218" 0.65034413016162 0.628202881751156 0.171965352461592 0.245772638331478 0.112974980776049 0.0679694284464739 0.100287496910387 0.095553754765586
"ufb219" 0.646341463414634 0.529313232830821 0.155488557298283 0.646151450721111 0.121367421369434 0.0544861526294791 0.0191894480103515 0.0642973123009696
"ufb220" 0.690741046202661 0.63652353226589 0.163422786180838 0.570614067514343 0.124837493294573 0.0703396616890029 0.0550053584214491 0.0962931394356295
"ufb221" 0.66810133632738 0.664988575708448 0.181790742310699 0.277292804151169 0.125417876057678 0.0680594291603269 0.102914639764186 0.117274532207249
"ufb222" 0.626217367483945 0.703989177518569 0.211344885458458 0.0968533209285756 0.135482740518968 0.0729676181239528 0.165347101134732 0.13696585306613
"ufb223" 0.631886350618032 0.703469008719741 0.210851602437146 0.0835374277066991 0.137219512873774 0.0738657708852231 0.166183694124399 0.134037856288604
"ufb224" 0.636066522593593 0.620704920275915 0.155491948638417 0.287664746353525 0.105963347399504 0.0649367447556511 0.102419914489155 0.0688864642088575
"ufb225" 0.627089525681431 0.618895716263317 0.162339442271004 0.242167871500257 0.109030965899832 0.067025979712182 0.114914043393773 0.0772539863089103
"ufb226" 0.601092058068132 0.651148728229252 0.187157286311523 0.0966184220020655 0.121820261504365 0.054076873603065 0.14654240238145 0.109390218080413
"ufb227" 0.590902311409382 0.587321924558731 0.15801613347049 0.154663469147613 0.101120144893669 0.0567704529086511 0.113385052823879 0.0805772119087475
"ufb228" 0.628691282830313 0.614604539499638 0.158833873339961 0.257720501548367 0.103787409107281 0.063500263308494 0.109657901070188 0.0754486818159936
"ufb229" 0.654465868737656 0.612529129240835 0.157354774059079 0.312103733620637 0.106045613601182 0.0676740670439289 0.0987652926568397 0.0749644644053367
"ufb230" 0.608291935995893 0.61239684017579 0.159963603478574 0.215881707781126 0.104354256344196 0.0527038056748438 0.113543004083673 0.0793630676984237
"ufb231" 0.714031965356275 0.694519951259049 0.175132525538735 0.431288297566013 0.119878387989666 0.0775312354784512 0.109350518324784 0.0931067799530316
"ufb232" 0.667273408746119 0.62550744000646 0.156569126519529 0.328256274813726 0.104217651817274 0.067267117799272 0.0979250187092948 0.0731723516879726
"ufb233" 0.691786352141092 0.612466327446872 0.157465051872315 0.505644641048829 0.108947856332611 0.0588687031458302 0.0484005562366498 0.0619230137739916
"ufb234" 0.613791738225609 0.604874490517228 0.156731656233795 0.22732918209292 0.101844960279029 0.0522458018320868 0.10889232133433 0.0767949348079134
"ufb235" 0.62488205422901 0.62300457410914 0.165461062684835 0.239060349830422 0.110416780523184 0.064542989938425 0.120412964809318 0.0844946138542481
"ufb236" 0.659491350074416 0.738967562287024 0.205625513664263 0.383449529913635 0.147711237163971 0.093558163577554 0.129160458125488 0.147923051749306
"ufb237" 0.581164860631418 0.594570953227642 0.147408868601371 0.216150452881781 0.0982610351392865 0.0455149682214817 0.0990427229469472 0.0646438815496285
"ufb238" 0.645440721871893 0.647071940240265 0.180751526384352 0.326642510281453 0.131117774862467 0.066969271658824 0.0913311424572624 0.114527722522609
"ufb239" 0.617963552927665 0.603593140538815 0.155436502244073 0.258300807922381 0.101539654316264 0.0611594773117502 0.0997481546439786 0.074909178227951
"ufb240" 0.602399535210829 0.605707265680273 0.154601558542306 0.24024918687239 0.102645952116144 0.0538589879798522 0.106643442805762 0.0709010576212181
"ufb241" 0.689218285437956 0.619233748855553 0.160966347172826 0.52412306937847 0.114579381977879 0.0619127000854591 0.0519876308066689 0.068410013467681
"ufb242" 0.640348394612272 0.616453465110998 0.157180070463447 0.290573374182987 0.108677226174959 0.0680355851127996 0.0985385321604648 0.0754103646236703
"ufb243" 0.642363902796556 0.712722183142001 0.218917293305982 0.0738108976186598 0.141556666391102 0.075335923711175 0.175820290116112 0.139354510749634
"ufb244" 0.696159114349359 0.633688340807175 0.164626924836378 0.511849228072765 0.118461955479202 0.0635900717811068 0.0562545523119219 0.0782586100637984
"ufb245" 0.71532685765167 0.627542573320719 0.155945479613885 0.46734293864148 0.106483796511694 0.0626153786911453 0.0631882317416359 0.0757573906647155
"ufb246" 0.684168917196533 0.593444034907728 0.142679143258707 0.419472303414491 0.0943191628990245 0.0609469881628815 0.0598641972362072 0.0582482304246307
"ufb247" 0.748327101934021 0.706066635314546 0.175888265635362 0.456777100287095 0.122426943323426 0.0709758193490461 0.10455660490461 0.0984064024159576
"ufb248" 0.725402927997862 0.688302469135803 0.179442354806323 0.549683130924696 0.135838237513651 0.0677383038581521 0.0726529508033689 0.109165813681765
"ufb249" 0.671362680278739 0.61291609367947 0.155768629121801 0.430506307579709 0.112443464523752 0.0676022877127994 0.0744506451791712 0.0812343839439571
"ufb250" 0.713273210772691 0.648271917148362 0.158060426284563 0.555249295152711 0.117475655370954 0.0668859700711537 0.0492676545906328 0.0890391360418996
"ufb251" 0.660268109721947 0.580418008839613 0.155473666664776 0.432268510462389 0.102417690417078 0.0514593492501712 0.0461513901219105 0.0611926092718246
"ufb252" 0.636143026692113 0.678026486323196 0.203905917517432 0.170344816597512 0.132018618911794 0.0708169890741075 0.155802333687861 0.126893253311886
"ufb253" 0.737838085342891 0.655522080975825 0.166183970632274 0.536396910684175 0.117168545456418 0.0617090477021136 0.0582481219199872 0.0836914355764675
"ufb254" 0.637723715841312 0.616432902330338 0.157518856621484 0.268189515942468 0.10122312905079 0.0604257844668644 0.0988930347287495 0.0738951518614721
"ufb255" 0.657965371995702 0.631289147368246 0.164140801362267 0.304853347813166 0.108185840439441 0.0636056853507651 0.097612975160355 0.0879835352357276
"ufb256" 0.651059875906612 0.655627240864314 0.179698049393841 0.26044806957512 0.118593091631646 0.0802470545297647 0.114377418760423 0.103506695438008
"ufb257" 0.587614769943147 0.577012836941389 0.157050799816933 0.118012722319602 0.10061340487245 0.060036929508019 0.103985039653421 0.0744495954331528
"ufb258" 0.599026399224456 0.661674418924605 0.194330937967897 0.0965579803328984 0.126644242736374 0.0563829869941594 0.154123874223591 0.11668285128022
"ufb259" 0.654582947087484 0.58793787962764 0.157489627931052 0.259171008191981 0.105088806918254 0.0649707126588611 0.0902691980975956 0.0751672820405929
"ufb260" 0.643630291798364 0.68024392541237 0.20594531121035 0.121052620847353 0.130050379097272 0.0681005829892564 0.163079781873609 0.125103700101656
"ufb261" 0.627148962250392 0.6747796258056 0.202681388239304 0.145478197195962 0.129029673374227 0.0691972639097418 0.156129139089236 0.128082005934408
"ufb262" 0.61571893995686 0.685524912961441 0.21014007442299 0.0968215815277011 0.133493345775825 0.0711067167839181 0.168304487789421 0.133468478712193
"ufb263" 0.625250004286042 0.695246992962805 0.216256089491054 0.0968338318580739 0.137806049617243 0.0715207076495838 0.175415472307678 0.138459175008899
"ufb264" 0.634201955366469 0.611044400025124 0.15982272395408 0.279542947647869 0.102066227104794 0.0645462192799283 0.101314397034987 0.0809816717523837
"ufb265" 0.616749711801425 0.562203013810098 0.153027071091648 0.181521450193233 0.0965514446246675 0.0523160737295006 0.105073767348372 0.073633864366815
"ufb266" 0.615183399409427 0.683671403111711 0.208782924016439 0.0848443469830592 0.136661156705056 0.0636310347582434 0.169251865353948 0.129751733706357
"ufb267" 0.62962962962963 0.591744443375349 0.15899063518484 0.629314549764425 0.117800203022465 0.0526964702869468 0.0223250235891128 0.0507970062145603
"ufb268" 0.712309214589229 0.664997548847959 0.151342020123938 0.556537130487469 0.109049460085445 0.0655228112363028 0.0416037670683698 0.0625547366076624
"ufb269" 0.746954689809319 0.701473235350658 0.158483734075842 0.508722459862535 0.111747747031052 0.0707463509127125 0.0660395237471886 0.0797325871444676
"ufb270" 0.629933773367632 0.634105664016347 0.173995624245209 0.227119026462053 0.116322508522004 0.0621022697595405 0.130920662651705 0.0915473302774835
"ufb271" 0.601494671224153 0.618484242817948 0.166292727840786 0.193819890983542 0.109684875951468 0.0576229379798246 0.122112741870723 0.0863220199001151
"ufb272" 0.618491597297882 0.584563062024441 0.148577807118807 0.329830476402291 0.10378800727787 0.0622402360108793 0.0745110348118556 0.063346527623041
"ufb273" 0.688609408151438 0.63427210164108 0.15696845574914 0.426301317906403 0.105419064862309 0.0648869435986579 0.0757364674909602 0.0864273039612527
"ufb274" 0.674401425034336 0.639902659086219 0.164345583182416 0.388545275198208 0.110199424973611 0.0684400268089724 0.0919111616585249 0.0945668133607088
"ufb275" 0.566367457064763 0.569931357776662 0.149467605944101 0.143227122450492 0.0969110470943346 0.0545458883030301 0.103506964036778 0.0740365959449615
"ufb276" 0.722640648014427 0.657708056981371 0.168152375543104 0.560480264768728 0.120235356436379 0.068535579848021 0.0607313675925482 0.102435789342631
"ufb277" 0.707317073170732 0.715558766859345 0.179637062689025 0.707133502426202 0.144203701291711 0.0655294549173526 0.0466767224261139 0.107117221295539
"ufb278" 0.568134137175023 0.511436014106439 0.131114690789366 0.166318811584172 0.0838653195612818 0.0424772103155521 0.0785136474566458 0.0567263567441515
"ufb279" 0.549000906313954 0.506949018574628 0.128128256888009 0.14506497066351 0.0817777412579196 0.0400396617860002 0.073149642864118 0.0553388148074904
"ufb280" 0.799859173677336 0.837509687419271 0.208744514862661 0.662412693377808 0.159721435598561 0.0969463891486962 0.106863342553653 0.153021845017125
"ufb281" 0.620856491926446 0.610195155857349 0.15428740331877 0.227596170277602 0.101379512219848 0.056582686272528 0.104925198874191 0.072450086408222
"ufb282" 0.710843373493976 0.755924347761082 0.180125395828634 0.710471532913441 0.143054371052122 0.0657490809952192 0.0486941887619865 0.115238702476835
"ufb283" 0.631514961637856 0.612429628337983 0.160562987791052 0.282894165270189 0.101956886380058 0.0636531929329603 0.105160084167569 0.0785082932326814
"ufb284" 0.610642264574732 0.595807418388064 0.145696154434639 0.252970961484445 0.0957667082236787 0.0510184107926017 0.0919338415500553 0.0599952190208244
"ufb285" 0.657094662863246 0.673437829479159 0.183541633574297 0.5004569676783 0.130987718264355 0.0709196290856827 0.0775989780922005 0.0869842522581094
"ufb286" 0.620427706021426 0.570854271356784 0.147779552100906 0.393983124997998 0.101267157304131 0.0563270716558274 0.0541001332362695 0.0507057510710537
"ufb287" 0.599204471889159 0.615765119875773 0.161600600453337 0.227893851136781 0.107553750129999 0.0647807803849039 0.116295820605882 0.0817725942970721
"ufb288" 0.589615166538962 0.611944323544723 0.158669768215757 0.207124762416875 0.105831446038019 0.0610861161970015 0.112179605444539 0.0786687415682738
"ufb289" 0.721380864382449 0.758659000413588 0.209277949201761 0.400446414194144 0.147443196578236 0.0869517937062265 0.133199731206958 0.154989594171013
"ufb290" 0.713240621891756 0.638278829604131 0.150963131997152 0.490172194663234 0.109503014148464 0.0586602959811498 0.0577460036054794 0.0784798228269681
"ufb291" 0.686147612565046 0.621908320822329 0.151000857249166 0.442633943366144 0.107270170576668 0.06487543335131 0.069223632380465 0.0752797435376613
"ufb292" 0.690671754046384 0.655220397052872 0.161405243652391 0.401410158714035 0.111490249003109 0.0694440374970351 0.0946541289751266 0.0761659183248444
"ufb293" 0.665131278383476 0.625514492722128 0.159785799988509 0.34840464692856 0.107921616145859 0.0690946229207577 0.0975591722931081 0.0809051264136912
"ufb294" 0.616892614195633 0.59930972211674 0.156056634882883 0.214815252760804 0.101449561429098 0.0566619972919604 0.106745905632445 0.076215340668132
"ufb295" 0.623542453378956 0.681629136479342 0.207653478673617 0.0968632704317263 0.136611465450619 0.0660175732791446 0.168066092244503 0.128365481527779
