NA NA 0.117822 NA NA
0.2963447 NA NA NA NA
NA NA NA NA 0.1202654
NA -0.04477009 0.1568863 NA 0.01556413
-0.008148816 0.2912886 0.08758187 0.08158172 0.08015959
0.271672 0.1356584 0.006841049 0.1192133 0.312614
NA NA 0.07327047 0.01409332 0.02347931
0.07410839 0.1715974 0.05188736 0.1853881 0.1462324
-0.02624492 0.07095522 -0.04671576 0.1089634 0.2546066
0.1706266 0.09573575 0.1290802 0.2249602 0.0026967
0.1328219 0.1789724 0.180117 0.09356949 0.2606188
0.01023004 0.155516 0.06831583 0.03470341 0.1962299
0.07922302 0.1516558 0.2226895 0.03271753 0.05043893
0.06381397 0.09917989 0.08964787 0.08694698 0.1491394
0.1399479 0.06160495 0.08602355 0.1050327 0.07988988
0.1023823 0.09453894 0.08175938 0.03595954 0.02580791
0.009650448 0.0270927 0.00551299 0.04876779 0.05058873
0.02433647 0.02702606 0.0438104 0.04641388 0.02877782
0.02201944 0.01604436 0.05213471 0.06182425 0.02343839
0.02190172
