NA NA NA NA NA
NA NA NA 0.1026339 0.1085505
NA 0.1461244 NA 0.268514 NA
NA 0.1913821 0.1504444 0.0963961 0.07702651
0.07595585 0.0927466 -0.05128294 0.1301281 0.1783706
0.2640669 0.05954091 0.08112815 0.007234678 -0.03858826
0.01881474 0.11384 0.1514182 0.1665909 0.1582551
0.05869822 0.08114062 0.1271074 0.1828624 0.1858419
0.1416264 0.0978089 0.1417106 0.03529073 0.2523786
0.1814613 -0.001636646 0.2890473 0.005159612 0.09508391
0.04926398 0.1001366 0.06939999 0.1283932 0.2593073
0.1606456 0.09503983 0.08505993 0.195491 0.1661411
0.14095 0.1750769 0.03279817 0.07926859 0.06090594
0.0515988 0.07934961 0.04859324 0.08750789 0.02078659
0.07320509 0.1018214 0.1110544 0.09200439 0.02859411
0.02938235 -0.01076578 0.0861474 0.05727498 0.02693992
0.04709043 0.003470975 0.02889731 -0.0048058 0.01453832
0.06369369 0.09335846 0.03353953 0.05545775 0.03119831
0.02636379 0.06494223 0.01296472 0.01298614 0.04072886
0.02658208
