0.1263012 0.2825358 NA 0.1503228 NA
0.3047625 NA 0.1706968 0.04695259 NA
NA NA NA NA 0.05835008
NA NA 0.07308543 0.07799128 NA
-0.06239713 0.1507378 0.2297206 0.3030497 0.2953665
0.2742686 0.1131902 0.1737317 0.1041908 0.2442907
0.1933782 0.02725506 0.2151234 0.2483442 0.05757105
0.0696751 0.04848398 0.06225304 0.2580603 0.02275523
0.2820359 0.06908422 0.1924092 0.11367 0.1108893
0.07370613 0.1763926 0.03737629 0.1592398 0.009064456
0.1082323 0.1080482 0.1520735 0.05676519 0.08561414
0.1717533 0.01915364 0.102887 0.2107118 0.1472155
-0.01707329 0.08037399 0.1319549 0.09550784 0.04881041
0.03494934 0.1018455 0.08885851 0.0252015 0.09731759
0.04239415 0.08986144 0.03779121 0.05116329 0.08705571
0.08180127 0.0754228 0.08921559 0.1006714 0.05089579
0.003477101 -0.02028522 0.03688466 0.03403228 0.07173929
0.03563304 0.01463211 0.03350322 0.01651504 0.01388868
0.01108958 0.01012537 0.01503853 0.03860766 0.05494248
0.03157479
