NA 0.1258951 NA NA NA
NA 0.0806691 NA NA 0.2198755
NA 0.1389956 NA 0.1316197 -0.06952997
NA 0.1354074 0.1099102 0.199412 0.1099102
0.1305332 0.2455412 0.200011 0.1564654 0.01098907
0.1201605 0.009270687 0.1312092 0.1459046 0.1925463
0.2332605 NA 0.05922336 0.1819907 0.08987821
0.04301104 0.1793737 0.04637841 0.2405221 0.1926057
0.02585235 0.1928552 0.1278366 0.2104745 0.2628446
0.2033391 0.09117409 0.1226208 0.1002099 0.06855308
0.05052094 0.1246946 0.1066387 0.1533329 0.09001975
-0.009171985 0.09658914 0.09044557 0.05824492 0.09675523
0.04976975 0.061801 0.144852 -0.06919328 0.1039841
0.1010944 0.03493197 0.0851652 0.04169219 0.02161592
0.02315874 0.06807801 0.08907926 0.1261872 0.1248982
0.1474229 0.04698273 0.0264027 0.1204462 0.04954472
0.05904514 0.01770248 0.04509335 0.001364625 0.05095575
0.06958552 0.03930228 0.06547787 0.01547129 0.02459001
0.04822971 0.04665627 -0.0009235352 0.05619125 0.03050117
0.005370471
