NA NA NA NA 0.2663951
NA NA NA 0.3011636 0.1799686
0.2996547 0.2730223 NA NA NA
NA 0.1597964 0.03127892 0.1346951 0.03622075
0.1951344 0.064623 0.1140585 0.1010689 0.03915948
-0.05616758 0.07710163 0.1783192 0.1009999 0.004485884
0.2145588 0.2390888 0.1797158 0.01645963 0.1540335
-0.007339784 0.1440338 0.1151604 0.160272 0.1011753
0.08464057 0.06677303 0.001274585 0.2322968 NA
0.0397079 0.1042487 0.2022187 0.08535167 0.00849253
0.07476726 0.0405504 0.03134221 0.1757509 0.1475517
0.1739998 0.1394229 0.05324229 0.06302286 0.1398735
0.2041078 0.1175788 0.2464399 0.1018538 0.0362692
0.04008431 0.02448247 0.04245479 0.07400044 0.1248178
0.02436283 0.1157983 0.1134061 0.2034135 0.04288425
-0.0006696765 0.1096817 0.1152051 0.1068869 0.0915155
0.1145817 -0.008635137 0.02442467 0.04882824 0.02893449
0.01298215 0.07576687 0.06042425 0.02788296 0.04749203
0.1146999 0.03737641 0.004738676 0.008787665 0.03035638
0.03016416
