0.1316197 NA NA 0.1246181 NA
0.1313717 NA 0.1316197 0.1511582 NA
NA 0.1518036 NA NA 0.1309624
0.01414037 NA 0.0596684 0.153755 NA
0.0580411 0.06941451 0.07607805 NA NA
0.1251068 0.04068506 0.1248296 0.08451893 0.1099102
-0.03838204 0.1512522 0.07877304 0.3078488 NA
0.1077386 0.1796073 0.207199 0.1111855 0.0517858
0.04855547 0.07621337 0.1273097 0.05339 0.2075099
-0.003580319 0.1052216 0.1450252 0.04296034 0.06320918
0.09772329 0.04398825 0.05538453 0.2271582 0.0059074
0.2222065 0.1727301 0.1363521 0.07285818 0.2875777
0.04275292 0.1244292 0.07378773 0.08971673 0.08672782
0.01758949 0.07872772 0.07169779 0.08072277 0.1258364
0.1512229 0.083635 0.05598859 0.07889252 0.02243888
0.06307589 0.001686988 0.07095282 0.03768324 0.2136888
0.06281141 0.06952077 0.07878559 0.1096942 0.07056848
0.03248138 0.05371889 0.0617398 0.0194487 0.1318243
0.01761269 0.07311207 0.004309327 0.003900957 0.01225397
0.1055629
