NA NA 0.2940434 NA NA
NA NA NA NA 0.1316197
NA 0.1008435 0.1217007 NA 0.1944882
NA 0.1054905 0.09356891 0.0970179 0.32279
0.0742234 NA 0.1080943 NA 0.1749613
NA 0.06576027 -0.0455836 0.2609427 0.09298747
0.05289943 0.1631076 0.02169295 0.03856243 -0.007872734
0.1055189 0.08389758 0.1090142 0.2124289 -0.02322391
-0.008289776 0.1371254 0.02505883 0.05411778 -0.0009950739
0.2383824 0.2431222 0.1324721 0.09337993 0.2462809
0.141954 0.1137439 0.1059215 0.06450168 0.08647073
0.07026472 0.08643647 0.03582108 0.1622685 0.05008183
0.03789144 0.2038907 0.07697401 0.09675204 0.04094268
0.04008336 0.08316084 0.07009919 0.06283053 0.09935379
0.07200886 0.02914334 -0.003873786 0.05542334 0.04557205
0.03164655 0.07375771 0.198014 0.1098487 0.1465172
0.03898213 0.04384662 -0.02509292 0.04495036 0.03346398
0.00911413 0.03141108 0.06150937 0.1095901 0.03937809
0.03289474 -0.007449648 -0.0008055504 0.05032931 0.02133985
-0.001836049
