0.09756056 0.01818749 0.09756056 0.1987224 0.1033973
0.0380262 NA NA NA 0.1316197
NA NA -0.04965473 NA 0.141892
NA 0.1652104 0.0537926 0.1063066 0.1484971
0.2911301 0.30736 0.2094033 0.1689581 0.1435548
0.1798266 0.09005519 0.1127074 0.2035662 NA
0.2888725 0.1279097 0.09798864 0.1821 0.2698189
0.2252508 0.3020737 0.08750837 0.0767898 0.2678097
0.1523464 0.1199703 0.04322191 0.1606911 0.05829981
0.2006783 0.08818625 0.009204748 0.05981249 0.1178739
0.05390398 0.03978353 0.04036725 0.1361288 0.1807496
0.02495635 0.08431667 0.0724431 0.04607854 0.09142087
0.07953443 0.06939522 0.1570291 0.03792646 0.08668971
0.1064865 0.1290658 0.1189043 0.01965826 0.07027963
0.1187603 0.1078782 0.1543217 0.03602346 0.0339332
0.1476579 0.04772999 0.05343759 0.06854057 0.05399173
0.06349849 0.002790791 -0.005751846 0.04183399 0.006112601
0.04334062 0.04976379 0.02542631 0.01991192 0.061925
0.03748339 0.01752916 0.06793062 -0.0007990383 0.04987875
-0.0103038
