"quartet" "wQuartet" "cluster" "phylo" "mutual" "shared" "clusterNorm" "wNrqs"
"mb49" 0.69047619047619 0.821388016832543 0.231861974933627 0.536249666768185 0.189130193605591 0.0868405775029214 0.10827232728508 0.178541636185992
"mb50" 0.794762783046113 0.771882029492627 0.221803369789025 0.611362805309722 0.170232908437094 0.101722285993751 0.122988282853059 0.163774515911567
"mb51" 0.703370498850823 0.721237462839997 0.203879359154367 0.296352591126755 0.147114440645568 0.0963401270070267 0.117803072973412 0.147685858030418
"mb52" 0.859466757256737 0.850948881088197 0.202613116911528 0.752845362030085 0.163555920647593 0.100029222039608 0.101361259585153 0.145505829659293
"mb53" 0.819586377099428 0.848214631876866 0.236241924830363 0.693748198337758 0.18829561041616 0.118418776852033 0.139260239654633 0.220832193824923
"mb54" 0.836639433855799 0.873530399731273 0.232114844381415 0.741064905467344 0.188444930499183 0.119497905092271 0.134609104233558 0.183099454778008
"mb55" 0.765208738640271 0.779474092976811 0.225046376320962 0.603398923727711 0.177627373025181 0.108450992891764 0.126125524162264 0.163324801393379
"mb56" 0.790612669345142 0.821398999171977 0.234619539012918 0.549919873085966 0.181572134578176 0.113403910547077 0.152100828399054 0.173610208020675
"mb57" 0.870588235294118 0.902164111812444 0.202610774828234 0.870510931573311 0.171177040949416 0.0849145970431023 0.0754917005901711 0.162954495993416
"mb58" 0.741176470588235 0.868874773139746 0.245261466576388 0.740905822263027 0.197791469015345 0.0979185405943078 0.124941727317387 0.202748307068979
"mb59" 0.811764705882353 0.844346549192364 0.23412460215976 0.811625891178544 0.196218130628719 0.0987451512961458 0.112029433976132 0.202658885150693
"mb60" 0.73157704216454 0.765575602060172 0.240396169038418 0.387939509360825 0.172692385522449 0.114061072303808 0.185189737492033 0.168180641670876
"mb61" 0.814027754822074 0.820912992586812 0.195289542010589 0.692281108289789 0.153388905992864 0.0966717940008611 0.0928180272451269 0.140077545193643
"mb62" 0.665069676271192 0.6892959923942 0.214500161234077 0.129014379396121 0.141445778069976 0.0694144136956302 0.17668544304007 0.133301151755763
"mb63" 0.780887158745178 0.803251998580642 0.229912553792035 0.564119861180813 0.178200831487807 0.111982541022287 0.147014201961357 0.199793297972425
"mb64" 0.797619047619048 0.844582593250444 0.211516726348984 0.797416792554241 0.171816246540675 0.0846215946228803 0.0856455019856656 0.179921719658845
"mb65" 0.8 0.862579971275623 0.226974389288251 0.799964923983186 0.189634575903847 0.0910752865170127 0.103739340589388 0.192297392876825
"mb66" 0.75609756097561 0.857013629236522 0.23463342611588 0.752936523558698 0.188270347779646 0.092672296658995 0.11010600956792 0.193152257333591
"mb67" 0.660205910664758 0.693211912584041 0.213720519773807 0.164161268337047 0.13916727083304 0.0872052980406027 0.175622912035302 0.125163252229465
"mb68" 0.641824383846777 0.634802123167419 0.179879864919033 0.141537544065735 0.120396970449275 0.0568513148304787 0.131651329897285 0.108040267424603
"mb69" 0.785714285714286 0.815310375082255 0.196212241800264 0.785571716621564 0.161326194942045 0.079299258781806 0.0668781766737181 0.146329969379286
"mb70" 0.757062003642832 0.78355455196343 0.230525899223783 0.49345361913407 0.173490428935668 0.108485821208886 0.157646743174119 0.19078381894881
"mb71" 0.702380952380952 0.751019483461713 0.188449170672434 0.702142226907463 0.148265400907897 0.0708685741968292 0.0583725344842355 0.124565388582222
"mb72" 0.713681193627235 0.676493063719727 0.194015103423017 0.423052113304349 0.140114635686713 0.0807777039988204 0.107252463860901 0.122484893554081
"mb73" 0.660978923581912 0.693130993448038 0.214495241276451 0.175770654362582 0.141143498054116 0.0887829597533525 0.176092069661242 0.125400973524037
"mb74" 0.724555979011564 0.755639635875473 0.228290168128598 0.399786278051543 0.165415296823318 0.109376230542629 0.167855386231044 0.165175265537537
"mb75" 0.661409635001374 0.691221328708023 0.213000807411169 0.179893240874404 0.138551993262819 0.0878681835521218 0.174080215901117 0.124468403857651
"mb76" 0.657416297038758 0.673764034316616 0.203498521358213 0.129029332511434 0.133682832379794 0.0540410378662882 0.164911179943581 0.123577827335366
"mb77" 0.623499500452899 0.611542724856047 0.161569048349667 0.177245372671242 0.108936249366674 0.0658487573199928 0.0958999500692144 0.0995918137667005
"mb78" 0.811764705882353 0.85765556843907 0.223993687060195 0.811567870736747 0.187632218988091 0.0932552935504123 0.100283457488744 0.217615789842837
"mb79" 0.699581457760713 0.698333615033573 0.188623977533343 0.303822101142674 0.13188328464911 0.0779386859273081 0.129535701715979 0.10755476698506
"mb80" 0.701002791413586 0.646698492661119 0.174480006333562 0.424020983216826 0.119972111651592 0.0815201412962235 0.103957912367506 0.106548581421129
"mb81" 0.722767057085245 0.70780762986622 0.192980051503677 0.351570143323308 0.132902941956638 0.0801794500525556 0.129768559892829 0.115733557069796
"mb82" 0.80782417912212 0.847274136202024 0.235394362326917 0.590185522563993 0.181574960826811 0.107388276363001 0.138305054014296 0.186879710693467
"mb83" 0.622684260860414 0.607285419132249 0.162323422727209 0.305951347419678 0.108296379023866 0.0741234455280307 0.0967888800720015 0.0865173164410585
"mb84" 0.66625523503296 0.643854073743681 0.172615782448232 0.224847518119383 0.123407582582797 0.0728875678634375 0.0941387202680715 0.111156514352523
"mb85" 0.739484982281527 0.71757438032311 0.184361153563072 0.458681987347929 0.13475596505059 0.0831504225567145 0.10710959862486 0.113587508235597
"mb86" 0.63969791981565 0.634278894939714 0.179022452362558 0.156996323786955 0.118367866543375 0.0594844944052715 0.132497021872167 0.105266195402262
"mb87" 0.761248209266655 0.744622157426068 0.196768173645258 0.49396120529197 0.147688332120529 0.082154580334562 0.110301896509282 0.136656864168913
"mb88" 0.66367701166886 0.69531737414016 0.209782998244832 0.210858514100682 0.141813002013412 0.0916616166866689 0.168623081164705 0.120081871179242
"mb89" 0.69391010318597 0.629986571635162 0.167896732487554 0.387742358774579 0.120141424692678 0.0642657503121368 0.0890857837872659 0.0849136455214741
"mb90" 0.667415440136794 0.665105275913617 0.200116864535065 0.234285291295992 0.13548745373581 0.080500317637179 0.151018677520607 0.127059418786692
"mb91" 0.659701506330622 0.691354016030793 0.2130257927906 0.152345681537444 0.137920659824852 0.0829120069715726 0.175136517176264 0.125503403471942
"mb92" 0.732388413244086 0.731302629317752 0.203266049695419 0.361616966891769 0.143834089434625 0.0781636196096852 0.127706356766619 0.140158132356942
"mb93" 0.740296021109987 0.798713318284424 0.222292802152962 0.566062642123796 0.175296205136807 0.101613214233004 0.123349351569217 0.159830735300647
"mb94" 0.62596947716876 0.601152894148169 0.157126660053147 0.189168978176347 0.107604069466572 0.0651121247633747 0.0850198000243464 0.0940787661267673
"mb95" 0.720607392620344 0.702737331086412 0.191177334141227 0.350443114600694 0.131333670178555 0.0751020686797904 0.121984866981967 0.121630939441057
"mb96" 0.776470588235294 0.747799499675716 0.159079760111464 0.776294866941684 0.129304770037032 0.0606615322580892 0.0250210105971922 0.0996621785709545
"mb97" 0.752941176470588 0.708267561168114 0.156478675080279 0.752798871225575 0.125455613688036 0.0594110563348697 0.022005262926056 0.0847165168984437
"mb98" 0.822813299257974 0.811085435725365 0.17184341768355 0.740930875243747 0.13651017791888 0.0871958977017546 0.0666844366481175 0.108768471874439
"mb99" 0.643355611287209 0.638428250249336 0.180162431398104 0.155266565329921 0.117137863290207 0.0604020009314997 0.135167162234505 0.10243459856294
"mb100" 0.663586297950281 0.681101314400021 0.208819161003174 0.128997369351818 0.138063511339399 0.0671779118818593 0.170873957395724 0.126543635348542
"mb101" 0.650329575410484 0.657251683849117 0.192959579737586 0.130540084799489 0.126955911666563 0.0528454686239762 0.153518349980799 0.114562511229445
"mb102" 0.653569004484726 0.64547831575151 0.177490304506934 0.213013438218363 0.124783880861048 0.070047700999449 0.0994755887948172 0.118115029512356
"mb103" 0.788235294117647 0.782378300700557 0.169662842136803 0.788129895462436 0.139141983114667 0.0655626038665817 0.037291238055625 0.114826289994255
"mb104" 0.64152849395862 0.622859661175129 0.165462723217895 0.200992039312368 0.115230396541064 0.0688183808265612 0.0940690039557121 0.104993333627475
"mb105" 0.917647058823529 0.903417941904151 0.165310025128354 0.917560943447327 0.143337671339195 0.0698941088993143 0.0322444988684276 0.127774979443436
"mb106" 0.710445802627404 0.687036147565114 0.172892592372037 0.482105965091444 0.129476546582566 0.0757244907972923 0.083856157332182 0.0984588684033402
"mb107" 0.752941176470588 0.699746437002711 0.156649365381666 0.752740850783778 0.126240004034541 0.0604933467437812 0.0222031645220136 0.0953404499176847
"mb108" 0.616962537295865 0.60818490624164 0.161714888255551 0.265063189986705 0.107034151619118 0.0692990903306441 0.100858101737908 0.0835789990518628
"mb109" 0.62020186168311 0.612433931314604 0.162868946066616 0.153520202400745 0.110390632631399 0.0572630712323253 0.105820952578211 0.0956921847712881
"mb110" 0.764705882352941 0.819657142857143 0.217621592415118 0.764459838420934 0.180634718807236 0.0889723016710987 0.0928955292373559 0.200456179080608
"mb111" 0.642299879443561 0.632870989740742 0.176211152893535 0.1466607022709 0.116461155743343 0.0502216169735437 0.12949838327387 0.10073985330504
"mb112" 0.615770040995258 0.606663061366616 0.160039342875725 0.165368839325868 0.108429501644091 0.0602522177513071 0.098986086034906 0.0967651842821189
"mb113" 0.624985184748005 0.610019019331979 0.16418638963358 0.189168978176347 0.113848538943394 0.068290995824314 0.0926834814781761 0.103461255325694
"mb114" 0.72251131945778 0.708318051322263 0.191854999762251 0.362266175736715 0.134065236633748 0.0752730539801305 0.122720504959858 0.119940382968868
"mb115" 0.670398497222304 0.657568527847682 0.188710798014194 0.19801464567287 0.12773499017501 0.0726191163492159 0.138805168578042 0.102540401100068
"mb116" 0.613335595527865 0.59730418973168 0.155656659207555 0.297638611505852 0.104395259545018 0.0675878688358761 0.0942758461963745 0.0741235330731704
"mb117" 0.614757137897117 0.608416554976671 0.162548791203455 0.268205238439949 0.107030855565689 0.0709203599196855 0.105481962404794 0.0786425248594707
"mb118" 0.764705882352941 0.756787983824379 0.161400583264783 0.764517858862731 0.130478791718197 0.0606070757085565 0.0277118172935627 0.096878666802847
"mb119" 0.760804613222787 0.755796058183985 0.168365604208467 0.572862986181214 0.127333592049391 0.0848630649756397 0.0783210520082992 0.0947962989767298
"mb120" 0.778749333978493 0.775226939970717 0.198083588672988 0.517522293876791 0.149042503994937 0.0887310944187691 0.111758913297057 0.137416411856461
"tnt1" 0.638113614321813 0.625000290258237 0.176340141495933 0.153358496205032 0.119808112549176 0.0586670008750951 0.12580368548651 0.107022063131883
"tnt2" 0.620914273815831 0.617347165370067 0.171027313025887 0.105972258668532 0.112117711544487 0.0468886057128925 0.124047305335186 0.0982502074568359
"tnt3" 0.631776239247067 0.627959019655272 0.17383295621855 0.105981997081167 0.11352841197541 0.0487438281903826 0.129743275786673 0.0958287860860348
"tnt4" 0.62575345408023 0.621623366693287 0.17155074603514 0.107207178873579 0.111411733554856 0.0483460761529502 0.126082230812578 0.0956366479046818
"tnt5" 0.636991079636807 0.646378615493375 0.190601414160279 0.117377309297233 0.123639705648815 0.059674646610572 0.150576906253691 0.112655232454026
"tnt6" 0.638254409721037 0.641625470386185 0.182443509908672 0.120583547038356 0.117665954120507 0.0580669057955319 0.139858012769954 0.102541008332174
"tnt7" 0.680917682102633 0.663145523613868 0.198293654369035 0.267003855724798 0.139640735186119 0.0843723024928891 0.135356545116348 0.120536059523859
"tnt8" 0.676654812441171 0.648007059637965 0.186611209813082 0.245030137439148 0.131238182555487 0.0748419786236782 0.127373223185789 0.106095447925838
"tnt9" 0.680123099159718 0.655022692156536 0.189797476893208 0.205540477131085 0.127434956073998 0.0718078173396058 0.137531615643388 0.105172114265192
"ufb1" 0.670588235294118 0.584856639138907 0.152693696689414 0.670475855556498 0.122611695940084 0.0525077575182002 0.0176168866789501 0.0665831491560303
"ufb2" 0.723171384207825 0.657895660105954 0.15286405470778 0.606892803223007 0.114859178983582 0.0635190174303532 0.0449570289536102 0.0735659180786078
"ufb3" 0.804878048780488 0.725534539473684 0.157402559129917 0.8047017784034 0.127811736214509 0.061864567342192 0.0204794388390048 0.0876203357804314
"ufb4" 0.710740787660062 0.749672265464973 0.216378058978492 0.404032466446276 0.158774245507158 0.100144359685996 0.149418070616849 0.16195272542884
"ufb5" 0.759036144578313 0.811000343760742 0.206825799070684 0.758925583081525 0.173326997439249 0.0817386955632437 0.0789125386233201 0.165940786189426
"ufb6" 0.631891136860144 0.619035686110724 0.165957782840716 0.325950406801994 0.116980821625672 0.0663032758571507 0.086849212060186 0.101713882425425
"ufb7" 0.726190476190476 0.634198912039413 0.153926950876476 0.726034253875836 0.123972423397684 0.0539518192094279 0.0190176695175762 0.0746282157910709
"ufb8" 0.715419737686655 0.733671006921425 0.181706679847068 0.562115944240535 0.13628576896961 0.0833684204455918 0.077577351308714 0.117649702284363
"ufb9" 0.727873343065271 0.74299082444663 0.214752119558628 0.398211928039606 0.156027881032327 0.0957094766108835 0.147587878273162 0.163324580358647
"ufb10" 0.668546506684844 0.690359140565904 0.206494100674754 0.218913796945501 0.13865752368467 0.0860544896213023 0.164169214339956 0.11816572518879
"ufb11" 0.630585765554218 0.632235401686861 0.178279010962435 0.143735659379539 0.114077123415675 0.0583527333263167 0.134426621704226 0.100135201291599
"ufb12" 0.615324453727584 0.604089640287377 0.166101091584578 0.210416138871095 0.112424691413546 0.0552922776632364 0.112383627649196 0.102345545775897
"ufb13" 0.623969089043322 0.600203405742301 0.167588053242739 0.221902811371939 0.113021819060973 0.061799521093621 0.110861652883856 0.108115491423353
"ufb14" 0.646575663983164 0.603907564749826 0.160051454988314 0.314884996557393 0.111757511812857 0.0629078599246774 0.0881948078551028 0.100542369631532
"ufb15" 0.661350789684078 0.627711267270808 0.172269579983943 0.314198487094331 0.120579035732889 0.0601821881486876 0.0937596806384849 0.114861206270559
"ufb16" 0.646067369519183 0.643615120488479 0.181712967173106 0.187246906866502 0.119073670503702 0.0596349117335113 0.138043836206283 0.102100320431986
"ufb17" 0.631899441924986 0.612240760912165 0.175288784165065 0.19860871643885 0.117534900176227 0.0599921595730377 0.122163166003627 0.108726845565076
"ufb18" 0.697494373893182 0.650681965793462 0.188649748834981 0.458437949813995 0.137064338732329 0.0672365863573357 0.0856248287930453 0.131177949097664
"ufb19" 0.611931869990093 0.596515967941213 0.168709709616302 0.210202761370118 0.113115651542484 0.0585069082254902 0.11205974680587 0.108236500772773
"ufb20" 0.624154179612681 0.599712139434926 0.174122923977174 0.221634923828434 0.114771971916014 0.0637536827362152 0.114093344241863 0.117386664328495
"ufb21" 0.638828331176121 0.617725164754699 0.183650998850463 0.24480738078708 0.12293726568226 0.0751482264626557 0.119711442847532 0.133703138731634
"ufb22" 0.78136252473044 0.731261721528811 0.175790804879451 0.55413123071319 0.134106133385362 0.080460893446917 0.0869321243559807 0.103378181513753
"ufb23" 0.682941521700504 0.630981279572104 0.168208155386037 0.373799533472425 0.114850401513734 0.0776178251046793 0.103158131493565 0.0950510691777883
"ufb24" 0.69219568461799 0.718790806465243 0.211887082991253 0.293760302350782 0.147107689734456 0.0802288586107354 0.158184414085851 0.143443309973125
"ufb25" 0.683152295919103 0.694122788913305 0.198826411705393 0.2936788869243 0.135371761870807 0.0778055724413555 0.147231779309404 0.127222763857364
"ufb26" 0.658454918207457 0.681529842706313 0.19150820610562 0.267932470129535 0.130090312386426 0.0757433200729686 0.141873180474471 0.115429489605956
"ufb27" 0.665036711590609 0.683488374800619 0.193242635482993 0.269970135746521 0.129568625244607 0.0776814236001351 0.145773874300155 0.11345820194489
"ufb28" 0.663235178527517 0.693273686176505 0.20870945966202 0.215880728255912 0.140247800757071 0.0922933584351053 0.16831428583939 0.117426946472009
"ufb29" 0.75609756097561 0.709668219412492 0.153380184395366 0.755952366867487 0.123947008367688 0.0577677782293229 0.0164272449156225 0.0870255601873379
"ufb30" 0.717430584894874 0.686133054775739 0.15328274390223 0.58510160280788 0.113664272523881 0.0685433403478412 0.0449204098667631 0.0838154288418762
"ufb31" 0.658865859699557 0.661539539916675 0.199816353079898 0.128947829870973 0.131452276043729 0.0627791582903545 0.161438865311085 0.116490291422868
"ufb32" 0.795180722891566 0.667349814269246 0.129409924221822 0.795045156546375 0.102673520434282 0.0488162247986965 -0.0111695260123861 0.0502410794707196
"ufb33" 0.728009770457995 0.745528277507206 0.219440013013586 0.386654083798863 0.157626827383679 0.100936024471256 0.158312150411283 0.160043983998391
"ufb34" 0.678488033763943 0.704811651559022 0.215292876884622 0.246314264331788 0.149606741791079 0.0875384665370114 0.169151780199068 0.130444763269398
"ufb35" 0.654505570605905 0.683178160665405 0.201838201934451 0.210858371797621 0.137557671153341 0.0858514117367303 0.15924366911 0.115428406363939
"ufb36" 0.647058823529412 0.508794102159031 0.136575737282574 0.646805798514996 0.10559685672477 0.0464071018266018 -0.00107058334293762 0.042121942187688
"ufb37" 0.706949284108151 0.686396897701165 0.200287598713846 0.442876251672049 0.147268910328225 0.0886286417042274 0.11384617070912 0.133072534317279
"ufb38" 0.673948042668027 0.648428202813028 0.193513833444622 0.22130256392416 0.132816507851307 0.0753190030507327 0.134778555400618 0.11626615505253
"ufb39" 0.672956667908231 0.642334562729323 0.187117948975842 0.209726047480962 0.126562235113732 0.071951922226228 0.13162946664398 0.106906370792061
"ufb40" 0.625500855624131 0.61898821687973 0.170458244444957 0.141752128608236 0.112059268490345 0.047067517994558 0.124952538183494 0.094971593337686
"ufb41" 0.746441626277687 0.674305154374478 0.178200845670663 0.481954834766402 0.13057847345634 0.0746358728491731 0.0897358333331547 0.100680101483079
"ufb42" 0.715953830356457 0.727336608901578 0.216214472026032 0.312873447758766 0.150799216478176 0.0827661750862774 0.162770928828138 0.141066236273173
"ufb43" 0.657959078747311 0.644201548674313 0.186861803796198 0.227971263968903 0.125647592927466 0.0683730003395122 0.139032890952095 0.108015131437227
"ufb44" 0.666658581787062 0.691751040995718 0.216830324501226 0.140775119751705 0.142981108453429 0.0829032634726819 0.179269338022253 0.134462517523896
"ufb45" 0.658922523135195 0.687821223024008 0.210025342853337 0.168008425750956 0.135764420091244 0.0790615257153061 0.171408899402296 0.121773746395092
"ufb46" 0.788235294117647 0.837637071100106 0.212374064631562 0.78801385457884 0.175704561643845 0.0870519393545442 0.0868114452867159 0.19246557141632
"ufb47" 0.714710809060751 0.690298634059618 0.17274621597706 0.42340830137289 0.125032139670016 0.0756701297604196 0.102057914832642 0.0980860991584211
"ufb48" 0.726301891883727 0.695494033125921 0.178606281814738 0.399829236247828 0.127752380049373 0.0768649963744119 0.114333968647588 0.102186921588807
"ufb49" 0.689612927788039 0.68188821759608 0.181635420068652 0.302587160544167 0.125789618330454 0.0733768025531282 0.117402961482701 0.106130611827133
"ufb50" 0.662608109521281 0.646251096201374 0.183068504326855 0.190942764254355 0.123985487690424 0.0684513454328162 0.134924608629414 0.0965316221487144
"ufb51" 0.702419530140728 0.647303828350386 0.181952800060158 0.408301869530124 0.130772772075736 0.07907954908315 0.104216778217783 0.108176681175037
"ufb52" 0.674613776804821 0.647403928914992 0.188104147391425 0.221578381582473 0.128653721654763 0.0720803379441552 0.132682984362885 0.106455910305635
"ufb53" 0.646835642399139 0.651758380808546 0.189451229766611 0.120180530805289 0.124836548101178 0.048689665886895 0.149832018774828 0.11089505691308
"ufb54" 0.64154778482928 0.638413588866364 0.183490648854234 0.121597940837337 0.119746691311431 0.0484558237357547 0.14312369323318 0.105211663990842
"ufb55" 0.618300445402206 0.604452227355114 0.168490841506815 0.117103931525673 0.109455302859858 0.0427396877864327 0.125195410669149 0.0948236216870193
"ufb56" 0.621253378998582 0.606341593817205 0.159841313763952 0.256761501958118 0.107674258172914 0.0583644095421717 0.0987736630082272 0.096349131498409
"ufb57" 0.642394888645312 0.62139486103828 0.17395320602603 0.198655640291619 0.115756193170185 0.0539432044239376 0.123270297256858 0.108004707832199
"ufb58" 0.691358024691358 0.729970520799214 0.212610072146999 0.6910945619898 0.170479244286143 0.0836842748181994 0.0836050929693553 0.14282166466758
"ufb59" 0.661130703992616 0.676204127822385 0.206912511880101 0.140775119751705 0.136731007147809 0.0690531571338656 0.168875864969657 0.123995346646254
"ufb60" 0.64280203229888 0.634207103144009 0.175637633352367 0.16784134321681 0.116778791329037 0.0503035962824381 0.13039342239142 0.0977339827238345
"ufb61" 0.617158276747312 0.597412443072088 0.162724307823865 0.210299945599979 0.108186877679301 0.0546372238101359 0.108789320807384 0.101258215061176
"ufb62" 0.621955866411317 0.586953610318433 0.152052047374764 0.279967236040431 0.102841109258608 0.0568740103149205 0.0856375414121096 0.0892113498569083
"ufb63" 0.690543690324478 0.731448267299341 0.217901675690967 0.292404099755885 0.153805489133789 0.0885025934294075 0.164520554901314 0.143649231019193
"ufb64" 0.640153624963771 0.63035656053599 0.175551310442434 0.177491286371113 0.117142562314964 0.0488529797423484 0.128827689285044 0.101278962098602
"ufb65" 0.658117270904492 0.637272323834883 0.179365558037481 0.186315257224203 0.121376250608556 0.0654203217997165 0.13277035435443 0.0910605826911634
"ufb66" 0.752905921209998 0.772665682447873 0.227664975613755 0.481703231462989 0.168883806656894 0.109765591691868 0.16166944698323 0.176043160592885
"ufb67" 0.743445498264831 0.773548957269274 0.237320338551094 0.451674236627558 0.172965535474898 0.114901467676761 0.177592734866701 0.175145664716392
"ufb68" 0.676027622987644 0.707761683520088 0.195784793890318 0.461269856488598 0.143539097238116 0.084233325819744 0.0930502412228479 0.11922898575591
"ufb69" 0.726523132074684 0.673693408333788 0.16115286003397 0.507336489672561 0.116472222530417 0.073137280754931 0.0704959162061396 0.0745013791498649
"ufb70" 0.773809523809524 0.791147669408539 0.178777404197193 0.773700890921897 0.144130132010688 0.0688683637441892 0.047150562151723 0.130570939083118
"ufb71" 0.782462471519539 0.812504932004103 0.1916092108123 0.697450503219116 0.152324197144554 0.0967434492320025 0.0887399975343842 0.136678806249257
"ufb72" 0.655729574665862 0.634021387556619 0.18211004724989 0.205305099758041 0.125517660077599 0.0720100356933661 0.126187037749675 0.100835789679593
"ufb73" 0.66019171826037 0.638779746259193 0.182179201135178 0.193266297574599 0.123293927431977 0.0712573454271191 0.129343011718448 0.098451009703368
"ufb74" 0.649991337108959 0.668391326540759 0.198573727439909 0.128919116534667 0.130653422192699 0.0461392554922244 0.159747799268795 0.122443559460939
"ufb75" 0.643137311200415 0.654195889340653 0.190722126507649 0.128896130275665 0.125577357334384 0.0513613850582166 0.151164443694722 0.114969001232205
"ufb76" 0.617990979112947 0.583942100877788 0.162263329152086 0.247001542516479 0.107362114933181 0.0700055141005836 0.105220505660384 0.0909958470344561
"ufb77" 0.73071935038758 0.66766791240264 0.160595164603158 0.612177559410907 0.121421024789143 0.0726956168140004 0.0530658174159615 0.0751887603851626
"ufb78" 0.57289403505022 0.585460882318235 0.157887321745166 0.164114231827645 0.103140784151261 0.0658618783377494 0.10836293526877 0.0778602565187875
"ufb79" 0.674698795180723 0.616835557339219 0.160606916349035 0.670554520238531 0.125633874930106 0.054077854977706 0.0242655118182012 0.0719826629663635
"ufb80" 0.620094304765632 0.592003404531269 0.159291548017394 0.256430155297201 0.108796582341167 0.0573985672370143 0.0934440672561197 0.0970278975138679
"ufb81" 0.746815732421083 0.657275790149206 0.175503717907666 0.470174290473991 0.12794985167884 0.0676270797071733 0.0867483652363039 0.0993848743327789
"ufb82" 0.666419948618449 0.686882794079294 0.213052901978276 0.140790296934471 0.139991434713461 0.0796502603054127 0.175357337916103 0.129421166004355
"ufb83" 0.626363203443075 0.586173080378918 0.153529957970484 0.279967236040431 0.105477976034485 0.0579095214642201 0.0872312075819404 0.0913143803280628
"ufb84" 0.737374243150005 0.678704270445878 0.157550559370469 0.510053854092431 0.115728299282885 0.0695484352343114 0.0664575389641955 0.0859188547799032
"ufb85" 0.63168229964052 0.637776871347069 0.17746441585581 0.1521889651265 0.118104858876612 0.0523071105516968 0.135482972361488 0.098411870079004
"ufb86" 0.639742068807358 0.640690943738501 0.178895229552875 0.19940036224089 0.119923982035008 0.0537883811963943 0.13612455475433 0.0984343193793608
"ufb87" 0.629814681403043 0.628718304880847 0.175011231267529 0.145417566193663 0.113807654115047 0.0555599235215372 0.131003741124262 0.0983330163807236
"ufb88" 0.719424109447174 0.74553555152072 0.207149698750187 0.404088751638106 0.153432448228579 0.0854644091079915 0.132056513975651 0.167585241362271
"ufb89" 0.632786273626817 0.617312458157644 0.174850006622205 0.186972749138519 0.116335969098094 0.0573866164724924 0.124222121930521 0.106161963245954
"ufb90" 0.797619047619048 0.733001107419712 0.144959501699413 0.797475500999584 0.118015692516863 0.0539714935451719 0.00862032947547106 0.0755863531562532
"ufb91" 0.684897130101992 0.656273146243108 0.163721555965825 0.421498869286558 0.11829930363215 0.0747478485074026 0.08441876391356 0.0812187949247518
"ufb92" 0.696890632067774 0.703763284896754 0.202543782190042 0.43731114889069 0.147462219082055 0.0825460990657044 0.100999441832228 0.139310322745187
"ufb93" 0.728126498652201 0.698218752247537 0.181617263231371 0.364458050351821 0.127582067243284 0.0721184677868857 0.122181879711571 0.105795605851807
"ufb94" 0.671499337919724 0.619264192989868 0.162897944015828 0.368878149759054 0.110297437413178 0.0743726814409012 0.102059876385926 0.0816850247897866
"ufb95" 0.652713913505873 0.652725968436155 0.190927516825511 0.187928374923459 0.126439761198144 0.0548641971990419 0.150927574489715 0.111209380952059
"ufb96" 0.661772835460482 0.682462678475727 0.201953931227009 0.218918990337239 0.137539036741746 0.0840514303693096 0.158179639411107 0.116531650386844
"ufb97" 0.689399965255904 0.611407180180414 0.164040690930842 0.502991572846735 0.12120308310929 0.0631820157448501 0.0575505844783251 0.108444812626056
"ufb98" 0.662424806900732 0.630117111094605 0.169508709449099 0.316425699573398 0.118989384520537 0.0627776880414932 0.10444959307516 0.104761380337763
"ufb99" 0.657775442726015 0.686963004768655 0.210504514464079 0.152335731175568 0.137444409038313 0.0845623055377195 0.172251081587241 0.122755510632483
"ufb100" 0.635109393666456 0.6199543396516 0.165260123118766 0.351051435980122 0.11429844763319 0.0748307821576469 0.0862277566845896 0.0990545865882011
"ufb101" 0.672042921815338 0.637675710071152 0.177008701371443 0.455705546377818 0.128268837587734 0.0670376352693794 0.0722128434007512 0.10273064828765
"ufb102" 0.669259943291671 0.659880989664892 0.163564583271848 0.433088486133768 0.117045383881195 0.0711802555229773 0.0733414866313759 0.0893940033175306
"ufb103" 0.650862443806674 0.677813120162198 0.203361909694004 0.140530291446729 0.134253921212679 0.0669925644127992 0.165153186463326 0.119658373212159
"ufb104" 0.684627038407541 0.672151490575809 0.180230043590856 0.275099127627289 0.121774434368396 0.0705358842780185 0.124231076251291 0.0947365324708587
"ufb105" 0.634158453907324 0.606041989495769 0.171314248189489 0.198492523167733 0.113142760503247 0.056199510335458 0.117932601400632 0.107858018536285
"ufb106" 0.823529411764706 0.836113249508169 0.180604713227613 0.823520258899768 0.150736699261996 0.0725477352179015 0.0499774524101615 0.126374038523832
"ufb107" 0.745715748724494 0.727702605755494 0.198440897473459 0.409469485645566 0.142138189782822 0.0801368164069831 0.129869807395405 0.126661298036326
"ufb108" 0.673672091466238 0.641215072846589 0.158861189803003 0.452107914083168 0.114651505026593 0.0732554945838634 0.0790415076525077 0.0745230739864586
"ufb109" 0.715283408975441 0.728726088415241 0.214956828674468 0.329046775076992 0.150815373743326 0.0834590419769722 0.161463334790172 0.143445291732476
"ufb110" 0.629960638426735 0.632962261181742 0.182662669941666 0.128812527133276 0.118614777435398 0.0519324013508681 0.141660660319396 0.106077664362774
"ufb111" 0.753257299381466 0.669613821138211 0.148575190112544 0.623275750981866 0.112080163294396 0.0665863055495126 0.0404616191431364 0.0735554803472127
"ufb112" 0.646983470231689 0.614559398809823 0.180274443768069 0.233344619455335 0.11940781942479 0.0686876436370752 0.120691992495941 0.12458109709232
"ufb113" 0.707255236967456 0.645884597493477 0.178743437434063 0.397123171938334 0.125625647729989 0.0821634363581304 0.108376992185483 0.09973194172353
"ufb114" 0.662111588305114 0.695423946241657 0.198350494934783 0.267995527013962 0.136422549909787 0.0760926765616689 0.146648174632184 0.126070727258446
"ufb115" 0.685014500228451 0.643941327782905 0.174820134710241 0.351533768897445 0.124112216986244 0.0721717672577246 0.104208872854578 0.117398583539409
"ufb116" 0.674979054092144 0.636002128585942 0.171276404882862 0.281274664355753 0.118703300795435 0.0620310656967617 0.114796360024948 0.0995240970190493
"ufb117" 0.78480266616679 0.746678290146095 0.166125203502566 0.670324397664259 0.129220616965991 0.0787254682339031 0.060240125990387 0.107354536000202
"ufb118" 0.682352941176471 0.701370562696859 0.166658898900012 0.682194843193653 0.129323294380465 0.0603929800465987 0.0338084088855034 0.0846395975320227
"ufb119" 0.739989498614655 0.770538864855166 0.231240327312184 0.463557471063187 0.171339840237361 0.109536146574705 0.165486364222315 0.17852482994996
"ufb120" 0.617552867559535 0.599437985478044 0.170598359408774 0.233446983780282 0.113764048631508 0.0645701100233113 0.110312593691392 0.116374352289062
"ufb121" 0.611764705882353 0.490455061397173 0.144230370360868 0.611648835603529 0.111536354443442 0.04813954173655 0.007804344466997 0.0376857775292413
"ufb122" 0.663191835734533 0.680826641664334 0.207349974844071 0.170244020589093 0.134057050600647 0.0777021327136864 0.167594241642766 0.119483178142698
"ufb123" 0.716529607640848 0.753169641982325 0.221225241516651 0.392149139279181 0.161513243786028 0.103263905776138 0.160287771390268 0.16004839842926
"ufb124" 0.717647058823529 0.660132785330383 0.1464627047368 0.717467846988716 0.112734490812319 0.05359347931282 0.0103925555845507 0.0610901598306985
"ufb125" 0.661197499949869 0.688378067611436 0.205652743733477 0.19929295757 0.13695675133793 0.0853830171459344 0.165796904745944 0.113981352751532
"ufb126" 0.650211494767968 0.676381013988139 0.201744730347339 0.140522174896989 0.133535893295796 0.0651185105296448 0.163312322213259 0.11788274386188
"ufb127" 0.623352005448208 0.623179575906194 0.173349944006676 0.145329442505322 0.112472135741611 0.0561735466789823 0.128003474099948 0.0989947166820373
"ufb128" 0.623399621551434 0.619057462042143 0.174721538524934 0.121537908944007 0.113447684078045 0.0496273678251335 0.132614050122103 0.100466871991495
"ufb129" 0.65561355997477 0.59644891972697 0.175846239470506 0.347598821661874 0.124754457287763 0.0625902828189066 0.0867629292191455 0.0973865880185623
"ufb130" 0.658568159111372 0.682067011815073 0.203335870527477 0.187468952194289 0.135618408980152 0.0852218647413013 0.163363783986089 0.112253043444575
"ufb131" 0.64793408447308 0.670808830112702 0.199782178190245 0.140522174896989 0.132344655915918 0.0683147555716371 0.161255281979038 0.115623859740764
"ufb132" 0.668458929959077 0.628962443485409 0.172965047617136 0.353291630077676 0.121129445879873 0.0753707887537372 0.102313534543397 0.112699686469366
"ufb133" 0.615442628593667 0.586986159313082 0.160159711542874 0.240895420457962 0.107252306290535 0.0736238496006876 0.106104685633253 0.0863203688954719
"ufb134" 0.569995295265109 0.575848901604071 0.153894133387595 0.16593728705387 0.101291279363827 0.0655160119659045 0.102016858362931 0.0782950634164675
"ufb135" 0.639476151333347 0.649824680969705 0.189688860420526 0.206469459846643 0.127783569406262 0.0688469534738444 0.14199100903406 0.115449991626572
"ufb136" 0.614894771311826 0.601433610836743 0.155317052884144 0.236443793185037 0.105187902153946 0.0520595674490473 0.100859628305608 0.0832555157825181
"ufb137" 0.652351692151373 0.626371101476494 0.156084731456299 0.395770215880985 0.108612128675372 0.0726571336374565 0.0760866753893665 0.0783451845027996
"ufb138" 0.724793618871037 0.735170011077568 0.199528175684078 0.38715191981719 0.148551421583111 0.0747915087747029 0.123408539010636 0.13227976586825
"ufb139" 0.661523054927161 0.643289015981815 0.18307523321956 0.205540477131085 0.125985827218888 0.0730253025438252 0.130296932916189 0.098298473726359
"ufb140" 0.60325503463691 0.595686514803617 0.156472365692986 0.246541258185224 0.103667163573598 0.0627202427656614 0.099046233852635 0.0774629234561611
"ufb141" 0.650831684949324 0.64186301799506 0.187877572744434 0.222546220560751 0.122955553269443 0.0695355353893634 0.141862916795123 0.110482967215004
"ufb142" 0.651926009445243 0.642148681747091 0.187136694652379 0.222573089162353 0.121532338565622 0.0688172845422782 0.142555202050542 0.106590927996347
"ufb143" 0.758805434002683 0.695267725560832 0.155406741797626 0.623342766093664 0.116860054379025 0.0702387244343165 0.0481606384417516 0.084599110218508
"ufb144" 0.693128985230693 0.636662207666405 0.178441206584042 0.396415298864696 0.127821604329669 0.077525388765122 0.10037149090691 0.105825044927085
"ufb145" 0.65975277605287 0.612676389649553 0.168626761310804 0.338220275463717 0.119251817304762 0.0771252993357833 0.0972263350034204 0.0911850239335017
"ufb146" 0.677327918118446 0.636932989690722 0.174191984791471 0.338779739270232 0.122277120277216 0.0815412322128198 0.109294578685806 0.0928450092334349
"ufb147" 0.646659122032762 0.637132514979524 0.184068185444871 0.168507331341832 0.120490260171594 0.050205787658418 0.14314791246612 0.104499080186295
"ufb148" 0.686966924751986 0.685201844859482 0.182655388309258 0.314368764837008 0.129575321206927 0.0703062220442226 0.112570133124857 0.111074836945413
"ufb149" 0.691369244459146 0.686574351042563 0.182228491825461 0.314832906238952 0.12864620028309 0.0748185768876559 0.118042582733454 0.104995921088528
"ufb150" 0.657294561679728 0.686106654431776 0.203118129968967 0.210858371797621 0.138676447323538 0.0858757863504921 0.16059190151189 0.116795929165066
"ufb151" 0.594861945919115 0.601370830957449 0.16123750614217 0.175715543115549 0.106510669841166 0.0527681840696146 0.117546696000417 0.0864890015793986
"ufb152" 0.590738486789051 0.590999712060893 0.15608343149851 0.177701209206738 0.103487700198382 0.0526709490163827 0.1110656815248 0.0842086189477068
"ufb153" 0.645849011962908 0.652864893317141 0.186248356383359 0.204375576346827 0.124923406869373 0.06084069798881 0.144714676942543 0.104276902536624
"ufb154" 0.710941016130147 0.682291956970069 0.173607536039304 0.388057798464674 0.122758010156067 0.0715125276787997 0.102992834137486 0.101220674304504
"ufb155" 0.631620250782398 0.606082853059878 0.170283500199863 0.245156679407183 0.116444517603541 0.0657360472162698 0.10997484867231 0.115877035350249
"ufb156" 0.631252758769553 0.655279066821736 0.192624643186965 0.117063544376003 0.125945161305335 0.0574074989100657 0.153160483288104 0.11546559944654
"ufb157" 0.71258694994287 0.643802946727728 0.171171642109818 0.454880473664089 0.13028594660173 0.0655692817748877 0.0815830516220184 0.0952906152365726
"ufb158" 0.731312943931362 0.701396090945353 0.182143500121041 0.411624800403485 0.13075159892091 0.0793367685477248 0.112258190832737 0.107961241529071
"ufb159" 0.725768828536978 0.692608437557571 0.18045322577802 0.364474442048486 0.126749627702286 0.0707845069952196 0.116325432051648 0.106871305718154
"ufb160" 0.658582982259571 0.625765317058532 0.176418710962292 0.238888281079057 0.124155057635075 0.0687813894432793 0.116393058411657 0.0936314454027494
"ufb161" 0.75609756097561 0.728630625421606 0.157996856168878 0.755952366867487 0.128973860380346 0.059031054801279 0.0217907297902958 0.0922283341275451
"ufb162" 0.756022641331668 0.751506919093302 0.204258831117417 0.432539286104533 0.152398307807966 0.076632076356668 0.128793290395088 0.138341942217904
"ufb163" 0.711419568241908 0.653297575884697 0.172683675629238 0.441566671289564 0.129472421927727 0.0670020685442818 0.0831329680671028 0.0950025225795204
"ufb164" 0.719517687599631 0.740922290007193 0.201227346993822 0.533009668305711 0.153451099245462 0.0917477907978355 0.0994743263298097 0.137714528194914
"ufb165" 0.720162949856809 0.674386935143508 0.164943766137943 0.447802532367515 0.118053592089662 0.0684051016758612 0.0857012887291917 0.0931240725668075
"ufb166" 0.70271402641842 0.656102918104801 0.161538959802532 0.410120029650709 0.111311583322166 0.0719292153992057 0.089817723675549 0.0825234389098569
"ufb167" 0.569302795929834 0.589370298788624 0.156438449449193 0.152439442064767 0.102588675739434 0.0582446695463776 0.108628541153641 0.0762642221428513
"ufb168" 0.752299791790364 0.682599678886808 0.148992189329761 0.635054666430414 0.114781337156124 0.0697976580927175 0.0409315687488571 0.0750148155722858
"ufb169" 0.701213049401735 0.671944333996024 0.180149250203517 0.310554865099454 0.121995036178438 0.0726688899663886 0.12050875405195 0.0975975225935766
"ufb170" 0.665857413104536 0.685299177977442 0.203605619027258 0.211779365811261 0.136703393978618 0.0800004663996573 0.162129591209143 0.113805755011242
"ufb171" 0.66818324113852 0.642847193202396 0.162684929376239 0.402167687592038 0.11515472306943 0.0785329119640517 0.0910617185008175 0.0718241504587201
"ufb172" 0.638535069955516 0.637133193218096 0.178813358094441 0.20162859564495 0.118997346062825 0.053363090337472 0.13500808910391 0.100634205849284
"ufb173" 0.628470233116142 0.62609728688393 0.177662145713087 0.108046589774285 0.116310908852584 0.0447724243273385 0.136409943407409 0.101747188868247
"ufb174" 0.637902082701249 0.627410319939675 0.180046562103221 0.455772899608437 0.136759289400706 0.071632744997793 0.0756375310920759 0.104842053061323
"ufb175" 0.676103055126115 0.636546722389728 0.172796274735176 0.304770061337218 0.120555760904595 0.0642273883402403 0.112662520248655 0.103157941418481
"ufb176" 0.662141735583438 0.664485205485683 0.199724843425489 0.152155761486 0.132068236551356 0.0738392889823809 0.160951806354763 0.113467379978097
"ufb177" 0.652363824911929 0.597531847867987 0.176270085397276 0.222944887125635 0.113247715909794 0.0642838860565548 0.129614361949155 0.09545886683918
"ufb178" 0.698542105724519 0.685512270276219 0.187988231486501 0.461201701000292 0.136415109623769 0.0776543990763964 0.0842577061679115 0.126670157017047
"ufb179" 0.657697856565719 0.677544821709581 0.204386703874283 0.158287247638571 0.132214766663198 0.0703569268451965 0.165497567263784 0.115935382430287
"ufb180" 0.776470588235294 0.841650235097831 0.206617325763465 0.776352887383482 0.170353896643054 0.0793823067990376 0.0801369722776976 0.160509975921433
"ufb181" 0.630663293896775 0.592188032598928 0.161273444105873 0.374062538576864 0.109240235658362 0.0688778894786608 0.0708053146022805 0.0932250993348892
"ufb182" 0.758956961719704 0.740036584136312 0.188267154242736 0.50574174958438 0.142892126390011 0.0786565468760207 0.100885759608326 0.129423401791436
"ufb183" 0.640406886007776 0.653509578911021 0.187357819722337 0.15603985164539 0.124431143672466 0.0596293479771755 0.146590631019735 0.10655391791314
"ufb184" 0.727613886378981 0.692500214934612 0.176043112604901 0.446899936654038 0.128774034035375 0.0768671367777622 0.098003731534002 0.106978105319174
"ufb185" 0.77478789418208 0.705512097507731 0.154531511464342 0.677963425373251 0.119500207200935 0.0711796255648193 0.0462253988403838 0.0747608822939835
"ufb186" 0.606556560600273 0.605784655362531 0.160768916415453 0.249478993376654 0.106186312477902 0.0645253080688675 0.106708181802924 0.0757252956456242
"ufb187" 0.676647401771713 0.631557096161957 0.173575262131537 0.327927273087431 0.119806029771848 0.0630471051666177 0.102857475592797 0.113905663183851
"ufb188" 0.592159498900753 0.569440838556719 0.143559654953224 0.198293352772207 0.0932324654021666 0.0465886467784037 0.0883442209780861 0.0706853950899542
"ufb189" 0.589115588571892 0.566589382635673 0.143566175360439 0.200297506856463 0.0940655663653236 0.0447101677045374 0.0852027554135599 0.0747905328015951
"ufb190" 0.613440051582349 0.587523116853942 0.149929819946641 0.244847077681323 0.10029537369615 0.0489978808859645 0.0881417438084029 0.0851695101711538
"ufb191" 0.663857756736899 0.681305375168606 0.210486946783548 0.140790296934471 0.139112202980964 0.0817964777605712 0.172668470865334 0.126726226545636
"ufb192" 0.747094164799414 0.695289012862235 0.167766255124989 0.516186921818703 0.120547214438797 0.074689502683222 0.0778600591217628 0.0992142601491278
"ufb193" 0.63523678756483 0.611338634735818 0.167096505570819 0.314198487094331 0.118279417638485 0.0638708389878036 0.0880959421858864 0.11017668127254
"ufb194" 0.656112852922594 0.66949435985025 0.199746922607259 0.142374285507997 0.131097132050031 0.0517981614008076 0.160983012645843 0.120894014606331
"ufb195" 0.691663673019424 0.611884546551796 0.164807846140985 0.375960308080688 0.11669319985023 0.0608414964858365 0.0857043399266172 0.0814544589280424
"ufb196" 0.636776598119452 0.645828655051913 0.18103644800728 0.152226093241594 0.119612893292353 0.0518525440911513 0.139952797596724 0.101389606130616
"ufb197" 0.847058823529412 0.694156509853058 0.130562746564692 0.847014935857202 0.108689955981039 0.0523733151969819 -0.00804215964152544 0.0671097369746054
"ufb198" 0.681606236269919 0.615695767770502 0.141351223871984 0.458345068035073 0.102006660663094 0.0671299175149473 0.0598993683030714 0.0620567953403622
"ufb199" 0.648425781748744 0.65999515179528 0.189152085432913 0.19935174298767 0.12590752880309 0.0594978652242871 0.148474908263776 0.106945671018177
"ufb200" 0.689315938916067 0.60388202208446 0.157078712119258 0.375917633913575 0.109736232908124 0.0621760875396479 0.0850516328969744 0.0680871281852267
"ufb201" 0.626506024096386 0.725510204081633 0.205014918452844 0.626388125441547 0.161186209230105 0.0732165524982967 0.0768096217241211 0.129307901244718
"ufb202" 0.643460271279182 0.616594771525189 0.171234178015806 0.210183752328863 0.113159475650436 0.0555850736541628 0.117847373327564 0.110537820511116
"ufb203" 0.638010224085949 0.606886924749444 0.175820151751288 0.21009356503342 0.117074107170294 0.0616074643016084 0.11965474444111 0.113058558189918
"ufb204" 0.6127010364737 0.593897739462079 0.158144942763747 0.256430155297201 0.108236294562841 0.0600350233121233 0.0922076555217568 0.0976708887089334
"ufb205" 0.657021390215569 0.666013900444267 0.198231646470571 0.19016895862566 0.131144398386528 0.0556882133594225 0.159041030667012 0.117324360958827
"ufb206" 0.679222663865334 0.704030160081171 0.201800347960886 0.293597714090994 0.139456406261578 0.0788363460509773 0.150320525651519 0.126360505222152
"ufb207" 0.659650862054297 0.614756756756757 0.184870748447428 0.22300143855625 0.119021529049368 0.065687723255044 0.136967445723733 0.108166013666134
"ufb208" 0.65 0.495537088334872 0.138158965902012 0.649802790829316 0.10643966839803 0.0478749294979546 -0.00315583552957251 0.0398010843728643
"ufb209" 0.635294117647059 0.477106023560791 0.13283709282853 0.63508681087784 0.100204838000092 0.0452033906482201 -0.00540523913862173 0.0208035757686262
"ufb210" 0.638725911681764 0.625013048652335 0.173520530796194 0.198655640291619 0.115981778762887 0.0541388669200621 0.122811074815217 0.107618585551864
"ufb211" 0.640354944790774 0.644718725018648 0.179899878967614 0.180185086989751 0.119325327678906 0.0527793408005828 0.138042739222554 0.0989119731888332
"ufb212" 0.633494633196073 0.64563355108157 0.186415112453167 0.194375552988776 0.121850937381706 0.0671533096913029 0.143002464094248 0.105689126545425
"ufb213" 0.616550459586832 0.58580438441727 0.151954793838325 0.256761501958118 0.102691255690741 0.0565318140771883 0.090313904654686 0.0868014191154354
"ufb214" 0.835294117647059 0.855739238927012 0.183487045574825 0.845142138045645 0.153807231521111 0.0746773736085486 0.0533192835918909 0.138552115970249
"ufb215" 0.683591264096623 0.63117334933488 0.174586328215736 0.340923794587053 0.115906595273877 0.0749781057774528 0.104055263472746 0.10629424084959
"ufb216" 0.632574169398635 0.605052087517742 0.16423396741621 0.279504747784564 0.113960194245219 0.0600850479993814 0.092735129486249 0.104528785733011
"ufb217" 0.736694844599029 0.640045408032745 0.179276507216881 0.433346891131359 0.12978454516124 0.0723313798198834 0.0908042225834466 0.104201515053833
"ufb218" 0.719221308324091 0.603406352925573 0.159611308858849 0.421245618684979 0.112534728858539 0.0657873137367062 0.0799247872118598 0.0725469817237803
"ufb219" 0.611803562195328 0.582489893771755 0.150481701399214 0.279967236040431 0.101623935110529 0.0581415615692547 0.0839441999722347 0.088949818795984
"ufb220" 0.774044329259817 0.75565346713553 0.200736365978185 0.50574174958438 0.151899031186646 0.0897872374706395 0.114697256699271 0.142174521875858
"ufb221" 0.75132804919161 0.706756551173316 0.186142771651506 0.435036086988765 0.133004853425144 0.0820650839686475 0.109059959004369 0.124924253346066
"ufb222" 0.657031459966303 0.663365476689372 0.200788852071889 0.132291385315999 0.13176706468627 0.0650110231850217 0.162505827581855 0.117718572172698
"ufb223" 0.653618071657194 0.663991669187266 0.197381290000883 0.140517736042969 0.129361110573231 0.0525746544912005 0.158497592959516 0.118882557513933
"ufb224" 0.600852526169195 0.611309886833367 0.165860641346373 0.175733029113444 0.108592822505019 0.0494060759950249 0.123286378052339 0.0902188165220147
"ufb225" 0.602386171486441 0.584856704321203 0.152178580670424 0.265167890520884 0.101711406622159 0.0601834890568742 0.0906129697050835 0.0746243374587249
"ufb226" 0.715857559960585 0.711083226150516 0.190843095287429 0.375543045783853 0.138297062039543 0.0768014040793305 0.121459915488039 0.117812381376202
"ufb227" 0.716423469922876 0.708996489878348 0.192095044675118 0.363716778160271 0.13497406841692 0.080566320587503 0.12868354953362 0.114175692673109
"ufb228" 0.626363748929133 0.608271378726929 0.159497236244971 0.304318658384442 0.108308287125479 0.0714830696153476 0.0876951819689005 0.0890086945677726
"ufb229" 0.623610316014081 0.602755384430273 0.167054736607473 0.362320257467539 0.11733510842435 0.0696625611542984 0.0772101985653142 0.0996746709341089
"ufb230" 0.767107288370715 0.711358807460119 0.159947890423112 0.564418644813275 0.117206647115829 0.0751540735604423 0.0695179844705845 0.0903396968371715
"ufb231" 0.613980960064532 0.607789703070454 0.165526979100766 0.198779049559513 0.11114868998755 0.0531415293877589 0.114327070939264 0.0994372562394568
"ufb232" 0.72289156626506 0.557922628510864 0.133573367797622 0.722627770732727 0.10548401867525 0.0490634912563957 -0.00633378599621559 0.0487206550046024
"ufb233" 0.64250845502814 0.615731381244294 0.174009164636158 0.210299945599979 0.117621208794453 0.060998528194757 0.120801116919769 0.110275186784998
"ufb234" 0.756266694313919 0.760719827938254 0.181382807241777 0.606892803223007 0.13932253824714 0.084699237096555 0.0772122653193098 0.11913772889039
"ufb235" 0.776470588235294 0.785311572700297 0.177799844725314 0.773597067906644 0.144941726020471 0.0695951421707683 0.0467254342899391 0.12859271309546
"ufb236" 0.695249157610789 0.596112537329072 0.153216543289868 0.430601698610343 0.112675477851536 0.0674977403801126 0.0726574486567712 0.0683473393421032
"ufb237" 0.676915142133149 0.616871405020181 0.159687398119068 0.390563921033494 0.109730220354247 0.0717349714565781 0.0938611313692401 0.0831886965110283
"ufb238" 0.812361419590895 0.791486222051134 0.16647814588376 0.719308925236831 0.13174968649652 0.0820402190940009 0.0598045509721951 0.10624310143488
"ufb239" 0.647176528175558 0.664286897643314 0.192893115204855 0.156079638163471 0.127244874468458 0.0588858489054329 0.152981295634285 0.111427990263674
"ufb240" 0.63831427958407 0.605797699090525 0.171574943884669 0.209984368696722 0.112006741528849 0.0596529014106095 0.115120238274548 0.113804569808923
"ufb241" 0.645845279641945 0.615203690860296 0.16600262443603 0.409514167069146 0.118254628565418 0.0733365020212955 0.0760446017074624 0.0977991692603746
"ufb242" 0.660447212636084 0.68025247843698 0.206656945886077 0.174461352543515 0.135102744542153 0.078474420683995 0.167426282801471 0.118074224352443
"ufb243" 0.653272356675223 0.620280023200664 0.155174918902441 0.388619324890412 0.108372265381323 0.068902207245821 0.082872378186729 0.0706247232020106
"ufb244" 0.632502639732551 0.620113956222327 0.175860090479778 0.17593968721459 0.115642692588012 0.0531150781958025 0.132948012736222 0.100763303889089
"ufb245" 0.616046411851925 0.555608890744026 0.148500711588961 0.280842956934824 0.103359298428299 0.0599783942948471 0.0818847670212765 0.070179844324554
"ufb246" 0.754816671409854 0.688068651778329 0.154015764138289 0.564418644813275 0.114194855644034 0.07441816054125 0.062947276821677 0.0820185926290046
"ufb247" 0.63855421686747 0.742010582010582 0.206691715900872 0.638447787583603 0.163202296517871 0.0736858882591456 0.0787568321891584 0.138654457691805
"ufb248" 0.712079997288727 0.668574838499275 0.168294280328155 0.399752662375668 0.119309177078811 0.0678860293487075 0.0972255641600731 0.0982858349512669
"ufb249" 0.731582733027849 0.68546406395012 0.176756835013681 0.376163992187744 0.125223651465393 0.0704305267280728 0.112339806564016 0.105003513448855
"ufb250" 0.710518080856027 0.717192401412579 0.210951031946014 0.305558825654256 0.148136368688605 0.0787909946966249 0.157184579744746 0.136969522173625
"ufb251" 0.847058823529412 0.889305816135084 0.207163958843148 0.846956915415404 0.175209074385121 0.0845747236462481 0.0807707491120785 0.178159292442562
"ufb252" 0.655479555194039 0.667572408630365 0.200587832823738 0.175776048523991 0.131413612720857 0.076423318986829 0.159795783992202 0.114290501903258
"ufb253" 0.65098071355052 0.674310290033132 0.202911145991947 0.157997174287936 0.13336640011559 0.0772740169501221 0.162920072073427 0.116544458586883
"ufb254" 0.665213718821417 0.694825954882725 0.209326551689702 0.231014176552172 0.145685516449583 0.0882859897927712 0.164472464634483 0.123140317593967
"ufb255" 0.682352941176471 0.609689597315436 0.150259684668049 0.682194843193653 0.113100625250579 0.0531428685416351 0.014794846646831 0.055292107334431
"ufb256" 0.756938104834113 0.673182119089927 0.153002840812676 0.599784935196569 0.111378025605776 0.0666245676360714 0.0454514911018431 0.0791044568683935
"ufb257" 0.7606827329614 0.709931372045661 0.162569039099211 0.55271279642898 0.118291205375969 0.07553369621122 0.0724212944859208 0.0929539338378617
"ufb258" 0.72289156626506 0.629594423320659 0.149383706409628 0.731525079896072 0.118276243206427 0.0532262869483504 0.0112193321208976 0.0669828994133511
"ufb259" 0.656810165488729 0.653502372115576 0.193366901494787 0.152138639898407 0.12682896193393 0.0635518537993795 0.154532919496904 0.108310372926758
"ufb260" 0.644535847567414 0.649269462394003 0.189896810953687 0.128896130275665 0.122694939912473 0.0482230704254068 0.150298786532552 0.111423117240857
"ufb261" 0.753066431861108 0.743570187703911 0.202708654940772 0.420705206203512 0.149619649110235 0.0751126998421693 0.127096100480861 0.140417972186276
"ufb262" 0.669249053545114 0.639529995174783 0.181300227259782 0.198401884710822 0.122195737042464 0.0668206501962974 0.130979789737815 0.0957190067221631
"ufb263" 0.624202123422078 0.601271818830705 0.162876272511918 0.291327808920585 0.113844820241328 0.0608321269015566 0.0912612853199198 0.106598647786128
"ufb264" 0.748597109119768 0.727065314643603 0.188304560865812 0.458619572414738 0.138418876395253 0.0756752524244876 0.100927192978514 0.129755134097797
"ufb265" 0.652818881897368 0.664814365960261 0.196647896115327 0.120185793722085 0.129225679414761 0.0479687311011408 0.1577291483486 0.117702985519063
"ufb266" 0.586172280560579 0.575056984695539 0.14734346074336 0.209513262150727 0.0970732245679883 0.0459770305781417 0.0853673928802939 0.0811931435888804
"ufb267" 0.598571996775365 0.529808840343083 0.133701360793806 0.269177226212722 0.091256840465746 0.0481842394741435 0.0707940034362306 0.049776504435543
"ufb268" 0.64921278892603 0.669422388574959 0.198658304429094 0.140455357729156 0.13127394428459 0.0598917510311041 0.159486204423068 0.115403111560492
"ufb269" 0.69934645853588 0.664204642673815 0.163494513060402 0.376274297495269 0.116911825994857 0.0654720203858921 0.092015659881648 0.0869672908637913
"ufb270" 0.764705882352941 0.726708074534162 0.155791763789242 0.764517858862731 0.124168403773669 0.0595123357767347 0.0212088448538341 0.0941465675587564
"ufb271" 0.686675651859042 0.68853606929201 0.196803131833179 0.292255116105082 0.131568805869961 0.0790555846516193 0.147559418398391 0.120566520212794
"ufb272" 0.672591703970571 0.644869384662869 0.181440826524528 0.397646700271892 0.137199208338223 0.0726117492755384 0.0924443684623526 0.107569366606819
"ufb273" 0.693626617693316 0.680284182949023 0.177716037988361 0.300771898035111 0.124482706153487 0.0776491304062929 0.113241386681402 0.101059160642579
"ufb274" 0.639593532462244 0.618866407699176 0.170385038496133 0.210810816087545 0.11220252194879 0.0637382095917024 0.113895418119301 0.102070187817329
"ufb275" 0.703310229053453 0.637967807033484 0.169945051172419 0.424259276333918 0.119292290332149 0.0778206894645168 0.0913564962306462 0.104989402801179
"ufb276" 0.686273892643683 0.697634975057042 0.200664654687425 0.2936788869243 0.136438009848617 0.0791670373966492 0.149188402967357 0.129643276424356
"ufb277" 0.757402726452839 0.733346520191108 0.186287600408104 0.457627561738822 0.134651842610503 0.072144850439949 0.0985605881624479 0.124891984669234
"ufb278" 0.679330881919023 0.64670908223318 0.184509002684663 0.221578381582473 0.126591511686355 0.0713460570888895 0.128842429976712 0.101764318100713
"ufb279" 0.615030432674007 0.606459587124351 0.159233893923522 0.22730315193059 0.106263372708915 0.0564195046697953 0.105081305455128 0.0901492575907133
"ufb280" 0.632140830136386 0.610435725418445 0.170575828423607 0.198492523167733 0.113194333433112 0.0562440635231819 0.117146614673403 0.107840861267287
"ufb281" 0.738588172161051 0.703294990069614 0.182114933001381 0.399752662375668 0.129010372977748 0.0769751878196362 0.112227182671167 0.112658277240297
"ufb282" 0.628841386538046 0.629203252365229 0.179765996072846 0.130300088149614 0.116443376029399 0.0497309782155767 0.138630022364067 0.104461205373473
