NA 0.08054418 NA NA 0.1533694
0.1939246 0.03925794 0.1420194 NA 0.08054418
NA NA 0.1316197 0.1343979 NA
0.2187252 0.1083836 0.1824537 0.0704471 0.3030108
0.133904 0.1205355 0.09879152 0.1363231 NA
0.1942119 0.1716934 0.04979001 0.09173261 0.1274707
NA NA 0.3454726 0.1999916 0.06391849
0.09577451 0.03749984 0.1305825 0.09317501 0.1220343
0.1046538 0.1513512 0.2313521 0.1739455 0.02087698
0.118889 0.1032 0.07294691 0.1178166 0.01004472
0.1387767 0.02545865 0.1112739 0.08316903 0.01750717
0.147081 0.005878193 0.04245749 0.2423181 0.04123604
0.1011794 0.07297596 0.2229155 0.1138694 0.06675496
0.1191036 0.09792689 0.0183863 0.1077863 0.0291137
0.08209581 0.0822029 0.122525 0.07330375 0.01703405
0.07305966 0.01773011 0.1416544 0.2624676 0.06790426
0.02638555 0.05355049 0.023162 0.08030765 0.133285
0.02765565 0.06734682 0.03978538 0.02747846 0.04157995
-0.008134609 0.02281021 0.003140219 0.03569937 0.01722399
0.07764135
