NA NA NA NA NA
0.1251068 0.1511582 NA 0.0616065 NA
NA NA 0.05417539 0.1286192 NA
NA 0.03734436 0.1854636 0.1432678 0.1944006
0.1241939 0.1526371 0.05525787 0.05575406 0.009682685
NA 0.1233213 0.2858542 0.1380278 0.1876847
0.1797597 0.0111881 0.01529472 0.1507941 0.2390792
0.1371902 0.09224606 0.08424025 0.06934658 0.07427969
0.06854428 0.2028978 0.00442464 0.1807683 0.1088561
-0.0001457498 0.02139397 0.1355112 0.09595115 0.09331026
0.05585961 0.2498863 0.04211275 0.06413027 0.2101968
0.1065078 0.05768521 0.05039818 0.09704577 0.0716715
0.09300294 0.1282322 0.111371 0.01173769 0.02451616
0.06520696 0.1561476 0.1013418 0.04652377 0.06118807
0.1261879 0.07150717 0.1234985 0.07528705 0.01958743
0.02750729 0.0692304 0.06504487 0.1451451 0.1673154
0.02567848 -0.002793098 0.03619117 0.003211594 0.04928483
0.0162918 -0.01276516 0.02568504 0.0140112 0.09560679
0.01588442 0.043879 0.1034919 0.01593887 -0.0003466831
-0.01134073
