NA NA 0.1217007 0.09756056 NA
NA 0.1309624 NA NA NA
0.08944328 NA NA 0.151474 NA
NA 0.1558024 NA NA 0.01741977
0.06467022 0.2319952 -0.003428732 0.0490908 0.2068636
0.2074921 0.2502904 0.08348356 0.1055389 0.105464
NA NA 0.15395 0.03052888 0.1738831
0.08878713 0.1285688 NA 0.1506765 0.04288212
0.08472955 0.1281223 0.1557462 0.1049023 0.02171955
0.179745 0.09958295 0.03352789 0.1399487 0.08986509
0.03160532 0.09799713 0.2057175 0.005959312 0.155648
0.1484368 0.08247434 0.09541395 0.02923327 0.1078694
0.0908542 0.2103934 0.07993023 0.1477281 0.1341273
0.05523064 0.1596172 0.02318735 0.1101488 0.06478501
0.06314847 0.1559602 0.09398731 0.02406901 0.132504
0.1008309 -0.004552696 0.1672505 0.1190481 0.06502289
0.007907394 0.02337592 0.01596955 0.04369344 0.02352753
0.03222397 -0.003650214 0.1053281 -0.01051234 0.09058314
0.01740883 0.01283316 0.02768177 0.1189653 0.0009767898
0.05755821
