0.141892 0.2716024 NA 0.1322898 0.04406385
NA 0.1726885 0.2940434 0.01480648 0.1217371
0.08555455 NA 0.1503228 0.1817868 NA
NA 0.0324248 0.147746 0.01884287 0.1728253
0.1120451 0.1187218 0.3008379 0.212003 0.1697711
0.1043927 0.04486637 0.1670938 0.2787177 NA
0.06635575 0.08623086 0.09529437 0.07402365 0.1265008
0.04240017 0.1951273 0.05877001 0.249869 0.1594565
0.05127611 0.1933927 0.1178481 0.1815983 0.07063083
0.08934828 0.1403437 0.119717 0.07159529 0.05161509
0.1180286 0.1151263 0.1089354 0.0472176 0.03587844
0.03873983 0.04624567 0.1637196 0.1498647 0.2937749
0.03369969 0.06750839 0.03253085 0.0207365 0.05454549
0.1168029 0.08699905 0.1134372 0.08521694 0.01139519
0.1720901 0.1359021 0.02343056 0.1460026 0.05262834
0.1207711 0.07505969 0.1024645 0.05151451 0.09842925
0.03227436 0.0485605 -0.006463553 0.1171902 0.1227361
0.03711724 0.03980582 0.03925432 0.1105515 0.05413277
0.008611206 -0.001452093 0.06289423 0.003693749 -0.01044979
0.007177108
