NA NA NA NA NA
NA 0.1173765 0.1503228 0.1672822 NA
NA 0.2247377 NA NA NA
0.141892 0.03532552 0.246357 NA NA
0.1240387 0.1217007 0.1080046 0.05900772 0.1976587
0.1008513 0.2819882 0.07003688 0.2909219 0.2322753
NA NA 0.1061471 0.06645478 0.02638639
0.1719831 0.1038148 0.09852218 0.1586736 0.08020148
0.117614 0.2435885 0.1989734 0.1789853 0.01983952
0.1953308 0.1697973 0.18223 0.1525683 0.1832503
0.212552 0.05262158 0.04609459 0.1290969 0.1291324
0.1946675 0.08629253 0.2152252 0.1827001 -0.002468865
0.03232935 0.08279817 0.03724956 0.1574171 0.06530664
0.09190397 0.03825447 0.01664982 0.1173351 0.02018212
0.05289143 0.05923132 0.1266716 0.09066474 0.06593955
0.03998765 0.1270454 -0.004531368 0.1133724 0.02167228
0.03397298 0.02629376 0.0508919 0.02832028 0.09706045
0.006790063 0.03391428 0.04043641 -0.01073156 0.02100247
0.005147557 0.001433846 0.01495721 0.009868731 0.02494066
0.02005684
