NA NA NA NA NA
NA NA NA 0.1521985 NA
NA NA 0.01468009 NA NA
0.2329282 0.2460431 0.04104455 0.1023741 0.06286789
0.1944882 0.2474924 0.02018002 0.0747951 0.03629074
0.08013493 0.02810345 0.1865433 NA 0.155938
0.1618368 0.03266199 0.1185134 0.1028387 0.270208
0.1362946 0.03041552 0.1786501 0.1373578 0.1281151
0.05254544 0.01280999 0.09599215 0.04094056 0.1526827
NA 0.212284 NA 0.2032623 0.122485
0.07151183 0.02059387 0.1358794 0.06693673 0.005135922
0.05408038 0.1475421 0.225856 0.03252483 0.04461856
0.09432344 0.03010017 0.03173774 0.06366252 0.02279268
0.08023131 0.07535896 0.09116001 0.1117652 0.07674339
0.1256075 0.04405398 0.01773371 0.06448554 0.1049921
0.09832397 0.1147078 0.1642424 0.09796194 0.05945701
0.09688779 0.02352103 0.02562638 0.01091234 0.05205458
0.05492359 0.01360122 0.02925485 -0.003701195 0.07881763
0.01065249 0.1196048 0.05433539 0.01811133 0.03034721
-0.001740857
