0.141892 NA NA NA NA
0.1430237 NA NA NA 0.1442917
NA NA NA 0.3007259 0.2918698
0.2010495 0.3034084 0.007086779 0.1325203 NA
0.3463714 0.1256572 0.01666764 0.0955255 0.247497
0.05267549 0.04131892 0.1847386 0.05284288 NA
-0.01879779 NA 0.1319694 0.1641374 0.07710421
0.1930224 0.03322595 0.09246641 0.09552239 0.1415776
0.1207986 0.0858964 0.1362727 0.06112788 -0.03840599
0.1213996 0.2705909 0.1963726 0.07778817 0.04925346
0.02009005 0.1870846 0.02423087 0.07244898 0.01759396
0.0934829 0.01193381 0.09937181 0.04084347 0.08815614
0.06612912 0.1200613 0.04197641 0.04195555 0.04288714
0.1371478 0.2012691 0.06282205 0.06438316 0.07586536
0.06213769 0.147487 0.05883413 0.04139225 0.04219701
0.1480597 0.1279123 0.01626986 0.08403073 0.1729463
0.07624615 0.0299503 0.01667856 0.02370954 0.0649411
0.02552568 0.05258134 0.03226209 0.06137702 0.07038642
0.04871741 0.08732015 0.02907484 0.005101675 0.07703605
0.02114636
