0.1939246 0.1706968 NA NA 0.141892
NA NA 0.2111406 NA NA
-0.04671576 NA 0.1914284 NA NA
NA 0.1383537 NA NA 0.1288752
0.0398286 0.3047625 0.1225732 0.1298132 0.03467656
0.05766518 0.07836586 0.04412184 0.148139 NA
0.2404493 0.09076828 0.03916353 0.05792154 0.1491435
0.2332899 NA 0.1930804 0.1451156 0.05838234
0.07096472 0.05822501 0.2609356 0.05656639 0.09647546
0.06571881 0.08735139 0.1992833 0.172297 0.1935427
0.00109103 0.083756 0.1385042 0.01908938 0.1554427
0.04500818 0.02729593 0.08704041 0.008137049 -0.006171268
0.373764 0.02942212 0.1625898 0.06517505 0.01423641
0.0373393 0.05221594 0.1829386 0.06363012 0.03077939
0.03597418 0.1330658 -0.002442562 0.11908 0.01943469
0.09428701 0.07750304 0.1009353 0.1519629 0.1230849
0.02838001 0.03422888 0.03238764 0.03648959 0.03853215
0.01595071 0.1165832 0.04020206 0.07266487 -0.008742624
-0.004451903 0.02208198 0.03206256 0.04824087 0.006980522
0.01214693
