NA 0.141892 0.2465449 NA NA
0.1921306 NA NA NA 0.2171348
NA NA 0.1282924 NA 0.312198
NA 0.1721499 0.09843084 0.09831388 0.1213403
0.3011636 0.08332741 NA 0.04990918 NA
0.1077179 0.2653932 0.03436679 0.1614243 NA
-0.04477009 0.0210123 0.1575699 0.1681255 0.03529502
0.1057045 0.06423874 0.2824024 0.03843622 0.04803649
0.1583799 0.005822884 0.03232951 0.01364139 0.1395058
0.2819882 -0.04777642 0.1055941 0.1377864 0.0667425
0.02048556 0.1118199 0.130889 0.01543762 0.05775349
0.009181685 0.1070059 0.1044283 0.1435269 0.08501289
0.1039573 0.07817942 0.07341802 0.08516868 0.06284971
0.05483117 0.1059495 0.08765103 0.03403225 0.1160662
0.1547074 0.09253219 0.05814633 0.02340574 0.09310383
0.0769484 0.0811084 0.06689521 0.04107809 0.03008021
0.01093885 0.05976589 0.02390129 -0.001733228 0.01553696
0.06104715 0.04640923 0.03078373 0.0007519328 0.03820946
0.01190127 0.07997524 0.001989922 0.08553461 0.02695368
0.06473369
