NA 0.1939246 0.1642613 0.03884381 0.1201049
0.1332744 NA 0.1944882 0.1316197 NA
NA NA 0.09805246 0.04259289 NA
0.03701154 NA NA NA 0.114555
0.07803155 0.2264683 0.2071082 0.2803802 NA
0.2244977 0.2472214 0.06539633 -0.0004748885 0.1943771
0.06317966 0.1391617 0.08974035 -0.05061746 0.1081413
0.08009723 0.0895911 0.03394761 0.1686665 0.06994902
0.1967798 0.1934691 0.2059962 0.201164 0.03747724
0.135515 0.1712316 0.1350299 0.2440776 0.05498371
0.113605 0.1937695 0.07417788 0.1647352 0.1199587
0.08521537 0.04405729 0.1360845 0.1384679 0.04892515
0.1945558 0.1956195 0.2159716 0.1384158 0.05090448
0.09396503 0.02868958 0.06672156 0.2155597 0.05267838
0.07825912 0.04805066 0.09617642 0.06971734 0.1523782
0.01212978 0.08194498 0.1659441 0.2367051 0.03878153
0.01330295 0.1187563 0.02955788 0.01038063 0.04152218
0.04807014 0.0222983 0.05445299 0.03679474 0.0995694
0.007334102 0.03394377 0.02653761 0.03387822 0.01584145
0.0517705
