NA NA NA NA NA
0.1471822 NA NA NA NA
NA NA NA 0.1246181 0.1503228
NA 0.2671942 -0.07050476 0.1246181 0.2147428
0.1453519 0.1095829 0.074074 0.07568196 0.1961781
0.08535846 0.038205 NA NA 0.1184202
0.2573844 0.05079408 0.2171927 0.0247949 0.2514604
0.1990865 0.1842176 0.1499201 0.1778693 0.06471953
0.08987923 0.09125443 0.2109987 0.1669101 0.0496233
0.03865038 0.09794398 0.01884287 0.1023203 0.03518944
0.003446142 0.1129844 0.3168612 0.08757694 0.04069278
0.1203563 0.06346956 0.1935128 0.07919041 -0.01151062
0.05454346 0.09322439 0.1184294 0.1638919 0.04907109
0.006127116 0.1025927 0.1046783 0.05354131 0.1113507
0.0515673 0.01048592 0.0474187 0.03903881 0.09361414
0.1242112 0.1486965 0.06372341 0.073929 0.1007378
0.006482561 0.07001042 0.05198883 0.09875217 0.09251339
0.03028454 0.01650374 0.03248838 0.0186107 0.0133795
0.01782206 0.1306033 -0.007516777 0.0271946 -0.0002239795
0.03515332
