NA NA 0.3255747 0.03498222 -0.06485138
0.1976736 NA 0.1543238 NA 0.141892
NA NA NA NA 0.1886756
0.1462835 0.119803 0.06174677 0.02129228 0.1840622
0.1223171 0.1984189 0.1779378 0.2743014 0.1351867
0.2073708 0.2352756 NA 0.01485704 NA
0.05891025 0.03498222 0.1566112 0.1928417 0.157915
0.08436054 0.06866012 0.1126042 0.1158447 0.1119788
0.175399 0.1265425 0.1762881 0.1414603 -0.01315794
0.04750003 0.1157885 0.06597037 0.1663727 0.07981839
-0.001885141 0.1340396 -0.02695761 0.1159122 0.04785121
0.06631073 0.03603703 0.1559117 0.02453566 0.006084742
0.07054149 0.04732948 0.02932795 0.0496473 0.06253175
0.05705969 0.1323113 0.1313965 0.18235 0.009156392
0.04807206 0.06305711 0.1242182 0.2223948 0.0945422
0.004326821 0.08140498 0.1324002 0.0527791 0.1066128
0.02278334 -0.003630826 0.002446577 0.0581003 0.001944208
0.01018916 0.05042866 0.02303607 0.002276271 0.02992947
0.03721809 0.007247601 0.03590241 0.0237315 0.05909588
0.04514359
