0.1516339 NA NA 0.06546515 0.01835399
0.2819882 0.1625137 0.1939246 0.1516339 NA
NA 0.1939246 NA 0.1944882 NA
0.1023741 NA 0.1033973 0.1706968 0.01847323
0.2062429 0.1012511 NA 0.1110355 0.1289344
0.08606597 0.01820076 0.1532999 0.1316197 0.2885029
0.0576775 NA 0.04884864 0.101118 0.3080111
0.1375013 0.0800007 0.09984909 0.02325374 0.1196612
0.03187686 0.04598181 0.2460557 0.08971333 0.1204206
0.08947019 0.2579872 0.09104452 0.03001776 0.08411632
0.1138674 0.1225924 0.2674617 0.2052842 0.1682655
0.05507146 0.09837557 0.0472647 0.2101122 0.07858754
0.1564553 0.116129 0.3058777 0.05604222 0.1843826
0.07351407 0.1340602 0.06653617 0.105129 0.07221331
0.06152151 0.04341885 0.09676 0.04681098 0.0448059
0.129594 0.2698598 0.1797824 0.02104443 0.1538232
0.001396375 0.01199882 0.004906241 0.05869343 0.07258798
0.009354757 0.01497658 0.1066833 0.07219576 0.04564596
0.06967453 0.06542843 0.03816213 0.0451366 0.05318673
0.03826804
