NA 0.08129491 -0.04151366 NA 0.2623943
0.2149912 NA 0.1503228 NA NA
NA 0.1241939 -0.003456157 NA NA
NA 0.0702219 0.06989751 NA -0.04323075
0.2618543 0.1230797 NA NA 0.03995497
0.1084182 0.138177 -0.01083581 0.09062914 0.205303
NA 0.2060592 0.0953094 -0.0129261 0.0245103
0.04949824 0.1289792 0.1000075 0.08846343 0.131389
0.1203551 0.0127722 0.1291737 0.1026792 0.1175493
0.06287471 0.1962488 0.1915658 0.1342258 0.2685182
0.05236901 0.02459073 0.01983772 0.005905153 0.005281187
NA 0.1430574 0.2516072 -0.004051001 0.02844436
0.08343567 0.107687 0.1168807 0.1406536 0.07469493
0.05590461 0.08741464 0.08826036 0.02861933 0.06554244
0.0318211 0.05174877 0.04115323 0.1709235 0.0163737
0.01364113 0.142802 0.05462777 0.05018397 0.08786365
0.03056977 0.07637985 0.04149546 0.0336591 0.07796529
0.06048922 -0.0009705604 0.0446939 0.1211039 0.0329289
0.07174968 0.01692187 0.01169214 0.07862848 0.01029095
0.01590386
