NA NA 0.1099102 0.1511582 0.1396655
-0.01152299 NA NA NA 0.1316197
NA 0.200011 NA NA NA
NA 0.02591894 0.03788484 NA 0.2362542
NA NA 0.1365821 0.2524801 NA
0.03411199 0.06914148 0.1099102 NA 0.1623079
0.09510829 0.1387291 0.1870042 0.2423456 0.1890357
0.1218382 0.1645058 -0.05642882 0.09756056 -0.001008511
0.08142361 0.1324126 0.07404325 0.1693214 0.2080816
0.05073365 0.1017345 0.2349953 0.2360321 0.07451764
0.01997627 0.04315659 -0.002973597 0.0468837 0.1429632
0.04810161 0.04516032 0.04937247 0.04617848 0.07305401
0.0813171 0.05606202 0.2361244 -0.007698756 0.04341799
0.04640195 0.02490462 0.03536775 0.1346222 0.1251901
0.1068424 0.02520914 0.03540622 0.07403074 0.03485229
0.1435166 0.1464 0.05795257 0.2411122 0.07462545
0.01164938 0.04626294 0.07049465 0.01373789 0.02263537
-0.01009074 0.01375606 0.03598602 0.004157868 0.002105387
0.02538534 0.03941477 0.02294061 0.01904635 0.03402279
0.03180616
