NA NA NA 0.2325258 0.06412463
0.1706968 NA NA NA 0.2999888
NA 0.1706968 0.1099102 NA 0.08944328
NA -0.001615125 0.1753716 NA 0.2038634
0.135771 0.09640259 0.1774541 NA 0.09756056
0.07975368 0.2405501 NA 0.2503902 0.1618364
0.2452438 0.05194506 0.103101 0.1311821 0.1184437
0.287408 0.07226984 0.08064849 0.08578548 0.06558149
NA NA 0.2843896 0.09716959 0.08504041
0.07034627 -0.0540468 0.2316036 0.1683821 0.05318561
0.1531593 0.1450994 0.1540165 0.08322921 0.04445931
0.1039039 0.132155 0.0719529 0.09440538 0.226392
0.1619271 0.1961582 0.09862353 0.05935736 0.1055795
0.03923697 0.1849 0.06416589 0.1412416 0.06982978
0.04804236 0.04365776 0.01448714 0.09246645 0.1060016
0.09374365 0.1111736 0.06643265 0.04132573 0.03986438
0.0483873 0.02771204 0.02311413 0.0155905 0.007648386
0.0292867 0.02976703 0.02566222 0.05891346 0.03752743
0.01746402 0.03409409 0.05827112 0.03249391 0.009843527
-0.004033152
