0.1978993 0.1316197 NA NA 0.141892
NA 0.1902353 NA NA 0.135515
0.1939246 0.2302668 NA 0.1246181 0.09328795
0.07219408 0.2750243 0.1250894 0.1458043 0.08661741
0.07865463 0.02787961 0.06297306 0.2598945 0.2651556
0.0009911366 0.0392238 NA NA 0.1164488
-0.03560413 0.1253448 0.1389022 0.04479773 0.261474
0.1164813 -0.009667605 0.2689417 0.0795915 0.08057307
0.0703686 0.2072635 0.1310584 0.1902182 0.2535219
0.06077473 0.07557921 0.1889362 0.1466848 0.2255617
0.03218509 0.08725621 0.003217057 0.2028293 0.09548279
0.06359607 0.008907181 0.09198216 0.06346675 0.06856482
0.1946192 0.1182318 0.06703324 0.03919047 0.0469838
0.05961149 0.05266891 0.183935 0.09166268 0.0108086
0.02779274 0.0829514 0.135876 0.02466031 0.07604118
0.05104411 0.1030364 0.08591796 0.02700258 0.221339
0.04938301 0.08391075 0.03663818 0.0504299 0.03476414
0.044932 0.05349528 0.05172769 -0.003610871 0.005966565
0.05470807 0.008850837 0.07032864 0.002913984 0.02960256
-0.01092464
