-0.02088963 0.02320989 NA NA 0.1976736
NA 0.113272 NA NA 0.08084539
0.0440397 0.3083101 0.1251068 NA 0.1706968
0.1294487 0.1169545 0.1071679 0.04971277 0.3227557
0.1519467 0.07615739 0.1510185 -0.04042819 0.1220024
0.2174533 0.1584401 0.1951709 0.1741092 0.3007259
0.1543821 0.009615472 0.2531551 0.09780047 0.1933766
0.04136211 0.1357709 0.04752199 0.05490765 0.100422
0.04726404 0.158261 0.06323446 0.02926735 0.2111515
0.2042198 0.03031317 0.2138299 0.01459384 0.1876063
0.1269426 0.05227182 0.05237562 0.1668513 0.1072499
0.03339357 0.0169485 0.056563 0.04185788 0.181982
0.2351159 0.1002221 0.2306421 0.168352 0.04923338
0.01790455 0.04713259 0.1273525 0.1221001 0.04740755
0.009189587 0.09473839 0.0700698 0.04401678 0.1588388
0.04813613 0.04817355 0.1144933 0.01914207 0.06872813
0.03363458 0.01929877 0.008731694 0.02092039 0.131096
0.03553986 0.02524687 0.05464798 -0.003707134 0.04657143
0.04691575 0.02013511 0.05087172 0.04322226 0.131947
0.02661811
