0.143836 NA -0.06254984 NA 0.08840141
NA NA NA 0.1978993 0.1316197
NA 0.06877551 0.1311592 NA NA
NA 0.08459385 0.05461245 0.04391211 0.1116
0.1032913 NA 0.2700542 0.1069038 0.2278268
NA 0.07115994 0.08682524 0.3078579 NA
0.02054172 0.2884757 0.141697 0.06756066 0.02789298
0.1988301 0.06403953 0.1472141 0.1424484 0.07115376
0.1446297 0.1498541 0.2237874 0.2458328 0.2079109
0.1258526 0.05252242 0.2431874 0.09387093 0.09045138
0.1668445 0.1625244 0.08835366 0.01426809 0.09943532
0.139241 0.0641568 0.2353658 0.04110342 0.09706198
0.01004977 0.02304314 0.03147606 0.1767003 0.06753965
0.0952139 0.01802422 0.09873108 0.00960185 0.02458064
-0.01065849 0.1008145 0.01308782 0.1369996 0.07759616
0.01912387 0.1475469 0.05695359 0.07308518 0.1522801
0.04020934 0.01253829 0.04517779 0.01539836 0.05644888
0.07493535 0.04851732 0.008172282 0.08817884 0.02875896
0.03050657 0.03622014 0.05316797 0.01173066 0.0526749
0.01621865
