0.007875471 NA NA NA 0.1706968
0.2688131 0.163881 0.200011 NA NA
0.2531022 0.1246181 NA NA NA
NA NA 0.2819882 0.09729949 0.2015347
0.1436129 0.07841994 0.1126832 0.14897 NA
NA 0.0677133 0.09620495 NA 0.09545521
0.006039049 NA 0.07837865 0.1153054 0.2323699
0.1729239 0.07801377 0.03461609 0.05367132 0.08560055
0.1414717 0.07995393 0.07426117 0.008533314 0.2022637
0.2238405 0.2139488 0.1071071 0.01340465 0.09109696
0.1318184 0.008102693 0.1238708 0.06638434 0.1576802
0.1427813 0.04419008 0.04309747 0.04867245 -0.00229348
0.02707976 0.1017214 0.01403415 0.04933923 0.09182642
0.1935068 0.006703131 0.09652873 0.1292895 0.04258508
0.04948469 0.03933774 0.06176008 0.05510324 0.07310899
0.1090708 0.1521598 0.1333012 0.1116929 0.05682959
-0.01269688 0.03279974 0.06858274 0.02096917 0.00592825
0.05719853 0.02523247 -0.00128802 0.1011732 0.05589958
0.0364781 0.1269542 0.08647636 0.04056542 -0.004670719
0.04371306
