0.1522437 0.04233999 NA 0.1511582 0.2720632
NA NA NA NA NA
0.06765389 NA NA NA NA
NA 0.2139137 0.09897741 0.183478 0.2001035
0.1155521 0.04239937 -0.002911358 0.04541011 0.3022189
0.1783632 0.1456773 0.2086557 0.04370515 NA
NA 0.02148831 0.1619041 0.1024812 0.1651716
0.06441624 0.09694541 0.1714485 0.04509475 0.2107014
0.1175211 0.158719 0.1053425 0.09513803 0.06910332
0.04818699 0.06539147 0.1401095 0.1151599 0.07760353
0.06000079 0.05360661 0.09496409 0.03660608 0.138134
0.05218375 0.05314791 0.02900496 0.04474982 0.07511082
0.07965459 0.04514272 0.04814791 0.008368994 0.02961098
0.1644253 0.05106577 0.1338471 0.04939449 0.1560347
0.09646147 0.07119527 0.04877004 0.01926882 0.06286698
0.2175155 0.03389365 0.05451972 0.133115 0.0300444
0.02100938 0.109997 0.02658282 0.0375541 0.08930312
0.01774476 0.04873386 -0.01909603 0.03754281 0.05130056
0.08591554 0.03386649 0.03636868 0.0236116 0.01434139
0.03446793
