"quartet" "wQuartet" "cluster" "phylo" "mutual" "shared" "clusterNorm" "wNrqs"
"mb49" 0.794001613211002 0.843900828704125 0.249705148227135 0.546059198278896 0.187769602525653 0.12291992426908 0.167560590311687 0.189293774745605
"mb50" 0.875440165009063 0.872457627118644 0.236463238709293 0.749813550036435 0.191271215302551 0.117851842813361 0.137903281241836 0.180409516256795
"mb51" 0.746060510745384 0.71908495130765 0.177439773836405 0.633932324475554 0.134171800631287 0.084118072579183 0.0709166479402721 0.0894510418190171
"mb52" 0.663586977265204 0.741935483870968 0.225829120865703 0.143630452669505 0.160040781984826 0.107082533792029 0.17974657656967 0.142271287452836
"mb53" 0.812628118650683 0.879403938265035 0.253867227051711 0.664965065123268 0.197624888747501 0.123914255604239 0.157204360171577 0.205151148909731
"mb54" 0.698795180722892 0.778720181749337 0.19961774243843 0.698663485888263 0.156613869403167 0.0736054536052315 0.068821679799802 0.119245961404225
"mb55" 0.910044026666879 0.91405150285667 0.25177235782359 0.832380313422978 0.208653143210819 0.135640298215301 0.155258344563517 0.205915382540628
"mb56" 0.752060049802509 0.799306249922848 0.231424563495133 0.3620940951104 0.176147406491044 0.108640631459216 0.147107754846708 0.161064495943158
"mb57" 0.964285714285714 0.974488282408781 0.24627907201686 0.96425426706725 0.213181622937208 0.108146435656962 0.124344340367978 0.215083521517147
"mb58" 0.654785837131313 0.739432448004155 0.226050055700918 0.131576735530903 0.158038955832479 0.092676335600873 0.183030879492969 0.141565014332907
"mb59" 0.761904761904762 0.800093962884661 0.244157985151042 0.761871218205066 0.203654827739138 0.0981972585151728 0.121880110372939 0.208506331295373
"mb60" 0.716688942222232 0.727096874032807 0.221346361405206 0.441681788365275 0.16055557016095 0.0932112787912418 0.136121956893736 0.159009096811013
"mb61" 0.73174101752046 0.761624656124891 0.238665934584688 0.542003342200556 0.182268463506502 0.107177473086183 0.140081616121735 0.180943623067032
"mb62" 0.720570264077366 0.749206185033873 0.22167469009032 0.320163047941431 0.154910238555317 0.103170136986396 0.164317605742555 0.140802169903416
"mb63" 0.794348517166961 0.823682868008534 0.236954888228161 0.59357911083592 0.182765743371375 0.125793621518026 0.153466895213619 0.176032414198458
"mb64" 0.677177468679284 0.739344796831395 0.236659268003901 0.142890841326963 0.160799998701836 0.0817313092711037 0.199263571449285 0.144990978961676
"mb65" 0.677439717250138 0.717980017455735 0.222936068287219 0.142351139994427 0.147275124557088 0.0711513134211068 0.184870328667166 0.134563197238218
"mb66" 0.712952540719377 0.690706699892005 0.187487523605837 0.295703876374892 0.127225859766183 0.0714281358757371 0.127677065652297 0.103724612395204
"mb67" 0.684261437090152 0.695055616672778 0.161916107509003 0.598067363567393 0.123506926976574 0.0762684402977817 0.0534715096945949 0.0685366073096536
"mb68" 0.716049382716049 0.826502213788741 0.234183044746653 0.568316028304884 0.187296851891417 0.0882812929484482 0.107160043156834 0.187744523001521
"mb69" 0.783132530120482 0.867134719830441 0.230876708452177 0.783011571277807 0.189194444787126 0.0930865251012378 0.105944542264513 0.181543922348684
"mb70" 0.797619047619048 0.799182925970275 0.184819905031979 0.797440846714415 0.149365058029786 0.0722829874548129 0.0529424920066915 0.129737173521233
"mb71" 0.675951510624808 0.712290137166756 0.219127361986194 0.142341541819204 0.14589174379129 0.0674814831092737 0.180645429615015 0.130766402645943
"mb72" 0.670087088205768 0.731533635392464 0.230772756494095 0.142888885687123 0.156850135517287 0.0792385299712239 0.192862284375609 0.13938125680571
"mb73" 0.714285714285714 0.752966952711338 0.174715891892748 0.722720506126603 0.134003896165831 0.0625538557037441 0.0412038816512124 0.0875723266628675
"mb74" 0.879518072289157 0.900801243721598 0.231280919183897 0.879417869697592 0.195591425878294 0.0971871351033897 0.105556745568563 0.20496000981917
"mb75" 0.678236145612685 0.699166645726204 0.213558627182622 0.1542399587077 0.140682756649553 0.0660479942837391 0.174017015129103 0.125167667698499
"mb76" 0.680821583963043 0.706741353296383 0.21609634407213 0.156094006412169 0.143196121847389 0.0608144257811758 0.177127200975077 0.128050928026161
"mb77" 0.733491779633889 0.755755171570754 0.212362684488146 0.427001571381458 0.158123897467626 0.0951435031512141 0.136721799246998 0.146002113575096
"mb78" 0.718480303183007 0.756727223056959 0.212950416053132 0.316469223463592 0.158995727153899 0.099490937668371 0.136957223898555 0.137760342354319
"mb79" 0.661875739025429 0.726899094870935 0.217947589693876 0.167623101810745 0.153115439634601 0.105672103845729 0.166889824633736 0.139355324477154
"mb80" 0.72289156626506 0.695565850430179 0.163083042514492 0.722720506126603 0.126932317345801 0.0602923501332138 0.0277052233197336 0.0719391731904654
"mb81" 0.797619047619048 0.79729859181914 0.160287740583586 0.797440846714415 0.126897770209498 0.0618987430422599 0.0244415869041338 0.0917813336356393
"mb82" 0.773809523809524 0.871367259350092 0.236678720108183 0.771190981536135 0.194907289281384 0.0925837970525381 0.113190872060037 0.192796122906078
"mb83" 0.770061252501876 0.77225925578193 0.211179644007647 0.510292565981527 0.157019236803118 0.101645338588884 0.135432761894548 0.144794160208959
"mb84" 0.66949314687269 0.738992024215543 0.224774583513385 0.143695232554277 0.157711019969046 0.10673984756206 0.176597800963215 0.145411940025508
"mb85" 0.687053759394471 0.705289170378192 0.203292683063902 0.237885045913701 0.138366858143632 0.0788213566768114 0.15376605969532 0.119670261844788
"mb86" 0.785714285714286 0.860410094637224 0.221968092522241 0.785525602403498 0.179456298519798 0.0884482919156017 0.0961004028636488 0.180810474891394
"mb87" 0.72289156626506 0.769269809046501 0.200206122099044 0.722720506126603 0.160914544691881 0.0786616514475618 0.0695944558066758 0.149287922901276
"mb88" 0.704858033593748 0.646894023971521 0.174342942893998 0.381033642059598 0.118875245690427 0.0712211574964602 0.102817748449305 0.0886425329675448
"mb89" 0.772367654000833 0.808776425368354 0.220577618122541 0.650266784667128 0.172344923321291 0.111281002837618 0.119680065970141 0.163934781443057
"mb90" 0.707706754139683 0.741503586600738 0.215628473958034 0.332677276752304 0.151631579811245 0.102017613895154 0.147698224886201 0.140886782982775
"mb91" 0.734690562311939 0.726083919006873 0.199934472035607 0.391548723548955 0.142487682715449 0.078281563218254 0.130757033796327 0.131285456488377
"mb92" 0.723333699239432 0.700160661870368 0.191266731259327 0.336223406972414 0.132525381128296 0.0743446839067183 0.127083265137505 0.111775814489646
"mb93" 0.632821038179259 0.620957666033848 0.16000981523214 0.212912304925172 0.108793309351396 0.0605945125828864 0.107829151130513 0.071602753376618
"mb94" 0.662584566033391 0.724176215535548 0.223337086610008 0.131142806068881 0.150585308257769 0.0757244103009196 0.184734576251001 0.133073903470112
"mb95" 0.720963430428327 0.746328956908375 0.219611200484258 0.324780601338064 0.154696930291407 0.103390896607091 0.157661949550799 0.143469688170603
"mb96" 0.682010004562074 0.727731741874544 0.202686644691337 0.216049079369839 0.142243390292691 0.0974056768220821 0.139312538938609 0.127460807583528
"mb97" 0.702418405716431 0.734771004400943 0.209948447660306 0.312682999795288 0.14556198257192 0.0977408132510734 0.147167029140037 0.134000390776162
"mb98" 0.741728060368437 0.784220945119028 0.226011719115948 0.426489186682458 0.165273018447327 0.10977110976585 0.158876323050843 0.152863096024043
"mb99" 0.797619047619048 0.776341420223127 0.153066431377601 0.797499548188882 0.12307919765518 0.0592455283058502 0.016052035756743 0.0885668036961049
"mb100" 0.716723106979935 0.702076355072668 0.190888211146395 0.33612562859367 0.132144123318481 0.0726295401189221 0.126743911236622 0.113826786301603
"mb101" 0.650902954589959 0.719735909046668 0.21363095100282 0.131538991796891 0.145095001640049 0.0753713567538136 0.172871263166316 0.126261286065896
"mb102" 0.800551138328045 0.811468794835007 0.216352784153753 0.664692480753519 0.169601682162567 0.106752372806337 0.114908320062958 0.169660712481433
"mb103" 0.760036821194614 0.805182072829132 0.234006289679871 0.456558832970452 0.175219195757406 0.112871459691668 0.160264686217309 0.168130111228684
"mb104" 0.656425913377561 0.720527419176873 0.216133030643076 0.131519073542102 0.146623485672977 0.0781546328167673 0.17617785568738 0.1289228473498
"mb105" 0.657460049130237 0.7327288642888 0.221644516093262 0.107629226223072 0.153297171973701 0.0831709715162086 0.179546031197263 0.138396923895941
"mb106" 0.761904761904762 0.730324664286928 0.177715273108902 0.770893952425424 0.143482665056764 0.0686924988528227 0.0446884938462687 0.101537197215924
"mb107" 0.684332094186059 0.617124176398227 0.153168270653007 0.465365937600472 0.107161148994989 0.0676571711225239 0.0604662421942541 0.0630954281634591
"mb108" 0.746987951807229 0.884920899806421 0.240147675253755 0.747015149653511 0.195183283275974 0.0930422562471895 0.116437378675014 0.187914077189066
"mb109" 0.831325301204819 0.806141732283465 0.174034667215761 0.83124442339877 0.143715801086177 0.0685440103160666 0.0399166757850705 0.122730312333097
"mb110" 0.657896638897366 0.738504526023704 0.223675972977328 0.131614220014183 0.157132571900823 0.0899166250722029 0.179141272361814 0.140724751487228
"mb111" 0.686746987951807 0.634948096885813 0.156722029661872 0.686605272858022 0.120847181320575 0.0534456199280638 0.0199689839360291 0.0612955651310832
"mb112" 0.671787106347057 0.678227165579086 0.203979408944378 0.166055485218497 0.132933977160236 0.0696045960210036 0.161891834649328 0.115576418928411
"mb113" 0.771084337349398 0.715988178091334 0.156427983369315 0.770953358247566 0.126420472447386 0.0591546011441729 0.0196272526244074 0.0834125016463395
"mb114" 0.771084337349398 0.862940416897251 0.230519044244316 0.77107216989185 0.189012125039411 0.089460898420435 0.105241126222523 0.189734578437736
"mb115" 0.712437528940269 0.70521260099075 0.192094644855317 0.348089696781836 0.137129381360451 0.0742577355420757 0.122144669716349 0.117142160424904
"mb116" 0.671048996720365 0.617073872414785 0.161862711150592 0.333202635964139 0.110579873416742 0.0648992973947377 0.0953148418610666 0.0747801031766965
"mb117" 0.734939759036145 0.782205055228027 0.202620794247441 0.734719313334702 0.160520977188514 0.0795966067921241 0.0724034599968229 0.148723689819936
"mb118" 0.727100176259654 0.695674704062961 0.164271283894313 0.534027606053011 0.12025640770453 0.0792222069871572 0.072800731291181 0.0856937670676396
"mb119" 0.659078555521797 0.723920780817143 0.223778452079685 0.107156387968963 0.150122061973014 0.0803614666032687 0.183557882075828 0.137021559614139
"mb120" 0.656836084467072 0.737321237133105 0.221009559157234 0.131614220014183 0.156251522567416 0.0877377096289759 0.176321896715136 0.138468615660547
"mb121" 0.711019359858017 0.698901416594391 0.170719437989591 0.539706146249265 0.123345997263086 0.0697700540580631 0.0630853514629068 0.0892869620918613
"mb122" 0.757689092612124 0.79251450906076 0.224305246471956 0.444469306242084 0.164644255894459 0.102990321011728 0.149516927060298 0.15791280703637
"mb123" 0.778418004922072 0.722053475935829 0.1929460663323 0.511502626402801 0.144889194086729 0.0794509569688273 0.104821726274049 0.122922332164103
"mb124" 0.76420574477411 0.708008008008008 0.160192739616298 0.628827519845358 0.120117251258253 0.0724600518112515 0.0514313636123399 0.0825178852537534
"mb125" 0.713685394141256 0.744199445728015 0.203980641391923 0.276517840081064 0.148523528694371 0.0937925419627963 0.134949587146424 0.131104493842861
"mb126" 0.654152531555948 0.726685252342676 0.214531228721622 0.143695232554277 0.15156086234623 0.101400994924188 0.165717867615213 0.133147742143863
"mb127" 0.761904761904762 0.73833111068775 0.160754516112007 0.758895145217325 0.130933675262743 0.0593320397504221 0.0249838759902727 0.0899158070771258
"mb128" 0.728667080887063 0.723173686933319 0.184084631045225 0.557097598029036 0.136175119131242 0.07745641062444 0.078464704326429 0.106796452806524
"mb129" 0.686746987951807 0.759106362311802 0.206928080957679 0.686486461213738 0.160997977950277 0.0775643375434815 0.0774141553101618 0.146958253184228
"tnt1" 0.809947196348795 0.797215336743843 0.185187284828127 0.67438631675905 0.14497236773165 0.0867597254403221 0.0797774353803283 0.126882607559491
"tnt2" 0.691233295536229 0.718729003264939 0.212370798386904 0.167848379884711 0.144361806527132 0.0892886509273699 0.154374229956861 0.142677243157682
"tnt3" 0.824015390909772 0.80694215694773 0.21560606228741 0.581774939739978 0.166000679840138 0.0959332321668076 0.130004214878558 0.160613659040339
"tnt4" 0.682767745984156 0.694369620273061 0.197310629916727 0.216661760075596 0.135059869894428 0.0690344398351233 0.149517636379543 0.112527664664987
"tnt5" 0.745864252322566 0.711148597764858 0.166287700922254 0.626353091535514 0.12814975024264 0.076101547605711 0.0586692431045909 0.0975545151405352
"tnt6" 0.678571428571429 0.642078865444483 0.16397646923115 0.678405806554182 0.128974408124885 0.0573443119328107 0.0287270671092935 0.0883804113302335
"ufb1" 0.671420717632686 0.701433783629016 0.213771789858408 0.143999871619786 0.14104946649613 0.0675898528978794 0.174686368858113 0.125183985624715
"ufb2" 0.904761904761905 0.909379112334011 0.223860271171528 0.903593701580215 0.191404537135888 0.0952435940770335 0.0982986925512078 0.199893726139654
"ufb3" 0.731988549764896 0.781604184829991 0.217063154890254 0.534691364799354 0.165074986128621 0.0907644387295756 0.115332706895338 0.157403832771064
"ufb4" 0.705821789581129 0.706798730647178 0.192204948428879 0.355725770227134 0.137155795286436 0.0709244361325038 0.122359179130161 0.119407245034437
"ufb5" 0.69787725675409 0.681530935635225 0.183436897617718 0.299980077426298 0.126403746161905 0.071367772113747 0.118632032721169 0.102392818447112
"ufb6" 0.667562910060493 0.731890240049111 0.217493400335225 0.25773649559327 0.152679115727618 0.0983066326231889 0.166405982667074 0.14359430306527
"ufb7" 0.677272347681775 0.731970612581006 0.199623649043458 0.352241337829367 0.14193958559473 0.091477091619779 0.136006082411997 0.127066630184084
"ufb8" 0.720119602040878 0.748289544586143 0.206450470031235 0.391743361581175 0.153213528655858 0.0852819326498166 0.129929627665492 0.134989307851082
"ufb9" 0.678571428571429 0.676413856955482 0.172915213640848 0.674606465649924 0.134980800945571 0.0618922187182895 0.0391118950233878 0.0877334036402379
"ufb10" 0.737144143575511 0.77939683630812 0.227842870728273 0.38402167260024 0.164327273272086 0.107202386372754 0.153538629040698 0.157642323537131
"ufb11" 0.680083781505303 0.691407803994138 0.196568066115097 0.228455411237328 0.134263489816639 0.0752719465066717 0.144125601636156 0.11723169489942
"ufb12" 0.566265060240964 0.650744991801526 0.212276050404642 0.566141954199898 0.162146453588001 0.0740639967986524 0.0847087882517614 0.118168991896428
"ufb13" 0.700581093100079 0.715994285529075 0.209340037999662 0.263839459358591 0.141931275339704 0.080906355205292 0.157735061978627 0.1291161316849
"ufb14" 0.773809523809524 0.727318253902012 0.165652982173391 0.773786462515983 0.136372403103504 0.0650659755891429 0.0306748013326863 0.109268874681784
"ufb15" 0.673853464352699 0.693400540001882 0.211225459583401 0.156016743705997 0.136892454811407 0.0649977629848631 0.171016295672802 0.123529595422783
"ufb16" 0.797967385353407 0.754136908673998 0.19958612550371 0.511578195490418 0.148729981306856 0.082062174710915 0.112186830957311 0.128616972368923
"ufb17" 0.741600332996718 0.674552398910942 0.177698191728362 0.440112666126607 0.128257366847693 0.0728911960984643 0.0987001978644305 0.0984175912195598
"ufb18" 0.650602409638554 0.631893746151816 0.159755155342021 0.6504306337673 0.12153365689955 0.0550986474640726 0.0233516704471625 0.0646528262152494
"ufb19" 0.69047619047619 0.546517020684538 0.138750794873086 0.690379752339566 0.106676610464103 0.0491283763008674 -0.000579541874989914 0.0485794872723766
"ufb20" 0.735375521358191 0.731079983589675 0.197944360546062 0.395943331972311 0.145303955865911 0.0787754895492717 0.120783459832372 0.128926512434791
"ufb21" 0.679155157265928 0.707952833542097 0.21569237645607 0.154294560948791 0.14214883876842 0.061184640123031 0.177041165671958 0.127714208797473
"ufb22" 0.833333333333333 0.732379979570991 0.144661134763263 0.833186579647165 0.119661432516496 0.0575942952683093 0.00628695523692039 0.077604043107396
"ufb23" 0.640776697931846 0.677747600941517 0.2044689137731 0.0948328545794064 0.128877763320296 0.0580822864083951 0.165633315702775 0.122889510427889
"ufb24" 0.606655269617586 0.646031081441423 0.188716996995322 0.118379718147529 0.122853296284223 0.0600027383965955 0.147365026477306 0.110913149702655
"ufb25" 0.751688038001618 0.765225855821386 0.207869074235156 0.468386265383235 0.150760752242585 0.10017333965568 0.139310428044227 0.137751281133487
"ufb26" 0.750913462942094 0.788299044819985 0.212066879489759 0.616781671419388 0.16491621731847 0.103683143224375 0.110067597755271 0.156136055734165
"ufb27" 0.667854672819859 0.728890178999552 0.225813587198686 0.189503330221441 0.152580102368233 0.0655215543362147 0.18765870817588 0.136671362245135
"ufb28" 0.651683908409396 0.72587685033158 0.216497141017082 0.199862585945716 0.148359229259415 0.0720031312096274 0.174120252876834 0.134456848027165
"ufb29" 0.768386176112705 0.830466061933062 0.231105936112632 0.602653143300572 0.180753354196143 0.110996506320531 0.131636443299701 0.164240576267629
"ufb30" 0.796116913834717 0.803464907485026 0.218535687492715 0.545755970105638 0.164522556235047 0.0978642372514739 0.13325355358206 0.159910199718685
"ufb31" 0.699675607267176 0.721229871686615 0.189766379755016 0.400259723299099 0.138928091974166 0.0827122720542383 0.119580809728032 0.112875429469549
"ufb32" 0.686746987951807 0.789562630974109 0.228053321318199 0.68654586703588 0.179573335048701 0.0870896635943918 0.10304109542608 0.154124421649601
"ufb33" 0.684712530676645 0.731349469775341 0.202221122474651 0.329022077164149 0.142557200363002 0.0914334376449587 0.143409330152502 0.12762240947375
"ufb34" 0.762289237831075 0.729922021742842 0.198112670771285 0.475672288161104 0.144015898176124 0.0799261670155715 0.110552485830225 0.12559596437734
"ufb35" 0.667840854028207 0.726104256810528 0.224962494506196 0.177020043875313 0.150723369489717 0.0724511834148386 0.186013576858792 0.139238451022932
"ufb36" 0.739093083312906 0.654732521962798 0.177358783902976 0.451783944912531 0.126736224242812 0.0778128628251362 0.0983281833525003 0.100998114604218
"ufb37" 0.70226317803048 0.621459327041836 0.164915097418792 0.368467968829905 0.113742670900266 0.0681478754598228 0.0926914299798625 0.0843944045784457
"ufb38" 0.645301370868393 0.701502065238267 0.200678275378144 0.20045567419812 0.13736569173972 0.0673319858426794 0.157426699261682 0.115633092949108
"ufb39" 0.734939759036145 0.651026392961877 0.142218230914361 0.734778719156844 0.111526236974368 0.0508948119782812 0.00274044586874034 0.0523648022315026
"ufb40" 0.642033387039836 0.577791676527266 0.13544157031664 0.459091571379753 0.0987811108930132 0.0593490283896464 0.0407178214561308 0.0374870925613624
"ufb41" 0.724291134340603 0.780777665118253 0.219217280469236 0.559118940974194 0.171951044012702 0.0986726959085689 0.117991141270872 0.157386246991844
"ufb42" 0.674157459341703 0.686714109904222 0.192676718813079 0.213579194470668 0.131736724951088 0.0654374429822315 0.146339969023093 0.105375720224972
"ufb43" 0.651819656818062 0.633569816188326 0.150420632317217 0.45356176650453 0.107703560846383 0.0666521815501645 0.0574875724450167 0.0646303826921266
"ufb44" 0.679921219340856 0.697599398733471 0.19457969572502 0.249215651000521 0.136658176122861 0.0785297059527997 0.135211602156524 0.118963228182821
"ufb45" 0.72289156626506 0.704166666666667 0.17127597965844 0.722720506126603 0.135259569542333 0.063532775400601 0.0372234316909249 0.0828840368533894
"ufb46" 0.675325414068021 0.647322844932161 0.182258943747579 0.321964313395591 0.127326552954564 0.0560526233353103 0.103554042238266 0.111970298976717
"ufb47" 0.739524055064269 0.726430976430976 0.18131396604829 0.516402500187788 0.131263699304244 0.0849335256589113 0.0917975485506676 0.105563115429989
"ufb48" 0.70950436761872 0.724516412053092 0.208594013877735 0.275894700231483 0.141969871136908 0.0880369721106934 0.153894972435311 0.125512211370748
"ufb49" 0.737696696956658 0.73847545984338 0.195776763249446 0.450894359072048 0.14359283213095 0.0904794864815598 0.126248661532522 0.123301651959628
"ufb50" 0.759036144578313 0.654370737755735 0.143781568521169 0.758895145217325 0.114013728205247 0.0531138865280619 0.00455798667097064 0.0618560236482756
"ufb51" 0.781470480105596 0.688857091754606 0.145874220023556 0.686514695791781 0.111373379114746 0.0676530136457486 0.0353708910051778 0.06379568826832
"ufb52" 0.656445861313785 0.621325953603613 0.149622625943679 0.422378032389563 0.105235627257231 0.0680725018482087 0.0676862383186397 0.0721409749292959
"ufb53" 0.652187846660972 0.624855766311059 0.156292124819608 0.345012990728168 0.109849677701156 0.0683540017365996 0.0892698351251752 0.0799852398536104
"ufb54" 0.664402100048339 0.725341545977785 0.225059939947183 0.188675034750428 0.151948287428956 0.0825998868931922 0.185570632916791 0.137868695064544
"ufb55" 0.807667166151596 0.80650505542697 0.216911165845999 0.557711755288208 0.164085905260081 0.0950033943159263 0.131451745947489 0.161924789956568
"ufb56" 0.746987951807229 0.769704049844237 0.176455757185997 0.746777526364942 0.142660143006202 0.0650270838409134 0.0426837503610874 0.118195347460613
"ufb57" 0.670340617627676 0.726063035604083 0.224088436367809 0.200727835854454 0.153510644926447 0.083376582647624 0.185095593596511 0.136041260782681
"ufb58" 0.738911263463795 0.723350532440444 0.173298216825804 0.621887702084415 0.132743986971 0.0802391499071466 0.0663035880015325 0.100467147152193
"ufb59" 0.813584048361494 0.811055123692806 0.213315208790519 0.540294680965003 0.15915943495929 0.0916532432568917 0.12732634390264 0.156514520875421
"ufb60" 0.694266321891984 0.66153332078924 0.172491121110077 0.251123706167826 0.116933798380229 0.0571185107127836 0.115351004531674 0.0862351385836259
"ufb61" 0.746926176134104 0.690817679898831 0.160957676036869 0.626421704522284 0.122654606930339 0.0762062386687532 0.0522953650703085 0.0869619608055539
"ufb62" 0.661053917518048 0.721329415051219 0.221063215608025 0.176908026806561 0.147459102843906 0.069248994940482 0.18137024395545 0.135909947154355
"ufb63" 0.682992700468888 0.634179161860823 0.154193938187726 0.554063108246517 0.113953592683041 0.0666880876817092 0.0446556721418226 0.0707765372223489
"ufb64" 0.66355376541466 0.694485463067921 0.194785730449904 0.228210543979741 0.135968447730785 0.0784495284864903 0.139166776779894 0.117684633208311
"ufb65" 0.666456141623135 0.703078427958333 0.19829895526928 0.228455411237328 0.136943887439393 0.0774572451070635 0.145935441334648 0.118819810236863
"ufb66" 0.638356479922339 0.631116140457885 0.165090724537185 0.215164188454092 0.113053928213939 0.0613608507971201 0.110642054502772 0.0794214267684967
"ufb67" 0.688042053719534 0.626456745253182 0.165087172560606 0.345140688176083 0.109957443630992 0.065556866273765 0.0987953246166257 0.0776178034267016
"ufb68" 0.773809523809524 0.797127468581688 0.197752075206452 0.773669059567049 0.162007246155238 0.0754467777899378 0.0679667902372094 0.139776738506365
"ufb69" 0.657871225465831 0.650354696711565 0.172393565480033 0.236315513841863 0.115944634902226 0.0636098691674084 0.115285579738234 0.0875350183072571
"ufb70" 0.674090752488892 0.696365280946783 0.210418231248631 0.156094006412169 0.137374262880111 0.0664526530181857 0.171166096247971 0.122631789656136
"ufb71" 0.656315574791777 0.723313006037631 0.216276355533558 0.200071180119562 0.146635290351704 0.0751774897689341 0.174862283050762 0.13329893897348
"ufb72" 0.682408333366152 0.723962949446501 0.198438197639507 0.363078021191141 0.143671366683176 0.0914335180904922 0.128926500893059 0.122677149634361
"ufb73" 0.644760320107509 0.666499488821589 0.194758063479112 0.142016805472439 0.129376815086317 0.0559787980615189 0.153001571073217 0.108963155412006
"ufb74" 0.673780191651951 0.661857909733482 0.17545798989272 0.248151427631172 0.118779083022309 0.0638176376271284 0.118561461068566 0.0910830009240396
"ufb75" 0.612633665815988 0.619463034343083 0.159711026452347 0.189113839173483 0.109504969611875 0.0601348208736711 0.10971332204412 0.0734587093104412
"ufb76" 0.637323770193538 0.652007312391794 0.187225509655657 0.143631422257253 0.124354096568114 0.0576043541530823 0.144247870470626 0.10189224092764
"ufb77" 0.666419211426961 0.678794022495671 0.201613680045397 0.143923406662562 0.132479681349097 0.0631250885462069 0.160912205970298 0.114681134577697
"ufb78" 0.635631432191465 0.661356108952845 0.187272091437652 0.189916267128508 0.128321913352719 0.0671095443034718 0.143288927903209 0.100450006572173
"ufb79" 0.607142857142857 0.540191513660722 0.154747237136482 0.607031743637616 0.118990921667516 0.051490611819265 0.0180047572758929 0.0527486902548452
"ufb80" 0.716589667110874 0.740118791446547 0.210658711520429 0.320082460245284 0.152831750571395 0.0878196414274932 0.142276226635131 0.14513077642762
"ufb81" 0.707281060603139 0.734533298819077 0.207969752258849 0.275915636107632 0.146907626509863 0.0805166817736071 0.145015337751387 0.138202758348105
"ufb82" 0.699120622066646 0.722329386336963 0.209736263771793 0.260558291571142 0.144140680835681 0.0802461672263416 0.155153364006049 0.132261832390764
"ufb83" 0.69291819413925 0.700523861099445 0.200401617901007 0.242806460319459 0.136223095106363 0.0717174066176334 0.150700763783905 0.115922642425895
"ufb84" 0.659979282694954 0.712905177956806 0.210242311687823 0.273049979309106 0.14516801733856 0.0965229775741474 0.155726612178989 0.135329065769618
"ufb85" 0.879518072289157 0.914849293665777 0.218496313476244 0.879477275519734 0.183375079557945 0.0906372825107738 0.0906812148042747 0.187823228953666
"ufb86" 0.682104753023935 0.637361282367448 0.157659535814507 0.541934729213786 0.115137170718814 0.0642342615270218 0.0489273246988312 0.0759630246938829
"ufb87" 0.705337649651273 0.719228685752264 0.205447261205253 0.299980077426298 0.145963099728165 0.084677544186362 0.142357852546077 0.136659469645418
"ufb88" 0.695435636002184 0.704484828276092 0.204325186995317 0.255449168609953 0.139750403955149 0.0797029839865048 0.149410000570125 0.129566172470288
"ufb89" 0.675757996614893 0.648544368166794 0.169633277791101 0.275302642250954 0.114702762845335 0.0645508492202902 0.112288033330608 0.0823109465734291
"ufb90" 0.69047619047619 0.790644609241301 0.214279840413973 0.674841318024697 0.171569677226174 0.0789639088472198 0.0871683681790106 0.148893260942961
"ufb91" 0.674199812574388 0.677455803517784 0.189455420346363 0.225538252753977 0.129126570302217 0.0643755275911704 0.142933782414874 0.103143945394442
"ufb92" 0.80952380952381 0.855637794225512 0.211026120418436 0.807127997338289 0.175510981995556 0.0868375713194544 0.0833882710327453 0.172323067550388
"ufb93" 0.804788095291261 0.781576147532678 0.205281159496697 0.533875991966382 0.153809664844371 0.0852001581889273 0.118552543112834 0.148999902794603
"ufb94" 0.612547291388398 0.58248857865532 0.144347111805031 0.356201803406932 0.104574437578465 0.0601190432322174 0.0620607635668027 0.0613264471224286
"ufb95" 0.688569393008038 0.60088113173659 0.149245250875214 0.45287385861249 0.10470831967183 0.0678023824547176 0.0673491713949172 0.0629531828013209
"ufb96" 0.662650602409639 0.599776098516653 0.155111769082964 0.662607658441825 0.119204610021793 0.0545601570128788 0.018097589963004 0.0653624044592056
"ufb97" 0.702063523379948 0.730848243288325 0.19466810050324 0.393856700819974 0.142037168860581 0.092628678301515 0.130656644248383 0.118217459169999
"ufb98" 0.660525840031021 0.608054190128253 0.166982878275728 0.297895859325276 0.113947293354701 0.0586694623442498 0.0948309288399773 0.0875545132974138
"ufb99" 0.781000905522138 0.754317196381461 0.197436053895758 0.498512335265471 0.144692520641832 0.0903112557697353 0.120369436443544 0.130627982417145
"ufb100" 0.734432609950093 0.676502208843192 0.183462096485638 0.421092461745536 0.127862945679811 0.0760059548425599 0.105017837160616 0.104193926963848
"ufb101" 0.795180722891566 0.814847009735744 0.16693537912946 0.79512919013019 0.134489465744776 0.0648725897992291 0.0316169343451235 0.106238158675236
"ufb102" 0.698345961008869 0.72091337131939 0.218290851776834 0.304230431302736 0.147076805294087 0.0944459090311134 0.156238000267256 0.15075666743709
"ufb103" 0.664070165578776 0.610063928096715 0.157902190937416 0.321246941097432 0.10600938318956 0.0623378842539769 0.0958890861660204 0.0688282756459675
"ufb104" 0.663969978408478 0.707582114090091 0.216064461271165 0.177685088310342 0.144853481637589 0.07238458353918 0.177839511329127 0.126691800163056
"ufb105" 0.676176209915876 0.710895919983607 0.204124180705639 0.281788664455659 0.140812539528288 0.0880768311834308 0.149186156482382 0.129540640052112
"ufb106" 0.675330749965168 0.690864218963616 0.19341222868899 0.204563153275229 0.131375902822633 0.0668087147132042 0.145390817900569 0.108211742405208
"ufb107" 0.675401038643782 0.734199813513452 0.203015331247177 0.375100535977274 0.145999919258721 0.0943442163838696 0.133900564996128 0.12801237662427
"ufb108" 0.680410604800324 0.739600699386004 0.205935447402722 0.367315069638878 0.149090160265762 0.0872031098597244 0.129364942144012 0.131785615040255
"ufb109" 0.656369831029728 0.722318918971129 0.211385251677899 0.249809910127663 0.148238542992778 0.0912146427519532 0.162408311096885 0.131375505999156
"ufb110" 0.663315492254295 0.697820098803633 0.20810762532288 0.118737546988671 0.137509514129398 0.0451855373148594 0.169450744182995 0.12291017478096
"ufb111" 0.629592262511027 0.664643689372432 0.197418774537651 0.0948447711517254 0.124694532412471 0.0555102536609763 0.158100848630714 0.11730233971526
"ufb112" 0.613050132018359 0.648318122466822 0.190855101751209 0.118402757591721 0.12417771316485 0.0624443489741928 0.150183466652277 0.110882749390962
"ufb113" 0.676952691742526 0.642136963623715 0.191513013442043 0.321964313395591 0.133637758671023 0.0617866392184002 0.113698785867095 0.126546160129001
"ufb114" 0.662851518070157 0.579927463997115 0.140923106965456 0.441093627896433 0.0993281562564065 0.063768783478585 0.0582259141680935 0.0476145564393694
"ufb115" 0.659483843745365 0.719482235432694 0.215467078635625 0.212916036656881 0.145903787090799 0.0696340988008713 0.176032099089114 0.129097431711532
"ufb116" 0.726190476190476 0.812315270935961 0.208834761455243 0.722720506126603 0.166262456676587 0.0800061602941969 0.0808424005292688 0.153102680259688
"ufb117" 0.687335725291021 0.727871460910075 0.215082705741952 0.273162079664959 0.149940503818324 0.0952705061333516 0.160858203902663 0.1429281790112
"ufb118" 0.733277224559688 0.737169658158203 0.198012732002568 0.427263355454951 0.142053050001206 0.0957255783334359 0.13444229159007 0.118944401226188
"ufb119" 0.694275487149895 0.696254630264783 0.19484964760405 0.284066945672153 0.131869682245627 0.0756993208573456 0.142267303993032 0.109239927200198
"ufb120" 0.683710641082564 0.688317367478853 0.192442934903897 0.272308212950144 0.129872558482233 0.081526440015763 0.142247390763078 0.102065344481184
"ufb121" 0.669769540820648 0.721428760412859 0.224069293196071 0.16790904025864 0.150241620144245 0.0771890906275207 0.186190625545727 0.133834752430556
"ufb122" 0.676701434043928 0.72503174464925 0.210555684662546 0.273648604377588 0.148187257102694 0.0961410920698579 0.159015325155458 0.133703456946622
"ufb123" 0.669617068448556 0.677533953104424 0.190624592021259 0.21362784021189 0.128883411751876 0.0678522296872522 0.145637342122158 0.101981245348139
"ufb124" 0.674698795180723 0.727663969702186 0.182497213699251 0.674665871472066 0.142313029030847 0.0642961599585774 0.0489033657171569 0.0939624984658818
"ufb125" 0.667662894867344 0.706259719409261 0.207265829189291 0.293054567188854 0.141939150401036 0.0920278092498325 0.148893359643854 0.135680542029257
"ufb126" 0.683802954094158 0.723164122295313 0.198706693198677 0.367315069638878 0.146402440397632 0.081903188942744 0.12143912954593 0.124699004759288
"ufb127" 0.67299706318001 0.684473322592873 0.192620027041189 0.228760366875963 0.132445881875586 0.0701348938139578 0.144529661273397 0.106994280813172
"ufb128" 0.659618034715137 0.671075365547178 0.188899439267356 0.213579194470668 0.13095990092192 0.071526824928074 0.142323387571126 0.102212956569417
"ufb129" 0.671081479574271 0.684406962747316 0.204025907621467 0.154214917718819 0.135713526200406 0.0623360390394965 0.163439707928215 0.116089464071057
"ufb130" 0.637262652617931 0.592077315208156 0.161183674210965 0.277391119421436 0.110794211868602 0.0552293153784953 0.088453338859346 0.0829454851574706
"ufb131" 0.63862259110697 0.581389708111684 0.155223683940905 0.277278856247758 0.104225547733896 0.059577244046562 0.0880974553258207 0.0702911581981003
"ufb132" 0.561114555806435 0.517987174983478 0.128930479474901 0.190668555989321 0.0870475979262538 0.0441226255577103 0.0720359836742685 0.0440856148931006
"ufb133" 0.615434598796947 0.639677162140475 0.178244267087143 0.131117063676008 0.115973122337606 0.0597735753598455 0.136342083406537 0.0928032885797185
"ufb134" 0.663036118318007 0.712713616524006 0.217506651132123 0.130656140242874 0.145094625442138 0.0673669159540601 0.179308591209814 0.131726108553429
"ufb135" 0.727262600325449 0.730669713364024 0.198353003941768 0.391163251480684 0.144066281562211 0.073524555515936 0.121366696616618 0.133471173417483
"ufb136" 0.726425232380422 0.703450394312867 0.186738367845368 0.367576932997755 0.132377674412634 0.0733900345735977 0.116419932211859 0.112692081005294
"ufb137" 0.750633646431244 0.698465367067607 0.152421554046823 0.626284478548745 0.114273283842779 0.0702742783333218 0.0427729013938295 0.0743720260263076
"ufb138" 0.663377279742234 0.714767900024702 0.195179373597574 0.282626625472924 0.137477634970154 0.0829771917669284 0.145154285295844 0.117027629831419
"ufb139" 0.676912541121085 0.693967204304216 0.182165525449259 0.341685763199346 0.128814067304419 0.0817039482514266 0.125653448395589 0.105791930403904
"ufb140" 0.69047619047619 0.562929274178578 0.140725157558161 0.690262349390631 0.107696248089741 0.0501310114500305 0.00171422733741441 0.0510970372804099
"ufb141" 0.726311073785859 0.623135279867398 0.141197818620059 0.618727990538651 0.106362349310649 0.0639016094877911 0.0303406722965694 0.0610823784921288
"ufb142" 0.638975710866664 0.591967317343723 0.154313516619386 0.297171126731662 0.10336464947275 0.062375978555969 0.0959377392790661 0.0673943708614061
"ufb143" 0.683623193180439 0.655480215734066 0.169261048705153 0.248151427631172 0.116056261076168 0.0610092586942372 0.111936907414225 0.0824054401560239
"ufb144" 0.649784593876059 0.693294922989161 0.204842402801565 0.177351448729169 0.136937972429421 0.0687307884802626 0.164311723291649 0.116508996583469
"ufb145" 0.771084337349398 0.784910099143001 0.170083378560422 0.770893952425424 0.136920043897516 0.0639450768066058 0.0352762775260267 0.109843178892924
"ufb146" 0.665540860210276 0.71334202085004 0.210721343749818 0.281065397197089 0.14441593056271 0.0952078103729395 0.152603318791073 0.14079759017466
"ufb147" 0.649814933161858 0.579169287790945 0.134733001677627 0.45356176650453 0.097898468383018 0.0584068289225422 0.0400839167076681 0.0436402041607215
"ufb148" 0.680073778437401 0.701930900479689 0.196814378312492 0.243099998698242 0.135963378982142 0.0772977945443132 0.141284933256649 0.118718873537588
"ufb149" 0.719159774042716 0.767977182419883 0.223310359474982 0.348180595709813 0.161849472572175 0.106456740731509 0.156045397679881 0.151351095990338
"ufb150" 0.657252202746121 0.668893030961996 0.188256873413259 0.201671371596752 0.129897850066461 0.0653860256284104 0.143119411605311 0.100769496750915
"ufb151" 0.669640354066686 0.722716423112545 0.224012234229964 0.16790904025864 0.152002229794487 0.0723191420085628 0.186130620030412 0.134380385668617
"ufb152" 0.655993800133378 0.729074852907302 0.218103473435254 0.235087974088157 0.151595643194332 0.091373166194688 0.173249100118461 0.137809940220278
"ufb153" 0.767533934597859 0.755255276567357 0.171838840755702 0.60553489601849 0.130961911628793 0.0875267971221461 0.0812653772205496 0.097825047454051
"ufb154" 0.677188673309998 0.730851515525058 0.200292242360097 0.329595573574629 0.142447153385581 0.0944697936903708 0.145032715125091 0.12127439507728
"ufb155" 0.663746930907074 0.702418027339556 0.214926867432267 0.130940613895712 0.143284212796116 0.0711735741000447 0.176601110741822 0.12481242888724
"ufb156" 0.666961371957464 0.713999918344017 0.219692920098433 0.167962261835914 0.148206483911497 0.0704909854141225 0.181644894980169 0.130307352241145
"ufb157" 0.657176234007402 0.597434779901625 0.158061522567713 0.321040058292 0.104748690926481 0.0646234458622752 0.096060151170964 0.0721137790019277
"ufb158" 0.738095238095238 0.668332052267487 0.144047952233414 0.737923326634298 0.111047942783939 0.0534417740839178 0.00557457385978874 0.0610382741687247
"ufb159" 0.766788928403061 0.695534203722029 0.146036814460178 0.666395466719663 0.110916791542092 0.0688628123684906 0.0358043024023409 0.0666690404032398
"ufb160" 0.652233440088276 0.715260205498473 0.210805708806011 0.212815453726448 0.141754723247473 0.067423810498372 0.17057899022829 0.124615554148771
"ufb161" 0.656360859345826 0.708031346575985 0.212568255014032 0.177426657473341 0.142714313799221 0.0676194271623401 0.172987564501017 0.122851739903886
"ufb162" 0.666988512033619 0.605842265170057 0.161549756047302 0.321167963209441 0.107705356959068 0.0624276150231489 0.0949770382089959 0.0746800217782771
"ufb163" 0.663476259957567 0.721070061619479 0.212756247948994 0.249417019882649 0.147040722152777 0.0898733974950876 0.161396443687672 0.1368221595048
"ufb164" 0.65017255051104 0.635870194417595 0.168273094978133 0.200171199175155 0.112934766572918 0.0574159263203287 0.114038686569082 0.0855453583653615
"ufb165" 0.624912567973994 0.584160226805067 0.150760002684614 0.407430036009116 0.110993100226444 0.0609413107870978 0.0580800221787403 0.0668348714998494
"ufb166" 0.674468771022745 0.555658362989324 0.135193601403425 0.56381235295599 0.0990863956583401 0.059401239167788 0.0230364600360752 0.0407082812004711
"ufb167" 0.639071831037404 0.653520105886802 0.183214797646947 0.23673918855924 0.123735672870636 0.0736911485084597 0.134591990546166 0.0968368514359815
"ufb168" 0.67306560932981 0.681666149000562 0.203065850349511 0.16807594168858 0.1327411348123 0.0661633878036297 0.161754669316278 0.1138845302546
"ufb169" 0.684477690585451 0.720219732368655 0.212859102147784 0.296684643701953 0.148406305829577 0.0994262067902814 0.154847624895717 0.140963995731579
"ufb170" 0.698795180722892 0.684373859072654 0.162519536712163 0.698604080066121 0.121998139483724 0.0567359157668858 0.0265648153591022 0.0708718352635214
"ufb171" 0.733839637156745 0.703183268255689 0.187391298956853 0.366502922348787 0.132551516732481 0.0751503661421289 0.117034099225831 0.110756718055651
"ufb172" 0.670484038704659 0.703471370326656 0.214521658124836 0.144016143544625 0.14078528522369 0.0684172693438837 0.175812238193682 0.126409515805093
"ufb173" 0.670714461978837 0.720526022254265 0.194514203028783 0.329022077164149 0.138576963390229 0.0901188314820142 0.135134261111975 0.11610770957403
"ufb174" 0.715747304015223 0.752872492122589 0.217689348791432 0.359512501211978 0.154456555282761 0.0981845028249252 0.155507495067731 0.142882999308541
"ufb175" 0.647411798899181 0.64575728294324 0.188158031851384 0.177527805163031 0.122153248130584 0.0675810525279144 0.141580022717598 0.104670788393509
"ufb176" 0.649626282435273 0.654855433151262 0.191553770811933 0.179728778714717 0.125148020891898 0.0646273440654427 0.146617437581705 0.106121083396182
"ufb177" 0.612258053516772 0.617389100126743 0.16019380697285 0.179364828057898 0.108227638990043 0.0519484720925482 0.111992984891849 0.0763938000532167
"ufb178" 0.721762197798674 0.645920729426749 0.171104932019731 0.417118476670483 0.118394198670298 0.0689484296580892 0.0913131278153192 0.0878538615475847
"ufb179" 0.639553936395713 0.663766450030589 0.187030240203092 0.180131522846536 0.12858929469866 0.0567799998104851 0.144034544768957 0.100549485132346
"ufb180" 0.739632074548715 0.748406164615962 0.190658482304193 0.485668655628904 0.140560912900739 0.0949686532726255 0.112820599660912 0.110883881428655
"ufb181" 0.645521833935502 0.728398148183761 0.216838112582427 0.190674341521335 0.151164745625051 0.0731648547580913 0.174460950869254 0.132973343884562
"ufb182" 0.657399435887884 0.581443465373413 0.14265276622521 0.392974626500205 0.0976666166767117 0.0655127540525 0.0683823084430163 0.0557414702710844
"ufb183" 0.634928127391333 0.59203279544861 0.153452619823061 0.285265022382894 0.102727657825065 0.0589241248471177 0.0982284472681629 0.0662614814299723
"ufb184" 0.751021455077353 0.690203644853752 0.147556662112901 0.594930421095655 0.109638466568654 0.077877693947093 0.0544761337187681 0.0695109738521883
"ufb185" 0.657076724610931 0.688508253780275 0.185003508006367 0.281788664455659 0.1264144134486 0.0786173505801834 0.128687534557932 0.1112002727202
"ufb186" 0.783714446525271 0.763883641858708 0.178326029714007 0.605610703061805 0.137621234011418 0.0893405264537342 0.0884620502762462 0.109081236612839
"ufb187" 0.65936553674607 0.732173537864138 0.215409659187402 0.258200474319786 0.152870635877843 0.0985391343912526 0.166650888594456 0.136183774969205
"ufb188" 0.649581272939271 0.724941507352496 0.216238564377812 0.190840971677279 0.149514940844239 0.0760312281578849 0.17480666502033 0.131602032716959
"ufb189" 0.710843373493976 0.738841097224477 0.19756504467837 0.710721698918504 0.15635114534352 0.0719191020846642 0.0676154216426196 0.121356715414028
"ufb190" 0.62908713666473 0.630601731212747 0.167804003908951 0.177284215350882 0.110309985982411 0.0531776638314577 0.122767769992876 0.0848841454264782
"ufb191" 0.64236325381713 0.609691570034346 0.152095242753827 0.360610795449925 0.108026302361739 0.0664144111650583 0.0786970758415502 0.0760332683562728
"ufb192" 0.613917933532664 0.60284276930448 0.147924639695763 0.386571126022148 0.104117108331732 0.0597582948285889 0.0547696209041482 0.0586065517639987
"ufb193" 0.663215409551633 0.680237891289969 0.199480871155395 0.130713666747672 0.131784993713585 0.0389804389331394 0.160030746412404 0.114303988764607
"ufb194" 0.662964704782422 0.684558831296412 0.200344991154302 0.1307024068166 0.131718866086744 0.0376855728733787 0.161172590904688 0.11523286515108
"ufb195" 0.676237654136235 0.730149248281961 0.225854853891516 0.189071143577613 0.153879527249713 0.0722487165587173 0.187384321914552 0.139066995636821
"ufb196" 0.692136554789215 0.686842576516113 0.206180233802439 0.190189036526896 0.137416933262497 0.0857435855500242 0.158946744665852 0.1200489456268
