NA NA NA 0.09215823 0.1246181
NA 0.1033973 0.03599964 0.04407813 0.1252021
0.1522437 NA 0.1976736 NA NA
NA 0.1688251 0.06287255 0.293584 0.1707238
NA 0.05552643 0.07742326 0.1246181 0.2779408
0.1737631 0.1103202 NA 0.1091806 0.03175593
0.04545913 0.2739479 NA 0.1814284 0.1143369
0.02355684 0.08223054 0.1622837 -0.007278921 0.01376584
0.08776347 0.1923147 -0.03350343 0.06741227 0.07529774
0.104171 0.1442673 0.1420431 0.1203203 0.08604526
0.07701024 0.1433074 0.05880531 0.1634001 0.05453932
0.1269692 0.0506488 0.04133798 0.1294404 0.04214287
-0.04004467 0.02588519 0.06848174 0.1537859 0.08588609
0.08436572 0.06654466 0.09349532 0.1252563 0.09280421
0.09664315 0.09495839 0.06533281 0.086508 0.1769673
0.05332825 0.114486 0.1039773 0.04466359 0.2165096
0.003088593 -0.00700139 0.05032747 0.00483934 0.03923323
0.1254727 0.04819528 0.0603544 -0.009620873 0.07898801
0.02583717 0.05678591 0.01130437 0.01809084 0.07159856
0.01694585
