0.135771 NA 0.1316197 0.2174533 NA
NA 0.1246181 NA NA 0.09820482
NA 0.2448918 0.08054418 NA -0.03879997
0.03789109 0.1404027 0.1192699 0.09589706 0.05583713
0.2371518 0.04293008 NA 0.225735 0.1511582
0.1270818 0.1458372 0.2432439 0.06195311 0.1212283
0.2812141 NA 0.2746409 0.05306347 0.1685654
0.2793193 0.1157464 0.098685 0.1041443 0.1764445
-0.001174222 0.2849264 0.09386594 0.1950564 0.20194
0.1290403 0.2591517 0.1284084 0.2030831 0.1414704
0.08923821 0.101082 0.1757727 0.05861207 0.149204
0.1253498 0.09727897 0.05009079 0.07234507 0.2371791
0.1796672 0.06243172 0.123624 0.02839891 0.07506824
0.05037538 0.01499515 0.1282507 0.1209075 0.1718848
0.06946011 0.03618411 0.01630793 0.07607391 0.07875119
0.06638194 0.09580147 0.1659778 0.0848437 0.02911443
0.02021733 0.04670887 0.09590488 0.03791666 -0.007991363
0.008620412 -0.002025808 0.0374105 0.01504206 0.01979947
0.04169237 0.03844007 0.0185218 0.02374234 0.04557866
0.03506292
