NA 0.1246181 NA 0.109795 0.09756056
0.1511582 0.1706968 0.1487638 0.1034164 NA
NA 0.1099102 NA 0.1283632 NA
0.2996547 0.02689338 0.1388059 0.07775232 0.09794246
0.1351035 0.08660543 0.06959453 NA 0.2996535
-0.0456046 NA 0.02606543 NA 0.2636709
0.04539573 0.1124584 0.1449618 0.08935482 0.03217683
0.202479 0.06524469 0.1292481 0.2551172 0.1309548
0.1579527 0.2019809 0.1279412 0.01404138 0.04513292
0.1671789 0.1983108 0.07209401 0.08681911 0.1449123
0.08143905 0.0781526 0.03461477 -0.009558988 0.08107413
0.2040501 0.07295812 -0.02711509 0.002526335 0.09361319
0.2049697 0.1716256 0.2498519 0.1567843 0.08515438
0.05221883 0.07432001 0.06032915 0.02413713 0.1056124
0.06275094 0.04382626 0.1037901 0.1694685 0.1384369
0.03352773 0.1250052 0.04981846 0.02595353 0.1740671
0.02029673 -0.008252161 0.0818988 0.1025419 0.0009089098
0.0503752 0.0261289 0.08351677 0.03035706 0.03517704
0.07326382 0.02044089 0.04616789 0.05911335 -0.001408997
0.08323277
