0.2988436 NA 0.1879549 0.2609946 0.1310704
NA NA 0.2334179 0.1976736 0.2289266
0.1286192 NA NA NA 0.1316197
NA 0.02330542 0.2790266 0.1771897 0.1939246
0.04108153 0.07866321 0.09756056 NA 0.1438981
0.1301281 0.116137 NA NA -0.009662785
0.1316197 0.200011 0.2025512 0.2061644 0.2881801
0.1891587 0.0516924 0.03837834 0.01513877 0.1665224
0.1002392 0.1052442 0.05307182 0.1428965 0.03676029
0.2617082 0.06926948 0.1318302 0.06790102 0.09209497
0.147074 0.1138292 0.1445558 0.2062131 0.06540347
0.08056663 0.1035728 0.2260102 0.08144429 -0.02115234
0.1578604 0.1788595 0.116432 0.1170558 0.04502453
0.04986568 -0.01195998 0.06719937 0.1343091 0.09334449
0.1004302 0.08521486 0.06949761 0.07387708 0.08187568
0.05634465 0.06364479 0.02352758 0.0319967 0.0937556
0.0111759 0.03382233 0.03730759 0.1163516 0.09939167
0.02591206 0.089459 0.01812558 0.0009387138 0.05103264
0.06586296 0.07946091 0.02205365 0.04128549 0.04029454
0.04174959
