0.1099102 0.1503228 0.1706968 0.06398339 0.1346185
NA 0.01468268 0.1331398 0.1503228 NA
NA 0.04421405 NA 0.09239562 NA
0.165886 0.1555159 NA 0.09088065 0.14897
-0.005501745 0.07433705 0.05444446 0.06684398 0.03667337
0.07202137 NA 0.2690577 0.1777957 0.05007442
0.2388481 0.4082152 0.05789988 0.05181752 0.0605693
0.06584665 0.07979877 0.04194309 0.1111267 0.03395969
0.06186534 0.1632309 NA 0.07299267 0.05084487
NA 0.06005311 0.08520699 0.2444103 0.08675079
0.08243344 -0.01668395 0.2496388 0.08035056 0.03245711
0.1231066 0.1968131 0.1831115 0.07286282 0.05396741
0.05103446 0.1126366 0.1305641 0.03205871 0.05076371
0.03582353 0.0958005 0.03102902 0.1070642 0.1243141
0.08668999 0.1945401 0.0893271 0.1607708 0.1971892
0.08640506 0.1219449 0.09674076 0.06235486 0.1566165
0.003909412 0.02524579 0.04888667 0.04419948 -0.01208615
0.03262606 0.0817674 0.1108718 0.01604811 0.07878193
0.03479112 0.02846046 0.0332265 0.03110171 0.009822407
0.02672637
