NA NA NA 0.09756056 0.3011636
0.09097357 NA NA 0.03899099 NA
NA NA NA NA 0.1251068
0.3011636 NA 0.2480842 0.1283632 0.01883508
0.02194338 0.3055297 0.09409503 -0.05060483 0.04106613
NA -0.002081443 0.05718017 0.2188263 0.09164012
0.1615215 NA 0.0989402 0.147149 0.08003835
0.08481759 0.01371023 0.1453577 0.258575 0.1556432
0.22377 0.1903153 0.07257092 0.1901268 0.1649943
0.09698119 0.1263841 0.03962149 0.0542339 0.07422611
0.09621849 -0.0009290897 0.0827099 0.03506551 0.05460371
0.07472671 0.1094968 0.1461173 0.07836457 0.1477865
0.241286 0.02757988 0.0912835 0.1729975 0.0463386
0.1261698 0.1083599 0.04794332 0.202943 0.02230783
0.09077631 0.01077316 0.1321031 0.04261985 0.09141011
0.05501055 0.0002680144 0.01983628 0.09449848 0.2203235
-4.571872e-05 0.005771921 0.06441597 0.01163601 0.03677885
0.02629458 0.002589036 0.0115135 0.02798437 0.0005010271
0.03036275 0.04986107 0.01602915 0.0144216 0.03409272
0.03314061
