NA NA 0.1316197 NA NA
NA NA 0.2762468 0.1527238 NA
NA 0.10825 -0.01817594 0.08113744 NA
NA -0.02990636 0.03898649 0.1623152 NA
NA 0.08859735 0.1503228 0.01643114 NA
0.1028964 0.05270603 0.1665616 0.20623 0.1706968
NA NA 0.1169358 0.04116482 0.03842166
0.2054018 0.08418875 0.1944751 0.04196237 0.06125266
0.06228848 0.07667873 0.0111319 0.09329145 0.1188855
0.04093199 0.01375842 0.1625958 0.03436705 0.08743104
0.1763593 0.08497017 0.0858743 0.08225479 0.07988272
0.2282614 0.06289334 0.1083252 0.1537787 0.235746
-0.003505366 0.1553103 0.09275109 0.1794232 0.1121729
0.03616368 0.009286717 0.05280669 0.07780008 0.1388715
0.08822531 0.08385724 0.07920442 0.1003903 0.08814392
0.02501228 0.0965256 -0.01826569 0.04726893 0.01756435
0.01930901 0.0401591 0.0107148 0.03388581 0.05941456
0.02566196 0.007821735 0.01977876 0.009884645 0.003074233
0.01421175 0.03580764 0.02632709 0.04529998 0.05473444
0.08180987
