NA 0.1498143 0.07986692 NA NA
0.04715813 0.02415919 NA NA NA
0.1580105 NA NA 0.3030108 NA
0.141892 0.1425341 0.07516642 NA 0.1557333
0.1124669 0.1239963 NA 0.02887617 0.05456665
NA 0.2060777 0.1312903 0.1601201 0.194848
0.279768 0.06600936 0.03265808 0.02765891 0.2720206
0.1379833 0.1016496 0.07318741 0.2626102 -0.02069842
0.1555386 0.1072321 0.1292138 0.0991328 0.1724222
0.2663277 0.04468131 0.183777 0.1866083 0.002507346
0.09515813 0.1372032 0.068578 0.2013315 0.04104226
0.09364097 0.0728185 0.03333674 0.05678609 0.1251613
0.1607422 0.1270079 0.257315 0.1447635 0.0405097
0.05413669 0.04959606 0.05523611 0.1142212 0.05325437
0.06722046 0.08404905 0.08728243 0.03523493 0.1448096
0.06612569 0.07792665 0.08005698 0.1286746 0.04327132
0.05111186 0.05895175 0.1106274 0.04923889 0.0448012
0.02339797 0.05129261 0.02548767 0.03530162 0.01365811
0.08118724 0.1363847 0.06349428 0.03290113 0.03177164
0.009645083
