NA NA NA NA NA
NA 0.1955178 NA NA 0.09756056
0.1214427 NA NA NA 0.1196699
NA 0.1282924 0.1082026 0.1246181 0.1944882
-0.03016196 0.04422027 0.08843912 NA 0.04656273
0.09304468 0.2299448 0.1635949 0.05596452 0.01262983
0.1248296 0.06768997 0.1135839 0.1165265 0.09886582
0.0359115 0.225295 0.03359341 0.06055832 0.03344445
0.0463279 0.0111147 0.05044001 0.05733962 0.06729411
0.1453285 -0.0005562359 0.09063032 0.1135886 0.1330217
0.09592675 0.1031361 0.03808186 0.04646692 0.08130549
0.02532911 0.0485739 0.04010564 0.1616533 0.2537079
0.1428042 0.1842384 0.1258577 0.06217147 0.04396981
0.0215436 0.05162379 0.1186933 0.03556359 0.02297013
0.044175 0.0575523 0.01591953 0.06295778 0.04088541
0.04333547 0.05889194 0.05420015 0.05468271 0.193535
0.05452185 0.06961731 0.02756175 0.02540089 0.01034133
0.06636443 0.02418816 0.02900671 0.01428406 -0.0127704
0.05822555 -0.003779866 0.02108952 0.002612598 0.02062126
0.02618111
