NA 0.09105607 NA NA NA
0.1976736 NA NA NA NA
0.1241939 NA NA 0.301577 0.1033973
NA 0.1315813 0.1511582 0.1153365 NA
0.05415703 0.1241939 0.06964805 NA 0.06852179
0.1955178 0.07007259 NA 0.1601779 NA
0.1491563 0.3099664 0.1577685 0.191847 0.1286299
0.1923286 0.09288388 0.1214229 0.1505241 0.1349401
0.02623298 0.1583146 0.003026441 0.07224371 0.08687474
0.270573 0.1162748 0.1016063 0.06176047 0.1339189
0.04937563 0.2084283 0.06496289 0.1269922 0.126318
0.1432209 0.06317231 0.1536147 0.2386568 0.08230087
0.06998009 0.05462758 0.1037574 0.07034868 0.1434942
0.07785132 0.04315705 0.09978059 0.1175974 0.09319598
0.11566 0.03959341 0.04972159 0.01153932 0.06758189
0.1016248 0.07441252 0.05191097 0.08036847 0.1994285
0.008668264 0.02464024 0.003957275 0.01510533 0.04249617
0.05636672 -0.004772124 0.08291789 -0.002470499 0.0244072
0.02831291 0.0252345 0.07636234 0.03792066 -0.002527929
0.01742601
