0.3181711 0.1695552 NA NA NA
NA 0.2392248 NA NA 0.1140938
0.1316259 NA 0.2293544 0.2089216 NA
NA 0.1033927 0.3018959 NA 0.02441026
0.1517922 0.1592752 0.1812116 NA 0.07408591
0.1690311 0.09402438 0.1150554 0.1503228 0.01438832
0.01813576 0.1334821 0.03077808 0.266639 0.07567989
0.1803392 0.2329398 0.08962381 0.06569673 0.06092872
0.09198657 0.06702166 0.1248133 0.07639502 0.1824451
0.1210266 -0.002388918 0.06807944 0.1253952 0.1345537
0.142025 0.04135008 0.1173374 0.1389243 0.1842455
0.1129182 0.0623468 0.09419516 0.1222233 0.1039465
0.04439881 0.1289647 0.06188708 0.0786992 0.07813632
0.06960403 0.0140311 0.07634373 0.08492174 0.03380329
0.01511555 0.0872552 0.06275133 0.0654194 0.1014576
0.008285297 0.05572647 0.05743663 0.1521602 0.2215345
0.00455149 0.05298834 0.05172367 0.03695882 0.0215713
0.09522127 0.06282375 0.06426651 0.08536699 -0.01402691
0.05634184 0.04516082 0.04964213 0.04382163 0.03554931
0.09153652
