NA 0.08944328 NA NA 0.1365775
NA 0.1762543 NA NA NA
0.08265168 NA 0.1334821 0.2325258 0.1705166
NA 0.3276921 0.0723555 0.04878968 -0.008609102
0.03104319 0.1330381 0.2063758 0.1047758 0.3011636
NA 0.2005228 NA 0.1487596 0.08216919
0.2849056 0.1442498 0.1034814 0.255525 0.1665355
0.05220831 0.1448586 0.2691886 0.1516339 -0.01053621
0.256692 0.1575391 0.06645291 0.01439056 0.1873241
0.06051149 0.1024365 0.1241207 0.06322378 0.0990365
0.04797276 0.1876387 0.1371559 0.05214601 0.173683
0.1381258 0.02646796 0.212723 0.1277089 0.1545945
0.1234643 0.2014925 0.05125121 0.1289627 0.08912675
0.04698487 0.05238425 0.04598326 0.1050702 0.1563262
0.08477712 0.08187287 0.02521214 0.0854477 0.08303322
0.08642061 0.126563 0.03595258 0.1077167 0.1134157
-0.01338664 0.0166709 0.003424898 0.02756965 0.04239586
0.01829081 0.0238466 0.03099455 0.003761824 0.03592607
0.03552206 0.1099327 0.06052251 0.003402795 -0.007609871
-0.00590056
