0.07675508 0.2220148 NA NA 0.1976736
NA NA NA NA 0.2171342
NA NA NA NA NA
0.05207 0.1013949 0.08623275 -0.04477009 0.1283213
0.2027106 -0.02194358 0.07398314 0.1467809 NA
0.09913995 0.1666276 0.2173476 0.1688978 -0.04679921
-0.0463983 0.1656717 0.05564476 0.06633277 0.1415034
0.02652426 0.0633994 NA 0.06443012 0.204465
0.2829195 0.1015659 0.206092 0.0340456 0.03926867
0.03703884 0.04296305 0.1282833 0.0563389 -0.006542883
0.1181403 0.2292682 0.05181043 0.05778217 0.1398038
0.1926483 0.04256327 0.1976482 0.2154328 0.1648355
0.01949413 0.1946163 0.0379657 0.07373736 0.02814316
0.05081992 0.1826597 0.04029732 0.06323652 0.06431475
0.02149259 0.08220303 0.08247104 0.05447955 0.0486245
0.03600276 0.1455751 0.09267723 0.06966548 0.09349829
0.03088249 0.01258151 0.02371467 0.05504646 0.05462707
0.0859511 -0.009360604 0.04661873 0.05436909 0.1415474
0.0359493 0.02732111 0.01923385 0.02877603 0.01222406
0.0342156
