NA NA NA NA 0.06914148
0.2069851 0.1174907 0.2743298 0.2996547 NA
NA 0.1316197 NA NA NA
0.141892 0.2325258 NA 0.1984872 0.09739561
0.06283504 0.1177286 0.2540748 0.0568494 0.08054418
0.1375396 0.2626428 0.3037002 0.1048793 0.08054418
NA 0.2117474 0.2615472 0.05327565 0.08644587
0.1758861 0.2382417 0.08595344 0.1771867 NA
0.1023042 0.2731052 0.1228979 0.05741302 0.2178561
0.08368677 0.2577964 -0.01057481 0.1415056 0.104358
0.088543 0.3058598 0.06725774 0.1158519 0.08924038
0.1668874 0.2090736 0.1362378 0.1182596 0.1610686
0.1226304 0.07381778 0.05024633 0.1982928 0.04824932
0.09029035 0.205209 0.0867533 0.01337854 0.1826389
-0.004549839 -0.01802878 0.05609843 0.04936598 0.1333969
0.09500104 0.05774176 0.120206 0.07191849 0.02759398
0.0001232411 0.08800214 0.04768276 0.01121273 0.05040136
0.01546747 0.03868163 0.0472266 0.04011731 0.02708875
0.09464272 0.01545644 0.04030703 0.01815573 -0.008078534
0.03362752
