NA 0.1271673 0.2947752 NA NA
NA NA NA 0.2877194 NA
0.03194593 NA 0.1706968 NA 0.1145063
0.1976736 0.08879318 0.09508666 0.08610397 0.007332733
0.1591479 0.2622961 0.09558027 0.04202499 0.1331812
0.08530255 NA 0.1562104 0.01499802 0.1374328
0.0924178 0.2301387 0.120075 0.186398 0.1557947
0.1916071 0.2407005 0.1107093 0.034931 0.2032573
0.3153104 0.1574173 0.1638922 0.01746045 -0.03655125
0.02666848 0.1951032 0.06069791 0.225138 0.2378801
0.1771125 0.02372339 0.102724 0.1691854 0.1183534
0.1097361 0.1731205 0.07814083 0.0407176 0.1014225
0.09615385 0.184885 0.06216605 0.1556132 0.08641033
0.001930949 0.07733673 0.1161933 0.01689611 0.05034114
0.04527705 0.1106302 0.04527367 0.06843291 0.04574741
-0.009542212 0.03922396 0.05947257 0.1335354 -0.01219232
0.03377061 0.01470324 0.007281788 0.007382616 0.05136791
0.06577404 0.02933168 0.003466057 0.03943769 0.006527922
0.06814175 0.01108998 0.03813866 0.003247536 0.07620642
0.04760785
