0.1102692 0.07726737 NA NA NA
-0.003349133 NA 0.2819882 NA 0.1343209
NA 0.2143681 0.1343838 NA NA
NA 0.09976447 0.2982608 0.07468849 0.2311455
NA 0.01706426 NA 0.03827545 0.09756056
0.2983459 0.2192831 0.05660374 NA 0.06037145
0.1341018 0.1454388 0.171779 0.0640754 0.1520212
0.01291069 0.1529999 0.164934 0.08479765 0.1594703
0.3386868 0.2242534 0.09323407 0.04461209 0.2877911
0.03231027 NA 0.09704555 0.02341942 0.1840475
0.1031528 0.1255018 0.04353427 0.06744759 0.1129841
0.05225014 0.08856124 0.09569291 0.2060343 0.02960923
0.1937677 0.1566141 0.03545248 0.1063678 0.03010272
0.04801628 0.04040579 0.04725981 0.004985042 0.07536831
0.1322666 0.01294166 0.07193651 0.1240383 0.08563316
0.03692232 0.05685191 0.2153601 0.09285509 0.1003429
0.03669416 0.01049914 0.04316316 0.002813946 0.03485821
0.03635054 0.04049385 0.01834116 -0.001209819 0.07924819
0.02516248 0.0007998846 0.005536477 0.0622824 -0.01630617
0.09738855
