NA NA 0.1246181 0.08054418 0.267655
NA NA 0.1501498 NA 0.1503228
0.09756056 NA 0.3011636 NA 0.1944882
NA NA 0.1155521 0.05411963 0.2824446
0.08054418 0.1208004 0.2602264 0.2669427 0.153384
0.1402565 0.1783706 0.08367116 -0.01016243 NA
NA 0.126201 0.04411507 0.05108836 0.2031699
0.03708162 0.07563064 0.1402676 0.0115007 0.1253873
0.01773416 -0.01022573 0.01925663 0.1266097 0.07072127
0.07367496 0.2838324 0.06448435 0.1095949 0.01473629
0.101141 0.1032017 0.1337539 0.09404 0.07956666
0.1846878 0.1754965 0.08431122 -0.02399173 0.028915
0.00522806 0.02582236 0.03982676 0.01803721 0.01546303
0.07771646 0.1754604 0.04604096 0.1836941 0.03674657
0.08115453 0.03601783 -0.008430174 0.02170028 0.1103454
0.08515931 0.07051322 0.03650696 0.02663349 0.1788868
0.01194446 0.01217575 0.02767965 0.08480321 0.0928043
0.02746803 0.03539246 0.02400678 0.008287488 0.009021911
0.05117662 0.03251012 0.03544283 0.03675634 0.005825067
0.001073496
