0.1706968 NA NA NA NA
0.2987231 NA 0.1374595 0.04635569 NA
NA NA NA NA 0.2453998
0.1271813 0.2996547 0.1440908 NA 0.07497824
0.1171601 0.2805459 NA 0.08404846 0.08054418
0.2712847 NA 0.1731825 0.2547351 0.05067312
0.03615788 0.03921057 0.154471 0.07200585 0.02329114
0.1380823 0.1674142 0.2070075 0.07257668 0.1254087
0.1613186 0.1078886 0.1536357 0.1249042 0.1918181
0.03424029 0.07587691 0.1773171 0.2006359 0.1271991
0.2278143 0.08683784 0.03104417 0.0899591 0.09785808
0.0005771328 0.1403376 0.06304497 0.04898521 0.04885641
-0.02403004 -0.01393505 0.1797272 0.1594958 0.108899
0.08321273 0.05747779 0.03469014 0.05488381 0.04120017
0.09794443 0.07209788 0.0299953 -0.001650088 0.07713618
-0.0113264 0.0890674 0.01773568 0.01824706 0.06816811
0.03227558 0.01854431 0.0002710783 0.100167 0.02729176
0.01045613 0.03674584 0.04154921 0.04817398 0.02026733
0.02056875 0.005979407 0.02273707 0.02160237 0.01163994
0.05245248
