"quartet" "wQuartet" "cluster" "phylo" "mutual" "shared" "clusterNorm" "wNrqs"
"mb49" 0.721253565149713 0.734356002793802 0.215169866550541 0.463660427901181 0.16204424616148 0.0982246932898512 0.128053016902398 0.152086089727343
"mb50" 0.793955014453463 0.81431707803872 0.238149859713048 0.638881142184308 0.188711345165011 0.113420571529675 0.137794681995505 0.194052695193508
"mb51" 0.817073170731707 0.844632982349822 0.209924248056398 0.816923764755455 0.17444307701405 0.0849544407797932 0.0789544310186686 0.154346294985315
"mb52" 0.831325301204819 0.87993829230666 0.225386310271165 0.831183795519022 0.187219202035446 0.0924745598254991 0.097558781018261 0.174171395836101
"mb53" 0.829268292682927 0.886644591611479 0.261296172383974 0.829132857047877 0.221012982525753 0.109571153409349 0.138384087236295 0.235044590137643
"mb54" 0.75 0.809796974298408 0.232716363766617 0.572134764577549 0.189634462226276 0.0922656593728246 0.106555041271993 0.17678075845063
"mb55" 0.692656462574321 0.698304178443205 0.203003979070361 0.275978574823089 0.150173893096738 0.0956641486302232 0.11447448943823 0.128891277538455
"mb56" 0.70211459840356 0.7563024684603 0.241075508901693 0.309163505411817 0.175713944790982 0.108355773821843 0.18449251305261 0.173744499555212
"mb57" 0.750831979691543 0.800716937652029 0.223409123163542 0.614888677576632 0.171278468511439 0.103776902118905 0.121412200258858 0.135386457201687
"mb58" 0.877713197811198 0.891071081763449 0.231127673530143 0.808414119396367 0.192321033865253 0.125507974034511 0.130103507088703 0.170323375962806
"mb59" 0.789018335299773 0.790321319677899 0.210132955233093 0.604981947844262 0.159004166049754 0.0948223009639085 0.106408567618742 0.143796380998462
"mb60" 0.769442738996696 0.80043825324777 0.200463036187358 0.666599358810392 0.15928867680493 0.0955901823255929 0.0957208551587329 0.127414967638544
"mb61" 0.619350302502152 0.685681985155698 0.21803189806704 0.130609927788517 0.145140928738241 0.0729329479558562 0.17889430110309 0.138623273284565
"mb62" 0.779792069308258 0.813738656759505 0.224527155867754 0.539990709234043 0.173123744645758 0.111665700459539 0.13784169482278 0.167806241846202
"mb63" 0.81075438465048 0.802767255122786 0.205720410804879 0.604182903443269 0.158144445137416 0.100868395776544 0.117598036866972 0.12785314913174
"mb64" 0.707317073170732 0.829931015064057 0.242012783392282 0.707138114815319 0.184893738523131 0.0880449039985499 0.115035692540852 0.15768564630318
"mb65" 0.869047619047619 0.904350373516918 0.205555355834458 0.869061950058699 0.175190521167279 0.0836767009573112 0.0749280594558741 0.152122188636295
"mb66" 0.622343912894107 0.683856514505301 0.216147765818212 0.142486142000624 0.145868218695714 0.0781821250231562 0.175850756731032 0.140055132013774
"mb67" 0.800806854217167 0.814554707379135 0.213201330241641 0.672636552420822 0.169245871780317 0.103601804061592 0.109846079804318 0.138632624169547
"mb68" 0.741935323875882 0.796392496392496 0.235396030421076 0.535583864679832 0.185108405120412 0.124392890138365 0.150863540947686 0.176535136808077
"mb69" 0.726190476190476 0.762638962413976 0.210282087405514 0.726029593625978 0.172534643708997 0.0813088825243487 0.0804319882430857 0.159883875111025
"mb70" 0.761904761904762 0.820652173913043 0.217606202511621 0.758927379142884 0.179324477613562 0.0864446836609635 0.0889603777586208 0.160294198199576
"mb71" 0.719928714663772 0.767706234281519 0.242408315123555 0.344877656233191 0.178931577285671 0.112886335339376 0.181778314420924 0.17970830855911
"mb72" 0.622588720209598 0.687938348728953 0.218553282709766 0.133844663397988 0.147070117023256 0.080381641154175 0.178838945286708 0.141028552153935
"mb73" 0.723773497114727 0.775696983788125 0.222416468154483 0.5952060382511 0.17620518094829 0.109807856349065 0.120550264659574 0.165091408342353
"mb74" 0.639813080496728 0.638490132672489 0.183383226215948 0.0956169331917089 0.118826553474257 0.0717871605609603 0.131490592598099 0.0979859487278377
"mb75" 0.619878884419619 0.685817675454499 0.216939887074381 0.130602753969057 0.144087565866896 0.0752522260273975 0.177497647786393 0.138606566681143
"mb76" 0.595191441399329 0.615820759691154 0.173024118220527 0.154068268310793 0.111719061049933 0.0667404032480714 0.124411382200586 0.0846263187880967
"mb77" 0.831325301204819 0.854615494364389 0.209585095956138 0.831243222683565 0.175762288258096 0.085104073528463 0.0785178817959828 0.15713487168626
"mb78" 0.615100301195949 0.629070379955569 0.178015888874688 0.190189905919012 0.118595046904151 0.0792459492553805 0.125789256565888 0.0900281755543152
"mb79" 0.694585567991974 0.694376875915731 0.191810514163482 0.295420713616659 0.13301630924864 0.0890010366032839 0.126727321912178 0.127364259524668
"mb80" 0.657491201801912 0.697055029820058 0.190401775117743 0.320535321313752 0.132810357279497 0.0925917065123386 0.119893839133335 0.100439091324807
"mb81" 0.657989596116933 0.632663838318744 0.178299061265365 0.181845376912011 0.125119242833377 0.0703268896608757 0.0983490032900521 0.101877605546759
"mb82" 0.76446809237863 0.758150787200665 0.196773027398946 0.510544714081255 0.146207604342905 0.0999002359889404 0.118884017594182 0.119125001451181
"mb83" 0.631208255605577 0.62971493437856 0.178413696673569 0.0955886462965229 0.116676018444625 0.0706756002031677 0.128336696152988 0.0915494328051924
"mb84" 0.730608303534065 0.779438800547869 0.232639043428176 0.476026744366527 0.184408736297505 0.123198963836288 0.158353878610536 0.171361120253315
"mb85" 0.69047619047619 0.744154565591927 0.210083627009509 0.690448672492602 0.174788610196902 0.082425184381249 0.0802008958126661 0.144955627563953
"mb86" 0.620192913932759 0.632178017461143 0.180776491144294 0.205233195574108 0.121221242146101 0.0786393008314123 0.126258637388825 0.0931185563882657
"mb87" 0.592899758548228 0.61776499489105 0.172669519373208 0.1421384186696 0.110740408793953 0.0649115749388324 0.125547287014278 0.0844633964868948
"mb88" 0.6875 0.755495458012621 0.204341723256035 0.687314632712492 0.162609272798976 0.0745452713110935 0.0719550037206613 0.146545527053064
"mb89" 0.780487804878049 0.660638995596365 0.1478787894769 0.780430293274225 0.121122171966088 0.0567010525992533 0.00604000660606471 0.0762700616357219
"mb90" 0.7818153439281 0.806780752371282 0.213601734908347 0.618362186106581 0.167758380471522 0.100521724556904 0.109377504401844 0.160878213800845
"mb91" 0.66353710132394 0.681992868577241 0.208832421249157 0.190429462666446 0.137951955102478 0.0815277491855087 0.160619954939791 0.13183365383747
"mb92" 0.652874722928272 0.609016398856109 0.166597801728166 0.155845888155282 0.110398314909004 0.0597738930427031 0.0937993045513093 0.088451437745496
"mb93" 0.785958855113438 0.813187893081761 0.215483652366446 0.630749945660497 0.168200533353305 0.101719218121553 0.111477893319081 0.158994910725695
"mb94" 0.824656561748466 0.81078254807413 0.20747038471024 0.61761863684662 0.162749626746932 0.101794317794147 0.119662252578105 0.136886937436924
"mb95" 0.721588638239813 0.765428639623092 0.233099945766109 0.344903130024029 0.172699747181213 0.105694766291722 0.16639009860047 0.174915646541404
"mb96" 0.780408266041989 0.770735287768231 0.198492291954153 0.546002713175298 0.154059355094867 0.0928239263177893 0.109689434148918 0.129346368364717
"mb97" 0.59355419172342 0.617823608114461 0.173262108698493 0.145912173649688 0.113041111434489 0.0707632075576683 0.122877520091597 0.0858841090955466
"mb98" 0.612297329706954 0.663212980739456 0.205051632266516 0.106923082726245 0.134700360717374 0.0666897479390186 0.165416344171113 0.126551209593991
"mb99" 0.728395061728395 0.80711945189157 0.20708124213378 0.721445110088214 0.165380681113342 0.0779123214566972 0.0754042972252118 0.143805101559121
"mb100" 0.702380952380952 0.76728228805951 0.210095144857567 0.702189310390247 0.169436219214206 0.0808136419622698 0.0802143074935587 0.146621972265872
"mb101" 0.654814249466815 0.646724605772227 0.178367485556445 0.22528585461055 0.120439705136705 0.073582637484935 0.126006384183635 0.0995508546113611
"mb102" 0.773809523809524 0.768455436304246 0.164633283147317 0.773647433648756 0.134266351057707 0.0613551833694815 0.0272773370678545 0.095011010065235
"mb103" 0.650853875027885 0.682941419861713 0.183015675237709 0.241596967896847 0.127115151555597 0.0849751196330719 0.117476686654418 0.0913251927466074
"mb104" 0.605895124488037 0.649983880692 0.195769974351691 0.0952381319684256 0.126899255808875 0.0658629370598426 0.155724974589844 0.116728016827332
"mb105" 0.620584565432648 0.675591278820611 0.20778102974782 0.142489247516961 0.137666875192707 0.0753637516894635 0.163839447882528 0.134581244681242
"mb106" 0.636920128921243 0.686307737508132 0.217362405026242 0.142522768508606 0.141795293957037 0.0740242461540927 0.174984444348935 0.139002352213064
"mb107" 0.636313277785184 0.627525392253979 0.177143742537437 0.0956531978727702 0.114961503483239 0.0681504520066013 0.122331739688625 0.0941462128953843
"mb108" 0.655420144110192 0.634643614418529 0.178924719550724 0.312008944277544 0.129544816277121 0.0689147672208286 0.0990124653729078 0.110222312650747
"mb109" 0.662639302513568 0.640522558634981 0.186771284256951 0.29587450499172 0.129637061769167 0.0760598204688542 0.12155688699181 0.10931832591947
"mb110" 0.611338370237179 0.669947444450389 0.205186167268679 0.095202643359876 0.133875736809812 0.0609842685349818 0.165557586946745 0.126837530479955
"mb111" 0.706216014780443 0.691738993124389 0.192065725622502 0.317525543488441 0.13429473608311 0.0884323447318546 0.131457447944093 0.109126641838061
"mb112" 0.761904761904762 0.78705219130751 0.216144216122344 0.76202424037848 0.184267994169902 0.0876010305869856 0.0872580029032929 0.167058205415818
"mb113" 0.716258970461199 0.716430718609091 0.19259027757145 0.390755562086647 0.135259773716695 0.0986164233959499 0.127916984225305 0.10558067498117
"mb114" 0.735635591121665 0.73299782279889 0.191938884985371 0.420367130144574 0.137220359177088 0.0958724962227735 0.121550074742663 0.11152383963971
"mb115" 0.795180722891566 0.851000213568734 0.204020826954458 0.787351758711241 0.167827631142167 0.0800574769765815 0.0720309413806485 0.154028528906131
"mb116" 0.928571428571429 0.942457006022785 0.20941781550407 0.927684156459319 0.179837293262073 0.0896714858106709 0.0794256076338148 0.168462446242876
"mb117" 0.7 0.752219302606349 0.20394535617666 0.699950265151683 0.164975091410102 0.0761308422661587 0.0705749708555657 0.14127475901867
"mb118" 0.741461569667714 0.768831924018123 0.207562832654824 0.56612533877816 0.159165279982217 0.0918163191044672 0.102221207806152 0.156069865576824
"mb119" 0.843373493975904 0.859727851766068 0.205881134057307 0.84324634063656 0.173545881890972 0.0846070936721662 0.0741997260542079 0.155387817826559
"mb120" 0.728966347501528 0.720810185339567 0.190907282079919 0.432367024161952 0.138609437586245 0.0964538216002075 0.120351854411218 0.107180875703134
"mb121" 0.663728855504091 0.629550264550265 0.175090958914267 0.206091427166946 0.123288888818817 0.0600119141095731 0.0949348198312462 0.0980159637332764
"tnt1" 0.583867007018859 0.620607194369188 0.178810888350825 0.0833858603059969 0.115602574960225 0.0622985962332939 0.137104347522879 0.0994614248956875
"tnt2" 0.618040833592971 0.642296195295907 0.167907011766169 0.201397636333932 0.111630800433519 0.0703937875783866 0.109414273306692 0.0731401825175085
"tnt3" 0.67425084011222 0.640638066938311 0.178617404464328 0.355879990812691 0.129877172123491 0.0627910477301602 0.0988494756538996 0.109128465726994
"tnt4" 0.587112729144681 0.628846263441921 0.183576425476316 0.0950011232326547 0.120498285904425 0.0618334116612017 0.142478481743154 0.104527909318413
"ufb1" 0.635309340120768 0.621064247755751 0.17555178457749 0.251394207762422 0.123314961967963 0.0740676723064029 0.11390377676433 0.0954074894003094
"ufb2" 0.72289156626506 0.719400594829558 0.16052662530176 0.722799170954815 0.121424162322168 0.055168396312311 0.0218305675566911 0.0617540656932206
"ufb3" 0.743430004304037 0.698463808948816 0.159436732123754 0.616828238792734 0.119243547698933 0.0704774071816717 0.0490601184824243 0.0707394696450601
"ufb4" 0.703513768182516 0.581153588195842 0.132832220502163 0.61480650305683 0.101113591787394 0.0603539468802933 0.0189455628088994 0.0486700691464008
"ufb5" 0.619656564606964 0.683399751179102 0.213772469991241 0.130602753969057 0.143690527604504 0.0711247028783517 0.174170689921574 0.136627862541052
"ufb6" 0.628333774611309 0.624935463733149 0.176694777255044 0.176833576393398 0.114593335007124 0.064874921776576 0.129816569633837 0.0897743684227705
"ufb7" 0.626538206575399 0.62567970270617 0.175935823843344 0.169361166029165 0.114502602744325 0.0647352155987242 0.127487585994112 0.0889034755965786
"ufb8" 0.710843373493976 0.676167643402593 0.162866981453791 0.710677198672736 0.126027257221463 0.0571651027691462 0.0245575925201335 0.0823232033980333
"ufb9" 0.748164222851079 0.725191564815401 0.163829011863781 0.662392338658309 0.127194283946229 0.0782299374683408 0.0540291602371589 0.0793044445293212
"ufb10" 0.689793001440613 0.693200373695114 0.186302251197851 0.332547669260269 0.127835194943235 0.0866822850412575 0.12558754186693 0.0963047536722126
"ufb11" 0.716975367018519 0.725765916706558 0.192823624784899 0.433135367511493 0.138555082866866 0.0814853865345654 0.103159035199794 0.100981652992013
"ufb12" 0.615497228811473 0.600164661616531 0.165178864945984 0.22645763160513 0.112366563934845 0.0668659435565565 0.102880028847401 0.0838029816099495
"ufb13" 0.607711966996101 0.621776101714933 0.172869356300612 0.178207839009656 0.113544940083954 0.0666158729142709 0.122460831851172 0.083966331948061
"ufb14" 0.589852538533981 0.616239808049334 0.171187155231584 0.133683814787817 0.11020418115479 0.0624636063318822 0.122484310184609 0.0840612754557615
"ufb15" 0.845238095238095 0.787199252511096 0.148999256175491 0.84516427922095 0.121940880522033 0.0580967522551161 0.00907267073199336 0.0707880135739058
"ufb16" 0.691917054703597 0.702526539667406 0.190930795295685 0.389855878268133 0.135757776634737 0.0892084340625525 0.112494363785066 0.105553831663442
"ufb17" 0.592876743337264 0.610206350168758 0.171505938082167 0.144356668294365 0.110729006857355 0.0654419451851731 0.121024092322293 0.0833733376299822
"ufb18" 0.641772248098938 0.680945469422743 0.182677592751034 0.272891242317593 0.125620642488926 0.0882030070061368 0.11720137199347 0.0897912683774853
"ufb19" 0.606090853765093 0.636071556836823 0.165535314295099 0.202133753694949 0.111934323667537 0.069663926770125 0.106931980370427 0.0722119858079525
"ufb20" 0.616275777343135 0.644327168096201 0.167608151221193 0.18046637464742 0.11186469543034 0.0683962718907788 0.112181352705649 0.0746965593908638
"ufb21" 0.631348606297649 0.601725014715481 0.161874897592853 0.213319216928561 0.10375018456154 0.0613933642077594 0.0991952547930728 0.0784276753312619
"ufb22" 0.641241373891933 0.597581624014443 0.162315006676634 0.237223173186225 0.10457112674507 0.0620996958405754 0.0950364362687393 0.0808116841206955
"ufb23" 0.702380952380952 0.738304190036292 0.201477591700844 0.702130588076563 0.164288234733481 0.0789179458501974 0.0701798051780383 0.13304773108737
"ufb24" 0.736834771913185 0.766757433830737 0.215609770707161 0.595138210460501 0.170278156372119 0.104188637211451 0.11285186567936 0.154425245052261
"ufb25" 0.631327279178024 0.595604461742166 0.159735967181665 0.225245852717138 0.103986169918111 0.0573514817561742 0.0922502615240877 0.0799258330059361
"ufb26" 0.62721529633807 0.595483933851002 0.161444685090586 0.237156924770445 0.110422426035856 0.0587882094823966 0.0881960581351291 0.0849991221493633
"ufb27" 0.589949921815285 0.642296627894951 0.190180571133784 0.0949242944456424 0.125325068638843 0.0623305790601328 0.149665207206256 0.112805632500787
"ufb28" 0.651006534369103 0.648196262616169 0.191103701621802 0.45835755115646 0.140366786837018 0.080305264395927 0.0844720573318131 0.119241477307843
"ufb29" 0.70052462125347 0.73065699548187 0.214130848603419 0.356854468389284 0.156657953523098 0.0947001592844483 0.138053978993844 0.161071625903592
"ufb30" 0.637407869167891 0.693876592454494 0.220670199549435 0.154399446651082 0.147222873009817 0.0775226029234234 0.173128585787777 0.148875043806237
"ufb31" 0.714285714285714 0.680853089593449 0.160656737527299 0.710617771508193 0.126672080129182 0.0578485058191783 0.0226469442514539 0.0738009048712952
"ufb32" 0.771260838737698 0.744852282900627 0.165133944127882 0.654472559645038 0.126536883018401 0.0766029587829358 0.055763526602942 0.0829546699627597
"ufb33" 0.615424428475136 0.58454144920581 0.152674123119912 0.201381368747046 0.0993342191287887 0.0535013369591365 0.0931430650015725 0.0670717811447662
"ufb34" 0.759341381811036 0.734667736922105 0.167289655723999 0.590039197394665 0.125706606733183 0.0863983526954161 0.0750729736602614 0.0786627994580596
"ufb35" 0.691110143556653 0.691967266572462 0.175884770821496 0.433864615919905 0.128763515778773 0.0759661377397757 0.0845078523112482 0.0915976280459602
"ufb36" 0.602409638554217 0.580026455026455 0.160156001839729 0.602293924840896 0.120270394140394 0.0521411659240868 0.0212664135956103 0.0419736994293344
"ufb37" 0.685340565303458 0.688293654593859 0.179903862414102 0.366698754780852 0.127482693103663 0.0789702292795591 0.100225039963204 0.08807207031362
"ufb38" 0.639248963078112 0.614848883868673 0.175755409219069 0.296775025880504 0.1207113213176 0.077458667975122 0.103867613785311 0.103176928545456
"ufb39" 0.631335548780778 0.62015294568512 0.176582148045469 0.308131065371339 0.125569665577309 0.0644307679024266 0.0966165668985869 0.110014989333463
"ufb40" 0.614089520754375 0.575650004180091 0.161267204667909 0.279267836551875 0.111468373845686 0.06482049433268 0.0880356537642614 0.0896436620281427
"ufb41" 0.597391540394904 0.638071180775786 0.196347088349144 0.0832521843108132 0.123262840533928 0.0698917434016297 0.155892424372481 0.115351241847778
"ufb42" 0.601437350947157 0.655711033295442 0.205726314429167 0.0832574391239404 0.130116752499264 0.0727626179730175 0.165988965668894 0.124976002553312
"ufb43" 0.642857142857143 0.532819722650231 0.140366605493028 0.642650661393771 0.107522097037224 0.0461276271021559 -0.0009794115339192 0.0360816617740809
"ufb44" 0.642115286833487 0.67628147110443 0.179351642886645 0.217276237461755 0.12232399218965 0.0811514965579926 0.118044272837865 0.0866527191281954
"ufb45" 0.624124609651807 0.609108652605612 0.167848528707766 0.200868704380705 0.108565982065313 0.0604831951209865 0.114968729026182 0.0847445086445117
"ufb46" 0.639824703431428 0.620354214347915 0.175516608884076 0.212621677812469 0.111380233076911 0.0695358639279255 0.117589824582553 0.0951944199125138
"ufb47" 0.619102355363543 0.652683946190471 0.171134620089569 0.194378379915475 0.115807300027157 0.0733980660174597 0.109213388996709 0.0775672290849189
"ufb48" 0.650602409638554 0.571754438163245 0.148036745326234 0.650483327414135 0.113122046387739 0.0495961527317331 0.0071429294509467 0.0403638017244629
"ufb49" 0.610057473628185 0.619846213048157 0.173595765499252 0.18090288480203 0.114471264846171 0.0663763031459584 0.121125114714364 0.084805949147974
"ufb50" 0.662650602409639 0.737889345982705 0.197234292570077 0.662545872531672 0.14943608527024 0.0697311536412506 0.0648807166636109 0.101749193189797
"ufb51" 0.661847222716434 0.630056604140596 0.18472573507867 0.295636165398457 0.128087945888812 0.0747129786948472 0.113535242744463 0.111329560420902
"ufb52" 0.622024819863553 0.588711778142909 0.158085044838172 0.213268532248051 0.1051306009753 0.0587835977273058 0.0904667455493252 0.0773026412962506
"ufb53" 0.617643166404599 0.675869329823205 0.207442723676715 0.121800711093263 0.139717192895668 0.0558122283744444 0.167171557896537 0.133127230000564
"ufb54" 0.632051380424664 0.629550081010344 0.179118920974277 0.16929381787754 0.115955143966544 0.0694893852316502 0.129063074165429 0.0931683698162982
"ufb55" 0.687846284344949 0.591545429590996 0.139358373859798 0.555445444300936 0.102402043794577 0.0603623704283956 0.0258677297804173 0.0492421195101944
"ufb56" 0.588447180055409 0.55386104937869 0.150339847705232 0.249816203806828 0.101402183256096 0.0611430400668475 0.0821184337045074 0.0745165528497381
"ufb57" 0.74390243902439 0.592526876108966 0.145605856907818 0.743789509284494 0.117845885541841 0.0553868430833094 0.00388951053210077 0.0525116113793676
"ufb58" 0.72387507893724 0.775307191159492 0.237186395919636 0.392522381562334 0.180218254093505 0.119004865296983 0.170832014193967 0.175743785323258
"ufb59" 0.675761424963906 0.668060611191061 0.182499666278004 0.296435188899301 0.124405356014325 0.0770045403552266 0.128064613720797 0.0914237137499607
"ufb60" 0.677623717929796 0.698430600883087 0.198619892375338 0.511753746317055 0.151080713489573 0.0890965146951027 0.0936362529632251 0.133904211528504
"ufb61" 0.705505618868893 0.729217030933939 0.209469561650248 0.452193535348878 0.156239729723239 0.100757825047583 0.122070713858501 0.155527224736439
"ufb62" 0.617604125438558 0.677883413094172 0.210058484497704 0.121800711093263 0.139907867735592 0.0596489437901242 0.169920229916262 0.13480006462985
"ufb63" 0.752457558445934 0.791373022797951 0.218626209783052 0.618707291673305 0.172399955913375 0.106927508542999 0.11626346898411 0.159733292988808
"ufb64" 0.752341997461377 0.633524819561055 0.146496205270537 0.670643387944404 0.114208464851697 0.0711296813825142 0.0339919356914231 0.0507016130562771
"ufb65" 0.616353153682482 0.616878831220171 0.173600203217786 0.152828853186995 0.112003131335798 0.0580225772368857 0.126524365981831 0.0868366204973451
"ufb66" 0.633694000439234 0.626826422746045 0.178818749090552 0.166894430309518 0.115386770742466 0.0654583304082104 0.130540003681496 0.092536461026235
"ufb67" 0.592526580432169 0.629430332696684 0.189023366037604 0.0832463580395029 0.117943703818169 0.0668899554814669 0.147836102946979 0.10816114065635
"ufb68" 0.636556693012966 0.630424798461173 0.176755655988516 0.203022922315272 0.115900482413282 0.0720735579947322 0.121951978029252 0.095766451397909
"ufb69" 0.698482622748588 0.701777124199297 0.185445225510357 0.559167899313991 0.141620042052274 0.0839831421192486 0.0787356579620607 0.12167479469194
"ufb70" 0.70688302715169 0.747860128365262 0.217933832180886 0.368847333244655 0.166301463785778 0.103804964984327 0.149904739940505 0.155205847344741
"ufb71" 0.591725831024728 0.614869582422681 0.173371818662239 0.135991742803957 0.112717158991095 0.0694748611973658 0.120886948884043 0.0866220266061466
"ufb72" 0.595263072259495 0.640748620019008 0.193271113538765 0.0963660292803286 0.124688922243453 0.0575154481166788 0.153101688080951 0.113682638760813
"ufb73" 0.639410224192939 0.59459122468533 0.161935324952431 0.275843659835504 0.107168062621564 0.0610102666168435 0.0888093674658816 0.0826948117291128
"ufb74" 0.759807678929232 0.728783562116895 0.190056671895314 0.522080177413525 0.144772212143209 0.0792530618042063 0.100319191551749 0.123313863244666
"ufb75" 0.707542861885346 0.684064678600251 0.176219876846676 0.427045965900239 0.125357814411241 0.0791647143788316 0.0963378257229678 0.0964797218168987
"ufb76" 0.694782672588759 0.681721549096856 0.182378696756196 0.383251756880978 0.130185937987221 0.0759140500943391 0.0916260365060058 0.113553806415332
"ufb77" 0.668121995011526 0.655096222380613 0.176776270819163 0.282981718579818 0.122981040306019 0.0771831726726077 0.10454170307801 0.11637475714815
"ufb78" 0.70009576389878 0.746620569612673 0.227153552038096 0.309187340497595 0.166763675528849 0.101298109596729 0.165302713890898 0.165262469456687
"ufb79" 0.662650602409639 0.524543896784598 0.141118617763344 0.662545872531672 0.110427826934047 0.0474031265943614 -0.000919286645927068 0.041986350337498
"ufb80" 0.683790740329951 0.559987165089042 0.151402691039503 0.475533246136473 0.108504460201127 0.0563712481148547 0.0395375155207858 0.0673306254578036
"ufb81" 0.636992634750056 0.643153723049006 0.178614168084001 0.249124101123194 0.123043894421763 0.0769847181232911 0.120965773165898 0.095842169424313
"ufb82" 0.658803958477893 0.585930259059485 0.161858669021619 0.370039121058478 0.112448074283648 0.0628715960321454 0.069040544238371 0.0796861195790871
"ufb83" 0.698937937813083 0.631699806899431 0.182277901410119 0.457636018861091 0.133572929731518 0.0666913455187511 0.0749006228739352 0.107347937427817
"ufb84" 0.677884934441709 0.720808498896247 0.219479850598823 0.219193700495427 0.157519832504175 0.0802804197854984 0.164685060847763 0.150610989093615
"ufb85" 0.614880662405618 0.651060876839424 0.188263162448001 0.177877150064012 0.124633022813049 0.0710011067304033 0.138781629776475 0.11277921447887
"ufb86" 0.6153942586051 0.674624400549985 0.207350208465743 0.121792810885424 0.138242118315941 0.0578995892597672 0.167430712240968 0.131670803749513
"ufb87" 0.637262303463818 0.686439613856893 0.21661478032616 0.121607067933396 0.141894063394336 0.0712086096236175 0.175038768509147 0.137193022103104
"ufb88" 0.627317765225896 0.62081738544794 0.175331987707635 0.250506599493345 0.120488535222208 0.0756640516721409 0.109266985082469 0.0972779474304775
"ufb89" 0.660960400123664 0.67538562802278 0.193309788310773 0.470437672033374 0.135740143283402 0.0728511663561457 0.0873596390316473 0.0917430673063929
"ufb90" 0.706178890740403 0.716828900863318 0.19538002249995 0.441797466958309 0.141957043880619 0.0859834748541464 0.106259233186819 0.10335991976569
"ufb91" 0.591320604007209 0.602104905387831 0.178001464951814 0.141647443946687 0.111577799225067 0.0611759945966768 0.136244887874035 0.0964256894980924
"ufb92" 0.607438899714351 0.62083796939195 0.174556058484882 0.141100908015598 0.114551627349524 0.0592602931945666 0.129883040969432 0.0873500525164301
"ufb93" 0.617764117328258 0.623117696289638 0.175315494307627 0.154942125865103 0.114905632659294 0.0660533549615451 0.129623864243612 0.087432644923642
"ufb94" 0.614678232215564 0.620001423202952 0.172498060874815 0.164861435146827 0.113374662752679 0.066679100401869 0.125380896258846 0.084833489089909
"ufb95" 0.666361134167436 0.641870925086746 0.182555184708255 0.247848985003154 0.121891293290858 0.0756244622934828 0.116967210224991 0.10871491695392
"ufb96" 0.6577172752541 0.635325896393647 0.18683559828485 0.295636165398457 0.130402373963855 0.0726551843913468 0.115829341129978 0.113085309166971
"ufb97" 0.822601673624992 0.815975145901687 0.196882614217576 0.672705548654984 0.154278324799256 0.0865972472438107 0.0911547633498508 0.123563575213421
"ufb98" 0.584928142620228 0.606726857823197 0.170208495154001 0.142180405075399 0.108082441412922 0.0654313032211322 0.12422144213474 0.0802614444712213
"ufb99" 0.66329101489472 0.617436781786174 0.166241597272886 0.274407360943374 0.111784150021028 0.0713878084347768 0.0993100419437354 0.0884062602729335
"ufb100" 0.716114980009935 0.757873250388802 0.221030167537524 0.380705482573294 0.167227082115322 0.098184726938177 0.145621193577004 0.162990260137621
"ufb101" 0.652613641155517 0.625802455670167 0.175467950190629 0.251104957733524 0.115303037815316 0.0702448494896255 0.113855818537074 0.098839414915063
"ufb102" 0.675348014299898 0.660549304903886 0.1754305486403 0.343379933556219 0.125161018307826 0.0790848463002777 0.0950475344851844 0.110221080238758
"ufb103" 0.686789515801394 0.678635547576302 0.18355335000537 0.315345339604022 0.129855647693129 0.0853543858455119 0.112015291648245 0.121625727845644
"ufb104" 0.602574012427438 0.659429462493395 0.200286058350862 0.109460561746911 0.132347462417407 0.0584588194808217 0.160411724062856 0.12171137779735
"ufb105" 0.588842482511901 0.637587040166457 0.19290316748862 0.0842331497300641 0.120548568567728 0.0681709909583694 0.152274532031762 0.112857350707735
"ufb106" 0.595716728315877 0.645059517793821 0.1958801543263 0.0832521843108132 0.12343787848092 0.0656999481463182 0.155401985601854 0.115764190165405
"ufb107" 0.738095238095238 0.7309766327142 0.182921179673585 0.737889010862659 0.147140843330734 0.0697383723788894 0.0485722379174856 0.116130535154017
"ufb108" 0.795180722891566 0.759453591460105 0.169133022554462 0.795055587330953 0.137135773294669 0.0648031491990866 0.0318631126472154 0.0973037534139787
"ufb109" 0.636016193032513 0.621853449633152 0.175532920682207 0.286414250633655 0.118660225503797 0.0721774263197372 0.103625720558867 0.105258276741413
"ufb110" 0.627354127908324 0.62379903734231 0.176430360222179 0.237615060563804 0.117251129226335 0.072211893658077 0.118578873512702 0.0962115164420238
"ufb111" 0.637259449849678 0.669557988025657 0.199210740095221 0.182729475266697 0.131672389785436 0.0713466649346853 0.148357966265512 0.127713929823295
"ufb112" 0.590713551587599 0.637530817033148 0.187254829733608 0.106940590749517 0.122873856778181 0.0555154703998526 0.146785629924334 0.10852824825639
"ufb113" 0.637488653860425 0.670719700064063 0.20603298749285 0.154357731239255 0.13512759036548 0.0665525379897279 0.162000190914275 0.129403444373645
"ufb114" 0.739206610426546 0.719986940406 0.185901340494515 0.450867188419366 0.135946063216022 0.0870013753853646 0.106958101988802 0.111296898513218
"ufb115" 0.634092571410402 0.593796462106745 0.162691050862428 0.237156924770445 0.109061854770314 0.0583372620405109 0.0895512951762224 0.0840535366493756
"ufb116" 0.616383175588031 0.619878937725878 0.172198584730406 0.169361166029165 0.114110055730097 0.0702876352817829 0.123549476796701 0.0840898992490851
"ufb117" 0.675879072883624 0.720094505560846 0.217693273929738 0.216683029817598 0.155690024070405 0.0798627095716604 0.162786850321608 0.148320288384756
"ufb118" 0.702380952380952 0.548755490483163 0.133610382085375 0.694971904309806 0.104536715013888 0.0464184319862879 -0.00884653323253958 0.0438577339653373
"ufb119" 0.569158660717826 0.615019838548736 0.177178179832745 0.10657401842278 0.118237572698836 0.0620589729125185 0.134900811658778 0.0965265571286435
"ufb120" 0.771084337349398 0.82790594169572 0.201689700818318 0.762327066424572 0.163566812651236 0.0786049925549008 0.0701971587070753 0.149669134157451
"ufb121" 0.773809523809524 0.761571413645387 0.160572316928285 0.773647433648756 0.128136105185773 0.0580211966543252 0.0225486427172629 0.0825748822368738
"ufb122" 0.635296263450979 0.589486417925269 0.159807449783069 0.284339767685259 0.111139553116021 0.0543533406434718 0.0781662171653909 0.0794961175073556
"ufb123" 0.66566646927355 0.62862705396776 0.160376157548914 0.366562054989719 0.112795596534158 0.0562038511163211 0.0669463227857517 0.0871384686648302
"ufb124" 0.643715209456955 0.622700200610418 0.176660820071541 0.214763088640665 0.113144016948647 0.0671980427240087 0.115087983061752 0.0990390876567585
"ufb125" 0.726082488830205 0.779947615188701 0.233202022252401 0.404473701814498 0.17736936624007 0.110892563158603 0.158971357177533 0.176529903920604
"ufb126" 0.745437741585836 0.715051910130586 0.175967752742623 0.42599012338677 0.129281133821724 0.0684936325512254 0.0956800993544021 0.0959273576160281
"ufb127" 0.646594371706348 0.671366875519119 0.201716941601891 0.158411158393843 0.132989926346511 0.0778391073847262 0.154799992109687 0.122900597692129
"ufb128" 0.634216020038671 0.65050732436718 0.192115815269223 0.142379516285099 0.124529814295209 0.0682867867455745 0.146114352403094 0.11126996154707
"ufb129" 0.705173769510123 0.629663029428563 0.166950365747684 0.53589103275759 0.123320771618269 0.0658273967069535 0.0571347411075437 0.0870214394714737
"ufb130" 0.797619047619048 0.839497090884772 0.211271773528949 0.797427659859136 0.17476373479915 0.0841493982289333 0.0815844044239469 0.160041410203789
"ufb131" 0.693085177836417 0.673497958929079 0.172983795014292 0.367682555599236 0.120596659665352 0.0781935129968011 0.1009438395719 0.0927202868102468
"ufb132" 0.698440255332743 0.698741929800926 0.182789572113748 0.348114549318641 0.126515063343122 0.0844292078198193 0.117392071114934 0.0984859821921391
"ufb133" 0.69047619047619 0.718941689453847 0.187616190182338 0.69021111381453 0.146173794683613 0.0679757041514489 0.0540392298773459 0.112025423586192
"ufb134" 0.75 0.791933815925543 0.205588478139064 0.743760885899002 0.169197194466196 0.078424800939565 0.0749666279260908 0.14618042260219
"ufb135" 0.666666666666667 0.693562807331247 0.184337398613307 0.666432222315817 0.144563314631222 0.065889306987992 0.0502213199679782 0.113637358374327
"ufb136" 0.61483105616951 0.618796670453064 0.173800377259211 0.143148020305061 0.113107343322747 0.0576802957198731 0.128006799501916 0.0871211006378301
"ufb137" 0.638200915792549 0.654758678830578 0.173839213993837 0.2624585398151 0.120567189475524 0.0774698155487519 0.107654945061511 0.0814596590470381
"ufb138" 0.714285714285714 0.552813852813853 0.134353257043635 0.71399134002491 0.104829821463672 0.0464449465783169 -0.00798151037126665 0.0428263175219958
"ufb139" 0.656923632799248 0.702231884057971 0.193078075501166 0.493766671896637 0.138987668824232 0.0767327040349081 0.0866651513238732 0.085243694966604
"ufb140" 0.725057025106726 0.690055410640695 0.17184605084189 0.488040253109787 0.127674632553692 0.0738023541834518 0.0802876522788964 0.0905980490856603
"ufb141" 0.662650602409639 0.496533613445378 0.138583141480287 0.662427018202587 0.105796021412836 0.048145577710401 -0.00373837335605065 0.0330889447061182
"ufb142" 0.636429235494044 0.618773143184502 0.17093282247202 0.224391258017797 0.112544444551015 0.0689252905370866 0.112725232114391 0.0938051364413473
"ufb143" 0.625603171508622 0.593114745640285 0.159286404629277 0.263732025519639 0.107736762482159 0.05675411310497 0.0859293136267791 0.0803772041354521
"ufb144" 0.646240560815556 0.724329545635479 0.225992837816721 0.204607865317562 0.160240518270331 0.0916418364754529 0.171656859358107 0.160753672845025
"ufb145" 0.759036144578313 0.711606441476826 0.160953210027367 0.758867951978342 0.126939106801883 0.0588939636325639 0.0223276317299132 0.0812313872240469
"ufb146" 0.779427300349335 0.761790860798873 0.195499197489422 0.522080177413525 0.147361312270917 0.0856197619633297 0.106364720487663 0.128044573466137
"ufb147" 0.678571428571429 0.656296763014885 0.167413285601297 0.678291639552498 0.129539638081536 0.059731164284552 0.0305144439999837 0.0837297512945301
"ufb148" 0.629346533364178 0.611737950775769 0.168043452804634 0.287762894022609 0.118430812288608 0.0605002874276736 0.0872025098804901 0.0923549688265569
"ufb149" 0.582336525228834 0.620890348770122 0.182667737802594 0.094995487261418 0.114415903927271 0.0641221198729137 0.141156844995633 0.102419612916157
"ufb150" 0.589836208483651 0.649536451150378 0.196216973821292 0.0952333809618273 0.12667524556317 0.0629933713995626 0.156149304864059 0.119695075604719
"ufb151" 0.688360203456326 0.687117020643703 0.18434868374381 0.451968236735241 0.136898543175667 0.0793855864431001 0.0940060485349532 0.0900265836709087
"ufb152" 0.663684280394218 0.643025009302599 0.1667271720355 0.403285667662655 0.122341396282862 0.0784765198874194 0.0858383023479848 0.0721499322794495
"ufb153" 0.597264925855109 0.651676224631454 0.193967912472414 0.0949484591162403 0.128882100153601 0.0560111985621582 0.153788003130541 0.118832686333422
"ufb154" 0.568025108959699 0.592698573926402 0.1635777261706 0.0947583341634304 0.105735551545612 0.0526872282775053 0.119990733873162 0.0831161489494444
"ufb155" 0.71691022651282 0.703538462589589 0.181685480745016 0.39148763413996 0.129059650856565 0.0809774184776386 0.110403514140734 0.101649152887269
"ufb156" 0.677244836642915 0.680215451784358 0.196601748587513 0.487476104229221 0.147171193042941 0.0852096301948871 0.0913537251737429 0.117323793504222
"ufb157" 0.568592465785515 0.597563433023795 0.166399837920869 0.0948015669462416 0.10889826166068 0.0539790858159552 0.12357702665928 0.0854746511215314
"ufb158" 0.640918596583033 0.62394749076633 0.177040820832717 0.200645273929879 0.112375377399016 0.0678534676393319 0.119221125039865 0.0956762215917115
"ufb159" 0.6977016126223 0.722642942920864 0.200870182315902 0.547313971114013 0.15551533570667 0.0928398490709588 0.0961813388756946 0.137415881907389
"ufb160" 0.695121951219512 0.517455071266267 0.138839335736838 0.695073438398378 0.108138157122443 0.0494422791896282 -0.00399935758586846 0.0357377639511967
"ufb161" 0.588325721193446 0.625572658768128 0.179063482009865 0.0948980199752105 0.116546061299691 0.0546128971334534 0.137738361229833 0.101999461813623
"ufb162" 0.657308680251525 0.695503398860922 0.201097055991562 0.499756837880284 0.153116535872753 0.0881967491535968 0.0957827719250735 0.1286770832569
"ufb163" 0.599006379526126 0.63987079774611 0.190513409917066 0.106942436071503 0.124592684884613 0.0578407049340233 0.150206670211645 0.111497482877359
"ufb164" 0.609344063468819 0.61458937001603 0.170513842230855 0.143055360950187 0.110835230725975 0.0579502145456246 0.123262190542819 0.0843525862198989
"ufb165" 0.611940337708259 0.616236115957885 0.175115715205491 0.214793426357906 0.116675233622295 0.0777244367396581 0.117171881516431 0.0914251929155389
"ufb166" 0.695121951219512 0.519651560717619 0.131481412267414 0.694851613426083 0.101918151375967 0.0454406687910307 -0.0130867757595727 0.0381907556205159
"ufb167" 0.58229639273311 0.569915809526245 0.156944210191912 0.166191661869802 0.0991752241176328 0.0617074841332752 0.0977301580043147 0.0772189771513424
"ufb168" 0.581400785360474 0.569978890682134 0.154404617931533 0.154257641604935 0.0963603295485078 0.0542403135718916 0.0980929128425641 0.0726577791262995
"ufb169" 0.586556038141476 0.609868602147056 0.169707950464299 0.132652012867911 0.109435146989189 0.0614780465176937 0.119137427128347 0.0824043390958937
"ufb170" 0.626022737221082 0.664154435256024 0.200837414072475 0.154321188033694 0.13353833801826 0.0709867641321791 0.155275957556038 0.131627453369362
"ufb171" 0.636911898101743 0.65273768817443 0.171816615264579 0.217276237461755 0.118668977621025 0.0750356425193925 0.1099463333148 0.0778483853198653
"ufb172" 0.612362296077147 0.652690792990647 0.172769124509317 0.21748625430304 0.118942939789854 0.0758713257726101 0.106499130024017 0.0809800342080584
"ufb173" 0.610886396092127 0.638205785542474 0.16788810075357 0.210174294965143 0.113741248031062 0.0733296221426799 0.105751191576987 0.0743507365581106
"ufb174" 0.58261732510057 0.620558629993276 0.177162515247929 0.119080691206855 0.115554038966092 0.0638066846342488 0.132652280370751 0.0915217511739661
"ufb175" 0.71155312502943 0.756762342865622 0.225822963327984 0.368757614943673 0.171478488616255 0.106906791244414 0.158480117920143 0.162707829366743
"ufb176" 0.619189908071461 0.606882874384836 0.173857067661063 0.236320946860724 0.117265173582325 0.0698379677893077 0.11215251639056 0.0946531911130975
"ufb177" 0.765266110879222 0.740283368909646 0.196158752774957 0.516178063945626 0.150767558384682 0.0892776162129988 0.106947330228936 0.126558167805815
"ufb178" 0.613059866010533 0.616778110717887 0.171862394547905 0.155312307303809 0.112093890958989 0.0580894847774781 0.121355452097754 0.0855797639547027
"ufb179" 0.615097820095283 0.617989086061434 0.173378187742938 0.195199275771298 0.113829503680377 0.066582680633288 0.120869284881244 0.0848830690379759
"ufb180" 0.688999891085607 0.72086524822695 0.179985657014258 0.476039185131601 0.133704038049512 0.086507057284336 0.0893271506836602 0.0966724355172829
"ufb181" 0.635725236117334 0.622455343101634 0.175097445605233 0.203022922315272 0.111974381505129 0.0683707169075101 0.120149135069313 0.0939086623809874
"ufb182" 0.598358050549487 0.607568103398974 0.171797056225073 0.129494610336347 0.11117534196972 0.0515564313729677 0.128630457667101 0.0897205590117919
"ufb183" 0.709850054916123 0.684378495981552 0.174734188444486 0.379450289135818 0.122885655710231 0.0724111554273738 0.102846706755279 0.0959424868248315
"ufb184" 0.55957374017793 0.579700807597826 0.159270121297144 0.107027891972131 0.100045883197483 0.0513406350730549 0.116065977622345 0.0771564600291451
"ufb185" 0.651654441952655 0.629528526303475 0.177413974409931 0.226877045004951 0.116276701051812 0.0729267364943063 0.11594725699519 0.101120245766421
"ufb186" 0.637749231370516 0.608057464084947 0.169105517124577 0.275639868895142 0.115745637169766 0.0590667743850553 0.0883677746396383 0.0923510665329348
"ufb187" 0.63453828794202 0.616514660170243 0.17153558366957 0.200645273929879 0.11085230589486 0.0648219860269915 0.113329099386963 0.0926266626147135
"ufb188" 0.698047078402066 0.687018314943084 0.18202685716927 0.360104971909889 0.126627169960192 0.0825600654173746 0.116507436798107 0.0953720432963103
"ufb189" 0.599588030711415 0.647659965662426 0.196612295257485 0.11864674017458 0.128163457904057 0.060636993610797 0.156609237153368 0.11858688031483
"ufb190" 0.600688120126055 0.630414177064496 0.189045623062378 0.130006359945214 0.121840952342008 0.0578690576739752 0.148618575167471 0.110093985546399
"ufb191" 0.597430968498247 0.589679057136709 0.162296528718299 0.222857515509779 0.111051412001552 0.0656432162397015 0.10647387859813 0.077414805979928
"ufb192" 0.655518109462525 0.639275072738108 0.160754233984113 0.346325007943201 0.116811063476975 0.0719301605626415 0.0874648304201026 0.0667400120850359
"ufb193" 0.630322029299916 0.5993996610331 0.155175378655785 0.2977860131978 0.106450908936969 0.0674205353369551 0.0816072850844594 0.0726508801370741
"ufb194" 0.595758740244932 0.614525232422093 0.183107107313017 0.129931933525297 0.116740647532767 0.0570588534727485 0.142234272320453 0.103473503611637
"ufb195" 0.72436595450916 0.706225041108762 0.185714055061781 0.444187199195129 0.138412963996183 0.0896027887626691 0.106648464447562 0.1084013051165
"ufb196" 0.600945197567954 0.613615710627181 0.169753158437621 0.131034883927277 0.110915082007466 0.0596536348142318 0.123735256407226 0.0830643786928396
"ufb197" 0.625576461501068 0.614217911437189 0.170161398860349 0.188900950617684 0.110578743010242 0.060528323701267 0.117428572553898 0.0854737374060014
"ufb198" 0.619830542759238 0.596734700585026 0.162258409454711 0.200774514101234 0.104102740482004 0.057955775547497 0.106454866574531 0.0809827457110635
"ufb199" 0.714357469267769 0.71711122294917 0.192217507569108 0.547246143323413 0.143930711315028 0.0845474638503834 0.0863951330156063 0.134179316483826
"ufb200" 0.70843226361284 0.699411915465446 0.180892074744433 0.403435108654915 0.128223557582807 0.0869946886280184 0.109540995911654 0.0969379901320949
"ufb201" 0.699146331424105 0.699286442405708 0.19368856352267 0.299906008104803 0.131300644003702 0.0872117174116267 0.123029224965922 0.132306099842568
"ufb202" 0.663607266563596 0.658938694627 0.1795901914075 0.26022309099038 0.12223696879519 0.0722041716480575 0.121740186835003 0.0962153049303868
"ufb203" 0.5792371757244 0.623793936731107 0.178417854249163 0.0948980199752105 0.117522381960696 0.0559846147372714 0.137060233215329 0.100157288194898
"ufb204" 0.702380952380952 0.699971144135045 0.187725554442491 0.702368146754634 0.155874417915425 0.072121593684211 0.0541665764572602 0.116594694936255
"ufb205" 0.657419584346744 0.632577458464302 0.180833784871827 0.335825105299111 0.132639293446996 0.063732928306485 0.0896399201176795 0.117529086007502
"ufb206" 0.612515425462134 0.631645618958528 0.163885821886981 0.18954983756201 0.108041369981004 0.063510708128136 0.108211163185975 0.0681983794771112
"ufb207" 0.60128992651197 0.609984661048056 0.157900180265588 0.177684791970903 0.101582121242592 0.0607337857572011 0.10440698011867 0.0606585525718728
"ufb208" 0.589390808405846 0.609412437799161 0.169713547586094 0.123512595687264 0.108429127596134 0.0567086189001073 0.120931846356698 0.081581392992457
"ufb209" 0.704806895731004 0.694857647991221 0.180829504765507 0.405071588386905 0.129158388515981 0.0773503636128174 0.0901003653463484 0.108175072312581
"ufb210" 0.697112275905264 0.692052331935857 0.184931912216044 0.351810372946896 0.128335824288496 0.0845362572680743 0.124069532337977 0.0966907394765938
"ufb211" 0.665576079335316 0.621728169920618 0.174209902899674 0.340239596572955 0.125326782470472 0.062184651188984 0.0939013826559053 0.105078422909357
"ufb212" 0.567817047608988 0.610325230490514 0.174221798048017 0.107135766083394 0.115073131483814 0.0649863696121293 0.131194435730845 0.095036911504299
"ufb213" 0.590895335492189 0.604172081549272 0.176958372826944 0.129850611308325 0.112610307560923 0.0547156399840622 0.135521802465183 0.0974158219511522
"ufb214" 0.595780604391629 0.601448415854129 0.169892617235197 0.129358590280534 0.108271784860336 0.0548145173977717 0.125874562632625 0.0872532627382542
"ufb215" 0.675050708055561 0.667874136006736 0.17130494050217 0.358852471446443 0.124125515323898 0.0719601801138459 0.0907906648148898 0.0765631685609676
"ufb216" 0.587957731431664 0.594106420712212 0.175636442182891 0.143432114676884 0.109520162656194 0.0614651402802413 0.133278636004325 0.0927732782974839
"ufb217" 0.693704689257021 0.703995517141838 0.18998280054995 0.368438808823989 0.140791070179088 0.0814675362577877 0.110869299618933 0.129347048187694
"ufb218" 0.645742971258796 0.684373197491839 0.214222256739313 0.166241569601963 0.140969488582636 0.0693961610255731 0.164241402967979 0.148429417190367
"ufb219" 0.69047619047619 0.598030438675022 0.144859274716138 0.6903285584419 0.110382569677027 0.0481514476707082 0.00425196898701154 0.0432228873257871
"ufb220" 0.688247117475159 0.592701761643741 0.153290851367466 0.420832122148586 0.107762426299954 0.0623798416543177 0.0590802682064115 0.0721465701371458
"ufb221" 0.662889656470839 0.592986637160609 0.148708196532958 0.356841899384375 0.102717185122047 0.0623696772983056 0.0658789993971871 0.0665507879761087
"ufb222" 0.669935084501821 0.613977676493836 0.153110483283585 0.344777550610137 0.107685077786586 0.069540288083756 0.0791338556485321 0.0682131889568457
"ufb223" 0.704881599324111 0.634515198337276 0.178944440855289 0.385673432288969 0.133289846317616 0.0606212409843815 0.0876367803379998 0.120555828523257
"ufb224" 0.639239467490305 0.570800940155487 0.161477255508614 0.338639372114377 0.113588287577767 0.0622238907969136 0.0799304786251113 0.0982112336427646
"ufb225" 0.590662405041411 0.629755852103189 0.185728970086554 0.0963660548236379 0.118282228295729 0.0559678042616157 0.145136617850797 0.105904677680765
"ufb226" 0.688816639111564 0.70411201926123 0.198838258494255 0.416269454318968 0.146615103231205 0.0899182735878064 0.110264043377882 0.14098662235322
"ufb227" 0.624992802758204 0.681521109766626 0.214792005082891 0.132069308635851 0.143280747537488 0.0751319461000835 0.173849036488512 0.138863835407481
"ufb228" 0.575105094124317 0.628446245791818 0.189179000488149 0.106919468076437 0.122671551467966 0.0613415314328193 0.14875804512661 0.11213951013644
"ufb229" 0.561654530582048 0.603010515274748 0.170447638962138 0.10654241945189 0.113739793456334 0.062761834778577 0.127208453465816 0.0888408663899649
"ufb230" 0.556521029888483 0.592311228991485 0.165047975345629 0.109001340628548 0.10932738122905 0.0604888444116488 0.120780544157316 0.0822245367799066
"ufb231" 0.667062155993064 0.64126278436611 0.161233102433032 0.373534820610707 0.115765845616879 0.0704517914067337 0.079858660326326 0.0748214749048689
"ufb232" 0.620093742398028 0.565263882484245 0.15133955437936 0.251711496524773 0.102415366070252 0.0540833687209832 0.0772082343723628 0.0702308468433351
"ufb233" 0.607937314086595 0.589655936136817 0.165999540877836 0.209126509693548 0.112982613293217 0.0657631336063729 0.107379882483635 0.0831373799269433
"ufb234" 0.59012452287717 0.624607795828642 0.179699159612323 0.106926865998568 0.116811041539188 0.0565680603078709 0.138806179309516 0.101967302197839
"ufb235" 0.554045755786411 0.570185683035532 0.154007337382392 0.10698748146299 0.0982739550785303 0.0508740681895182 0.109902900122814 0.0721413874832079
"ufb236" 0.719520965185061 0.753507742843735 0.218152544292835 0.428346125930505 0.164219120308794 0.0959841805856988 0.131713662925584 0.167120227125626
"ufb237" 0.723442809124324 0.718757287591014 0.190962783618451 0.375663262430959 0.140411860232832 0.0776221882230157 0.111944996570367 0.126801048262369
"ufb238" 0.614964374016098 0.672597545583233 0.204659673272774 0.144180151948946 0.136357197320639 0.0715075168905864 0.161587985805691 0.130153054095072
"ufb239" 0.57589586058215 0.613436647665324 0.17558750126234 0.0842252984961324 0.115228704640085 0.0565629348405047 0.133723688723525 0.0956879899132528
"ufb240" 0.690222697856473 0.700072407412374 0.182586314487462 0.4757367705982 0.135046937916991 0.0885523027512294 0.0922153296179407 0.116870480698591
"ufb241" 0.679012345679012 0.527475845410628 0.136101019208079 0.678801434510617 0.104030570613309 0.046706129766845 -0.00842410761554913 0.0400595931151783
"ufb242" 0.679404340369487 0.570494119092221 0.156229880418164 0.463557622590611 0.112573082182466 0.0571320055280683 0.0450010425137715 0.0786883127648404
"ufb243" 0.6514184344425 0.554852105245243 0.132566195926029 0.554015324773792 0.0983541964003639 0.0571388198266708 0.0184672123852265 0.0352456876272297
"ufb244" 0.587484502468492 0.619880430724068 0.179974667155907 0.109452985515209 0.116135358309253 0.0544343077374666 0.139096478710752 0.100193211216213
"ufb245" 0.669154278408024 0.672090536564631 0.201818886834074 0.202307281430657 0.133920803696768 0.0754564427192081 0.151110077009246 0.126938044890686
"ufb246" 0.654761904761905 0.660073880252424 0.183742584766329 0.654452691028434 0.146623558052703 0.0675677254842192 0.0495287033033347 0.100431440000138
"ufb247" 0.78441796461498 0.812841174941513 0.225856320837614 0.678590502394546 0.18244142290728 0.115624124707288 0.124440750257448 0.169895452382617
"ufb248" 0.654761904761905 0.649015668943351 0.172899400956255 0.654452691028434 0.131778502568788 0.0610163916001915 0.0369026189530551 0.0871753235915623
"ufb249" 0.585618257474238 0.63189148438695 0.183193938807402 0.0948980199752105 0.119460274877359 0.0585775763065464 0.142076741079024 0.105402800003663
"ufb250" 0.641136088271236 0.630126656977062 0.180088432653213 0.200774514101234 0.113860793487753 0.0714726209093004 0.125472581151069 0.0963291585686432
"ufb251" 0.705692686250013 0.731613456050556 0.212089687091707 0.380622687630488 0.154684366068229 0.0970084847689613 0.135815220747481 0.157462556234292
"ufb252" 0.621963306090109 0.633731985280544 0.185854909777437 0.13058377548901 0.118874270005631 0.0641767942288872 0.140745895972674 0.103298060375549
"ufb253" 0.642857142857143 0.505591417401582 0.144047658558366 0.642593273791752 0.109943133508176 0.0482154835598313 0.00330690209083258 0.0397980324281228
"ufb254" 0.611548174039813 0.563707526070437 0.152471363712856 0.218543406702708 0.101954861382124 0.0568837477542382 0.0783576299424874 0.0761901727101856
"ufb255" 0.595916295131713 0.662542752707414 0.206803633159215 0.0952381319684256 0.134711044501131 0.0740987153514457 0.167308032014963 0.130250697826138
"ufb256" 0.588668308104802 0.637180138072533 0.18674242909651 0.0949484591162403 0.123128189703565 0.0429327723299986 0.1462023364921 0.111916369630486
"ufb257" 0.598861634220306 0.577536632119302 0.15908234818639 0.245760777057784 0.109672676543306 0.0619605549544205 0.085615646889491 0.0862940127293442
"ufb258" 0.76713022432587 0.76172011807675 0.200949919130639 0.594863779692148 0.155531658566555 0.090377564410777 0.0962715214962696 0.145127986108602
"ufb259" 0.679903473333855 0.688527450613822 0.197491464078686 0.392575011802946 0.142494419518442 0.087763050023744 0.108768351115471 0.14144499562868
"ufb260" 0.593567906076858 0.598537498348179 0.168240112174198 0.131134008930629 0.107503599918275 0.0531559229752711 0.124147063774199 0.0863322138683539
"ufb261" 0.642559398383822 0.660342741733905 0.174195420490812 0.268542947572458 0.11965952081881 0.0762852630370843 0.107984263922832 0.0815271017192186
"ufb262" 0.69047619047619 0.678809957498482 0.183583219531421 0.690269836128215 0.14654471140273 0.068562973212114 0.0493431342920834 0.107640598247193
"ufb263" 0.617871937585947 0.582835503141814 0.160405416169189 0.272387210827918 0.109638078858146 0.0569866268296708 0.0871788468173227 0.0879466942053654
"ufb264" 0.57094486661188 0.586161010355628 0.1670457444075 0.094998379949017 0.103398966630262 0.0624373906074015 0.121969266397105 0.0865299468873172
"ufb265" 0.594124420740581 0.614980441117279 0.173859866620363 0.117642490587447 0.113303768852681 0.0519265682596957 0.131413866704178 0.092981310923511
"ufb266" 0.586808550533691 0.611985886740429 0.181468540630548 0.131534777242736 0.115544568918595 0.0571715361387527 0.140513791854593 0.10173669385958
"ufb267" 0.602904936178725 0.598396682527853 0.166223094059058 0.189808940028351 0.112841547381794 0.065043243876236 0.107654599953661 0.0817140287863766
"ufb268" 0.595667507086355 0.598526887949283 0.16391125835643 0.168101106930381 0.11032365013353 0.0654135192837828 0.108225641742324 0.0781519786597693
"ufb269" 0.567678261476634 0.604688588259273 0.172241730151931 0.10654241945189 0.114611578400374 0.0598801646964393 0.129096058995868 0.090879701697716
"ufb270" 0.567513328342311 0.593080666257716 0.166610586417181 0.118541458973601 0.110881829239651 0.0626728593074317 0.121522773306787 0.0835549212248703
"ufb271" 0.705659097601952 0.716027832906913 0.196466840842297 0.559372942488767 0.153823595738705 0.0904332822206145 0.091201144034911 0.131250651005749
"ufb272" 0.695323366061602 0.677592541210215 0.184233833413284 0.343226340653052 0.126577697306397 0.0819108669536557 0.126943175053788 0.0959454731720617
"ufb273" 0.65668244104497 0.680680963734632 0.208460402451939 0.192630746629686 0.140164332471204 0.0845611501240244 0.158203994260932 0.135520213123513
"ufb274" 0.61087465359263 0.613819167435688 0.170918331518994 0.134669616428959 0.110651375698482 0.0568769093295555 0.122149471137106 0.0847968321256108
"ufb275" 0.671598338584254 0.600233493319497 0.174611030999787 0.433575118485051 0.123344791791684 0.0612738452544248 0.0664821455036191 0.0951665763677018
