0.1033973 0.09387593 NA NA NA
0.1021801 0.1924079 0.2641143 0.2658055 NA
NA NA 0.1503228 NA NA
0.1706968 0.09399157 0.1357266 0.0383003 -0.0550821
0.111322 NA 0.1675583 0.06747935 0.2988767
0.05300922 0.05020901 NA 0.1677387 0.08079303
0.04125672 0.07225118 0.2624648 0.04122 0.01529458
0.009513608 0.07374765 0.1849404 0.08707869 0.04504136
0.08675004 0.00990736 0.1100554 0.005706177 0.1577115
0.2270472 0.1308755 0.1336386 0.06297893 0.06604969
0.02884513 0.05353796 0.01242981 0.03944882 0.07910019
0.1892999 0.2447226 0.0622224 0.05071126 0.1117803
0.09514214 0.07279984 0.04920035 0.07540071 0.1491172
0.05751162 0.1068996 0.08417547 0.102778 0.02147327
0.04998531 0.1002239 0.05191196 0.08398409 0.03448362
0.04631037 0.001984005 0.1537641 0.1045544 0.1491262
0.01668114 0.004661435 0.03413964 0.05293789 0.02152003
0.04610273 0.01615471 0.02566994 0.02019675 0.03814858
0.05050513 0.05323671 0.02221616 0.0163802 0.07325261
0.08748742
