"quartet" "wQuartet" "cluster" "phylo" "mutual" "shared" "clusterNorm" "wNrqs"
"mb49" 0.816932122698688 0.862309438858255 0.232263446262745 0.676248044585937 0.185306141130052 0.116571233157942 0.134972048756723 0.172132744142497
"mb50" 0.813953488372093 0.870135477951098 0.237621831730202 0.813932999255661 0.206256101989918 0.102655377231332 0.11646671672316 0.212860952857211
"mb51" 0.75770076869341 0.845063194358984 0.288251870824659 0.401642667998149 0.215358425140412 0.16004892807703 0.236055202324508 0.230357055728589
"mb52" 0.735632183908046 0.797626293365794 0.217962775776484 0.735460133767172 0.177746291160912 0.0851393845426631 0.0943977667591193 0.147992879837779
"mb53" 0.790697674418605 0.863675532831619 0.245083001207579 0.790538429400554 0.210249985193452 0.102625163278304 0.124730159949231 0.20120985973185
"mb54" 0.669719774889782 0.715212500535192 0.230827226675649 0.160142805275804 0.149652722976599 0.0672472406796973 0.192393551118634 0.153872126588413
"mb55" 0.87188705894598 0.862061780486534 0.210306387831614 0.7583851483083 0.171543029795991 0.109182398510975 0.110159117914876 0.158934502528584
"mb56" 0.953488372093023 0.958383675661163 0.231243067536898 0.953440240941684 0.20662874692913 0.104759144678908 0.109803219818294 0.196853299044718
"mb57" 0.805913343801178 0.819127641746578 0.229493057631567 0.677955992914667 0.186974438756717 0.115499341046643 0.131779000507298 0.175945924658605
"mb58" 0.86046511627907 0.887819326175491 0.213582900836619 0.86032891433493 0.186821500890719 0.0936730795790334 0.0880112494574841 0.183769150749652
"mb59" 0.755301859444184 0.788060958799204 0.222703680737047 0.538556823505756 0.173844631253621 0.116941053657123 0.138980980577425 0.148811381468676
"mb60" 0.666666666666667 0.677247564991942 0.182689709680795 0.517799823960335 0.150091400959259 0.07006765600492 0.0535514151532532 0.108030713754125
"mb61" 0.767441860465116 0.874252166620073 0.22964918293782 0.767201204708422 0.19245789608597 0.0922756588135026 0.10811378623251 0.2040439935923
"mb62" 0.758620689655172 0.812049770792403 0.214805882044605 0.75847345927652 0.179030378470598 0.0875156176300316 0.0907420711922847 0.170111438259793
"mb63" 0.847814890857218 0.876579688155084 0.245386558449563 0.716100463316529 0.199721205476026 0.124752462529273 0.149315301631068 0.216694482781599
"mb64" 0.807604787591783 0.796569417247106 0.200659479033669 0.65814615103577 0.162999247166373 0.0946004664536092 0.0993630694913119 0.152127361527258
"mb65" 0.835242411630328 0.8761832467187 0.268027050579553 0.610868325476562 0.208984692965513 0.153192096694825 0.198442872211492 0.230793108707989
"mb66" 0.666006555160916 0.649936331686446 0.176049400000864 0.183880735277125 0.118720390354078 0.0602008501519465 0.126406091284239 0.0958927546845396
"mb67" 0.684483955645507 0.675597090731787 0.194535781068779 0.161134524989906 0.131442625093623 0.059870607905701 0.149009948840293 0.113330259361006
"mb68" 0.757898115057699 0.733693909697924 0.18568128010344 0.536191518174178 0.144733847473711 0.088827195633377 0.0980394825574934 0.116298590128548
"mb69" 0.650418255130424 0.679223657462351 0.205430193985101 0.149384312373624 0.132861298660426 0.0656659582068144 0.165726780366524 0.12492724129652
"mb70" 0.780153220052513 0.81482853636511 0.236060909248456 0.607108341579682 0.185970359243531 0.11302732727488 0.138913219499233 0.169321197210488
"mb71" 0.673820122321748 0.716568551231509 0.226465602162571 0.160210038858805 0.147443404839194 0.0640868126167589 0.186843986076571 0.150191750275189
"mb72" 0.780027752031673 0.769286186870543 0.178799986070925 0.607535387402785 0.139026491662496 0.0962498115289987 0.0904008189977011 0.10745178742292
"mb73" 0.67236249430303 0.718591129043779 0.227851639013887 0.15439499716082 0.14611502815056 0.0611000096138492 0.188719492566883 0.151903087938188
"mb74" 0.859504228397614 0.884484415475892 0.256859643263843 0.658010775341798 0.201239626797415 0.138757760704434 0.176745090791164 0.226475084404613
"mb75" 0.736012947972108 0.678914237732763 0.181766420487888 0.37873437960261 0.123804647612483 0.0742883478154673 0.117439099720382 0.0970805917400361
"mb76" 0.756046986618892 0.723096953064264 0.202159131684078 0.458185488410676 0.145787403520083 0.0944662203650757 0.126341672213162 0.124410994245829
"mb77" 0.790697674418605 0.870347515427087 0.222908013213246 0.790493371502396 0.184958523723115 0.0912870833891261 0.0988253550943987 0.171382727383462
"mb78" 0.759803678959136 0.712034596550238 0.193406338019073 0.382428307919875 0.134954569860324 0.078800757813539 0.124310670348755 0.11241390444503
"mb79" 0.648614009973044 0.599090785865474 0.151404256410986 0.230499441529361 0.102256100010884 0.0613403520817049 0.0846706912103926 0.0766698513636779
"mb80" 0.637098063303295 0.590537301894086 0.163981342863954 0.276172550275842 0.117454526330754 0.0712348407220627 0.0741102711552394 0.0770852210662546
"mb81" 0.771576649852341 0.83985153186403 0.222277649283548 0.630041568973334 0.177865998746615 0.10645413334099 0.123332437960916 0.183277092768903
"mb82" 0.779069767441861 0.780973451327434 0.166446950677283 0.778841144473001 0.140119242857626 0.0660403622021744 0.0338919816463881 0.108463576557231
"mb83" 0.669951024384454 0.714908540135162 0.227058960130389 0.16013422049439 0.14544902861702 0.0605106613180701 0.188209773177205 0.150864612926866
"mb84" 0.908045977011494 0.917168674698795 0.194631595293996 0.908003386524945 0.169342866773671 0.0838564153060504 0.0673801664523482 0.161759334762066
"mb85" 0.64839715436698 0.585954971394076 0.150611543217195 0.244484516926735 0.102895967990118 0.0613369261535891 0.077965185470989 0.0749719135902037
"mb86" 0.80268935445097 0.759768351234965 0.182287064494624 0.550315645635067 0.135792991872114 0.0894759409737694 0.10476563034212 0.115859830469874
"mb87" 0.698960951274112 0.740119557588519 0.229245815383069 0.217814858447283 0.157276714288383 0.087735541231534 0.182795338165637 0.157455635693525
"mb88" 0.678209081346541 0.660404225331648 0.182763318398661 0.178492622602312 0.12403838805137 0.0556014557929974 0.135180067457803 0.103213458847639
"mb89" 0.637260569852273 0.656135992324979 0.191740674141107 0.149388473169208 0.124031685096311 0.0635980558567293 0.151115281570262 0.110282586899468
"mb90" 0.688917119785883 0.681761187769496 0.199128292857192 0.161163136712302 0.135085123265039 0.0612768599418271 0.155035239609281 0.116884742241268
"mb91" 0.747126436781609 0.694646789767915 0.16137183075912 0.747023485084184 0.135225530101223 0.0617889815008799 0.0288652261056716 0.102213813268948
"mb92" 0.65055521833144 0.587931616464468 0.154621799105 0.253178588123233 0.108997353546168 0.0634853162197353 0.0744415125072541 0.0756645796752497
"mb93" 0.67801766219015 0.717654500375963 0.22003513858033 0.18352834516126 0.147500763485019 0.0761733891767637 0.178048932564494 0.142551895798488
"mb94" 0.804597701149425 0.781549319442111 0.163872176502625 0.804443421732878 0.138688631141189 0.0649952255216202 0.0317606364762463 0.106728983366198
"mb95" 0.872093023255814 0.842378699322757 0.162499646265084 0.871960662589632 0.139831731910715 0.0680116373423045 0.0287855089114845 0.118060064963216
"mb96" 0.7049972909555 0.749944079009725 0.239581172079489 0.19499662579972 0.163777298250301 0.0975942896959928 0.191924193076515 0.177725908903957
"mb97" 0.770873399493754 0.750007223554567 0.167480488050326 0.664605909668607 0.131809617141543 0.0822589252891529 0.0616871084696595 0.100582025660215
"mb98" 0.67049553061161 0.66168149331175 0.184723400925579 0.166551098002742 0.124542081187385 0.0577920041680514 0.137242407601118 0.103848436108886
"mb99" 0.824677892080833 0.778976520535021 0.184534368306712 0.581059116499136 0.142473736025286 0.0834247444851524 0.0968727238728925 0.127548188601916
"mb100" 0.698093581442416 0.707401610017889 0.189248277378599 0.342783994154967 0.13537875931454 0.0919430489591857 0.129990150944564 0.102892733169014
"mb101" 0.785714285714286 0.726533698837319 0.155475259082363 0.785584017796013 0.128673656114746 0.0615202853789975 0.0190825761614809 0.0967012209671312
"mb102" 0.793103448275862 0.808971094803055 0.191708084804273 0.792936758978204 0.160535876092921 0.079562139980047 0.0639947296132961 0.13703745660204
"mb103" 0.667753520545956 0.701395959883616 0.21464513095683 0.160311943843549 0.143570542022696 0.0747079922860706 0.171410724961112 0.142403893866679
"mb104" 0.65711157314696 0.607057600805469 0.154159391137513 0.209909339781312 0.103830506969573 0.0611638797644777 0.0922457253126837 0.077668514093131
"mb105" 0.797888518761736 0.770666820555732 0.170892933554504 0.676237022970228 0.132513490482652 0.0838721810001827 0.065533194431917 0.110385535374617
"mb106" 0.663827980984634 0.617026809077893 0.15860849768287 0.206689820876022 0.107874085219268 0.0615835930582906 0.100592589485787 0.07853862527228
"mb107" 0.647470579821236 0.591759286288973 0.150009922782235 0.244484516926735 0.103713184099633 0.0583767655682981 0.0772037897359689 0.0746549891767028
"mb108" 0.722044612503538 0.705365256491749 0.208499488507027 0.330981828958399 0.147734170535003 0.0991235615971727 0.146368241773327 0.122500929082892
"mb109" 0.801551263692054 0.771471899269335 0.181880087195288 0.581059116499136 0.142230866546698 0.0853533056388585 0.0939818831469177 0.119777313455279
"mb110" 0.763423850536792 0.846056604860657 0.277221504767346 0.42471460302772 0.206726448663737 0.153873925636113 0.220274459283659 0.227868031754511
"mb111" 0.633715168718812 0.582046044730927 0.151352210435427 0.244461479257502 0.106473942536005 0.0603068521187434 0.0707225045279362 0.0706601846993518
"mb112" 0.669150857310975 0.713563021357598 0.226005339485339 0.16013422049439 0.146027711025898 0.0593112513917103 0.187103195963275 0.149855809501098
"mb113" 0.885057471264368 0.84816861059955 0.149364248380896 0.884990061015597 0.12809693866336 0.0618615182960931 0.0149603976899397 0.0976803766619353
"mb114" 0.791587236939751 0.771564940700029 0.168731279645638 0.70902109636956 0.13726405059632 0.0867344036330948 0.0630968458531731 0.1012170088465
"mb115" 0.804597701149425 0.833454428029386 0.184911879778545 0.80438673317054 0.152147012150183 0.0748897426839423 0.0561246970135399 0.130428161539896
"mb116" 0.722107165793965 0.658566613694707 0.173767810276138 0.378773347896058 0.117724458867298 0.0721802072319211 0.113289988272368 0.085533231375372
"mb117" 0.677453920894571 0.631047732438576 0.159610538576639 0.379783373818925 0.124060315734666 0.061763562053097 0.0530341285215437 0.0858931661771741
"mb118" 0.792878099883999 0.850006837762684 0.261631902180996 0.529526570233967 0.200454873972492 0.146948551465113 0.198358081830258 0.21674158082309
"tnt1" 0.650507214378909 0.628809125848702 0.165001999629542 0.174915298125331 0.110400986845903 0.0557906454789769 0.112681493444088 0.0878355216660383
"tnt2" 0.643407547098776 0.617857379877887 0.160690066129286 0.195857702356648 0.108015646573637 0.0584323336803402 0.105715218584891 0.0845663707542784
"tnt3" 0.86202238240091 0.820102691769099 0.198078375629932 0.67650173550512 0.156286436801671 0.0909378578700777 0.0960710672103209 0.12740821716988
"tnt4" 0.724224334650782 0.80185405198938 0.256549298364968 0.290433029035514 0.187408555055044 0.105043756123685 0.205259545013131 0.20185738380096
"tnt5" 0.702063453363539 0.766594423136464 0.237519543553573 0.252590800967336 0.170133527025012 0.0920460206766795 0.187571909752603 0.178489899755577
"tnt6" 0.706446381606905 0.749319647512616 0.231065198829213 0.229416570192501 0.162101377335749 0.0848891637139532 0.182879061828088 0.165481522557757
"ufb1" 0.714466165333062 0.643328396391544 0.171257667392726 0.499735059852106 0.128824399352259 0.0668870652821583 0.0658838215894346 0.0804634371399258
"ufb2" 0.671319711361292 0.709871116452824 0.215575469093074 0.166397993305803 0.142623959874193 0.0644934115289664 0.174151518566639 0.139012586464137
"ufb3" 0.686046511627907 0.608746618575293 0.150584979734163 0.686009655581364 0.121104686203916 0.0559710064696853 0.016290384254906 0.0632586871587552
"ufb4" 0.720930232558139 0.671487834959076 0.150206451008409 0.72081348113903 0.116254081004986 0.0557736287299484 0.0145295992610367 0.0563386543755083
"ufb5" 0.674732542883539 0.666260797840853 0.190742572298597 0.229109141761896 0.129557595238097 0.0580366453264416 0.14718412302566 0.108213624421294
"ufb6" 0.771742954092652 0.719965337954939 0.177224978579288 0.498908616624596 0.129202689658845 0.0824208325079495 0.106776437338781 0.104794939273538
"ufb7" 0.791154789493696 0.704376105641227 0.172253248879128 0.536427539564181 0.125872465062288 0.0751001072931842 0.0831079684995243 0.0915201777789082
"ufb8" 0.752111021375855 0.775504864299137 0.209088203398027 0.572280801516736 0.164890371500254 0.0941825838516505 0.108510480951987 0.145294101596272
"ufb9" 0.739020101326954 0.72435677294394 0.193603399267432 0.475822504396386 0.147669042185364 0.0877925949391717 0.106644224660486 0.126334295639027
"ufb10" 0.674569929435938 0.679746078749634 0.195025190098164 0.227009774861676 0.130612161662397 0.07186034106147 0.146552076589591 0.105926936537737
"ufb11" 0.661887981240602 0.696500099078911 0.21871770854834 0.150295371027234 0.142767380612207 0.0634318133261483 0.179815472251042 0.141945522456603
"ufb12" 0.6524278740853 0.67462618733809 0.205323302581924 0.14912844375395 0.13448432541688 0.0605708175098544 0.165799116476844 0.128486425311248
"ufb13" 0.676482610050216 0.667258539646387 0.203943298654926 0.194835603657365 0.134195715199469 0.0646006803580353 0.163159476238377 0.12273962555835
"ufb14" 0.724137931034483 0.780199151158994 0.180997669739606 0.723953471012498 0.147600003543904 0.0687661873002157 0.0515920261344058 0.108257759512566
"ufb15" 0.714660082795633 0.727759923876551 0.193857622980063 0.423654107972114 0.146188957722613 0.0919736207252151 0.117425523204361 0.113303865444469
"ufb16" 0.70105569126642 0.70313232307452 0.186512358149253 0.365604465791922 0.135087692449398 0.0916476464021256 0.122612066157923 0.10342612588467
"ufb17" 0.681402226054529 0.645627644569817 0.172074585113924 0.266229978843916 0.116675106684622 0.0519764340678105 0.122226783274755 0.0934117103546414
"ufb18" 0.654581199567523 0.583508960929615 0.147717415280852 0.30977291591479 0.100466851505099 0.0585344575247993 0.0807811504801806 0.0734932962853654
"ufb19" 0.67689227953791 0.622783269961977 0.172078300441786 0.493884076650077 0.130646340643276 0.0685670594864887 0.0670830255174885 0.0862202762252771
"ufb20" 0.676856858494174 0.607185323594361 0.158417154769503 0.418274728331377 0.112050325041835 0.066070468344551 0.067761018131551 0.0777316537836226
"ufb21" 0.679926739755546 0.687937157341702 0.185240378031597 0.283988596467148 0.13213265172585 0.0865082025489271 0.129099094200752 0.100416699563921
"ufb22" 0.755026262243088 0.828636002435526 0.261816745713586 0.42462092235034 0.19813841398127 0.143655176346139 0.203655973589876 0.210252804747498
"ufb23" 0.652517741487625 0.697768492350629 0.217024267670832 0.138890200193422 0.141098363507098 0.0601132112131377 0.178035495035966 0.141326121467751
"ufb24" 0.64099808102974 0.652406354458232 0.188992756948459 0.183269650002211 0.123185542763474 0.0542606426782202 0.147452649266069 0.10828795968004
"ufb25" 0.683925150022344 0.676690612940424 0.195855903689729 0.220464265085788 0.132175656623367 0.0570594864072471 0.15257268054187 0.112864285488202
"ufb26" 0.64367816091954 0.624131741200343 0.165861950094972 0.643463520292118 0.131297394700495 0.060062393673192 0.0340648022538573 0.0802757735609622
"ufb27" 0.637404451142756 0.581862242146167 0.157447733364714 0.229634631316248 0.103291822562358 0.0608760095803134 0.104636177441002 0.0688971348356406
"ufb28" 0.755813953488372 0.857785905190603 0.215076583059596 0.755632941886088 0.173268331479863 0.082584978228991 0.0897434363411231 0.15976671037202
"ufb29" 0.643481770078565 0.582831594634873 0.170778678674181 0.424832554137545 0.12552190345219 0.0649628652291145 0.0656185884722315 0.0726561862676855
"ufb30" 0.747126436781609 0.832923314823926 0.209082910896371 0.743993684747332 0.168609735741297 0.0805297105123235 0.0841148477148344 0.149078521923534
"ufb31" 0.767441860465116 0.745767104353836 0.16111599790108 0.767201204708422 0.133599280604548 0.0627197133271936 0.0277132792509756 0.0978550756498882
"ufb32" 0.645763476543525 0.595966697048593 0.148541575960446 0.290628726721153 0.100931135024836 0.0558784135934801 0.0861996280184784 0.0711941671917018
"ufb33" 0.770114942528736 0.738079359786596 0.161049253538856 0.767258549871397 0.135347581877823 0.0636712495293485 0.0284916803945272 0.0986841349132602
"ufb34" 0.776191724869509 0.748086389892724 0.168840947908049 0.662453874182773 0.133072935151403 0.0843516334921149 0.0634351187979056 0.104198899536379
"ufb35" 0.696584733371043 0.624802042597201 0.174080508360365 0.470932379581394 0.127032544190444 0.0661456032601367 0.0693391492000573 0.083731872166889
"ufb36" 0.65171734740852 0.602047235088923 0.15469094326646 0.523151141019446 0.122756617393583 0.0642182797373119 0.0472106533189979 0.0718290420989667
"ufb37" 0.735280729892296 0.674774205497511 0.178033417606373 0.382617384894663 0.122310888225258 0.072466134777772 0.11339200466406 0.090436982140995
"ufb38" 0.656498105064604 0.597676835151785 0.150393802621816 0.309529550155325 0.10176624418779 0.0593623275116074 0.0882045040281746 0.0698134848066027
"ufb39" 0.686312310693292 0.683840049282505 0.194894878349587 0.248347577396855 0.131741334315242 0.0815720459502765 0.144512328227666 0.104398720008671
"ufb40" 0.636082283434108 0.647136156625208 0.186280521833382 0.174112285213417 0.120337266527791 0.0579745903599805 0.14503843904026 0.104685873156112
"ufb41" 0.706389275022187 0.792842335328218 0.250045224709007 0.255355672182188 0.181919307895342 0.0926242453120339 0.198286488641536 0.195487328421057
"ufb42" 0.727723433178702 0.799098641614828 0.254518751234236 0.252431421799057 0.185418986969044 0.0932273274477901 0.203068759222192 0.198422573567525
"ufb43" 0.691259342178829 0.735959737533907 0.228384413379786 0.206645217553438 0.155564794276847 0.0862290947550674 0.18187199321983 0.159298496976366
"ufb44" 0.691405840234526 0.627585454202211 0.164908991406622 0.343483918961448 0.108725578428758 0.0680159124575758 0.110205116826778 0.0746581555249464
"ufb45" 0.669317433909674 0.635362114537445 0.166028685767373 0.277870002472508 0.112142464409971 0.0557097955987102 0.113823445723475 0.0869291256772681
"ufb46" 0.660290750244637 0.608330451109245 0.161936328468199 0.413416135728639 0.116046893742344 0.0721309872605436 0.0718454199964687 0.0817099467811124
"ufb47" 0.657202502910403 0.611402407503139 0.156436888911953 0.348535808839991 0.104135183629454 0.0640736739172486 0.0762902763857652 0.080374378387791
"ufb48" 0.7060769861895 0.771127221722286 0.239476667670932 0.241028397139257 0.169895087097603 0.0863464149147939 0.189657238754285 0.180634891443309
"ufb49" 0.708778811940137 0.753611327320178 0.233144029973202 0.229416570192501 0.162616610670087 0.0842906938848458 0.185088165190417 0.16657308710387
"ufb50" 0.727816146553193 0.705656047937048 0.211688317223239 0.330577147089488 0.149623976764328 0.0951495989478431 0.144308531171746 0.131176003909239
"ufb51" 0.754802845776531 0.823979917457346 0.221880621958586 0.59547722827806 0.179699204384666 0.100635356350658 0.122884899097314 0.188774542246696
"ufb52" 0.691373853195143 0.747520432852598 0.228745745420668 0.217858983455571 0.159957274371294 0.0822161191730227 0.18041425734486 0.164603302127221
"ufb53" 0.67317535137701 0.721823577016455 0.21908753697489 0.194668081074775 0.148225915031785 0.0835926997191917 0.173608168770109 0.146477602024005
"ufb54" 0.754301209817768 0.726625639504708 0.192688082793308 0.459457057766647 0.146234677744479 0.0812154212541971 0.105902953558118 0.123210608429848
"ufb55" 0.698760260144827 0.701251734419744 0.185691337873756 0.354059808449509 0.133350122629254 0.0864899896302935 0.121726553894305 0.101707313859088
"ufb56" 0.574712643678161 0.536501672814618 0.148942784578713 0.574423543764073 0.112328845025417 0.0488428361044425 0.0144723409214571 0.0364693930272054
"ufb57" 0.761365796738944 0.850726924633582 0.268374065388396 0.442307024772237 0.20054352256852 0.14347670399692 0.205678008926457 0.227380096160877
"ufb58" 0.732558139534884 0.643173366389233 0.151744461415982 0.732512069476705 0.126153505991716 0.057253459881753 0.0176331828309524 0.0847285654757932
"ufb59" 0.790697674418605 0.763791631084543 0.160869059007984 0.790538429400554 0.135782717733938 0.0639325145630476 0.027427071138777 0.104426649788951
"ufb60" 0.701434748924672 0.636465416610615 0.166009076941358 0.332759500791503 0.111854011115848 0.0656250954417292 0.104935600723122 0.0795886816713106
"ufb61" 0.678667468078912 0.608505710055268 0.15067089087836 0.470967288276149 0.113996533144624 0.0619555271259187 0.0593689604505709 0.0838859144632499
"ufb62" 0.71657435055276 0.774004309906398 0.242857491657672 0.263989975910099 0.176910139062279 0.0851455291246849 0.190602688373637 0.188102137047395
"ufb63" 0.676012914123396 0.626514030853419 0.164538194806677 0.286520444712731 0.112312286220833 0.0591567479871572 0.10982667175907 0.0852472569820414
"ufb64" 0.707481157923198 0.768210913881336 0.238961815877578 0.231946971074037 0.169624989578514 0.0875117758818833 0.189092279879686 0.17729608714609
"ufb65" 0.676498915592886 0.715309117217467 0.217795054552075 0.183556347943139 0.14589113212886 0.0717826716754173 0.174729211954444 0.142226019015454
"ufb66" 0.712323193678244 0.798429288622327 0.25341827775636 0.243663219897746 0.182723611589458 0.0930080514533721 0.201892335676168 0.198242893584907
"ufb67" 0.691522670972131 0.743923583025809 0.228656006203097 0.208552740360972 0.159409330261977 0.0859373294685005 0.180305542108035 0.161742151984567
"ufb68" 0.637925768025796 0.59676303039983 0.153398614386014 0.333756514592867 0.103770546318202 0.0628621212438987 0.0729633365448328 0.0782760181111327
"ufb69" 0.632492604325123 0.605983769187242 0.152982548953832 0.299050897568893 0.103645403610467 0.061708635514903 0.08043103701709 0.0792090704384913
"ufb70" 0.638456048305542 0.610426989984186 0.151670939186025 0.290723663649752 0.101975464198582 0.0610011843566167 0.0849796204900292 0.0754568062471057
"ufb71" 0.647450702174276 0.655401450625811 0.173941684674153 0.241275277650432 0.117195564752657 0.0617861992171346 0.122190627794551 0.0963772193129607
"ufb72" 0.629077883133441 0.577259126271694 0.145503309553307 0.322028281022536 0.100089723971579 0.0569850900350406 0.072311161315655 0.0695715962258435
"ufb73" 0.727618770093604 0.659718241877583 0.155580778344677 0.604577544809348 0.123538151788604 0.0706580692615421 0.04821363013094 0.0881485995223615
"ufb74" 0.755803452363987 0.757471008028546 0.206096448915442 0.44606273221888 0.151209420331195 0.0908599371136894 0.120801380303712 0.138317685530251
"ufb75" 0.730724706808347 0.704183047360106 0.188101716090339 0.38889730577059 0.133173046402933 0.0821920352711714 0.11113243885922 0.115868053068635
"ufb76" 0.735632183908046 0.697409928607006 0.159322113337108 0.732281385414686 0.131831215871124 0.0613305163399057 0.0264916451335763 0.0892234073730276
"ufb77" 0.676852871875217 0.666156897596567 0.18867786794647 0.220496961364838 0.127770045909935 0.0549796584080362 0.144014032788878 0.106276009608777
"ufb78" 0.676846025798549 0.622918511325012 0.154995214215212 0.539983902093925 0.119048809518789 0.066060637269718 0.0478334985080819 0.0812399768651869
"ufb79" 0.634821254585604 0.595736928402259 0.155230434527467 0.325163311878619 0.105800313105882 0.0648854840785609 0.075107874237964 0.0787579189824823
"ufb80" 0.574712643678161 0.44887459807074 0.142022069496899 0.57453692088875 0.110061482840407 0.0467203037361509 0.00645812517880168 0.0296857575556843
"ufb81" 0.669246612545728 0.708132569580049 0.221593517362643 0.15439499716082 0.14489680939845 0.0618496603919585 0.182149034584336 0.145340899435491
"ufb82" 0.71341656498065 0.699947354192456 0.182542221619387 0.434590999347722 0.133007635682373 0.0792608323722961 0.0947165440557667 0.107672647001347
"ufb83" 0.667968733635293 0.70586101893461 0.221450326060497 0.154375842736935 0.143835447909316 0.058381980304262 0.182322772958403 0.145122691742902
"ufb84" 0.701671520370761 0.713521084041784 0.196535846594345 0.391244999728403 0.147639402413745 0.0966064087900259 0.120130960850607 0.118537814045387
"ufb85" 0.678387475336826 0.720134352648525 0.219200298058758 0.195075217092164 0.147741808844017 0.0802953863728425 0.173718807281919 0.14761099594495
"ufb86" 0.655527340392137 0.621433524518598 0.160721175402115 0.275097603457456 0.107770976092917 0.0582609895950333 0.105759688868652 0.0822385143557348
"ufb87" 0.647347714910521 0.66781872628404 0.197996754934769 0.174135563421422 0.127791077809874 0.0608305494494375 0.157684623033131 0.117298554042256
"ufb88" 0.763871548314163 0.719110130232461 0.180678251471106 0.456367696211702 0.132522747067081 0.0865188619473474 0.116315987070991 0.104221452583295
"ufb89" 0.735530815834414 0.72431970366149 0.187730826017976 0.469299005958133 0.138855326085486 0.0840790127019534 0.100462599504387 0.11569195082715
"ufb90" 0.680744742860969 0.638759896151279 0.173902623198348 0.284714469439166 0.117490076551883 0.0649303433217152 0.122133207745299 0.0925495516179226
"ufb91" 0.677197856856533 0.609923595445715 0.155837066619805 0.300988592115644 0.107629466042295 0.0556880999746192 0.0976891798588596 0.078901961931993
"ufb92" 0.672031433839115 0.647297918095327 0.167969248177392 0.310457186578496 0.113811326177527 0.0711963009603393 0.110598785578286 0.086571643053986
"ufb93" 0.717186992763998 0.787003635845156 0.248927414431791 0.237669847315881 0.180667989563142 0.0958551217553856 0.197061627520303 0.196677819721035
"ufb94" 0.656110474781575 0.653990775300826 0.172231546567714 0.264425375282574 0.11755005008764 0.0665954381620067 0.118023834693246 0.0922428000204592
"ufb95" 0.655010873852692 0.566429401922695 0.150643683394209 0.482506443768976 0.113266526517839 0.058149281781468 0.0429301157726569 0.0734269515286374
"ufb96" 0.773809523809524 0.666153846153846 0.144757189531314 0.77384486224567 0.120432957374618 0.0561558443718439 0.00687911513846174 0.0786682909528055
"ufb97" 0.725761877701586 0.668690451352667 0.179331690030044 0.412560742032891 0.1267301297947 0.0752653958197819 0.109030338201933 0.0965972007388648
"ufb98" 0.653865941956577 0.633960914091499 0.165723501077286 0.26358499677655 0.111135372202827 0.0574371214858075 0.11345758988428 0.0861045166235086
"ufb99" 0.687345174196436 0.659796294372673 0.18198138748992 0.251864595589147 0.123259744452871 0.0534979009380852 0.134370080725231 0.101857378819764
"ufb100" 0.761133374574337 0.726276478511081 0.176796629105439 0.504381459916151 0.130549161963553 0.0889814377363488 0.106416274550849 0.101203570794406
"ufb101" 0.695000280400389 0.700293367346939 0.185764336370111 0.388232652711687 0.13997176002548 0.0915917656534667 0.116084719446286 0.1044059207371
"ufb102" 0.679435697906729 0.667214325213283 0.174415259065517 0.308571902123162 0.124903354233763 0.0732777424425102 0.117560763300921 0.0866795326899714
"ufb103" 0.669697137926911 0.665087771644537 0.188263505818251 0.215820250366902 0.126726222649769 0.057842172341312 0.141022142228322 0.0997409543359659
"ufb104" 0.758620689655172 0.658823529411765 0.145253581829132 0.758416770714182 0.118695346230559 0.0568918373440311 0.0102002293832675 0.0752098827140778
"ufb105" 0.642880138748395 0.586354415633975 0.160256421608282 0.232117930252855 0.10765345396815 0.0635322615477064 0.105221768982119 0.0716772710114531
"ufb106" 0.724137931034483 0.751622334735791 0.201434227894799 0.724010159574836 0.166376315984745 0.0785961309113939 0.0752576422097475 0.143474340111736
"ufb107" 0.708860888775194 0.6701592581393 0.1739497339466 0.353977317425909 0.121155458887245 0.0840982444946524 0.109072217619346 0.0927497245380679
"ufb108" 0.752673516058257 0.841384846828979 0.27066830140338 0.418800876868938 0.201722112411117 0.144264640368313 0.213291638362829 0.222143942788716
"ufb109" 0.681737346285406 0.708832621636227 0.222473422658445 0.171665143673316 0.150346349031746 0.0763601947090118 0.179663654972511 0.15010573944269
"ufb110" 0.699364595789725 0.718317859868993 0.190311454805051 0.428563922597489 0.147594009671886 0.0959240884390057 0.113543135166084 0.106739374103257
"ufb111" 0.720997559226903 0.772016401788902 0.240808266843381 0.255321803288244 0.172680362133706 0.0883911581059615 0.191076066690793 0.180301350370369
"ufb112" 0.666306097256826 0.623977539019322 0.164862226376973 0.284707444882142 0.111387800768069 0.0626510023759677 0.110153123914771 0.0837117107879132
"ufb113" 0.701283408495483 0.715095868214961 0.189921629723226 0.412037484409435 0.144300749560931 0.0903091820491297 0.113116349926354 0.107325994430888
"ufb114" 0.811764705882353 0.88534876637222 0.219907704752552 0.809403095577213 0.183989480052678 0.0904545385837571 0.0952130977220363 0.194193937816819
"ufb115" 0.771579105829125 0.832458745506107 0.226719279343676 0.550028849531968 0.180764281353353 0.11712917624835 0.143372145160959 0.183779284220438
"ufb116" 0.693234495007891 0.680619085696528 0.198585137149491 0.284438045195007 0.138612805570089 0.0902024361344479 0.139962889991841 0.109812080469166
"ufb117" 0.667953216728107 0.651664779998031 0.194819592870064 0.194885706784359 0.127593157073693 0.0624795912830719 0.152996674601762 0.112881831476817
"ufb118" 0.655172413793103 0.579440145218305 0.145260999245859 0.654913494484453 0.111640660933895 0.0525582731018387 0.0102088187815018 0.0453916617316648
"ufb119" 0.681725110036842 0.657559626276055 0.182964533105925 0.252424328250915 0.122674719338179 0.0572068739181985 0.135381104863918 0.101532949095027
"ufb120" 0.788725983036225 0.738364104316773 0.180765826855974 0.474865023933865 0.134157195481781 0.0838143804716551 0.110676495379827 0.108192803078378
"ufb121" 0.734939759036145 0.611154985192498 0.140904164659493 0.734778361042049 0.114424670926469 0.0551131076594141 0.00203318510595404 0.0616236011231689
"ufb122" 0.654499184036216 0.597578560063644 0.151731594210954 0.301864449725666 0.102911859923469 0.0594674661955606 0.0896232125196598 0.0771539590299425
"ufb123" 0.623220733761496 0.564032484007798 0.147617326913703 0.348372210608688 0.102644775595239 0.0604408607330624 0.0667726979101914 0.0669033628980378
"ufb124" 0.731856998444546 0.61151824709453 0.136333671320651 0.580984199954446 0.100801411293013 0.06108494453819 0.026306420166606 0.0507999252991697
"ufb125" 0.789019744276708 0.694764497341099 0.175573580295334 0.572559200419349 0.132962528145545 0.0711996812575047 0.0707781865506933 0.102269813268948
"ufb126" 0.669277278295917 0.615510567212773 0.14954911758906 0.441694790114699 0.112140023913077 0.0587666285803108 0.0687481005113583 0.0818834866312921
"ufb127" 0.755340879903217 0.702437089594994 0.189321816767405 0.441633634298795 0.139062081637734 0.0750536907412489 0.102223146692191 0.125657850404964
"ufb128" 0.709373527321819 0.648557234392588 0.169721413757065 0.336224201891681 0.114539837388849 0.065336079696551 0.104390494233393 0.0840407043795804
"ufb129" 0.686046511627907 0.594677368254304 0.14283045216223 0.685893661845293 0.109701308854 0.0517771708502148 0.00597595873573567 0.0494219991496177
"ufb130" 0.618829972989353 0.624272443595288 0.173497501369735 0.183466254805561 0.110254611654079 0.0548849917338404 0.131152022645944 0.0924480806973305
"ufb131" 0.665219969149736 0.634008431369274 0.166842036586187 0.275120376869971 0.112169927550728 0.0559095349183544 0.114646199616356 0.0870797121387037
"ufb132" 0.676025219521094 0.670687059391167 0.203485326398588 0.174064866614478 0.134247340961273 0.0582027008766724 0.163118241544784 0.122626057898945
"ufb133" 0.665881428416823 0.612474037506397 0.148365328073422 0.476565549440731 0.115063002390637 0.0587565385170112 0.0566263987198327 0.0730916321471295
"ufb134" 0.725513083628057 0.716740783244872 0.19308467567852 0.453131098881463 0.145144673166977 0.0842885105106096 0.106342179735448 0.118389829027605
"ufb135" 0.76950950007057 0.734835309617918 0.184557002110077 0.595738699814054 0.147514915080963 0.0834875128601874 0.0809821193989326 0.123318283009599
"ufb136" 0.786217770327635 0.733916802708749 0.180261946774249 0.581282313735396 0.142780706726361 0.0846731958035999 0.0919589527413698 0.117620250571638
"ufb137" 0.698101831768526 0.633036855974172 0.165315199348341 0.344753262766233 0.110305927917268 0.0677433825779495 0.107763475611966 0.0754414923967571
"ufb138" 0.648069833390408 0.623514614999655 0.16935824022954 0.252311800253105 0.109922999635764 0.0612094545113347 0.124631608284741 0.0848559644499652
"ufb139" 0.667466504843882 0.6739070946799 0.200464713760824 0.195238462847332 0.13294439433751 0.0579762826200241 0.159502965689103 0.119266839876187
"ufb140" 0.778479549203653 0.746335693860135 0.179481928914835 0.574340417005046 0.140424966100676 0.0851802968921604 0.0912771528905708 0.116013638938106
"ufb141" 0.836346857514799 0.861193268740439 0.233618217845021 0.692425331393212 0.187193475969262 0.116211228667909 0.136227518737108 0.201087701105763
"ufb142" 0.664513548486072 0.696816670780687 0.210438922282042 0.171830518114888 0.13771631733548 0.0614255296287797 0.169427314366846 0.133297721851543
"ufb143" 0.654866574115022 0.624611215471315 0.179184682251691 0.424963508341866 0.128772321782534 0.067730206216238 0.0750906236045446 0.088846150067261
"ufb144" 0.768283188434227 0.718192003361109 0.174579303917689 0.451072825721225 0.12760106854739 0.0817935013530767 0.104009377577566 0.102434944315568
"ufb145" 0.730077447139916 0.67420184596762 0.17603712781529 0.406677420493989 0.125650334761211 0.0714906418696937 0.0979231824847103 0.0989282619269063
"ufb146" 0.847148187284264 0.757994648999873 0.181698830154711 0.64180579512601 0.141991093872053 0.0769039904577823 0.0776079847705296 0.117689616338521
"ufb147" 0.632387811993398 0.644975231212549 0.186068378486241 0.183269650002211 0.120838746434666 0.0619895199285783 0.144378482997064 0.105580722360234
"ufb148" 0.72445927984528 0.6704472787323 0.181885527277892 0.384172324431451 0.127022047696023 0.0756925682191514 0.111829275342422 0.102242339887059
"ufb149" 0.642782541086069 0.660287309641367 0.192808628299674 0.172179156242598 0.125493726204875 0.0564413639091605 0.15223691411589 0.112640814576003
"ufb150" 0.680945660681867 0.601704354590619 0.157074487341818 0.406705155696152 0.109892142431057 0.0631671148216337 0.0662737172403007 0.0758045632091169
"ufb151" 0.652076365759913 0.591932537042318 0.148290479951968 0.314049703427254 0.100276932646887 0.0565491808416062 0.0813334067338983 0.0707230243509923
"ufb152" 0.732558139534884 0.811853307138179 0.196622034838623 0.732396075740634 0.163240805722674 0.0774962404573069 0.0698760672383675 0.147705381383902
"ufb153" 0.686046511627907 0.617003367003367 0.14769869530958 0.685893661845293 0.115482375903635 0.0527803937523878 0.0116214587880796 0.0615306531764928
"ufb154" 0.644157326230323 0.664435241771202 0.196679405460001 0.183273758586101 0.127164005346022 0.0632445936954122 0.155973242794297 0.116191510686244
"ufb155" 0.882352941176471 0.91690422757324 0.220166566684851 0.88223659659365 0.190198289132754 0.0951400735149989 0.0955133376901398 0.205541574138928
"ufb156" 0.686459296943926 0.63880405147099 0.164687893368122 0.345216416447529 0.111688736605284 0.0714156731784121 0.103544890670496 0.085207160414222
"ufb157" 0.726255231458117 0.697318267128456 0.172931537633979 0.470939012257337 0.12776136810762 0.0817333736031861 0.0944878466584397 0.103807922488451
"ufb158" 0.647810161481671 0.605779545492053 0.156226554229573 0.290072557991092 0.105940012035587 0.0572853210603684 0.0980917221420429 0.0792132010386205
"ufb159" 0.644950462240401 0.592963194432715 0.16219119672907 0.255114290550766 0.10864492695915 0.0652946494233734 0.10442430514549 0.0767875480542104
"ufb160" 0.679976443498801 0.72368563980013 0.221295961580784 0.197327812557978 0.149135122759845 0.0758666730100548 0.175945406719955 0.1497091905224
"ufb161" 0.709724235218926 0.655170108311525 0.160628764947848 0.438359336752947 0.120046484315425 0.0723993245762482 0.0809386343830725 0.0857428938425736
"ufb162" 0.705169900304015 0.721849971208711 0.197411596711683 0.416893694219359 0.1491889257483 0.0968650231301524 0.121237907482016 0.11978191287792
"ufb163" 0.687767455567656 0.692533680073519 0.182090061416165 0.353966371845403 0.133357577118273 0.0882124301933391 0.117842393462401 0.098039325516253
"ufb164" 0.655189110441845 0.60144724091399 0.154240142449376 0.358594718038813 0.111668327535666 0.0688866195494659 0.0737039799930281 0.0786095613316276
"ufb165" 0.696713325215652 0.684275418747042 0.195006153336121 0.285192103766427 0.136124431805617 0.088264884150506 0.136157693521465 0.103873243081031
"ufb166" 0.689863411724383 0.677759778806123 0.191770302495589 0.27346860257425 0.132051623060957 0.0842749798577154 0.138910197163263 0.101729288884945
"ufb167" 0.66943862600424 0.708628731391339 0.22148202794522 0.15439499716082 0.142933450269839 0.0599027512983737 0.182031895621973 0.145352017675176
"ufb168" 0.850574712643678 0.901768410852713 0.213089886113078 0.850470072751575 0.183462085587714 0.0904682540230317 0.0887549410408187 0.190064346539794
"ufb169" 0.801530719054967 0.70593357382759 0.157620182842925 0.684371676923528 0.126155929325012 0.0789526513462668 0.0505885657893838 0.0947249117329231
"ufb170" 0.668367138573632 0.669936268169271 0.198060991213725 0.197419691078904 0.131220419838844 0.0583792767278787 0.156404182750207 0.116438675761621
"ufb171" 0.697674418604651 0.795067397422604 0.218245387269515 0.697648291935821 0.175726210256127 0.0825521509081488 0.0936139523443039 0.140367207924815
"ufb172" 0.640527741675307 0.579563095736395 0.145839742284591 0.309466435548132 0.0985706700261574 0.0603236052633757 0.0786900045282375 0.0661693767751523
"ufb173" 0.639464407309389 0.561715813156354 0.142337913158029 0.32392280924468 0.0986862704833086 0.0554387542730728 0.0690114863063354 0.0648206348232193
"ufb174" 0.611128449906979 0.539475796740788 0.138669739057989 0.313518439219281 0.0962935825246934 0.0506137665320034 0.056976471944493 0.0545169079263038
"ufb175" 0.687189168757056 0.61963876267777 0.161250284591612 0.343331749708838 0.107157492342622 0.0646292353753489 0.103395699525658 0.0735238326422512
"ufb176" 0.644996709070642 0.582148655004476 0.142802589569656 0.449530223466367 0.109056299587425 0.0576598655376974 0.0504644365214106 0.0687488623587923
"ufb177" 0.664224544687244 0.598997260096302 0.150686371276191 0.312570194832649 0.103179310876615 0.0580922071877461 0.0885898251223289 0.0736508204130847
"ufb178" 0.67913191416367 0.713623106158787 0.216701203171275 0.183556347943139 0.146174543103351 0.0719752040741215 0.173575136419264 0.142022828579731
"ufb179" 0.662389188310143 0.676956917475728 0.190421711218803 0.218380798796166 0.127899558779755 0.0603042587434067 0.143272582482753 0.112747912423592
"ufb180" 0.660387599331077 0.691286732588025 0.209676510005232 0.142598417003801 0.138928312584074 0.0656869956535533 0.167126203412387 0.137381607508873
"ufb181" 0.667542782861826 0.708846563217747 0.220626544746917 0.148656979228345 0.144954224699501 0.0607080711026767 0.180154632570755 0.146240735993219
"ufb182" 0.638812416196734 0.588458252667224 0.157820448032867 0.229630209005591 0.103156337306974 0.0574612399376506 0.107055217366961 0.0681898658680237
"ufb183" 0.73124244907128 0.693794850964235 0.16425982964725 0.450726835267474 0.120789924065534 0.0783500632739692 0.0846751520131326 0.0904850844158953
"ufb184" 0.673403778017878 0.708208774881856 0.220496008454605 0.160207539408373 0.144964621917655 0.0608428704343479 0.180017317688125 0.146062723924688
"ufb185" 0.631828889616869 0.560277192661111 0.139336988038493 0.499801294889079 0.104082437820386 0.0526901688469862 0.0299044564267584 0.0537663565557193
"ufb186" 0.64371696753598 0.682445560319431 0.208917593671088 0.16274515731214 0.134503779357106 0.0666250830661336 0.169524704039637 0.13061337209329
"ufb187" 0.722038603482582 0.653561289708658 0.153571049565441 0.550176961054116 0.117709839020018 0.0771395323280385 0.0623928856808179 0.0857200264057489
"ufb188" 0.710577638620315 0.683457195103937 0.172773834127004 0.4141315550625 0.123418568595087 0.0801784960515562 0.107720772415375 0.097155303093611
"ufb189" 0.635141462684132 0.562995823591711 0.147679218376435 0.325163311878619 0.103036120692042 0.0556560570658923 0.0668768652760702 0.0680581941236854
"ufb190" 0.669427131715166 0.70222884165597 0.223861872561464 0.137319517059169 0.143297039013097 0.069090446294897 0.185215405195218 0.146283259239755
"ufb191" 0.652810420158147 0.684546930083428 0.210089689140198 0.148595708962524 0.136254442093798 0.0610433892817755 0.170757459512912 0.132795237093742
"ufb192" 0.71719695564685 0.776675377701327 0.246694244735215 0.274552099635231 0.176864805888567 0.088779143628426 0.194704238071509 0.190744920918699
"ufb193" 0.676750547211755 0.711375373872263 0.21434511342386 0.171501966282599 0.144498514342732 0.0735443248544412 0.17108932748406 0.140419782930192
"ufb194" 0.668101978433321 0.589801992225462 0.145510344731409 0.436436596747643 0.109385788181958 0.0600953801427226 0.0536536613577738 0.0724976331494034
"ufb195" 0.662906088791506 0.642494722876203 0.171124658513109 0.252063656595959 0.113989199841262 0.0529429590896651 0.121184632418007 0.0928179401924817
"ufb196" 0.662757764172082 0.66208208118857 0.192063740999281 0.195216593069326 0.127692115930137 0.0542036432593996 0.150098017410074 0.110916993647529
"ufb197" 0.665414920193049 0.661607602652626 0.192729755571493 0.197389197927362 0.127714435563533 0.0570401324256606 0.150096235772328 0.11131811787148
"ufb198" 0.779049730767557 0.840117576764853 0.239536692549973 0.53885921086189 0.189332498249091 0.131802085143601 0.167252714423517 0.193605443589591
"ufb199" 0.744186046511628 0.658107875236946 0.151567624963384 0.743921325179264 0.123677795237143 0.0585173068292738 0.0161080963495071 0.089149469645051
"ufb200" 0.597701149425287 0.519414109897729 0.150375687028425 0.597493557835759 0.116567319593363 0.0533823179357882 0.0161316476888103 0.0461175511946303
"ufb201" 0.673248935134689 0.712851982174928 0.215647073816761 0.171477971306927 0.146834215689408 0.0778624501301812 0.17131435782411 0.14273775270121
"ufb202" 0.657626737220844 0.590767677600132 0.149362771592207 0.317109826357343 0.101444212910205 0.0604788957193233 0.0825770329503119 0.075400516277109
"ufb203" 0.633839550347599 0.595899019493599 0.152727537092789 0.287307290874069 0.103891567801673 0.0568303621568993 0.0906920761895675 0.0780888708832855
"ufb204" 0.665910601290742 0.56937193482044 0.162884125502402 0.476317455509576 0.120075631271121 0.0593171119653694 0.0567983340408646 0.0716220181998825
"ufb205" 0.755813953488372 0.626925898752751 0.144398331425905 0.752930240139078 0.12119964703097 0.0579100430526892 0.00912561169394754 0.0742162237257012
"ufb206" 0.683036794220262 0.590528742502188 0.15080226977796 0.413008454214166 0.104761635353535 0.0680013792925407 0.0701566601500072 0.0711218730598816
"ufb207" 0.702793061308666 0.701960320122051 0.183914259252005 0.382250713644887 0.134049910450859 0.0897278359761498 0.114133674676216 0.101288346426068
"ufb208" 0.667904882390295 0.706251161208854 0.213778225708799 0.17192968993092 0.144833095060039 0.075214032611026 0.16799592859116 0.146871707936
"ufb209" 0.672700404821808 0.701598710362044 0.213208044272645 0.171897225135933 0.143900013907769 0.0744332381541262 0.168742945111084 0.14334528870807
"ufb210" 0.641963838167939 0.655290757522064 0.197005650314783 0.160252769969637 0.129537360670323 0.0595819202593507 0.156881250830035 0.119777918643459
"ufb211" 0.704064624449283 0.659942946163028 0.168472670075143 0.353591783868456 0.116881458163159 0.0765009189908449 0.0973228700883841 0.0901914426868058
"ufb212" 0.695129638966504 0.655223613137752 0.16281117225323 0.379353755157592 0.112416397796625 0.0674483687368884 0.0970813024843437 0.0907525311393844
"ufb213" 0.68234001146807 0.604411045943304 0.147788247555401 0.483944597762612 0.109461841339658 0.0656477763633192 0.0562272412329991 0.0817599790567193
"ufb214" 0.680317964863372 0.608825084161033 0.1549190430403 0.511375342223613 0.118074366901701 0.0583648591167763 0.0478238547881988 0.0844527836114282
"ufb215" 0.767986380133566 0.842871479226601 0.252695659961325 0.483578719442175 0.189665023291981 0.133101752888628 0.181654020330175 0.21688237073382
"ufb216" 0.720930232558139 0.590774751952713 0.133680873466447 0.720756135976056 0.104081454325111 0.0498059940447999 -0.0046344289220972 0.0457404263509019
"ufb217" 0.681649613578156 0.715137489790362 0.216928277282079 0.189867733811176 0.1465451502109 0.0790431781307323 0.171305815466048 0.143740441203064
"ufb218" 0.650381244508743 0.603806165611011 0.151027598863503 0.33183628992315 0.102405191143605 0.0643189169952549 0.0783086351409223 0.0736878071889652
"ufb219" 0.660838321277158 0.622096057775269 0.156705891912823 0.324207890880353 0.106561610671789 0.0654874172261129 0.0904103956074919 0.0777748360922421
"ufb220" 0.735987979839079 0.684248214706113 0.163938717761904 0.51033845307175 0.121049118319409 0.0816097316315962 0.0845406348504132 0.0935228778558077
"ufb221" 0.716692901372507 0.699920842238582 0.179977705838635 0.40724502659966 0.129454771407328 0.0835351476642975 0.11995388366971 0.0998268869680318
"ufb222" 0.614258658277734 0.541740026964866 0.146554167033418 0.367302231738424 0.103717741410024 0.0581658174726926 0.0548096933911729 0.0537985828385631
"ufb223" 0.563218390804598 0.445307336417713 0.140339943322228 0.562973569571737 0.108212305140512 0.0467294872077481 0.00451021634123033 0.0265578148480751
"ufb224" 0.742040897173163 0.825444417701062 0.259695128948561 0.409906609772677 0.195123328730506 0.138915262059165 0.20142184104349 0.203793931347749
"ufb225" 0.666263997425102 0.611362072076286 0.15701978449339 0.278890236590135 0.106433462185759 0.0585411414414216 0.0988943308132611 0.0800478892650482
"ufb226" 0.618946246817004 0.631319127520617 0.176592458329378 0.162772881068705 0.113423628524586 0.053923101212537 0.134861014106429 0.0962134446668135
"ufb227" 0.682711579401492 0.707773882770072 0.216527479225941 0.206219292176282 0.14513873200365 0.0757991355893551 0.170899016449742 0.14114425147945
"ufb228" 0.647590176469331 0.598652011271691 0.163149233626061 0.360056015274581 0.112563982288887 0.0642404740237059 0.0731887111038391 0.0839011681994064
"ufb229" 0.765774737668505 0.832937199105313 0.256033788102009 0.442218983083398 0.191937853471631 0.136781540201441 0.192164798030156 0.212230453185578
"ufb230" 0.616279069767442 0.510060627361392 0.147244851566573 0.616170016993891 0.117888703917977 0.0507148776454993 0.0124221736418527 0.0456515085507527
"ufb231" 0.730262762022271 0.706152251455748 0.175946045382711 0.452310038081469 0.12836421652156 0.0863228498002148 0.111247428625831 0.0982482583034716
"ufb232" 0.659268039351278 0.698231951381927 0.212314691293512 0.150444928311739 0.142724972124517 0.0725487269309099 0.167791803646635 0.142453534590896
"ufb233" 0.776738394782717 0.711720283046917 0.171740611185107 0.499593862002874 0.127460669985012 0.0793811436064109 0.0931839662395141 0.105989485735466
"ufb234" 0.769331771639783 0.707767903815996 0.17535628916287 0.469567874421078 0.129984386577151 0.0853755410424293 0.104777610791787 0.10369241654249
"ufb235" 0.642472345222375 0.594745347443049 0.157128187617184 0.360131559866432 0.108584833772557 0.0619452848042138 0.0663332021624527 0.0750200995223932
"ufb236" 0.815257369253351 0.757998648980594 0.183185379807197 0.559250445824942 0.140837208052647 0.0819230680973183 0.0950513538441131 0.125823367234002
"ufb237" 0.76567186099263 0.702760590195145 0.17262754957807 0.513702998033923 0.129826104770961 0.0837115184401834 0.0940833515908757 0.106355728087413
"ufb238" 0.680142832382328 0.706368859558169 0.216228287811216 0.183420328237609 0.147131040662234 0.0754294522648462 0.168989775669244 0.149867048058911
"ufb239" 0.670251756334753 0.702770260420958 0.217959059885745 0.160140064536132 0.146087859789018 0.070463724552608 0.175859961529553 0.144383297934433
"ufb240" 0.653561083580055 0.578820116054159 0.146577984494099 0.328930329190056 0.101588831074135 0.0553549499794805 0.0736140655408421 0.0699391094059532
"ufb241" 0.668413751821065 0.704051202455486 0.214344921148013 0.160343494335114 0.146270656004596 0.0732568602588748 0.169944071935412 0.14479773931453
"ufb242" 0.679850480337293 0.662549101959137 0.184973112873641 0.260947493967203 0.126459388229533 0.0571549209123809 0.138917162001134 0.104072796865945
"ufb243" 0.659707478368416 0.589536800764473 0.151479521989702 0.355821507490275 0.106325594224945 0.0630540408284487 0.0710012046651075 0.0746733638978214
"ufb244" 0.674160698646844 0.69173422897789 0.218355926110869 0.160918222636786 0.140881865566148 0.0627188581336616 0.17943363213796 0.139823549147952
"ufb245" 0.672200012758368 0.669354767415339 0.192304849078627 0.215820250366902 0.128337154610649 0.0632906332521468 0.145298683200915 0.104544887482511
"ufb246" 0.701149425287356 0.796256857050662 0.201071025075945 0.697476256446898 0.164990661924598 0.0777085460604235 0.0748370518929627 0.15371894866017
"ufb247" 0.700810490683228 0.636360112998243 0.166697986805733 0.344709039794977 0.111384419213482 0.066538281340126 0.105702674039974 0.0791842959960787
"ufb248" 0.66938230123624 0.645288560685755 0.174540391619377 0.260959721080275 0.116770805671058 0.0548655120730056 0.12479239215422 0.0938747957585686
"ufb249" 0.814336998992697 0.853460421825634 0.243045322356834 0.611620942655521 0.190470140333559 0.131146871588348 0.161441511324655 0.2059995225179
"ufb250" 0.780966545033119 0.724049979504152 0.176026033287818 0.511652905657726 0.135814404191048 0.0760016296949276 0.0874497523443016 0.117764467664254
"ufb251" 0.72671293398459 0.650509241795549 0.150669149599183 0.585887296231292 0.116304989572979 0.0663135288859052 0.0429588115477635 0.0809976393601369
"ufb252" 0.66952168308285 0.700148327252159 0.212126696681419 0.171950469041631 0.141017791521692 0.0647226147341241 0.170530350440286 0.133546978750966
"ufb253" 0.664069128706284 0.689025275538329 0.208237672009383 0.17192119390767 0.136622228623179 0.0625906780233933 0.167119943732661 0.129223154015672
