NA 0.127706 0.1714458 0.08054418 NA
0.1246181 NA 0.03674403 NA 0.1978993
NA 0.08287733 NA NA 0.08944328
0.1241939 NA 0.08811721 0.1705166 -0.03878128
0.2488312 0.2428059 0.2651557 NA 0.04027009
0.1706968 0.1747786 0.2492852 0.1078415 0.1776048
NA NA 0.004499394 NA 0.1056591
0.05871834 0.08784042 0.1341664 -0.01896383 0.0701617
0.08383637 0.05884461 0.1610459 0.0444869 0.05560619
-0.003312661 0.1269859 0.1939246 0.04665903 0.04051384
0.1577198 0.254087 0.03580937 0.08956311 0.2092806
0.1970424 0.06764706 0.06573152 0.1162963 0.08570018
0.1323055 0.1790153 0.1467278 0.04657745 0.0540343
0.04994748 0.1122889 0.016691 0.174911 0.1717475
0.09809797 0.05140912 0.02334688 0.02567783 0.03802338
0.1449366 0.09664723 0.1407517 0.09597566 0.05651402
0.07894197 0.04472809 -0.005391286 0.03353767 0.01890061
0.007219283 0.09434665 0.07683446 -0.004542732 -0.004765145
0.04683028 0.142916 -0.007143129 -0.004975485 0.01021641
0.01327524
