"quartet" "wQuartet" "cluster" "phylo" "mutual" "shared" "clusterNorm" "wNrqs"
"mb49" 0.764705882352941 0.82569598423257 0.222759296525859 0.764548867850334 0.184877352016955 0.0909048966353118 0.0994761908812832 0.176152963446247
"mb50" 0.767441860465116 0.801220679751077 0.226716108998898 0.767391174756736 0.19011797837029 0.0934549168390376 0.105244461656851 0.182251131463762
"mb51" 0.714285714285714 0.776501830187325 0.213058676746159 0.714201835341205 0.177129023480903 0.0839818302751112 0.087252788065647 0.147066493205483
"mb52" 0.778426715613858 0.803312714213538 0.214111312954344 0.556463122225506 0.166453340268421 0.109714186197414 0.129953035915285 0.138635124366413
"mb53" 0.758265987154532 0.80864069749035 0.221248786081526 0.518529220710362 0.169565040267306 0.109561680828177 0.13726965952332 0.174513985939393
"mb54" 0.774527334680459 0.755313083143272 0.209505094276304 0.588152499774901 0.163042116746753 0.0924432414303877 0.110159883278806 0.147331846308631
"mb55" 0.8 0.863256994057555 0.22004449072363 0.79988394580242 0.182512369388922 0.0907094639445545 0.0962302509774085 0.182499002478763
"mb56" 0.736443390012729 0.781086510231562 0.217744593584074 0.614161705699214 0.172591884035873 0.104877554058523 0.119051287670424 0.167510049222504
"mb57" 0.662650602409639 0.716225774508417 0.199390870041278 0.470382081916582 0.156920239250087 0.0755396880024779 0.0723943148831426 0.12633936705637
"mb58" 0.654897680917328 0.724144825198228 0.211435255204749 0.140277394641382 0.14479316482268 0.0988640359713988 0.167954026403034 0.133231907845287
"mb59" 0.930232558139535 0.9463497083038 0.24415519857666 0.930148526570378 0.214246692226558 0.10842564994176 0.125422978453787 0.240352976322303
"mb60" 0.873336732375724 0.879712667739021 0.241324978334593 0.732318568282777 0.197703051087267 0.120497979335695 0.145909676570436 0.212008822905163
"mb61" 0.842810208510097 0.877925886430285 0.196215172076429 0.767383315721836 0.159245159490028 0.101608093829732 0.0951266035594039 0.142026023868846
"mb62" 0.636671424031767 0.700870219067793 0.220019653189532 0.139531429290716 0.139816013213235 0.0634145580705336 0.181729614261211 0.147160186038115
"mb63" 0.755813953488372 0.837281529748493 0.225176610582746 0.752828535631761 0.185504840663893 0.0888531179785305 0.103463130440525 0.187795384085635
"mb64" 0.776470588235294 0.824699289229087 0.201285160213286 0.776327227167696 0.165616258576496 0.0798716353946582 0.0750862490341746 0.151818864734824
"mb65" 0.759570979730959 0.821906887755102 0.224951796065054 0.598386985217713 0.17744082399663 0.107965179117649 0.126664859855182 0.185176944032065
"mb66" 0.728028723774731 0.713946740427378 0.197446260870959 0.271183726634431 0.146463875196939 0.0881668036426864 0.110936893056622 0.139176570817192
"mb67" 0.723356161718528 0.745311408175233 0.207941997623512 0.311622921065184 0.144364525297263 0.0866097215833457 0.150751427313709 0.15240099178122
"mb68" 0.781435146094764 0.809952537065127 0.218969541081854 0.625797284457963 0.174336820459264 0.103670132902652 0.120471736887092 0.15714763727403
"mb69" 0.641572716525574 0.704397780136162 0.221528289613414 0.139536427842955 0.140092837330081 0.0718995709822836 0.183004894020822 0.150599487548964
"mb70" 0.724866297636841 0.706152352370024 0.188318003038983 0.558636783096811 0.147781751931186 0.0828535913584976 0.0859873691118808 0.110906899164242
"mb71" 0.625395100021199 0.68874093833772 0.21116973906752 0.128066803752488 0.134446853192699 0.0595530259109855 0.172660252000716 0.139246351381377
"mb72" 0.697674418604651 0.706565793028911 0.166036286352186 0.697424991566043 0.131794947297362 0.0596260269606317 0.0350327218150501 0.090210816366305
"mb73" 0.636372961875659 0.695497800162157 0.215240236796648 0.14113989242847 0.136709998165147 0.0722264935245981 0.175999455310742 0.147314512744751
"mb74" 0.753016748419769 0.78527539088893 0.212235201197299 0.449537556545198 0.156999237123047 0.0985193045146879 0.137618753477631 0.165309792065463
"mb75" 0.727229099118699 0.759029112579759 0.209612538949376 0.346273342341262 0.148928334911879 0.0968396716506272 0.148051760144652 0.156162674834085
"mb76" 0.664695960662846 0.703458337288332 0.20922430183288 0.184972167913973 0.137109043447067 0.0691091427373594 0.167743461903306 0.139027019553922
"mb77" 0.666012582993889 0.65585827092864 0.194221824657505 0.314086801122133 0.139314047063647 0.0849997016649995 0.12581045591579 0.135057936670347
"mb78" 0.687149780622519 0.728329294822312 0.204771436380167 0.175660815058237 0.139282297583197 0.0977416259577653 0.156033906101034 0.131185847439162
"mb79" 0.704662137703135 0.693826628057421 0.179748555294607 0.199689563403522 0.127138696804078 0.0808408376004695 0.109876925922143 0.117704812033385
"mb80" 0.756568678068201 0.685046220772159 0.171344346910006 0.533173653636097 0.125808063133809 0.0803547724236924 0.0824243602123475 0.109858646759427
"mb81" 0.832059764636967 0.771623103110034 0.176654038128637 0.717469642374787 0.140531434674025 0.0874184757395146 0.0731053497379137 0.127943762805353
"mb82" 0.705687303614166 0.695949209248413 0.184644377095535 0.213993175258501 0.132008636845865 0.0837734951129149 0.107445053008956 0.123373389435771
"mb83" 0.759036144578313 0.857152070166387 0.226802554963831 0.758897259413366 0.184775226337953 0.0904863097360545 0.104792495159241 0.194837944116587
"mb84" 0.82021322238608 0.840355792127749 0.196599941607754 0.693959444129511 0.155281377024048 0.103920604467936 0.110297426412508 0.133527508359655
"mb85" 0.609374217122344 0.668689474264026 0.199586703710491 0.093314785990012 0.128336693779132 0.0557517419238092 0.160282266954214 0.126597988955601
"mb86" 0.62696256372441 0.677477570748948 0.204191078653262 0.10475934747575 0.131432683027742 0.0512843160265116 0.165336412735399 0.131697373772357
"mb87" 0.676978813235076 0.728523161667828 0.209547487086871 0.15394699902429 0.14322046330684 0.0986518970023792 0.163017147628498 0.133507372573654
"mb88" 0.799001545272115 0.811385754100608 0.193540580223007 0.589430173190595 0.146069464170382 0.0994953403490149 0.117308849456494 0.123215602122896
"mb89" 0.779069767441861 0.73053994208823 0.162646744123826 0.778975732114471 0.133872874868356 0.0647593486688387 0.0311107318233185 0.106858567127017
"mb90" 0.813953488372093 0.858804117231084 0.183486128504933 0.813901468829282 0.15314074122571 0.0710732741277535 0.0552236802600407 0.138493123156776
"mb91" 0.646703030629509 0.622622115143115 0.180072556445152 0.267380008844596 0.127830618104741 0.070312376015028 0.116431987472953 0.116030119827609
"mb92" 0.678851827750819 0.692404327670894 0.196282440207874 0.253697884022832 0.129087580639635 0.0742811587464064 0.149021490023705 0.129913113380557
"mb93" 0.698071492307823 0.651825015236676 0.168766614265158 0.439899893274397 0.125050155699087 0.0723816220835579 0.0794642265334237 0.0843812147962427
"mb94" 0.702728594996017 0.66981139748042 0.175080002101857 0.313005330898967 0.12277073948639 0.0721505523497741 0.115736043562979 0.0925219380074359
"mb95" 0.601704512034534 0.661294990976266 0.192927623898187 0.0933327155459545 0.12538595808091 0.0556793200105962 0.152973387428151 0.121216233079282
"mb96" 0.624149960342689 0.683464200769201 0.209927746204409 0.119362724061667 0.131716561133974 0.0546708266222539 0.171484062464348 0.137199242107069
"mb97" 0.623088783314587 0.673034158139497 0.199051643340184 0.0954702392008804 0.12784789268985 0.0492831016585415 0.160076502323629 0.12721743710661
"mb98" 0.644729583002303 0.616041465926837 0.148462880935943 0.493774641924589 0.105943489174771 0.0597451205398595 0.0410732964960185 0.0592758851939841
"mb99" 0.825581395348837 0.864322402212564 0.180345090065384 0.825543381067552 0.151385740023951 0.0708541961983309 0.0515892303864025 0.13666378990308
"mb100" 0.872093023255814 0.894152420514459 0.17830676044641 0.872053675140098 0.152478425856841 0.0742198446747497 0.0492307088437066 0.142726233908086
"mb101" 0.695046139494444 0.687389681482493 0.175996400145307 0.177990976207907 0.121976789811601 0.0764564842368801 0.111833035968153 0.109658999744009
"mb102" 0.837209302325581 0.761242910775621 0.167283521996142 0.837127938425287 0.143277719036275 0.0702562399498347 0.0364758800303382 0.130539175493538
"mb103" 0.677672708610018 0.69649730709835 0.196764376646944 0.23168766103722 0.134537136785016 0.0800135942671635 0.149528862236422 0.126251214634675
"mb104" 0.686903717009947 0.718408001282381 0.197350153474486 0.177698176598681 0.133614086907003 0.0960878535415807 0.145800365183754 0.128006582615926
"mb105" 0.825581395348837 0.789933774834437 0.162954410276224 0.825428671306481 0.135533571368615 0.0657574599494168 0.0314667278514556 0.113964531127316
"mb106" 0.657440371102512 0.714054925084688 0.204987897595724 0.116831400910377 0.137662791908919 0.0772253089495992 0.162281369905872 0.128351390436149
"mb107" 0.694117647058824 0.798854020920781 0.211165901825137 0.686590205214058 0.171614740926157 0.0820184547893818 0.0874073343207648 0.158835363605959
"mb108" 0.660556169161531 0.718740275904989 0.20203501061711 0.153886542123029 0.136938512703901 0.0968806618871787 0.156680866130856 0.127428602240157
"mb109" 0.8 0.76299504950495 0.162700284829982 0.799825918703631 0.135146341819359 0.0653046102592037 0.0307519629887751 0.114651394168698
"mb110" 0.643114687046412 0.7147519626814 0.204543209779645 0.116831400910377 0.139682185216728 0.0789243037207774 0.161812794311892 0.127631416979624
"tnt1" 0.674124262333844 0.699429232355234 0.187472968495204 0.152335614180441 0.128944976503491 0.0811428157742952 0.135352378944185 0.116676455180243
"tnt2" 0.677135426791881 0.660845839017735 0.17873071918554 0.190216155785334 0.127996500383962 0.0744678012389549 0.10100396539045 0.110495240911949
"tnt3" 0.744002275958964 0.651395239770196 0.163890734760582 0.599865952016506 0.125627074974659 0.0772936681288151 0.058514304479748 0.103808250910893
"tnt4" 0.658823529411765 0.560667646804462 0.157095182280267 0.658775742389232 0.125950036265731 0.057919621740015 0.0239953569668179 0.0737213426873348
"ufb1" 0.702380952380952 0.591692342804976 0.134941064090459 0.702283792603562 0.102969846763854 0.0476991594180672 -0.00308552193172682 0.0472942067529637
"ufb2" 0.679106555266496 0.612827968623208 0.151680180517604 0.405879301285277 0.109267009396285 0.0662838450559288 0.0715718454281926 0.0636083580077972
"ufb3" 0.618673072916602 0.667601591411273 0.195329401754546 0.150584978750716 0.126899465026759 0.0503067891165082 0.155815909431282 0.123772453982755
"ufb4" 0.639355509720332 0.694404219428424 0.204453263330127 0.196903293356328 0.13878587145442 0.0803731717020717 0.163470642338995 0.131784302532159
"ufb5" 0.686046511627907 0.724313043478261 0.18582154149317 0.68595514396938 0.150394675952794 0.0710672012477961 0.057925952646496 0.126739180717309
"ufb6" 0.647116009443276 0.698470156348266 0.207340777809096 0.16414628339095 0.135712255300764 0.0693490132754581 0.166546716739422 0.138318611602923
"ufb7" 0.629953326033309 0.68846596056947 0.209966812383318 0.141138275228822 0.133571031021628 0.0593126760969349 0.17087179430605 0.141166666665035
"ufb8" 0.714285714285714 0.570159343312409 0.137276603052048 0.714084404818891 0.108307962855162 0.0504111703585228 -0.000377330361156091 0.0571298249951721
"ufb9" 0.672836841533165 0.626531807293053 0.162018031262131 0.391937249524786 0.117088661062023 0.0715285714005428 0.0828859176313344 0.0753494923201782
"ufb10" 0.71600066633632 0.686367715395072 0.179210733323978 0.39853497682844 0.1276134069394 0.0776535555198757 0.101391545996728 0.120206894534738
"ufb11" 0.693699395656814 0.684359001149305 0.190705165322526 0.467141366481379 0.136474977991561 0.0772823006769514 0.0880224840939838 0.130071717095029
"ufb12" 0.703530249657735 0.724952989406557 0.200358708785204 0.280282526626762 0.137767135946516 0.0799673581874903 0.146180218785001 0.141212966191042
"ufb13" 0.669364758018496 0.695068224718485 0.196271371218826 0.211062853364455 0.133757450656552 0.0785048532695679 0.150639237432132 0.126493697810286
"ufb14" 0.800012995809985 0.806049397446605 0.184342579462646 0.607032168948995 0.139120999462728 0.0896305618240911 0.0968265717228185 0.117822649791377
"ufb15" 0.775132877409473 0.788269820577251 0.192115637707424 0.529207047344824 0.142855116451149 0.0968542798773353 0.123393982915068 0.119953799927583
"ufb16" 0.690151173673548 0.619839910517669 0.157650813690323 0.439899893274397 0.116650693583147 0.0648087745252325 0.0672348544216888 0.0723286777530866
"ufb17" 0.710786089010358 0.759705892593925 0.205131491628438 0.36285222661836 0.147284823634789 0.0929393031544228 0.137479965347671 0.151611705638205
"ufb18" 0.770127129637297 0.721352493197884 0.195472538264045 0.476375832564409 0.14787237359784 0.0800018912371863 0.109270800609995 0.149366305264313
"ufb19" 0.64973022896628 0.685958943319361 0.192448622977043 0.218942776572318 0.127541460216301 0.0717095901228757 0.146596661753083 0.125658006467653
"ufb20" 0.595192678675686 0.657183358607503 0.183992676215423 0.162291963567632 0.120603281006188 0.0594493679369696 0.141942449998678 0.111527950967525
"ufb21" 0.767443330602312 0.72280956608291 0.178104261643939 0.614161705699214 0.140395439233051 0.0798129836919456 0.0743618282556989 0.122204498253591
"ufb22" 0.650486363271196 0.597862704592404 0.144497164394499 0.372625103483035 0.1026189942084 0.063233985918866 0.0718653108283735 0.05206011119177
"ufb23" 0.60722791887009 0.676163529533372 0.202210008749974 0.150708890948472 0.127578259657399 0.0564360011635607 0.163390444835848 0.133926877816093
"ufb24" 0.732480392183588 0.660832479860591 0.182807415920148 0.424733166468913 0.132068499582014 0.0701450854517749 0.0951521975235415 0.112515317074679
"ufb25" 0.718561550706471 0.618521717670286 0.154570657508484 0.552744047083097 0.114793999196635 0.0664591533981443 0.048019600284022 0.0864762279027699
"ufb26" 0.686942820326334 0.674349003011933 0.172624467991531 0.331594809953819 0.11901152259211 0.0702423452434686 0.102169234858268 0.107080937850451
"ufb27" 0.604074854474706 0.66078788390597 0.191766183834934 0.142336812195171 0.123335971655962 0.0510029267804085 0.152305485027473 0.120511356502928
"ufb28" 0.741176470588235 0.771761034908665 0.203399821821873 0.741108203413189 0.171804175275139 0.0792293541025908 0.0784216226901692 0.162066745665699
"ufb29" 0.779069767441861 0.841810314251259 0.20870155981147 0.778918377233935 0.175399998810335 0.0824860720420703 0.0844000889189955 0.168345244943927
"ufb30" 0.661811052142732 0.578182664494464 0.155529260367063 0.441095568432527 0.115471306088486 0.0519012902385294 0.0490648735221269 0.0658308906305537
"ufb31" 0.615847619813123 0.67308593781571 0.202370989106038 0.150947286603462 0.128974660875796 0.0543183925841895 0.163601015414821 0.130004040072795
"ufb32" 0.687479321830158 0.655430814040941 0.177625491060432 0.416430032238845 0.13040437599777 0.0702104137796896 0.0892811784301296 0.116195164844009
"ufb33" 0.679841728549448 0.641973900718463 0.168239955262843 0.427978762463409 0.125373130872152 0.0757369066472642 0.0789606117928239 0.0823912777264921
"ufb34" 0.63937201605637 0.660031935290244 0.189515481439488 0.197101072926342 0.120451587881786 0.0654376766993716 0.14603304513061 0.120502339700969
"ufb35" 0.752941176470588 0.620423490142902 0.137869548739159 0.752770508532971 0.109568216735152 0.0506274609085176 0.0019716962619234 0.0642208557286221
"ufb36" 0.714552782989987 0.709225762506622 0.18424614233216 0.41228135060266 0.1360849435986 0.0898346492487974 0.107318049074362 0.0975599279033223
"ufb37" 0.709302325581395 0.772879588949289 0.193150944926166 0.705715098362312 0.155691575305573 0.072963009297475 0.0664066987098015 0.127765314333385
"ufb38" 0.603620943671062 0.669000086775868 0.198524416461822 0.116630361961676 0.125887002872153 0.0521481620904064 0.159525576640952 0.126495616291072
"ufb39" 0.604113178683856 0.667216385076216 0.200110954355459 0.154478863271167 0.12453295515934 0.0536128902803684 0.161231128230811 0.12725920736153
"ufb40" 0.635294117647059 0.550805751230339 0.143790275118352 0.635044942458138 0.110997316898266 0.0498805440905322 0.00858952360085869 0.0483186407238682
"ufb41" 0.66313700520133 0.601967146938269 0.148947898164928 0.34750635794463 0.105201902007723 0.0652455881869076 0.0766939101417577 0.0601318989684365
"ufb42" 0.650108874969016 0.601283483775104 0.147267707029128 0.337393666022127 0.102374965864563 0.0643111929552629 0.0810798371891099 0.0548690869837658
"ufb43" 0.779821531542708 0.78485096133167 0.180601695072652 0.587993595197864 0.136620553407841 0.0891005149639313 0.0926628279351382 0.116973667834291
"ufb44" 0.68168569667798 0.705599135703885 0.188446486602795 0.329299369309601 0.128943855752115 0.0900687712070156 0.133482154129555 0.122234740260624
"ufb45" 0.698619343442025 0.706153376446751 0.161285453947282 0.621189874197929 0.128463561724288 0.0796841889270417 0.0552983854979301 0.0895043133875496
"ufb46" 0.720930232558139 0.606338255901692 0.135263039500983 0.720766170923119 0.104536378085753 0.0496451697474922 -0.000574554339724938 0.0471437764031595
"ufb47" 0.72941928691111 0.648242424242424 0.170169202362063 0.45470015958761 0.124315115351147 0.0667925398928176 0.081306662786621 0.0961199360854935
"ufb48" 0.732305285362097 0.692544591299885 0.180609418252236 0.364742070064766 0.128557652049023 0.0797123251054295 0.117120986384255 0.0998682391741443
"ufb49" 0.661487816442174 0.702734171214659 0.207884879311008 0.187186490499323 0.136644630443328 0.0631891613263856 0.167109480550398 0.136622241820438
"ufb50" 0.623675632064978 0.678068537511614 0.202441282040041 0.138994605850933 0.129565352745974 0.0560857035022037 0.16367472504401 0.131392473435215
"ufb51" 0.626089163030474 0.67922381428636 0.204592534958789 0.142293106928358 0.130004716441888 0.0497959044772052 0.165886734933058 0.132802529807614
"ufb52" 0.685471073833315 0.677037627975003 0.187694811964322 0.478814077746113 0.141447749954083 0.0802863287034098 0.0849731851062518 0.115689936133424
"ufb53" 0.649055076336809 0.630855588598663 0.169669684868923 0.186152929189398 0.113621901372403 0.0578454532753656 0.118964243521563 0.0887645887930259
"ufb54" 0.694499617364314 0.663857706699472 0.172995334602232 0.324633459430361 0.123225499471527 0.0747210944047553 0.10886436680355 0.0918004067683188
"ufb55" 0.694991532015453 0.650425416653389 0.172797316781004 0.487786254373997 0.127256410773108 0.0666114774814199 0.0683713436935428 0.0896377305206015
"ufb56" 0.606924982913403 0.667448688778804 0.197350853422155 0.139074318766885 0.125358409792089 0.051497319951203 0.158162219564215 0.126355167769304
"ufb57" 0.730419295902167 0.733467363624179 0.18190036236907 0.567486233859786 0.143629984153939 0.0855413565334421 0.078637085531026 0.117084714910026
"ufb58" 0.720020789761461 0.749805616063532 0.204204734746466 0.357480063460947 0.146313573878737 0.094905104961987 0.136359278925376 0.154149736241214
"ufb59" 0.698348660337258 0.710864748925353 0.192705111850363 0.27681830192867 0.13326002923294 0.0707115433104974 0.138042666355504 0.133531509701014
"ufb60" 0.687858035602868 0.690125859551337 0.190600741411156 0.25693745318319 0.128409278739651 0.0689831694908661 0.141048676134961 0.126871845247868
"ufb61" 0.60908176757865 0.669627296207787 0.192005231411803 0.173541030704413 0.125865807215907 0.0632432591388104 0.151050009474021 0.115419417390347
"ufb62" 0.643859600539511 0.65893331846151 0.16403667155436 0.288709793220718 0.11516212167796 0.0719175598098847 0.107428147344502 0.0928151103092516
"ufb63" 0.663831508904527 0.662699752851419 0.163386007324382 0.315317339191249 0.11363265485298 0.0743489004605104 0.103002708736988 0.0952797497541298
"ufb64" 0.685996219057751 0.660764598640959 0.170700099773735 0.503692013517835 0.128111287570899 0.0699372652627429 0.0654791918314126 0.097613400150968
"ufb65" 0.702148006217429 0.642383967129261 0.170226711208279 0.372605365541784 0.113300304544429 0.0715019857084511 0.099929999781416 0.0940179192508358
"ufb66" 0.66906507391076 0.611250689055676 0.161384137197272 0.306014393205871 0.107257368878585 0.063022539058915 0.0963575444195155 0.083149819894788
"ufb67" 0.666666666666667 0.777101266708657 0.204737267042219 0.662468047167054 0.161910956390689 0.0767462570868029 0.079092963262455 0.146568522508467
"ufb68" 0.755813953488372 0.610280565226295 0.140388866883056 0.755806617399001 0.115965137045248 0.054068643818416 0.0053564659389507 0.0644450890124377
"ufb69" 0.712378631121022 0.588086404770986 0.135735633745531 0.63074811845345 0.102670187529732 0.0612686176676755 0.0268973493079993 0.0574885504607285
"ufb70" 0.740241679285935 0.780200495228021 0.20260996564707 0.578135471784037 0.158674853067334 0.0967370857635616 0.102011164779186 0.149107984031233
"ufb71" 0.644702113155614 0.657958936083236 0.181482529043017 0.393140563649436 0.135460479446482 0.0775432796692355 0.0935525621465091 0.116241914039566
"ufb72" 0.576923937444817 0.55766012040246 0.154522266514001 0.197295942197792 0.106037244777 0.0580826565393759 0.0936541261722702 0.0903448197910428
"ufb73" 0.567180185533122 0.530236400610066 0.141594530940857 0.164451082397837 0.0950070180266667 0.0469567817761215 0.0835986573621001 0.0741008278521243
"ufb74" 0.710508720636428 0.658178513109653 0.175108364819799 0.443092460099182 0.12799327579705 0.0716679883163385 0.0867747361025942 0.101707552914573
"ufb75" 0.594778211824382 0.652984168044325 0.189469171570108 0.150982192573501 0.11782511476695 0.0515976142380585 0.15002771789325 0.117948601301584
"ufb76" 0.720393151476504 0.68498228400109 0.176139823483185 0.526739950998932 0.134032228142682 0.0715745006616605 0.071928091289351 0.111543709764859
"ufb77" 0.699307394425908 0.728182455345449 0.198712263459382 0.279965062507164 0.138122050487773 0.0792031109894791 0.140813701564115 0.142365206155044
"ufb78" 0.768209655172796 0.787792519849561 0.201273929767739 0.590757391377283 0.157504787713406 0.0879149334842338 0.100544485515381 0.13934858044441
"ufb79" 0.649684499673219 0.649638528240613 0.179535256782333 0.18509597870638 0.120335490192225 0.0643826325186463 0.129315051069103 0.114483387569459
"ufb80" 0.657845509614823 0.616359800446494 0.173450268355537 0.267285587966606 0.122422572052845 0.0640190250861131 0.109295695144019 0.107837449502933
"ufb81" 0.714285714285714 0.580116837054037 0.138295924599826 0.714084404818891 0.107624096667336 0.0497659988452382 0.000804631519504136 0.0580337040514845
"ufb82" 0.749411125640321 0.774271382899249 0.194689032947532 0.47702913401898 0.142151418405695 0.101545624931597 0.132101777269844 0.122153026141233
"ufb83" 0.656973043713075 0.611522238971876 0.15551221804136 0.360986427267311 0.109795004706424 0.0704446000025263 0.0838155381885233 0.0657621050308205
"ufb84" 0.757987201671754 0.773941989994855 0.191266783878978 0.507324639283269 0.139919477064766 0.0992289731673656 0.122530254900066 0.12466787329774
"ufb85" 0.633720767154582 0.627573624194348 0.153297627884736 0.275827192013339 0.106245317926137 0.0666432563023194 0.0922841278847761 0.0805399764781955
"ufb86" 0.661737926483821 0.619234446605783 0.145485329667631 0.528982022641151 0.105553426268372 0.0592660570192889 0.0377966895598311 0.0551070967330104
"ufb87" 0.797619047619048 0.79682873244818 0.158244180133686 0.797510703982389 0.129295057557676 0.0610281134713281 0.0252650700744422 0.0983594027538095
"ufb88" 0.642845287894538 0.692970245943932 0.205526434425337 0.196882392181183 0.137128532391053 0.0680149690828486 0.165254862844833 0.132289146173138
"ufb89" 0.746176574318161 0.776885229440707 0.202521294484936 0.612124665649287 0.161731949590272 0.0958637759709878 0.102039007254764 0.143712599639671
"ufb90" 0.608746663974211 0.656906382799286 0.183530475557372 0.162235892530589 0.120518830702932 0.0505347500857725 0.142132799251168 0.110547334799829
"ufb91" 0.686657530579269 0.634354094818631 0.171864409550415 0.393066494036884 0.124953999885004 0.066503614595854 0.0829012076178823 0.110589005619268
"ufb92" 0.535714285714286 0.508861622358555 0.15507387200025 0.529677338025123 0.116119776093457 0.0498313053000461 0.0212264897008131 0.0341217305299482
"ufb93" 0.734223842373891 0.733498202585218 0.205184412572855 0.470170755341765 0.155078412502049 0.0891749693594958 0.119800641583108 0.160082735476014
"ufb94" 0.577503044529319 0.569017500621729 0.1583578558316 0.174547647633676 0.105653860119539 0.0586365936327363 0.104470289242796 0.0830150508600471
"ufb95" 0.583936754694786 0.563198988363448 0.152216805339298 0.174515881659958 0.0995504918198347 0.0549021793334667 0.104136967163101 0.0690975632927792
"ufb96" 0.707892762699158 0.72267567647669 0.188812849544083 0.351096300255016 0.134836157620137 0.0760464971807358 0.119705374589919 0.134032454636146
"ufb97" 0.567557052408986 0.554639448223176 0.149462572701959 0.174601564621454 0.0980016360247611 0.0540910550256984 0.0995152862898721 0.0686919372492202
"ufb98" 0.674500324919816 0.673613171165826 0.173898466052393 0.316361316943879 0.123575358406047 0.0735292384809781 0.109610640055856 0.105831978507488
"ufb99" 0.667951979895048 0.66511774678563 0.175517538645026 0.341715896361667 0.124519272591737 0.0764197211899144 0.105390016575244 0.108263219701436
"ufb100" 0.694117647058824 0.590313901345291 0.155359057426382 0.693994766143739 0.125931137670512 0.0580195049048708 0.0219850873816218 0.0782094831292114
"ufb101" 0.696586572435851 0.689360298314936 0.174414383899115 0.350063361620104 0.120767119339993 0.0792185594661321 0.114784482359085 0.105713472613887
"ufb102" 0.601822337651615 0.657918091425119 0.186095267321967 0.162235892530589 0.119489247090299 0.0537400062390284 0.144827634350003 0.113043896495603
"ufb103" 0.628458385870081 0.657871490290254 0.189053308251571 0.127776152219568 0.125185563275721 0.0683183054900574 0.145544556244171 0.120678416318335
"ufb104" 0.67905318762771 0.712163673700158 0.192578619914288 0.309347206315972 0.131470221577701 0.0915596975796011 0.140786003921601 0.122735594201222
"ufb105" 0.665968195630893 0.641509165595166 0.17454603340115 0.211885062714394 0.115993021466005 0.0625647705086464 0.12175435942172 0.0922314701649321
"ufb106" 0.691475957047271 0.646742845981053 0.146364663606031 0.552475951116109 0.108951680285353 0.06404060260348 0.0387717610693721 0.0641912296916447
"ufb107" 0.739140776993222 0.756859780930102 0.183094067125232 0.45834516141277 0.132007323221657 0.0844255458659642 0.113708253814439 0.110144483046842
"ufb108" 0.671729305604703 0.619584691248486 0.160139876087578 0.441373745415752 0.118873435019237 0.0663133629888853 0.0699910874507729 0.0742843020946089
"ufb109" 0.780345437243771 0.733619579218549 0.191513998645214 0.488021770830487 0.143820191290263 0.0755796390679501 0.104888120101082 0.141785727825695
"ufb110" 0.657978983016403 0.690028867608311 0.198789048074538 0.184902162427592 0.129387693434517 0.0680710503171499 0.155801120323142 0.12897276893432
"ufb111" 0.568338609197719 0.560826743332577 0.151671627215703 0.178601221567122 0.101499598145117 0.0560361181951059 0.0998178984927474 0.0726900908150891
"ufb112" 0.682352941176471 0.723470243084661 0.189421335008599 0.682216406826377 0.147315751543203 0.068428310522428 0.0607458144605984 0.115864026198275
"ufb113" 0.68257078967321 0.658945261073453 0.17987982028309 0.254345018033477 0.124164594117628 0.0681566949863072 0.12735496009751 0.102560256808571
"ufb114" 0.675462702632688 0.661464142299317 0.181821199994154 0.242769248167886 0.124527399250335 0.068261807447742 0.131812162222496 0.105137930436331
"ufb115" 0.639038469401992 0.641652435928712 0.184214753330556 0.18578206204404 0.12133426565718 0.0636377236644799 0.139320767843964 0.110088424126496
"ufb116" 0.786461264086096 0.794578994717949 0.190218246373104 0.565946117855909 0.142262364828268 0.092793935222657 0.113649448503011 0.126107018748456
"ufb117" 0.614175428707636 0.639646889989637 0.183628647788657 0.150906307647005 0.118678339364405 0.0527233601539508 0.142235949135789 0.112281259311924
"ufb118" 0.720930232558139 0.596151547747102 0.130673152921012 0.720823525803655 0.0999971857087648 0.0466083124514414 -0.00588544531467957 0.0371520954010539
"ufb119" 0.731687993123022 0.583703809083473 0.134227309019607 0.607513496336961 0.0991700821493318 0.0590878850523081 0.025097741447088 0.0582936844979013
"ufb120" 0.767441860465116 0.806901866758006 0.177983405834606 0.76721911011513 0.143462339528358 0.0689432378451292 0.0488565599274712 0.115098848979238
"ufb121" 0.720451370315499 0.684234925179807 0.175161167044793 0.38392287816546 0.12549061229217 0.0790779621906553 0.105278177415832 0.0957718170789179
"ufb122" 0.686678398153092 0.652449741557726 0.166129402629325 0.317626191766216 0.116801805857786 0.071247117563688 0.101466008738402 0.084678177016061
"ufb123" 0.689851704254239 0.696217272630423 0.183655231658026 0.337350089382714 0.124924306103359 0.0848415915134974 0.124718650706258 0.117570317741185
"ufb124" 0.573475147026565 0.551287669655395 0.151483740862729 0.1856641977825 0.102753900256379 0.0511579885523475 0.0941468766142969 0.0821847447290079
"ufb125" 0.661967018748831 0.711423347191544 0.19981686549887 0.243493635899738 0.13539001522034 0.0685587673160925 0.154339414077929 0.124863594546065
"ufb126" 0.684311238120217 0.655356596316054 0.169450875715188 0.301360270094155 0.118663259506082 0.0706851551982989 0.113361941741187 0.0877797731246264
"ufb127" 0.619367498809879 0.643132019072723 0.187393439192187 0.150872314037826 0.120594719868934 0.0534672803066816 0.14673960846717 0.114292454947722
"ufb128" 0.603551079987049 0.627026523536826 0.178457016575977 0.152630860585181 0.114262328414013 0.052318819929095 0.136801503734747 0.107871771057803
"ufb129" 0.644508494849389 0.666139929700874 0.189776400713042 0.220405800922851 0.12505686172825 0.0690713525854482 0.146251187639713 0.120152583375093
"ufb130" 0.580807955326813 0.563936806518724 0.151235155137376 0.174601564621454 0.0993953593157633 0.0553719786944708 0.101391962536743 0.0696604778899502
"ufb131" 0.714285714285714 0.559117616740542 0.132480685576929 0.714143120080048 0.104372600345283 0.0480558641795282 -0.00593847213309016 0.052482743718765
"ufb132" 0.741184302865056 0.745860756131393 0.201006941070524 0.381962852042439 0.14340564026927 0.0836716967527947 0.133004372903551 0.152939990938619
"ufb133" 0.663508970831908 0.725358114452175 0.210557621711832 0.278337077361744 0.145261587289611 0.0999391903422324 0.165690608324184 0.130776952635236
"ufb134" 0.59128909014195 0.653221119854988 0.186733696533321 0.13911080178387 0.119725126523659 0.0552819066983936 0.146798110581916 0.11660860212759
"ufb135" 0.683922098465057 0.661404534087202 0.171365317083581 0.336236581906877 0.121932182612972 0.0788563337781114 0.101093019985715 0.0893305051747298
"ufb136" 0.661122624529363 0.693860662428226 0.200501610982054 0.184902162427592 0.132377148112984 0.0713755026107964 0.157605568557937 0.131329373556049
"ufb137" 0.610376106346588 0.567916014714852 0.159892123354628 0.188109406410629 0.109121018860334 0.0522438617031404 0.0994227180564147 0.090117669527492
"ufb138" 0.5675142250639 0.530388232694055 0.141662323383521 0.164401982673725 0.0950372457138892 0.0444271072526973 0.0867051929410384 0.0698111558866214
"ufb139" 0.635681268497759 0.68921578756701 0.19082244021727 0.189597509941206 0.128318832021094 0.0693648141371558 0.148336322955942 0.116051049074344
"ufb140" 0.675486782913992 0.717045208016955 0.200190246118034 0.285366468588299 0.136169331622214 0.0860276445287921 0.15116287329026 0.127640237060049
"ufb141" 0.647058823529412 0.624486524396353 0.159914274403426 0.64688132887429 0.125254948995733 0.0538040423447742 0.0266629189400689 0.0661698119407385
"ufb142" 0.749594811455191 0.763889529254461 0.182801094396028 0.500741469089353 0.134109259122943 0.08237023852947 0.105667315989694 0.11405122898476
"ufb143" 0.670688731773803 0.553785926991669 0.138516968851092 0.522990051632019 0.100666750724127 0.0564203411276382 0.0301719449153687 0.0515966807486234
"ufb144" 0.552941176470588 0.47941912869304 0.143957854076735 0.552712481434182 0.104526488160036 0.0444013142063058 0.0081755490065806 0.0204865891340574
"ufb145" 0.614020701526635 0.666821806479209 0.196802855153954 0.150947286603462 0.12317063424057 0.0497204609715216 0.157762233825949 0.125134163514707
"ufb146" 0.718800762781061 0.708541817260122 0.184165374033356 0.400471429096798 0.131434336023353 0.0801285650805628 0.107215515392537 0.105008440486352
"ufb147" 0.681362291096198 0.704651492422721 0.187732125963022 0.329299369309601 0.127193049162902 0.0886829848501484 0.132708708110526 0.120035939635406
"ufb148" 0.678595432165167 0.684320904454883 0.16539484089907 0.360902003895267 0.116174362057846 0.0777642717778407 0.100636385233017 0.0900932063378898
"ufb149" 0.653973164793068 0.68690195126843 0.199198058824028 0.185030950767935 0.12938589537646 0.0540623412441444 0.157981757734714 0.127636699619383
"ufb150" 0.617722930016945 0.583480526277308 0.160873043838072 0.237997873835844 0.113604099008858 0.0590814619357443 0.100434755334577 0.0910491777803112
"ufb151" 0.632669755778344 0.605112000749796 0.16504072905079 0.378717236415375 0.119226606607748 0.0657112483787441 0.0752643760629364 0.0996483685669064
"ufb152" 0.628989119574324 0.572932414509502 0.151340683087637 0.355359884915074 0.106347903356941 0.0611827392927574 0.0711429662678816 0.0790557851934318
"ufb153" 0.702895482619111 0.713856055375626 0.193339684951147 0.288514485008573 0.134321963410457 0.06960047722095 0.13872020680074 0.132871883475162
"ufb154" 0.686187766647773 0.703054969349814 0.191569031208092 0.268694731687864 0.130928280529372 0.0743252918201506 0.139707969101596 0.12897214460405
"ufb155" 0.659150502737434 0.690752586886704 0.194905394470266 0.20820294528965 0.131513187620285 0.0724798037123235 0.150553377711112 0.12511899775252
"ufb156" 0.661029811533649 0.696668372590735 0.201775867355014 0.196592408730151 0.134795290589836 0.0710298925682257 0.158948193493217 0.131880369890965
"ufb157" 0.691918952350403 0.65755290683532 0.149202563902602 0.497906137495499 0.109467027364166 0.0714322747031565 0.057893902115047 0.0774198972874633
"ufb158" 0.674418604651163 0.743885869565217 0.17686758481422 0.670438047509015 0.137373149357296 0.063001273150144 0.0475654596609209 0.0960995357365424
"ufb159" 0.613438966955184 0.594120468717878 0.13600994288691 0.428204267733252 0.0967725810961507 0.0635510546594195 0.0433592164818865 0.039663350531609
"ufb160" 0.740801038915155 0.766412390198798 0.200364225645485 0.483266931791398 0.151996254223359 0.0900552412537059 0.114132945751754 0.152544218209267
"ufb161" 0.691443367050352 0.715625699739912 0.194197432381412 0.325198824348699 0.132346148832314 0.0912441299832279 0.142462669892513 0.123260925186133
"ufb162" 0.643420420331631 0.653097711562875 0.183268563073484 0.187464169955372 0.118335809925863 0.0596632679006616 0.138274886060121 0.114655814162579
"ufb163" 0.744292435205075 0.730063530974859 0.188303198624227 0.454032194331877 0.142919550819303 0.0885951476865338 0.11184717577451 0.107947133070507
"ufb164" 0.720855024142114 0.64199880376271 0.182211066744246 0.511818374207586 0.138739681039481 0.0714522950151428 0.0791297919690713 0.116657375978284
"ufb165" 0.670588235294118 0.661239300334946 0.157333503061678 0.670554101706594 0.121943888996396 0.0540137831725753 0.0241041411027153 0.0695105122212367
"ufb166" 0.811764705882353 0.775238886580806 0.160098139919116 0.811662305119783 0.134285986670917 0.0643328771018083 0.0282765486676056 0.114306919363021
"ufb167" 0.845635077295555 0.831809465580969 0.179013118418712 0.788085475783154 0.147480913400376 0.0927284086566931 0.0754307966422051 0.125964239131565
"ufb168" 0.663777208027926 0.693417685527438 0.19774887994595 0.196510698221911 0.133119515048966 0.073611703821177 0.153553508523388 0.12828633799119
"ufb169" 0.646690085447853 0.675688884950997 0.193170737698772 0.173211916125033 0.126846954267327 0.0624854984677534 0.14988136683812 0.124763734859791
"ufb170" 0.694087727598541 0.642894005060501 0.1690909317048 0.358265713313403 0.116141423999086 0.0758253243933261 0.104550886694009 0.103572157560752
"ufb171" 0.675750869846222 0.643160663698907 0.180683278040167 0.267763477190371 0.125074908014411 0.0766082947892378 0.111268139353719 0.102519223155371
"ufb172" 0.635440156872794 0.658286201162964 0.186031369252528 0.129203757053152 0.123617665803757 0.0671493296217373 0.141186506269138 0.119829456038393
"ufb173" 0.583333333333333 0.462417975740704 0.143202980630836 0.583103365227136 0.10483017802038 0.0459465207905092 0.00742790715266609 0.0246391880486586
"ufb174" 0.721934310627028 0.630113455188801 0.153956301784769 0.445343651571593 0.10753125192562 0.0632248329851064 0.074030076911609 0.085546250792263
"ufb175" 0.666198822607076 0.678660509523249 0.189294041382134 0.245014499221826 0.125391644283226 0.0662538954440268 0.143239548889619 0.121483886269103
"ufb176" 0.750772957983368 0.753077316640082 0.176730412086815 0.535349824588154 0.131378687238762 0.0802938191245327 0.0885691353061446 0.111641022547953
"ufb177" 0.610730274786935 0.663145708383521 0.194496144396108 0.162125428025152 0.123006616609761 0.0574752511949084 0.15517257533521 0.124885369903711
"ufb178" 0.766483096614859 0.740308916069629 0.180447600787203 0.562259715499165 0.134266549793354 0.0750796895777477 0.0772253943930138 0.128265276009238
"ufb179" 0.676370296395456 0.692253768738653 0.19189129159836 0.243329037200014 0.131011756770422 0.0788159144019688 0.142423160969141 0.123671699199321
"ufb180" 0.676967688262369 0.645020228617131 0.181498971185293 0.247191190053095 0.12292890248579 0.0773589909305218 0.118100228535207 0.0993763248216595
"ufb181" 0.678571428571429 0.611304826573683 0.148389717753719 0.678330276605963 0.118493559804977 0.0531908937584053 0.013412733004702 0.0697137792779519
"ufb182" 0.620141743315296 0.675413301413809 0.200158096913366 0.138994605850933 0.127803611764996 0.0529677456324722 0.161280562224592 0.128952084867839
"ufb183" 0.621019363001349 0.675974964861813 0.202463894047694 0.142293106928358 0.127928382246671 0.0536313156259378 0.16365451094907 0.130373819994599
"ufb184" 0.684316845358954 0.654985425802894 0.172281583171472 0.257858225164609 0.121544841243249 0.0698840064584483 0.116328468094042 0.0929328949078979
"ufb185" 0.632183096619585 0.691586462702126 0.215307019492307 0.119342352564483 0.134145774052738 0.0576208127696748 0.177000092156774 0.142289489960278
"ufb186" 0.670094392442793 0.609880341880342 0.158583366059936 0.414248339586775 0.113198686893704 0.0671963485741569 0.0681869554037172 0.0769455735347648
"ufb187" 0.732256333190741 0.702543925838094 0.183254073399228 0.526739950998932 0.139916253790338 0.0765633723937988 0.0803267054770953 0.121633079614553
"ufb188" 0.633525776660464 0.641797389788717 0.159058966153404 0.291610904290413 0.111424280111599 0.0701233467066644 0.0984313806328502 0.0867254713573725
"ufb189" 0.717647058823529 0.787334363059914 0.195423903191154 0.717493457679674 0.159391886598091 0.0724599334503833 0.0678049564496627 0.129902978546289
"ufb190" 0.771322032662679 0.784950003649369 0.180120422975422 0.569617181116018 0.137201145170868 0.0865330605822196 0.0922737706634075 0.117493842390993
"ufb191" 0.789972620932899 0.767760441799367 0.183522199282366 0.614095127296997 0.141399424054561 0.0816071502356491 0.0804636361325586 0.130504869997265
"ufb192" 0.7240945746659 0.681167732921538 0.1691322192183 0.444958515169713 0.122372107414696 0.0726373263285918 0.0797345079314023 0.108951059225887
"ufb193" 0.679545420187886 0.7127695952412 0.192335859119163 0.309347206315972 0.130331587544014 0.0900923428339866 0.140520667008233 0.121231694056209
"ufb194" 0.680127709954392 0.694959238581848 0.183777573754074 0.333009681839185 0.126158034737252 0.0881700178194364 0.124920248719898 0.120247040115895
"ufb195" 0.672211518795007 0.718685591925029 0.197915262895628 0.290081823294924 0.133968645881501 0.0923631974484942 0.150696497292285 0.125856436334941
"ufb196" 0.639173292993699 0.645931805667665 0.177892415524358 0.199173969090819 0.117213001237073 0.0662047786011779 0.129557889117525 0.111217406762607
"ufb197" 0.625495291427724 0.662062398687079 0.190235329417947 0.141100529998524 0.124097631605273 0.0671365733802783 0.147762264803068 0.123425674491811
"ufb198" 0.629292630297255 0.680073090063536 0.204185748703608 0.139517188370819 0.13025701899715 0.0665885664779578 0.163874969390732 0.137070161077732
"ufb199" 0.658823529411765 0.595559210526316 0.155521964184892 0.658601661092863 0.126294530996176 0.0563021413177269 0.0215739163812142 0.0746831615784535
"ufb200" 0.609339430436045 0.659960190521173 0.188185446804113 0.139044913440716 0.120509678597619 0.0519284699313831 0.148681543179101 0.118085103131755
"ufb201" 0.707300465668678 0.655925392372432 0.177131333283209 0.454848298812714 0.131883733817066 0.072183722030538 0.0890143344086794 0.101750555689724
"ufb202" 0.695626087548905 0.623313930148535 0.166418264611189 0.384480319564871 0.1121640498311 0.0682710010219823 0.0879042563944898 0.0914759590354766
"ufb203" 0.624053333654886 0.646148706288376 0.182202069730281 0.139457488553818 0.121197904387491 0.0674124947068016 0.137151751226305 0.113858451031176
"ufb204" 0.629182659201607 0.678262945414819 0.201418660892502 0.139517188370819 0.126734906990117 0.0605301729040896 0.160967718889763 0.13396435955369
"ufb205" 0.587653482963886 0.534297658711885 0.150490298824096 0.279261045255624 0.106302655609702 0.0554361724337296 0.0702675936079799 0.0826805478341698
"ufb206" 0.667965800883455 0.701089435263779 0.189415593182764 0.297133654260045 0.129360729827108 0.0809348166850291 0.137409048523299 0.119131393335119
"ufb207" 0.615414535034301 0.674963842813145 0.200402923740977 0.119362724061667 0.129075948258931 0.0525447965186983 0.161495489829391 0.12921006074318
"ufb208" 0.710704779297815 0.724979536152797 0.196993292869121 0.322943086003031 0.138566770797948 0.0838544794739331 0.134449640910518 0.144068072280408
"ufb209" 0.741176470588235 0.713130749930304 0.154212221391618 0.741108203413189 0.122253553063856 0.0579131763228055 0.0204893707667274 0.0823040989604583
"ufb210" 0.709079770388719 0.76248261387392 0.205493072377782 0.386120150294151 0.148997221595767 0.0910250770061114 0.13023801564265 0.156268034440446
"ufb211" 0.699665641386375 0.670170288798133 0.177057056571341 0.374840495437394 0.122218479662924 0.0732814531990622 0.0990571652299507 0.11332436502358
"ufb212" 0.752941176470588 0.744722339974565 0.161588706988775 0.752886562730551 0.131314463288942 0.0599608574236883 0.0300010584540607 0.101294401419698
"ufb213" 0.810061881955501 0.812594205325741 0.177374753123682 0.729317142599887 0.142224088801162 0.0871675576517466 0.073585721977045 0.119765789073105
"ufb214" 0.599950048814527 0.664710381060052 0.192547875104061 0.150729124574892 0.122525624102558 0.0544816516416258 0.153129194267443 0.124159688779849
"ufb215" 0.611194610293261 0.66204287653595 0.193068074720652 0.16221091853162 0.124319018620532 0.063835942384861 0.153128773944837 0.122242592222467
"ufb216" 0.625871117619884 0.684132803543355 0.206336533245456 0.10470117845958 0.131527217420213 0.0599271038681711 0.167718089360181 0.135443629266503
"ufb217" 0.775868356939145 0.762418036468158 0.167154216235086 0.646987856949915 0.127135467356677 0.075782185450011 0.0621963577137414 0.0992444771560195
"ufb218" 0.680482371287455 0.653814316211389 0.159806143506148 0.434565562831102 0.117515375461128 0.07059046753892 0.0690380739526467 0.0900484398464059
"ufb219" 0.643082571346867 0.6664757011502 0.167329944466209 0.256912668784106 0.116194915048472 0.0736922233340489 0.113924475575765 0.0957868447955774
"ufb220" 0.67110902067727 0.675080616200247 0.173719568980062 0.284398768214974 0.121901536167723 0.0749718771909623 0.114122859247599 0.103327439467385
"ufb221" 0.655977016686094 0.618999011132731 0.146853148865891 0.505421070174447 0.104429623063807 0.0616201770709275 0.0395565305174857 0.061319478073442
"ufb222" 0.635228531068022 0.637623907043212 0.175911940318009 0.199333632178938 0.115427950943129 0.0591048976371068 0.129103833674103 0.106868734205643
"ufb223" 0.728467184228937 0.734891277811919 0.196784188488495 0.3932673650506 0.139799213464373 0.0825984012197738 0.12070423328061 0.150129645189862
"ufb224" 0.670337512679768 0.663849703143864 0.19346960261496 0.337626150966949 0.137477941908787 0.0798747285028101 0.117305610340716 0.144930310557696
"ufb225" 0.635091550273696 0.613205156363513 0.140254036441408 0.451896804020807 0.101912424798466 0.0677579934373023 0.0480358927762446 0.0565220545614622
"ufb226" 0.682557665491267 0.708882557180002 0.175447076906418 0.336991354680975 0.122200389793451 0.08607569005831 0.119717418068162 0.0973686345550657
"ufb227" 0.668190775002099 0.711859896903515 0.196164241000165 0.284701285493528 0.133770744238569 0.0850156719591665 0.14693777617109 0.122944370276818
"ufb228" 0.709544926885603 0.728683858976593 0.188437732892355 0.419007501691618 0.132631336283913 0.0971018407569488 0.130006010038222 0.116971473691594
"ufb229" 0.639450224218895 0.603863102232667 0.156584388536628 0.393758563079607 0.113595420966885 0.0665059029375413 0.0656690232555656 0.0831740841582808
"ufb230" 0.624489638297308 0.575178866263071 0.163501520160539 0.426161947341283 0.117472923490558 0.0631824066111399 0.0570708068787578 0.0808426844030709
"ufb231" 0.668620708896282 0.670438076518775 0.179024930759748 0.267138708831912 0.123687087559122 0.0777811824268486 0.123500087012285 0.112726611544965
"ufb232" 0.651173756349621 0.709564495463222 0.197868746417822 0.246570453641263 0.13462839519389 0.0842936714547505 0.15227138208411 0.122812751206161
"ufb233" 0.789709787944257 0.82203946568043 0.212315442247986 0.610207044381354 0.165089597996701 0.0953562199962256 0.112426039900863 0.176795589237244
"ufb234" 0.740553345411297 0.686054933422475 0.183143175655192 0.416357999589474 0.134006617453807 0.0692955028224627 0.09554276005872 0.132714420724457
"ufb235" 0.701431492751888 0.630514162590929 0.166418342593132 0.368717480886194 0.11733033446883 0.0642534605209062 0.0878142279942385 0.105304022340626
"ufb236" 0.617945430474896 0.577382692274626 0.151981120486 0.267174033828849 0.103440926543711 0.0653430434390287 0.0909269052638691 0.0721618609808333
"ufb237" 0.619047619047619 0.544104887689193 0.148347593191919 0.618916208701221 0.114088490692641 0.0489310569175934 0.0123651412117717 0.0481016374561749
"ufb238" 0.639898985011584 0.689093115002099 0.2074882280732 0.141110898946315 0.133358364434067 0.0630187977701017 0.167342148468806 0.141312452791766
"ufb239" 0.666267837102116 0.694939280150485 0.20194663671797 0.187351769359455 0.134510490618161 0.0683734405236472 0.15912510157425 0.131340272328567
"ufb240" 0.617277689679429 0.673262499280673 0.199742164390378 0.129531483611197 0.126804234037567 0.0482165649371536 0.160457085143171 0.130832799156069
"ufb241" 0.634984158798323 0.684515981340503 0.206335598899155 0.129287524713507 0.132705663447403 0.0624478160607301 0.166132343212962 0.138166488663555
"ufb242" 0.665826748485709 0.64407739742781 0.167771188591134 0.307672395854597 0.116476264546411 0.069352518435574 0.0969256252770499 0.100197783470277
"ufb243" 0.623529411764706 0.617133576938693 0.176053744141922 0.618916208701221 0.142503795666484 0.0618748196299618 0.0459475916832641 0.089639675186038
"ufb244" 0.603124958264549 0.556579567471331 0.151568366305257 0.255258219178846 0.0994191422755339 0.0535852877111318 0.085649486004011 0.0750271993758611
"ufb245" 0.631231428312951 0.693665276836171 0.202770535800393 0.185372640964678 0.137830541681135 0.0683231577808012 0.16235926873655 0.131175593041985
"ufb246" 0.69047619047619 0.770614035087719 0.190251559194938 0.686649625155762 0.152766487445784 0.0721003246047442 0.0623186448694996 0.133302119287275
"ufb247" 0.716994997183696 0.64412468595148 0.158695467655343 0.451854258400127 0.113165135070071 0.0707525863810114 0.0793247264035808 0.0927281627798289
"ufb248" 0.640463242105409 0.627649047372677 0.156500833464208 0.29138626999089 0.10910961795473 0.0671332239414627 0.0909265441864978 0.0845092059457114
"ufb249" 0.750630201193923 0.77477769103338 0.187296463945411 0.505645718879447 0.139105926931185 0.0978677986956333 0.118245249761449 0.114762626825287
"ufb250" 0.658825133011682 0.614353437835219 0.175072785651115 0.244831881564881 0.119514564088659 0.0695086611465701 0.105209226595279 0.0962291594593092
"ufb251" 0.685626067710579 0.621938775510204 0.169980928915417 0.493841665916336 0.129334604829117 0.0636401252839124 0.0655929922153367 0.106239853477842
"ufb252" 0.618312148976837 0.668303345119609 0.19125048024097 0.185048070323402 0.125907027336345 0.0706079406617122 0.149589796003124 0.11423150130639
"ufb253" 0.746722557525057 0.730164721106408 0.179992748479833 0.555584341492168 0.13538674402776 0.0770053169557946 0.0769385822456194 0.117713899053195
"ufb254" 0.635294117647059 0.433329948207576 0.127650215063376 0.635160996655718 0.097377207130317 0.0427575159371084 -0.00985851370091791 0.0237646852451294
"ufb255" 0.687236444686426 0.691791205118411 0.181569940531474 0.362763126758826 0.129489924039984 0.0709157388283165 0.111832446354737 0.132966218183513
"ufb256" 0.684232157664627 0.698993080341929 0.186375418167322 0.291600111395092 0.129692983573918 0.0679422499094697 0.127575362329237 0.1325393767243
"ufb257" 0.68856421156861 0.698128396055544 0.188876528958916 0.268339799968971 0.130541732679572 0.0639051085795711 0.133911329249094 0.13176307042179
"ufb258" 0.644091228573056 0.637441697527775 0.176711646140868 0.189562667282551 0.117276188619524 0.0589589470057594 0.128273354685844 0.108553889191865
"ufb259" 0.615893862309745 0.666032816832758 0.193526045278292 0.139074318766885 0.123789095579712 0.0486177547254363 0.15415066854949 0.123515211740976
"ufb260" 0.709302325581395 0.567949132449617 0.133346984572765 0.709181613565385 0.105784449454705 0.0480536869795099 -0.00279159361694687 0.0455115778125517
"ufb261" 0.659931231344444 0.667631528822525 0.16509618165583 0.283536638278428 0.114652053315774 0.0730297212391344 0.108573189286149 0.0971925943484954
"ufb262" 0.68439537749572 0.689582528703346 0.187010903488696 0.265354129849553 0.127471396747001 0.0676755975117344 0.134876133511631 0.126982013406849
"ufb263" 0.686977249410862 0.70348805913911 0.186579597911067 0.325309039284745 0.12732516841793 0.0865645810959213 0.13150031462389 0.117594570020601
"ufb264" 0.792098288880256 0.758433585514077 0.157732549141886 0.714536133894792 0.12604982434998 0.0797353384939928 0.0510113581787638 0.0898611337518379
"ufb265" 0.64014268242367 0.702326692701897 0.193092792571055 0.243356103337785 0.132900862008667 0.0837646804766353 0.147233186507332 0.117909041255153
"ufb266" 0.648587957014653 0.677131662717819 0.172244914653293 0.268263172008372 0.119895103051746 0.0753136402023789 0.121518969816604 0.0998446018172287
"ufb267" 0.655742892832584 0.647320407087217 0.160174777902958 0.307801994687998 0.111268758183365 0.0713459531607413 0.0948695099895666 0.0912859355476821
"ufb268" 0.667791491390836 0.638828662800152 0.162552485205559 0.327600789005563 0.112193952964808 0.0722723445041577 0.0912991428917282 0.0961257789024188
"ufb269" 0.708956173289587 0.61929877698518 0.163237866774105 0.424337249516797 0.115855167539583 0.0721701751237377 0.0843175554990101 0.0814281885208154
"ufb270" 0.6121388452329 0.657218470310565 0.185665269370899 0.184947562883532 0.121821928018677 0.0650026666948985 0.144937237356124 0.110934715115416
"ufb271" 0.592026394591803 0.544833899080819 0.142295063895901 0.244074195499542 0.0931112965519523 0.0556403087262683 0.0842701898008862 0.057951433083659
"ufb272" 0.802325581395349 0.674553156317801 0.138848540093397 0.811720332218572 0.116995567041622 0.0552617317362717 0.00357417622369309 0.0741225243113234
"ufb273" 0.702023507380383 0.721641847583612 0.189739545888764 0.386202505700328 0.137408592158505 0.0793167503332573 0.112901694401509 0.13754816404275
"ufb274" 0.688136616241805 0.712382710071173 0.190535435380237 0.291380276659451 0.133763848578598 0.0767689202147494 0.127436670532245 0.137553350179249
"ufb275" 0.612301677229105 0.677094406271815 0.203952672434623 0.116607095472907 0.129272639507393 0.0566820374174417 0.165090859211073 0.130971819682494
"ufb276" 0.835294117647059 0.8003003003003 0.16059624987584 0.835219023754507 0.135626946695149 0.0657055547110346 0.0288528363856069 0.118282120169531
"ufb277" 0.639172965419698 0.601755207759286 0.163698878349161 0.255335066744271 0.108961359240154 0.064325758749788 0.110142313729201 0.089032906343826
"ufb278" 0.623529411764706 0.521823097721128 0.148632375449719 0.623324610239566 0.113739902536559 0.0505106677227701 0.0141962211853282 0.0468239237992083
"ufb279" 0.693410999301109 0.692938693944857 0.179778154902207 0.449034920626131 0.134261760475171 0.0770661550273249 0.0918156366081017 0.112374110349093
"ufb280" 0.772352827264632 0.728779507785033 0.158386668625208 0.656777000898567 0.123497101008691 0.0739353465776823 0.0520908451370381 0.0931444891989223
"ufb281" 0.794468243264217 0.804539229113676 0.178562727244057 0.705756190133182 0.141175878864874 0.0852175742478894 0.0749235804869997 0.122770587056803
"ufb282" 0.697933921682979 0.628713588215823 0.152924055647453 0.400471429096798 0.106981051490382 0.0656777912766827 0.073045674211867 0.0764825881002103
"ufb283" 0.61116743963186 0.663639330667608 0.192364809417124 0.142336812195171 0.122996241003996 0.0529142146895016 0.152932736375643 0.121628127812854
"ufb284" 0.64636856141292 0.600616521378808 0.167329451438957 0.255621486474014 0.117522535852664 0.063278027839195 0.107383333639654 0.0959797335471554
"ufb285" 0.728965272060373 0.736350675127897 0.186151856794616 0.479790842791484 0.139873139477008 0.0859476931450917 0.0988247020656389 0.126070670140521
"ufb286" 0.734919628943657 0.767292251136693 0.196192242589639 0.554077950045201 0.150403337459825 0.0895509382938362 0.0945791990891432 0.149115926492664
"ufb287" 0.679738645330809 0.719593727630033 0.191716597930942 0.29589573312266 0.13392067947635 0.0791242284818737 0.128798008754322 0.136825605885997
"ufb288" 0.676757047714346 0.683815609641302 0.176738433335235 0.295683272948682 0.123674975394699 0.0784350999915253 0.120955267111949 0.106634598561344
