NA NA NA NA NA
0.2827281 NA 0.1914284 0.1294487 0.1976736
NA NA 0.0816878 NA NA
NA 0.1863298 0.05368168 NA 0.200011
0.06899292 NA 0.07323821 0.1502439 0.06318978
-0.005692972 0.04599067 0.2179315 0.06596562 0.1352337
0.06864277 0.1266802 0.1983155 0.06986685 0.03688664
0.04426031 0.1047493 0.03679098 0.1315939 0.2507178
0.2368702 0.05476809 0.1484338 0.1708103 0.2388786
0.06798559 0.1832683 0.02154502 0.01435099 0.01832013
0.04493054 0.006792792 0.07499958 0.01045248 0.1308759
0.1576009 0.2262044 0.1901451 0.04413129 0.1136696
0.2570818 0.08933121 0.03016264 0.2379245 0.05297137
0.07809725 0.08883376 0.0581899 0.05634721 0.09153655
0.06862475 0.07680165 0.06990926 0.04655051 0.2019751
0.09476457 0.03075648 0.1296037 0.1637257 0.139068
0.007292698 0.05139203 0.1170622 0.08620342 0.0483975
0.007963832 0.04306439 0.04462249 0.05368548 0.09230677
0.05088638 0.008173319 -0.001392231 0.13153 0.03852152
0.001423474
