0.1316197 0.2819882 0.1521678 NA NA
NA NA 0.08054418 NA 0.1511582
NA 0.09123813 NA 0.174427 NA
0.07138265 0.1173321 0.2778669 0.1157628 0.3115739
0.1724246 0.03701154 0.08564399 0.1082679 0.1804816
0.04100353 NA 0.2453936 0.1089983 0.06691242
0.1503228 NA 0.04445557 -0.005066375 0.1493742
0.1006318 0.04493056 0.1861404 0.04350546 0.1780803
0.05760344 0.1753451 0.06444591 0.2171907 0.1610452
0.09435079 0.1099102 NA 0.1516566 0.09313901
-0.02794522 0.09651506 0.1332924 0.1353707 0.0515293
0.1068351 0.02534273 0.2393158 0.1247168 0.02205141
0.09148206 0.1089612 0.04409036 0.1037798 0.05996257
0.05992705 0.03156779 0.05677171 0.01766848 0.0511314
0.04779212 0.09109076 0.05449147 0.04147083 0.09604174
0.05202292 0.08906219 0.04776165 0.0261405 0.1385714
0.006427128 0.05967776 0.01441525 0.0597564 0.07944238
0.01673693 0.04357438 0.02946087 0.008586188 0.008060207
0.02899437 -0.00112833 0.008545059 0.01502421 0.01087387
0.05677755
