0.05202269 0.1087504 0.05639468 NA NA
0.2325258 NA 0.08944328 NA NA
NA 0.1161096 0.3030108 NA NA
NA 0.1260082 NA 0.1691192 -0.006207994
0.09024514 0.3110488 0.1213597 NA 0.1148226
0.1871841 0.197822 0.003643696 -0.02485344 0.3221338
NA 0.1071679 0.16116 0.180854 -0.01152586
0.1037949 0.07896499 0.01087716 0.1355889 0.2717598
-0.02737897 0.09669842 0.04856756 0.06910555 NA
0.08712585 0.1140997 0.0901186 0.1569663 0.1069609
0.05017415 0.1227041 0.2134013 0.002547184 0.1007446
0.05878081 0.2427437 0.1575833 0.05979215 0.1193352
0.03280494 0.04810738 0.05373161 0.1429272 0.1022951
0.09600455 0.09091145 0.07100641 0.1382733 0.1191941
0.05257685 0.1169348 0.1217009 0.2480878 0.09800294
0.04520236 0.07763926 0.1561239 0.0436028 0.06914642
0.04133632 0.02969338 0.04098562 0.05388417 0.03691045
0.07756362 0.1363855 -0.009827297 0.03535423 0.01758373
0.0652861 0.03549036 0.06232 0.05803571 0.02076193
0.03026685
