NA NA 0.141892 0.1511582 NA
0.141892 0.1146175 0.1309624 NA NA
NA 0.1998739 -0.05996674 NA NA
NA 0.09251759 0.07882336 0.2024234 0.04608761
0.1403714 0.05584181 0.1047658 0.1455638 NA
0.09115525 NA 0.1823155 0.212705 NA
0.1066352 0.1435045 0.008609913 -0.003715939 0.1993878
0.08477337 0.05622232 0.08294989 0.2086665 0.2099912
0.08285174 0.0513747 0.1070948 0.2872486 0.03783877
0.2903831 0.04110514 0.06473568 0.1610199 0.07556984
0.08248172 0.1053521 -0.01032642 0.1823286 0.06713152
0.164688 0.1654721 0.1384271 0.2116371 0.1416665
0.1868622 0.04205568 0.1098511 0.2203247 0.08776424
0.01809707 0.03838596 0.1833908 0.0809709 0.09430942
0.1262252 0.0555476 0.08493695 0.05093026 0.1369617
0.1585004 0.01677903 0.1547279 0.05142314 0.07391816
0.083203 0.0138641 0.06034461 0.05116353 0.01267776
0.1173384 0.02525686 -0.002359886 0.08286854 0.07409991
0.03221842 0.01002464 0.01298499 0.0677913 0.02709178
0.01848722
