NA NA NA NA NA
NA 0.2777298 0.09579898 NA NA
NA NA NA NA NA
0.1503228 0.05175108 0.03871215 0.08944328 0.1789388
0.2819882 0.1238989 0.1437771 -0.06865055 0.1507364
0.05166006 -0.03383781 0.1794632 0.2262276 0.1536175
0.04393942 0.1938648 0.01324127 0.1140126 0.1531354
0.1097893 0.1197632 0.2186534 0.1684563 0.1239099
0.05724059 -0.000927509 0.09673762 0.05520113 NA
0.2247234 0.288459 0.2311311 0.0756305 0.04397707
0.2124979 0.1077323 0.09905188 0.0512678 0.1470718
0.121625 0.04904044 0.05299407 0.1130348 0.03647381
0.07929927 0.006768407 0.06307775 0.04028301 0.1017458
0.04561419 0.164661 0.08035503 0.08939368 0.08856608
0.07733212 0.05968787 0.1344044 0.06519365 0.08700951
0.08549096 0.03326352 0.04771341 0.09823603 0.169333
0.03294436 0.03210041 0.03267689 0.02993519 -0.0009361781
0.007265206 0.09231761 0.05240709 0.06023009 0.04050173
0.00989834 0.03633537 0.04042091 0.03278406 0.03411817
0.01975079
