NA 0.1942937 NA NA NA
NA 0.02894634 NA NA 0.1251068
NA 0.08944328 NA 0.1402656 NA
NA 0.1232898 0.3022467 0.02577683 0.1011251
0.0603311 0.2082856 NA 0.05437722 0.2980384
0.1560708 0.06627987 0.1503228 0.1099102 0.0620993
-0.05996674 -0.03186658 0.2518883 0.1758311 0.08691221
0.1174941 0.07836633 0.001959751 0.1976257 0.03889361
0.06133636 0.08558981 0.2066267 0.09471791 0.08890856
0.1876751 0.05962402 0.1565638 0.137067 0.1498273
0.1261934 0.07365816 0.07409295 0.1713967 0.1307827
0.01821937 0.009525021 0.06946694 0.0870209 0.04609048
0.1876349 0.0717195 0.01776776 0.2278839 0.06799648
0.2235517 0.01692082 0.0587582 0.03214842 0.2084288
0.1271605 0.1513744 0.04317246 0.0219277 0.06183282
0.02227674 0.06960684 0.1217974 0.1294372 0.004746292
0.08009566 0.04077619 0.03684522 0.01239242 0.0190472
0.06515201 0.009910074 0.001576591 0.04119559 -0.01368901
-0.006341582 0.05046907 -0.001769062 0.02541948 0.03270928
0.0135685
