0.1118167 NA NA NA NA
NA NA NA NA 0.1503228
NA NA NA NA NA
NA 0.1839786 0.1466763 0.2989209 0.1479151
0.2969518 0.08188567 -0.06485138 0.1404693 0.1210671
0.07053563 0.05871033 0.04472993 0.06512122 0.0876856
0.2819882 0.1323385 0.2170555 0.02993352 0.2945209
0.06272913 0.03939482 0.2511581 0.03078712 0.1442229
0.09083205 0.04844087 0.01468904 0.280965 0.04134447
0.03908559 0.1917468 0.02040999 0.07863769 0.04225336
0.03532499 0.07727189 0.02449956 -0.009795443 0.08246065
0.1543609 0.04071298 0.0625459 0.07085039 0.08415655
0.2339288 0.05264884 0.08029272 0.04150358 0.1516647
0.09056148 0.1243293 0.08751411 0.0318701 0.0202147
0.09904177 0.02338079 0.04620786 0.1136257 0.120353
0.0435048 0.06245986 0.04702418 0.09710499 0.09776555
0.02931147 0.01049639 0.03962277 0.05243932 -0.001208502
0.03785569 -0.001020934 0.04475263 -0.01423237 0.1000171
0.04458363 0.02211053 0.03309469 0.02526441 0.06272686
-0.01462923
