NA -0.06430864 NA 0.004316214 0.1468839
NA NA 0.2421323 NA 0.1146325
NA 0.197395 0.1405079 0.02077699 0.2778843
0.1987224 0.1231303 0.2692788 0.1098886 0.09846959
0.1551714 0.02653441 0.09531051 0.1320508 0.1309624
0.03260909 NA 0.2357823 0.06738366 0.05604219
0.1543621 0.2479267 0.07760478 0.0154598 0.2664709
0.0821564 0.08575257 0.06200875 0.1274828 0.1918857
0.1433035 0.1316796 0.2065714 0.1049763 0.05860426
-0.005458954 0.2219161 0.1536789 0.1985521 0.1364857
0.2216864 0.03757511 0.1948647 0.1467245 0.2150703
0.08247093 0.0616788 0.09665459 0.05724435 0.1328091
0.04195917 0.05134088 0.1648433 0.08864847 0.07750842
0.09709896 0.03183257 0.1508687 0.04529909 0.07643224
0.07534512 0.01827791 0.02000764 0.03731819 0.1061236
0.07829211 0.09705341 0.05385176 0.0409842 0.02334582
-0.001735442 0.01981174 0.005958785 0.1038297 0.0608084
0.04147157 0.06959684 0.02222127 0.06169874 0.02080399
0.0454827 0.0357261 0.008992504 -0.009111476 0.03959958
0.01303585
