0.1286192 NA NA 0.126028 NA
NA -0.0463983 NA NA NA
NA 0.1099102 NA NA 0.073752
NA NA 0.2170113 0.1306228 0.1980294
0.07153361 NA NA 0.2600538 0.0426659
0.03260909 0.03779764 0.1350894 NA 0.1198661
0.1251466 0.202888 0.06481949 0.03303412 0.141216
0.1899713 0.2431851 0.2108121 0.04570545 0.1549762
0.08939473 0.09418418 0.1250093 0.01595935 0.247687
0.06890832 0.07911637 0.2683434 0.1242679 -0.01320059
0.1109348 0.07837903 0.06826633 0.1125962 0.04414876
0.1167526 0.155043 0.106553 0.09438144 0.03513891
0.1593682 0.1321112 0.1357834 0.1070745 0.1497261
0.07189877 0.08564938 0.104806 0.0638074 0.01643604
0.09065766 0.135472 0.04439161 0.04398904 0.06787192
0.1563468 0.1459238 0.03668688 0.04737968 0.03061896
0.101735 0.01778514 0.04055928 0.02975572 0.01857782
-0.001989949 0.01448282 0.02430246 0.01072031 0.0433109
0.03348778 0.05725763 0.009839441 0.009497359 0.02059848
0.06115784
