NA NA NA 0.1645486 NA
NA 0.1033973 NA NA NA
0.1726485 NA 0.1706968 -0.03228712 NA
NA 0.0272547 0.09800146 0.0690776 0.3238547
NA 0.197395 0.07221568 0.01613035 0.1350943
NA 0.1345427 0.2561833 NA NA
0.1286192 0.1805828 0.2809211 0.1149259 0.2110775
0.04841806 0.08789087 0.1049108 0.07943678 0.09360531
0.1464432 0.2826013 0.3212865 0.2595559 NA
0.1443597 0.05962017 0.05807371 0.04513337 0.02027622
0.06746873 0.05492633 0.1172308 0.05128875 0.1459543
0.07568701 0.1098588 -0.0007556706 0.1206928 0.09459772
0.03922424 0.1676387 0.2583474 0.2155117 0.1203736
0.0976616 0.08900971 0.02918409 0.0751936 0.1534291
0.1410193 0.09714218 0.07772652 0.04334781 0.04769354
0.08815608 0.07634256 0.163435 0.07579988 0.1685117
0.06171098 -0.01507028 0.078243 0.1176853 0.02146301
0.08542804 0.1255249 0.07228552 0.05181899 0.02154183
0.09913366 0.02521707 0.04128857 0.0335485 -0.01427022
0.02671277
