NA NA NA 0.1503922 0.1976736
NA NA 0.08680601 NA 0.141892
NA 0.1739455 0.02375804 0.2080014 NA
NA NA 0.1130127 NA 0.05373737
0.246401 0.1656968 0.118192 0.1414219 NA
NA 0.05190969 0.1494819 0.1282185 0.03485552
0.04603955 0.1706968 0.01182422 0.1782049 0.04387311
0.1780899 -0.00618263 0.05468011 0.1220576 0.09860824
0.09095862 0.1310851 0.09609069 0.1896645 0.120679
0.0493643 0.04003002 0.0922274 0.1824347 0.1641762
0.1334616 0.1246369 0.1153014 0.06904474 0.1888405
0.01169393 -0.01068076 -0.007378804 0.05666507 0.1804114
0.07017063 0.2405095 0.2017561 0.06929202 0.01733546
0.0551399 0.08459995 0.1256781 0.1128806 0.04096383
0.1740281 0.08100993 0.1034408 0.01485136 0.1410651
0.05186069 0.05814213 0.0776774 0.03912838 0.1126685
0.02412461 0.0170356 -0.003963482 -0.002517621 -0.003976079
0.01328071 0.02850793 0.01277386 0.007703092 0.06181393
0.0289195 0.008121681 0.03582645 0.01390996 -0.008806348
-0.004988357
