0.3000303 0.2592639 NA 0.2054906 0.08654434
NA NA 0.08944328 NA 0.2940434
NA 0.1974038 NA 0.1505157 0.06204749
NA NA 0.0883095 NA 0.2455441
0.07842101 0.1056749 0.1605552 -0.05227158 0.1776531
0.07663489 NA 0.1492097 NA 0.200011
0.2927815 0.1015542 0.1827949 0.1126495 0.1150771
0.08280701 0.1586177 0.1594005 0.2441584 0.1225897
0.1961396 0.3039469 -0.008869762 0.04500525 0.07491095
0.09810873 NA 0.1744401 0.06886245 0.1513611
0.03517652 0.1446945 -0.05046022 0.08444978 0.08455563
0.1674265 0.1234933 0.03390676 0.2263281 0.03687663
0.1259599 0.04630755 0.08501003 0.06821486 0.05072962
0.1078963 0.1264591 0.1119723 0.1687169 0.1790033
0.03223109 -0.002177631 0.02319461 0.08610222 0.04598309
0.0347519 0.05515484 0.009433653 0.1677077 0.01558703
-0.005147662 0.02073852 0.08604498 0.0370545 0.03942691
0.08188886 0.01455792 0.02733268 0.02247174 0.02484199
0.09856524 0.1042677 0.1384614 0.009195648 0.04040131
0.0820904
