NA NA NA 0.3030108 NA
0.1082915 NA 0.2823592 0.09805246 NA
NA NA NA NA 0.1059759
NA 0.05475511 0.07446209 -0.02657017 0.1751633
0.07470864 0.0211769 0.2109145 NA 0.04298524
0.01116025 0.01675031 0.07814181 0.1279405 0.08448372
NA 0.1168083 0.2033977 0.0451577 0.03719039
0.2337106 0.06480512 0.1168498 -0.01188838 0.134607
0.2175225 0.06477552 0.1033973 0.1000673 0.04548649
0.05178603 0.1494807 0.1014443 0.03970019 0.1125416
0.1708865 0.05572362 0.133987 0.02836016 0.04669017
0.0869863 0.09278954 0.1086881 0.0982425 0.06471463
0.1304649 0.04768213 0.04024894 0.1694189 0.02358862
0.04554178 0.02124927 0.1840143 0.07277869 0.1122706
0.1215787 0.1249776 0.04239003 0.01563882 0.01078351
0.0458772 0.1262513 0.05226866 0.03409539 0.04467929
0.02369491 0.02000066 0.08068626 0.02633686 0.02387774
0.1214156 0.1161184 0.04634443 0.03856346 0.06832541
0.05806805 0.1036526 0.04608093 0.05941787 0.04401092
0.02152112
