0.08242767 NA 0.05835008 0.2020233 0.2021704
NA NA NA 0.1441176 NA
0.1486975 NA 0.08592557 0.1694055 NA
NA -0.0062972 0.2357206 0.1446452 0.06154408
0.05442606 0.1316197 0.0612561 0.2492922 0.1838561
0.07243128 0.05570062 0.238449 0.1203451 0.180264
0.141135 0.06079664 0.04929828 -0.05194424 0.05683662
0.1644568 0.1662693 0.03701154 0.06478175 0.07323027
0.04366917 0.09556561 0.06446863 0.2517398 0.0491623
0.0806387 0.206873 0.01268942 0.09888533 0.04821811
0.16242 -0.00830545 0.1349429 0.1215046 0.0004394619
0.2798414 0.07893158 0.01410605 0.05845528 0.1763757
0.2031552 0.09646952 0.08989586 0.05187913 0.1032823
0.06519884 0.05592899 0.07729668 0.06264103 0.08138299
0.01932996 0.02566021 0.02178651 0.07105428 0.1036101
0.05181855 0.1262813 0.06026415 0.05952533 0.01282671
0.02602496 0.05333998 0.01029588 0.03722961 0.03737946
0.007046269 0.0390518 0.06425616 -0.008428476 0.01066503
0.01838242 0.08465846 0.05612311 0.05439836 0.04927524
0.02782671
