0.2996547 0.1316197 NA NA 0.1808054
NA NA NA NA 0.1017565
0.1789388 NA NA 0.07779765 0.01004642
NA 0.1096629 0.1084809 0.2319641 0.1548358
0.2030305 0.1387616 0.1401324 0.0987363 0.1379326
NA 0.1080943 0.2235699 0.141892 0.1931577
NA 0.2342788 0.0788513 0.1751106 0.06308322
0.1795318 0.0997684 0.2621074 NA 0.1164735
0.1356622 0.1654354 0.1293376 0.1672007 0.1030786
-0.005066375 0.07789112 0.184713 0.208264 0.1167403
0.1903533 0.03326458 0.1133157 -0.004146599 0.1160444
0.04949594 0.06384944 0.2392799 0.09840732 0.2165765
0.1004925 0.05160557 0.02248542 0.03261029 0.1272954
0.03721844 0.02421275 0.04135245 0.0709144 0.07472247
0.1725638 0.06364392 0.08999316 0.0459994 0.08540415
0.04005022 0.08751581 0.08415275 0.1243773 0.1041342
0.01214695 0.01918334 0.01942978 0.01647487 0.0154135
0.006136609 0.07258931 0.04047665 0.04866721 0.03552066
0.04482828 0.06562692 0.05899763 0.02693806 0.005091229
0.04111727
