0.1246181 0.1709838 NA 0.2795441 0.2819882
0.1316197 0.1507656 0.2438615 0.2732045 0.03430578
NA NA 0.2819882 NA 0.1099102
NA 0.317055 0.318842 0.1885843 0.02753377
NA 0.284927 0.09756056 0.04169652 0.1012969
0.2449578 0.1976587 0.1238899 0.06136559 0.03701154
0.05709816 0.2101125 -0.06485138 0.1277896 0.03875885
0.06599826 0.02937873 0.0998101 0.1811438 0.1627428
0.2461285 0.1423191 0.2719928 -0.0260335 0.05631245
0.05891352 0.04082128 0.1134377 0.2139083 0.2184109
0.2042036 0.03947569 0.1781818 0.02045323 0.06503207
0.02593095 0.1144666 0.1313883 0.0427197 0.05639652
0.09514503 0.1807413 0.04743628 0.08600403 0.1632915
0.1717574 0.04839817 0.08021875 0.1008022 0.1356202
0.02955796 0.04746245 0.07988042 0.1446068 0.08982615
0.05495024 0.06372501 0.06131683 0.1095909 0.1024229
0.02637092 0.04929727 0.05565122 0.02014623 0.0411883
0.05090541 0.01468649 -0.01563532 0.07258112 0.0007209207
0.09412109 0.04662994 0.04531419 0.02205899 0.007587213
0.02426256
