NA NA 0.1706968 0.1789407 NA
NA 0.1033973 NA 0.1251068 NA
NA 0.1511582 NA 0.1269632 NA
0.2737237 0.007953855 0.2908419 0.1554508 0.1352165
0.163038 0.1343646 0.04540281 0.1209065 0.1983525
NA 0.2211833 0.2370179 0.05064829 0.1516412
0.2193009 0.0408641 0.2623364 0.2019141 0.07583629
0.2393153 0.0609584 0.08745756 0.2953259 0.07996249
NA 0.05316211 NA 0.05173115 0.04220511
0.05176645 0.1805775 0.02988177 0.06408834 0.05789694
0.006808953 0.04688174 -0.01903154 0.0362613 0.166973
0.09567474 0.1141324 0.1074223 0.1300344 0.1764925
0.04442424 0.1265575 0.009481556 0.05650864 0.0245964
0.07992579 0.01133041 0.01057176 0.1255221 0.1949428
0.08888573 0.05494137 0.1415653 0.0200685 0.04432169
0.2047085 0.1609635 0.1113362 0.113978 0.2665877
0.01807772 0.04032793 0.04449684 0.0554445 0.01326093
0.01225097 0.05129424 0.06279106 0.05427991 0.04793356
0.00504705 0.01700974 0.0126071 0.05674909 0.0002954672
0.0107599
