0.07250466 0.1413154 NA NA NA
0.1297761 NA NA NA NA
NA 0.1987224 NA NA NA
NA 0.08892018 0.09947496 0.1670552 NA
0.2338522 0.04577866 0.1271813 NA 0.1930742
0.02921461 NA 0.2156692 0.0167684 0.2830632
0.2570023 0.1066248 0.1165385 0.2017649 0.07540085
0.2178279 0.03683564 0.009612946 0.2898445 0.1468213
0.1657519 0.04890406 0.1461667 0.06346928 0.2355064
0.157335 0.3426906 0.2414268 0.09432941 0.04344087
0.07842556 0.03301062 0.07709071 0.06606186 0.1363654
0.04811091 0.1375876 0.01355695 0.03505312 -0.00293973
0.1560932 0.1831834 0.1961565 0.05113629 0.05172485
0.1315394 0.1154814 0.08220066 0.03223018 0.03283075
0.1127558 0.09643818 0.009491361 0.1468474 0.1060904
0.07309379 0.07476283 -0.002649249 0.1290347 0.04667659
0.02551146 0.03654808 0.006598831 0.02887829 0.01255113
0.04096649 0.04328072 0.01358292 0.009472096 0.01048646
0.01185744 0.05650889 0.06140481 0.06422735 -0.003544298
0.01160253
