NA NA 0.1286192 NA 0.1099102
0.2940434 0.1644545 NA NA 0.2819882
0.05620573 NA 0.141892 NA NA
0.1939246 -0.06482267 0.1099102 NA 0.1767963
-0.003467752 0.1627214 0.04022463 0.2963549 NA
0.1128325 0.04573865 NA 0.2947571 0.0211229
0.09493268 0.132852 0.001699415 0.1568692 0.1879392
0.2703618 -0.01066624 0.06966478 0.1349161 0.09077874
0.08373342 0.09460357 0.1616925 0.03657498 0.1824594
0.1495402 0.06270722 0.04003698 0.07307441 0.1575686
0.2151022 0.2473447 0.1402464 0.07197205 0.110749
0.1905248 0.1472951 0.1213205 0.07667939 0.2523706
0.0976947 0.1079827 0.02238964 0.1021314 0.0728601
0.09052413 0.0257108 0.2161693 0.069758 0.05000615
0.01092914 0.1087729 0.1115533 0.09736598 0.05450942
0.1632816 0.01098397 0.06202437 0.1029615 0.08502736
0.06714618 0.01997547 0.03302195 0.01380182 0.09799622
0.03146972 0.04607775 0.01674951 -0.02380007 0.02984029
0.06322927 0.001097685 0.035987 0.07776326 0.0625366
0.03391216
