0.1316197 0.08054418 0.1221558 NA NA
0.09328795 NA 0.1371337 0.1511582 0.06398339
-0.06198163 NA 0.1944882 NA 0.1255272
NA NA 0.06813544 0.1884403 0.1057686
0.1935249 NA NA 0.2213392 0.04968592
0.2165776 0.05394841 NA 0.1258951 NA
0.1632627 0.07938562 0.07923155 0.1086507 -0.01990951
0.1460527 0.06317069 0.05074126 0.08505534 0.02661725
0.157573 0.2022848 0.08364904 0.1953586 0.1643612
0.09194075 0.1634465 0.02577499 0.07326086 0.08932628
0.1765737 0.1911768 0.2337867 0.1790884 0.0834816
0.1449971 0.134138 0.02436255 0.1397639 0.07585344
0.08058741 0.02265593 0.03034625 0.149449 0.02151697
0.1218859 0.06515313 0.0483298 0.1079721 0.0374575
0.0478893 0.1595643 0.1348298 0.004174969 0.09150608
0.116778 0.1372874 0.04684982 0.03140808 0.1293757
0.0008306768 -0.002147514 0.03028806 0.02160459 0.009465521
0.03097434 0.01086448 0.04691968 0.01925764 0.002253798
0.0365314 0.02646767 0.03936389 0.09332286 0.08697374
-0.01009246
