"quartet" "wQuartet" "cluster" "phylo" "mutual" "shared" "clusterNorm" "wNrqs"
"mb49" 0.775930862066097 0.82091009326044 0.213157976995408 0.640267999309531 0.164580201859514 0.115757413550546 0.128497268635257 0.162253504031665
"mb50" 0.807228915662651 0.882700666473486 0.252676466957252 0.80708321779853 0.209539603619096 0.103261127541367 0.134179854904802 0.235445798808839
"mb51" 0.769029728453453 0.774063632702376 0.213911679497647 0.618901426538586 0.165895267453967 0.0945912480921798 0.114593973225059 0.145080199527224
"mb52" 0.871961039907188 0.88431100595578 0.21184682452275 0.784267693857254 0.170108041403046 0.107308611996528 0.111958060794029 0.156080497007416
"mb53" 0.675776172348562 0.72063164703205 0.228153348522317 0.131761845345242 0.146081627082763 0.0707755338083936 0.18940337959127 0.151471560578752
"mb54" 0.662650602409639 0.77581813304721 0.227110049522496 0.542912788251722 0.181858699470304 0.0867770168944944 0.10433002909152 0.155868956800062
"mb55" 0.789712864071155 0.819707724425887 0.207189442909842 0.650991067383054 0.158342406166527 0.0975076532882711 0.106523394306041 0.142023996793367
"mb56" 0.761904761904762 0.843522845275182 0.22751873603973 0.761980339096005 0.190146276789763 0.0895162697371242 0.105401727916577 0.179413569486464
"mb57" 0.784352039681651 0.765579513494844 0.220818604204459 0.664484601007636 0.174938511903035 0.112243046669875 0.122084878803236 0.152273956752525
"mb58" 0.916666666666667 0.955149283177693 0.233309587014081 0.91660748886595 0.198510390393039 0.098196614592199 0.112108020376006 0.207955390192198
"mb59" 0.714285714285714 0.77572202166065 0.217154676197292 0.714176448346481 0.16912251808845 0.0812157923138658 0.0933992749647973 0.141416512336545
"mb60" 0.668466511651506 0.711132642612554 0.218557550491444 0.178159258906436 0.144121093270978 0.0786410022409079 0.179010434619725 0.141428104418641
"mb61" 0.751988608589846 0.784711009502036 0.209222439171596 0.568543952245333 0.162360240671992 0.107004566191899 0.123605305273821 0.140495686573315
"mb62" 0.715751484222221 0.735607982632804 0.226345495654874 0.288044407946999 0.158885884780008 0.10045881677605 0.142702160632307 0.170349034066483
"mb63" 0.797619047619048 0.833845933767256 0.219673150477901 0.794899613327127 0.176643255970615 0.0885268434712101 0.0963158799943733 0.160215596610135
"mb64" 0.710017720244014 0.692910622367805 0.199258729343782 0.227837376939369 0.135206587933131 0.080207211571698 0.130510476376255 0.134826584969774
"mb65" 0.855421686746988 0.916048997425295 0.20325578605417 0.855223256466207 0.168468551672056 0.0812063458536457 0.076999282918688 0.159471845560242
"mb66" 0.675 0.757718318141723 0.205367957253123 0.675069987631748 0.160332130313828 0.0762058676384856 0.0762069673604122 0.140844421764428
"mb67" 0.664050473842983 0.70237053371464 0.212822778463322 0.201693409634557 0.139565568693484 0.0741652185524412 0.172562987222499 0.136182327496046
"mb68" 0.685705471353924 0.724124074667029 0.231540616190138 0.144933763591821 0.149369136555826 0.074204174801798 0.193178491413372 0.155051435968132
"mb69" 0.722946132945894 0.707259035707549 0.202602368797543 0.47097727045616 0.14914359758346 0.0994554653555098 0.11630082707208 0.128220805200482
"mb70" 0.771441764638571 0.816936404539655 0.203106700266494 0.69912893915385 0.163426954021274 0.103179096061846 0.102214231851494 0.150132566575742
"mb71" 0.714261504356253 0.739687532485824 0.199325231739447 0.364377987162542 0.141342703294744 0.0928417506089137 0.140870423592089 0.137296947831895
"mb72" 0.808862615890006 0.796720165503169 0.202963194571649 0.569864541540065 0.148035672211769 0.101875218161872 0.127229137876908 0.132683255923345
"mb73" 0.674198110105603 0.720642048359843 0.230672179204696 0.166303919336908 0.150519258684772 0.0807171449464549 0.192263043724558 0.153532179256382
"mb74" 0.719264652170002 0.743392897839978 0.199059337536348 0.375475983730595 0.140965484737985 0.0933391611725844 0.136138327348393 0.144420173957509
"mb75" 0.692133907817543 0.698797275613161 0.206552031144095 0.167617636023488 0.132532399587735 0.0667093804854393 0.161885106572212 0.123719569719675
"mb76" 0.657142944080667 0.686559431652686 0.201332464570037 0.236398822195288 0.134131832869574 0.0746992955925286 0.15848484940931 0.12605294723079
"mb77" 0.758588750737082 0.797091341186196 0.209168151266576 0.609645034677591 0.1644528353452 0.091978808202979 0.108927768724074 0.150204508396127
"mb78" 0.797619047619048 0.807099745870394 0.174772401027764 0.797508891712879 0.142243411165894 0.067807687241461 0.0443170358186397 0.12553066615045
"mb79" 0.671574043359281 0.716010350576427 0.22304772848118 0.168213665020686 0.146897076917106 0.0712291815514912 0.184042164704553 0.1465727872935
"mb80" 0.703678177808152 0.697201506791909 0.20313155751162 0.191557176147856 0.136976693484116 0.0781567642534243 0.153393347337433 0.121192593476478
"mb81" 0.771084337349398 0.825111406457666 0.197892200582422 0.768044905654933 0.160637003954511 0.0754005447678691 0.0699845855727804 0.141212177023538
"mb82" 0.740913922059154 0.7296300314636 0.18205838755858 0.562336877296572 0.139928998896369 0.0794474982953986 0.078317573671768 0.124407093191533
"mb83" 0.686746987951807 0.660710996500276 0.165354529666946 0.686675034184414 0.12990649024603 0.0594317091261459 0.0328211073110539 0.0801231306711296
"mb84" 0.804878048780488 0.786643298588691 0.161302567178819 0.804690910099426 0.129185901258037 0.0623630462794387 0.026233938118242 0.103326179809068
"mb85" 0.695459078139848 0.689696285140562 0.201750013950872 0.242522701205682 0.137359459737815 0.0792593608131987 0.125813791368761 0.140121717042109
"mb86" 0.75609756097561 0.814144958833851 0.197114898684719 0.755923771459453 0.156125837547325 0.0758764212977917 0.0674830033085247 0.150353790828784
"mb87" 0.834481100532616 0.763858379635612 0.163203958561017 0.710958897489419 0.125826440671861 0.0745905407269439 0.057336467102326 0.105060280910396
"mb88" 0.671444996657399 0.647635795391953 0.168335921862312 0.343760255179265 0.113959442895235 0.0723888729338245 0.107546370196588 0.0954503648105766
"mb89" 0.751789017225667 0.746374714639401 0.183851743354056 0.53900230668648 0.136023297289578 0.0861192851414253 0.0956714062687025 0.108858157405071
"mb90" 0.707841326507253 0.68344025225617 0.181391314345077 0.391235406672785 0.128126281023436 0.0830400091475296 0.111324731388018 0.103645012403238
"mb91" 0.673804876024112 0.651476465080104 0.170676722589571 0.36575645581683 0.118994571807526 0.0754455945905006 0.105469678816525 0.099863375997204
"mb92" 0.692976527579548 0.697487391020753 0.204734126745869 0.167641291089831 0.134010899061256 0.0701203223474379 0.158619662381024 0.122756620905004
"mb93" 0.67387805133623 0.709484304599155 0.21958372008289 0.131759765616471 0.140236271353818 0.0658786527444466 0.180087473933379 0.141736648834568
"mb94" 0.69294421025634 0.69738004076307 0.205615212018833 0.155631224094107 0.131065398135811 0.0651522567066995 0.162022218769076 0.12362373480372
"mb95" 0.75609756097561 0.814335229873782 0.202860730915184 0.756044076979299 0.165373398285614 0.0793241715213066 0.0741565437768532 0.161853406197067
"mb96" 0.695551991147344 0.688398766582454 0.17645880008531 0.416421386750686 0.131129887480832 0.0716943930934563 0.0979644574614206 0.108228087827228
"mb97" 0.719060933487627 0.703867761452031 0.204296138743731 0.26677497132625 0.139698622873134 0.0786413858240614 0.128498303072163 0.143425487833595
"mb98" 0.804806308469416 0.778720009455147 0.188489562512172 0.614285618514235 0.143853012331596 0.0758969688353222 0.0856686544717621 0.136978972752811
"mb99" 0.725771351927965 0.657662458781601 0.155316530615437 0.586243748437966 0.117999916132757 0.0652982756983967 0.0483484316740176 0.0797571594644642
"mb100" 0.77273407601426 0.720693417383925 0.181788536233806 0.55934661037096 0.133817212425974 0.0681790420908194 0.078412256867051 0.120819806900417
"mb101" 0.701361939023283 0.713331196740169 0.188280877818526 0.337260058352328 0.133268927936303 0.0787890426368288 0.132538129329575 0.125101297825864
"mb102" 0.698223221714807 0.687969156295485 0.197484082635626 0.17955015147783 0.130931832548381 0.0704158303141792 0.149353582705679 0.114550067438161
"mb103" 0.795180722891566 0.786928333625372 0.169642682437767 0.795077927092507 0.137666814971403 0.0665646477095351 0.0379502199206793 0.110221275442419
"mb104" 0.706403619540899 0.695253903848518 0.200777766854963 0.181700999530992 0.133875963955271 0.0709674815979794 0.152821036711723 0.117560827745064
"mb105" 0.678571428571429 0.633466914280129 0.155977416046355 0.686675034184414 0.120015780090491 0.0539655551680438 0.0225508624851888 0.0660480462222886
"mb106" 0.771084337349398 0.70391061452514 0.153754967590163 0.768059176406678 0.123501430513192 0.0574348186772912 0.0185118087664188 0.0862463154580333
"mb107" 0.755676411670463 0.784797494396168 0.200853038376453 0.521329402243074 0.148922399896732 0.0999467452228856 0.125117359318078 0.147651237528108
"mb108" 0.831325301204819 0.762618070794772 0.155631500108615 0.829051909433844 0.127309484326378 0.060977100892879 0.0211453593691632 0.0996978788812644
"mb109" 0.688997311371726 0.700134470570155 0.211210337725393 0.143749304569018 0.135017229418061 0.0666593123395736 0.1703258330036 0.128308436803267
"mb110" 0.67474210016846 0.690497645619956 0.205262371588733 0.155623795891296 0.129191526200322 0.0606867251883231 0.163405152427363 0.127201876144341
"mb111" 0.75 0.809081803005008 0.194992641789851 0.743774097516356 0.158701126768696 0.0769947006819748 0.0677337752151882 0.148796131092258
"mb112" 0.650806631264555 0.676441929686623 0.195998310486107 0.248196630491296 0.130180222680881 0.076765301887863 0.151899038046029 0.122034258001423
"mb113" 0.680806315956316 0.702245841813113 0.212245044827281 0.145341996698585 0.133294855169224 0.06020061611857 0.171415491629627 0.134984558919331
"mb114" 0.678648223614282 0.659310251356739 0.170056868206642 0.343775982804611 0.11827542414543 0.0754813472355868 0.104884234521634 0.086016632266456
"mb115" 0.820225744424842 0.730492008774679 0.159974001198378 0.595758651879591 0.113334180678904 0.07222006125869 0.0693387169617721 0.0978675375312521
"mb116" 0.64408296163987 0.656174181608299 0.183055424770816 0.271990636160805 0.122656889600312 0.0720970866741602 0.135713742913175 0.110331273373029
"tnt1" 0.848303040022475 0.839540250690076 0.204685109677423 0.6650829566238 0.15477130705685 0.10535867584718 0.118819274739149 0.139019402867138
"tnt2" 0.710931314165047 0.683646085347755 0.186994385600453 0.409145012114417 0.132820392506557 0.0836073551355959 0.109657626013575 0.111678555034167
"tnt3" 0.660047556303682 0.669957898508532 0.186073663668752 0.234624297634717 0.127288329625132 0.0794503710647253 0.135396791093696 0.115544470382161
"tnt4" 0.673117177688262 0.654523227383863 0.168713887143513 0.37413523935098 0.119556557112001 0.0721389276649956 0.0973398927098687 0.0983380686149292
"tnt5" 0.667310296372482 0.643444015444015 0.165210630021426 0.349712694493738 0.113722135524149 0.0730589487533121 0.0995390736562107 0.0942601539488244
"ufb1" 0.715426210692386 0.737015409297186 0.191770963413486 0.374155225318407 0.13578364836633 0.0861334420468027 0.122552437925235 0.141032449695514
"ufb2" 0.656582283807632 0.687306103539194 0.204238366910954 0.189610529656669 0.133300870975771 0.0666127549589928 0.163003873321812 0.129200985023627
"ufb3" 0.680256947766683 0.686212417525169 0.202549996076516 0.180521163699419 0.130555781494731 0.0644580291619783 0.1605486768476 0.119364452344042
"ufb4" 0.611664697613907 0.609960248665734 0.163915018049914 0.237782119745405 0.110226465117684 0.0618762956174799 0.10939289713307 0.088716323504982
"ufb5" 0.615000317588556 0.614945344615551 0.163751146748742 0.243347147988189 0.109571168633791 0.0619187591523973 0.111606828103535 0.0879147893143924
"ufb6" 0.675299120310357 0.648962826042308 0.180119478810387 0.261670499842626 0.117064819549048 0.0693570156255229 0.12010176554697 0.108296466914858
"ufb7" 0.689600675288564 0.690864271588044 0.182250858781359 0.421645464930295 0.135337576122555 0.0805970512327401 0.104287600935113 0.112038867205486
"ufb8" 0.629233532899799 0.627684226538201 0.176988204260487 0.178191935871833 0.111950170323759 0.0578298832489036 0.131839044459247 0.0985963085581502
"ufb9" 0.663569302913573 0.6355819165431 0.173523723842987 0.261642605803138 0.109874688470506 0.0666628831704538 0.11662138425278 0.0988061837103866
"ufb10" 0.675460415265286 0.658533790751437 0.171465875074077 0.378090389034996 0.121850567984177 0.0775338599998684 0.100402745578785 0.101491999791242
"ufb11" 0.703068691885932 0.680508357507943 0.171427321413637 0.5137230291189 0.125154134020128 0.0705188802692193 0.0663381527817124 0.103840857252243
"ufb12" 0.693122580305214 0.687437368174921 0.178458394343731 0.454306195644429 0.13412055969674 0.0785328640095525 0.100213936040819 0.104231903072765
"ufb13" 0.668469053045719 0.650016791517885 0.167915725780867 0.367003985115175 0.11958374552672 0.0732378888949069 0.0965218052069541 0.0977960875139961
"ufb14" 0.696876354730183 0.700867180301875 0.206985115183612 0.204583795630073 0.132440563029306 0.0650984086956012 0.163468763402822 0.126193481417531
"ufb15" 0.667282396362191 0.710312539760242 0.220223163462453 0.168213665020686 0.143911456884169 0.0712350159219376 0.181070463556597 0.143922495202319
"ufb16" 0.714338868252553 0.774530675440294 0.224592221896659 0.520396569527617 0.167303873219982 0.0983352572475655 0.126349918687 0.170008370983133
"ufb17" 0.707317073170732 0.727168856606545 0.170290868095431 0.699789546396184 0.133209695936831 0.06228654118924 0.036875098737043 0.101959583692115
"ufb18" 0.695114301776721 0.695311659494352 0.202697462843426 0.204598827309431 0.131658605984469 0.0593158821212334 0.157815556239883 0.122592568977416
"ufb19" 0.706939674440414 0.689271801185574 0.197000643873638 0.228556943330736 0.131036502633031 0.0614307527015223 0.150440478333355 0.116143095627674
"ufb20" 0.674698795180723 0.592461979281463 0.14451383611528 0.67449007873614 0.109805184206371 0.0505422120926501 0.0086711183293528 0.0414700050251153
"ufb21" 0.704783536909291 0.687112655123727 0.195865019942402 0.225600192253406 0.128922772589499 0.0633937661275522 0.149236269571591 0.112740516577846
"ufb22" 0.667615601875595 0.700853107734211 0.217598780435009 0.14267398583626 0.140777821846121 0.0659003767438599 0.178666820731742 0.141153466146025
"ufb23" 0.683093925299905 0.625689023337969 0.171642320620932 0.374949826828734 0.123312589925295 0.0722266660212224 0.0928037492287907 0.0928858454938564
"ufb24" 0.688636629036619 0.631673163839718 0.161991144836154 0.380009760265203 0.1058775515274 0.0655782741668782 0.090351711983294 0.0845399506295932
"ufb25" 0.647846694041403 0.665694509643332 0.188449304082024 0.224192070633397 0.12445921080703 0.0615532870883793 0.143935970708483 0.117239623307485
"ufb26" 0.792765164106626 0.785880315391277 0.195240295695714 0.569522417375864 0.142446567242031 0.0926455991098732 0.108354755420291 0.130457370378575
"ufb27" 0.690985951307832 0.627152358413579 0.168015151271244 0.384420887869767 0.119114811517664 0.069987667152259 0.0886431177819188 0.0893797830001332
"ufb28" 0.694798228285506 0.674110889208371 0.191195454115754 0.28537919406578 0.128302971541451 0.0757479460162112 0.135507979769235 0.112300020538782
"ufb29" 0.72289156626506 0.780032260803124 0.193854991781802 0.719381436795499 0.152439895283791 0.0692514426761344 0.0657614668736799 0.119847819459852
"ufb30" 0.684460972409203 0.658924244871588 0.175921228680162 0.428441289614857 0.124945170252118 0.0679893411332836 0.0871513242349687 0.0949736531661136
"ufb31" 0.742969840992251 0.766268642774854 0.193554692983459 0.485385436626739 0.144974182887917 0.0891914579778935 0.117127344969454 0.140637535747342
"ufb32" 0.670731707317073 0.659379063719116 0.175007426530138 0.662494430326995 0.139306386596032 0.0638761591817649 0.0432488595707989 0.101124119540745
"ufb33" 0.71367012853574 0.739714715563951 0.191377131596411 0.37377885792863 0.134407809924991 0.0863947336408068 0.122155983710903 0.141114511869591
"ufb34" 0.660477667697532 0.701759095678675 0.212579159447411 0.177809550397454 0.13942869807493 0.0655894475002769 0.172729490107431 0.136812179624651
"ufb35" 0.67655167759421 0.647243571353074 0.174792612693372 0.415983505346214 0.126405744134743 0.0771951251892655 0.0856110615916881 0.101406919297774
"ufb36" 0.647305067834408 0.643748954907753 0.182377292867485 0.466984330536275 0.138013315217363 0.0767849605374927 0.078844860249279 0.0935072943023807
"ufb37" 0.682843486114936 0.60348425131653 0.14820147914898 0.544896671508156 0.10955436259604 0.0631143816667152 0.0400246897335802 0.0687774042118298
"ufb38" 0.74970519131646 0.739898295766905 0.188000659092116 0.4564890043456 0.133812799377699 0.0902864132887676 0.118360561180864 0.112055802074876
"ufb39" 0.699883958220346 0.72503184785182 0.193500442511237 0.333201551929857 0.136048868744687 0.0894984370661838 0.138157347043339 0.129559821886147
"ufb40" 0.661732870789501 0.644183240571362 0.168249478513424 0.299509625357465 0.113358941338994 0.0688836271720758 0.10287309979116 0.0885916961344489
"ufb41" 0.645227660136879 0.634561066358655 0.161801325195764 0.308020794048911 0.107433787473073 0.0694703877545491 0.104167610732928 0.0873551400822912
"ufb42" 0.671026304212563 0.676745565997716 0.200150759741206 0.177938205967216 0.128955327211315 0.0637839942887941 0.158693015548941 0.121101801738008
"ufb43" 0.68697463374837 0.580035418699628 0.140704247672355 0.535567573163485 0.100133825026596 0.0573717033683517 0.0321372064060254 0.052145904654292
"ufb44" 0.634142565165262 0.609345717363873 0.170039336145276 0.189809314126681 0.108016271926923 0.059774313977754 0.121937188378752 0.0918055955147184
"ufb45" 0.630467168134179 0.603893220765302 0.17226807635654 0.204069569366401 0.109271766696055 0.0696099905573169 0.122656035433335 0.0939390678155604
"ufb46" 0.650142241730744 0.602099220041173 0.171180132090751 0.236486317808236 0.111345374037788 0.0720578582818167 0.117054557193952 0.0925990199089951
"ufb47" 0.690927620245769 0.649409868508299 0.179353161309832 0.276587623935043 0.119563549907103 0.0674666073397192 0.114762522389074 0.113577631586086
"ufb48" 0.749787386591477 0.727366997610757 0.18212201235999 0.439034012545473 0.126569159783747 0.0839926690376699 0.112055430238331 0.105434758021963
"ufb49" 0.695274821482898 0.680236144480113 0.194262507135474 0.237457907916433 0.126538756722447 0.0680453992552531 0.147561245492736 0.111853603388708
"ufb50" 0.699001435589961 0.6836744021773 0.195992740757907 0.240333678674303 0.129679393729079 0.0715020988172006 0.147772798327707 0.114802167767581
"ufb51" 0.673162203797634 0.715637509215592 0.228116476302863 0.156491548342036 0.147708552162428 0.0787653447685296 0.189706152669357 0.152693272800903
"ufb52" 0.700122726285978 0.663285559030772 0.182781945804304 0.288541735891158 0.12339092429827 0.0714002128090528 0.118383533624312 0.111760743385297
"ufb53" 0.679373974703388 0.642755753486401 0.176951243839794 0.291534114329724 0.1197968591179 0.0642589404710974 0.106293087530853 0.107794620673021
"ufb54" 0.694210419363736 0.707189898289659 0.189602272287823 0.317524431869518 0.133065402137883 0.0818345464472978 0.139152772204036 0.121340144534853
"ufb55" 0.706794787327766 0.710849994766042 0.18352435626158 0.380253965500346 0.128340337144495 0.0852002707009694 0.119308876801609 0.105011503784536
"ufb56" 0.707317073170732 0.626754748142031 0.139311312263561 0.707066443379512 0.107008771663198 0.0499903098313891 0.001128683365186 0.0536802318922645
"ufb57" 0.769734519507193 0.670851451816524 0.143299548786575 0.616884375189251 0.103390814157062 0.0616942296322417 0.0341037084337985 0.074896960103494
"ufb58" 0.73632065932587 0.614581451642039 0.140273291178081 0.616885030235449 0.106136585794296 0.0635626602346373 0.0314001629767579 0.0561200066006818
"ufb59" 0.703404183484116 0.688341043508813 0.197601411558358 0.228153692045309 0.127652132860237 0.0617670204035695 0.152430614438305 0.114503639376609
"ufb60" 0.675047369182971 0.715809919114517 0.211856183284095 0.430595300297203 0.153007184890784 0.085386241945601 0.11177629285333 0.142347916136491
"ufb61" 0.687103652239017 0.692237882365261 0.179756579796365 0.305315745341283 0.124878751683232 0.0739391401537478 0.126369472215435 0.115011239919309
"ufb62" 0.684801149003657 0.686515321220468 0.179403410284796 0.289347869583573 0.124250992647792 0.0674482612184971 0.1283190028316 0.111973303735617
"ufb63" 0.70869547632146 0.699620402829347 0.187386037963277 0.33025098747785 0.128749286257275 0.0792265205301609 0.117679983776108 0.119956143404968
"ufb64" 0.726184119779891 0.726663555478903 0.19540966344887 0.330655453899548 0.134513026281073 0.0873603300773851 0.132120829967094 0.121020924957865
"ufb65" 0.674914115515334 0.658386937827786 0.172780743616986 0.403787831743435 0.124916365571357 0.0790780841966288 0.101802250842324 0.100450578772918
"ufb66" 0.714285714285714 0.578458289334741 0.141771599201952 0.710743702541381 0.110334299644476 0.0531367235987009 0.00609933181972774 0.0506431996132328
"ufb67" 0.690109753285356 0.681885503877564 0.175439594528475 0.309693779995204 0.117450463543459 0.0720628855919018 0.118757758246036 0.0941110918056093
"ufb68" 0.668508740651419 0.703033958339549 0.215512451549515 0.154401218949963 0.138461963246255 0.0634960736985456 0.176478524863967 0.141401706754309
"ufb69" 0.71921245561883 0.761586689041088 0.198727073064469 0.436306619818555 0.143767560316445 0.104455835356019 0.130194711588779 0.142191225672213
"ufb70" 0.708140811450101 0.714659156556903 0.190837860373954 0.450185532318049 0.140863750553769 0.0911750413304448 0.103495764974744 0.132843866420187
"ufb71" 0.780487804878049 0.776257762577626 0.173701455427506 0.780316395001544 0.141694205698577 0.0681543902022189 0.0431727062060151 0.111370373100384
"ufb72" 0.833333333333333 0.877194408322497 0.195521639206717 0.831093799210575 0.159763217623643 0.0771074008617986 0.0683463987144808 0.148469568109163
"ufb73" 0.621951219512195 0.60852230251682 0.166575359591957 0.612438804448022 0.122992506526694 0.0550442628016251 0.0334701174115222 0.0722346016096967
"ufb74" 0.680425496051135 0.696491304560366 0.207608628961534 0.190084913099956 0.131026094168951 0.061514631630286 0.165875739315731 0.129932667783005
"ufb75" 0.723775483627334 0.770569922822154 0.198424346966253 0.436008563435656 0.144480628640671 0.0943707103011255 0.12241647342474 0.148928710509593
"ufb76" 0.724012084020543 0.689050877714966 0.188171742270019 0.511864797451276 0.139099767188597 0.0756392043442202 0.0852907955991672 0.114609601670594
"ufb77" 0.709876421609552 0.69740815943488 0.170417482958814 0.484607099052193 0.120428981689164 0.0720248842030344 0.0807345589418858 0.0863287825155695
"ufb78" 0.681645349968487 0.692117785050989 0.205104607258183 0.190056668168988 0.132693358275154 0.0640082637754592 0.163903099239293 0.123329991104142
"ufb79" 0.722854816750227 0.696774056871084 0.174158294353986 0.40479090487051 0.119725704258058 0.0779824265917239 0.109267608950172 0.0919773094912869
"ufb80" 0.66267787662501 0.635336533070177 0.160614572372783 0.342889990644365 0.108144137451944 0.0671642395381857 0.0946380827970061 0.0806152913588124
"ufb81" 0.633713639612928 0.627453573790416 0.162846297174489 0.249086852904794 0.106527705408796 0.0642771798317061 0.105314303414921 0.0821023827838348
"ufb82" 0.697638017716175 0.702185141040922 0.207825611336359 0.204568151828647 0.132887735722833 0.0635806430529495 0.165310307433809 0.126961302342515
"ufb83" 0.702690488815323 0.652754427487146 0.172499387359882 0.463992021612909 0.12196810970262 0.0694377426058991 0.0833608815896695 0.0876866379342398
"ufb84" 0.66969000762864 0.61111228611916 0.158943669528572 0.37753097084887 0.104859767590613 0.0632258743913894 0.0792020980555192 0.0774440654310586
"ufb85" 0.603849123139052 0.596003635543589 0.158493973842524 0.229354934910315 0.107171456929511 0.0619388554042133 0.100631226254695 0.0826412613006752
"ufb86" 0.673892717159272 0.709796721952796 0.219370125416135 0.156233664028673 0.14104345529237 0.0659548247005083 0.180526408784107 0.145404427483194
"ufb87" 0.722540518246277 0.677632528671104 0.183078927908934 0.452065569882051 0.127242939886517 0.0723243666251496 0.0950800520337006 0.109962190826753
"ufb88" 0.693201403774275 0.70690363520639 0.188079846355974 0.317806048856228 0.131164728458944 0.0800941186517321 0.137556009275731 0.118672127979855
"ufb89" 0.668192975938684 0.693640244782251 0.209878394919194 0.16635437877484 0.133387201742221 0.0645200762719071 0.169466588147205 0.131947404479155
"ufb90" 0.673342238070265 0.679514079596157 0.198573614376534 0.190429647933991 0.127030950657116 0.0646387426487486 0.15459420345724 0.120010936265597
"ufb91" 0.685207792723346 0.670069582189646 0.19534384644874 0.214152582189884 0.129015949259535 0.0734966868306938 0.148705260194253 0.116362489686934
"ufb92" 0.804376164977013 0.718099305926321 0.151845090355794 0.653973694780483 0.111441798811108 0.067753172155025 0.0435057226289854 0.0916137394801357
"ufb93" 0.66630095868695 0.681418110845077 0.204521026214668 0.189875377979221 0.133566723908022 0.0701941650973652 0.163834108532345 0.127133762686976
"ufb94" 0.667556298224512 0.673091697060498 0.199489685068846 0.189875818273193 0.129654141836635 0.0702769582990455 0.157996285125587 0.119985317057883
"ufb95" 0.664908685279003 0.66274531790137 0.195041578668704 0.192139751989226 0.126717420390195 0.0726104822233408 0.152643836324425 0.114677979105789
"ufb96" 0.792682926829268 0.821985640009903 0.191371440272279 0.79270957206503 0.154002852016206 0.0738083663240861 0.0617436638295475 0.125800660493111
"ufb97" 0.64927782426933 0.674504063646441 0.196118909731241 0.177620854055899 0.127807834948653 0.0548727693584282 0.154463684994601 0.122979972325808
"ufb98" 0.643175118820611 0.62894960878907 0.16019308161362 0.316766384343725 0.108428221718486 0.0694159422745644 0.0988384101663626 0.0873207448371717
"ufb99" 0.655362456367099 0.678611523506539 0.193844329084198 0.230424895458633 0.129078739445797 0.0662399021971603 0.149622474655662 0.121584973137529
"ufb100" 0.690599754811741 0.707703526275631 0.215168089280404 0.180583160767625 0.13808135788657 0.0656194865038327 0.175026830870887 0.133874405815529
"ufb101" 0.681827591678554 0.684966404483648 0.197447490967519 0.228459075654219 0.127318401121682 0.063643593217656 0.152264944006451 0.116056662506593
"ufb102" 0.693835389886927 0.707362808004453 0.17822034528814 0.374155225318407 0.12623668085618 0.0808504331338529 0.107841314839497 0.125792480381461
"ufb103" 0.69300464970212 0.704981284736663 0.189376629335106 0.301978169648349 0.131028068707812 0.0722080688624869 0.140850581961398 0.117851360018019
"ufb104" 0.670496410295042 0.647669189426346 0.168289581869732 0.343775982804611 0.114469008364099 0.0732681176919322 0.102978169151993 0.0853966282341137
"ufb105" 0.609546910818471 0.637908602884388 0.176277592508874 0.177854002105549 0.116769070069317 0.0719807884055464 0.129946432423114 0.0982573548143816
"ufb106" 0.611982460277785 0.646235248795138 0.18041405769304 0.177904829338227 0.118151858340872 0.0751494807400218 0.135471419437968 0.102543303845411
"ufb107" 0.610693463321543 0.619059014572027 0.164786049483573 0.226056673509064 0.108708919212142 0.0645509074328266 0.114717146130425 0.0921560100571969
"ufb108" 0.673333628902346 0.701384515774256 0.213989160960308 0.156658425290723 0.13725163875283 0.0619792193817417 0.174528997426147 0.138335550293787
"ufb109" 0.756066819047355 0.682666094893865 0.170182652212734 0.554160917817108 0.130058716394906 0.062682679061639 0.0654192903053316 0.109392003444203
"ufb110" 0.741751648183778 0.687613749527832 0.167157418253081 0.48166495243043 0.118459171423254 0.070773550664655 0.0774944934658745 0.0946830777630004
"ufb111" 0.621951219512195 0.624436389355495 0.171633840706504 0.621811123642882 0.128737026200732 0.0584605847258475 0.0406435199339263 0.0762085834086116
"ufb112" 0.661999653584905 0.694370911238703 0.21002300069673 0.156265428506877 0.134016303183153 0.0627680842693845 0.170757034275806 0.136808908929768
"ufb113" 0.698221895284073 0.707945023644258 0.1764002976117 0.469353039158799 0.132826482559092 0.0834784178609253 0.0874248501666324 0.118036623131654
"ufb114" 0.644847917214515 0.654716476848956 0.187806528494281 0.201252730524756 0.121845609578843 0.0613420316896732 0.144220814690453 0.113549237237185
"ufb115" 0.694127426777762 0.697397258016676 0.181415198532211 0.369532645067307 0.126350744585068 0.0871518507851279 0.121596082047868 0.102136520885438
"ufb116" 0.686789498532409 0.693041821347613 0.201096706710683 0.240605781228601 0.133092392818363 0.0699331631565338 0.153182872144038 0.119353883286999
"ufb117" 0.632865212402837 0.619576955190648 0.158798657836703 0.266607806835211 0.106777683591873 0.0631900807224822 0.10388152937232 0.088619213726719
"ufb118" 0.647322236884339 0.659693891861737 0.183662568628841 0.217971403918859 0.121850126568222 0.0612665006004705 0.137728002561606 0.114655898752592
"ufb119" 0.675270959508985 0.689976308535304 0.207058205485588 0.180019408785481 0.133630851833731 0.0607439505486509 0.166502156422642 0.129084918519796
"ufb120" 0.676575726503939 0.716734498645643 0.223886288303911 0.156233664028673 0.145415874290589 0.0714591063713647 0.185267291196263 0.150566242276228
"ufb121" 0.719152256986563 0.623691975003207 0.145383328452782 0.493772156344976 0.10186277139126 0.058054112316259 0.0531694778361925 0.0665733281597213
"ufb122" 0.72289156626506 0.775789231123742 0.193977186372591 0.722748993247404 0.157917927738271 0.0718226290727013 0.0666554929807706 0.139433447320072
"ufb123" 0.629722994091719 0.627561202419886 0.176189182422318 0.286373084886437 0.119974571969527 0.071694376956938 0.111351267997616 0.0960346502441232
"ufb124" 0.68230900454376 0.684606127750611 0.177409199144103 0.379687993197541 0.129745445364997 0.0764719515441708 0.0991021256894953 0.105923246299617
"ufb125" 0.657906000863127 0.637363600007617 0.169644149181994 0.28372677132008 0.116337677407521 0.0679038020845226 0.109098556811998 0.106505851414696
"ufb126" 0.74390243902439 0.643289388372596 0.137508709887561 0.743638020611513 0.105412407233405 0.0498165368527531 -0.000963324853744267 0.0528563993623307
"ufb127" 0.656290629795993 0.66333923005644 0.181766634532333 0.240708849882184 0.12242674958924 0.0722259107006653 0.132760095262321 0.108966879551536
"ufb128" 0.661802497635338 0.681426489637306 0.189147689538874 0.224073193592422 0.126090756140036 0.0702333069360435 0.143574664792016 0.115015389120693
"ufb129" 0.665187753930126 0.688533705200843 0.19199518995545 0.224267929890385 0.127885426447924 0.0674232168626326 0.147716088206091 0.116433886072341
"ufb130" 0.671618608098843 0.685001400857905 0.204968929048278 0.177930739216215 0.132596521028343 0.0633114555051314 0.164306021199122 0.127914528514906
"ufb131" 0.687871320791033 0.678598317316638 0.196998760182433 0.201752335621073 0.12763594712738 0.0569854244691804 0.153902388684535 0.118904402241215
"ufb132" 0.689195693532875 0.676694475830792 0.195199861310245 0.201802763220546 0.126502813720327 0.0569036859904599 0.151036798776355 0.116612121436308
"ufb133" 0.673361531448973 0.646226308791382 0.169761463102005 0.336735061983325 0.117664188219783 0.0720441241244528 0.0986760351739379 0.0850375727012391
"ufb134" 0.821428571428571 0.725945587259456 0.149254214878566 0.821412172038045 0.123201497786416 0.0586795541781865 0.0147648300877971 0.083419518703361
"ufb135" 0.662678094033542 0.596549757009886 0.159421541460455 0.356347282608489 0.110479381292989 0.0696243431818853 0.0872776793600848 0.0818029951417995
"ufb136" 0.666946628514372 0.596817005648146 0.1571074741709 0.34859617294061 0.107410643058743 0.0701068649127189 0.0906774350065744 0.0740415540164809
"ufb137" 0.7537244397711 0.736180390874152 0.185124915198929 0.48835396782866 0.133342737472594 0.0904686594238108 0.115315587999823 0.111210399440351
"ufb138" 0.746987951807229 0.625745526838966 0.143199811816626 0.746998677323494 0.113053303950793 0.0526969572591613 0.00773659754016246 0.0585597246837691
"ufb139" 0.659032979955798 0.591102145607922 0.156661223397964 0.344962534266475 0.109406758532393 0.0680889825410122 0.0841637262524994 0.0781544643744539
"ufb140" 0.694378369106682 0.680196702939273 0.194753701509569 0.285116310713637 0.132539904932338 0.0780810371336455 0.139358793414506 0.114252793180864
"ufb141" 0.664447882162923 0.647162848898082 0.184793898376684 0.284606673777048 0.126270489717692 0.0752366280290241 0.114886689043063 0.120720930341623
"ufb142" 0.663650499970001 0.660685341789993 0.197454580521789 0.296387811467924 0.132738941726598 0.0791895492003998 0.121109740345367 0.134929713368695
"ufb143" 0.645272223932291 0.663087068063312 0.186905545493893 0.242535347374878 0.124413438253061 0.0695154745170652 0.141153032017838 0.113526840674154
"ufb144" 0.728808736498666 0.707060032291208 0.17241590458311 0.481277443346563 0.12389970123423 0.0775290271020159 0.0830100136210181 0.10765037653914
"ufb145" 0.658942960258126 0.688603987911294 0.203337261421237 0.194023662149576 0.133444731594106 0.0635166844137063 0.162054344735994 0.128968298707113
"ufb146" 0.773809523809524 0.800411932761943 0.18420188500344 0.773606946338117 0.148211929607804 0.0729681260216656 0.0552371713155598 0.139657957779723
"ufb147" 0.66570205539832 0.663577289759522 0.171868328064496 0.370516429996117 0.123090923803697 0.0678213409278707 0.092996225144867 0.0962674536572045
"ufb148" 0.641039913122329 0.629629138838828 0.16411645958564 0.248903565882917 0.107733302665654 0.0663927817449303 0.103058743943806 0.0861979014072974
"ufb149" 0.771084337349398 0.780098914888905 0.204482820244756 0.770829593993288 0.166664272946983 0.0816844198199699 0.0787350489780184 0.144891860183591
"ufb150" 0.692640053722048 0.708045881574352 0.187468327573387 0.329544709634426 0.132864552146696 0.0835263196146856 0.134537908457142 0.12114975406828
"ufb151" 0.707317073170732 0.602756772279123 0.148307011517567 0.707186756301007 0.117370641236344 0.0542390962477325 0.0116818697521616 0.0714323386666786
"ufb152" 0.699254089814666 0.620845138552968 0.146895792362894 0.495463170181301 0.105552337216514 0.0631742349130238 0.0548975350910497 0.0708288734450156
"ufb153" 0.660686737418707 0.630800952331506 0.166556571643059 0.348942226690804 0.115254141219379 0.0734076390032866 0.0952250293993938 0.0844152936981994
"ufb154" 0.676577913561564 0.623907339004864 0.158643515445987 0.428439529573818 0.109619115844106 0.0638078995811823 0.068012452812757 0.0867096376264193
"ufb155" 0.639318521884736 0.629936714105645 0.161502882252601 0.275850492496325 0.108055669081087 0.0647681672933964 0.100304471429875 0.0806489746149715
"ufb156" 0.6362272788169 0.629821609906182 0.162201827179815 0.249228983917443 0.105596040207266 0.0657690369261838 0.107567200372839 0.0786951962292665
"ufb157" 0.664017895360241 0.716378633851481 0.224052995148996 0.1446455572509 0.146704711434874 0.0719422046109057 0.185442307405824 0.152088571629646
"ufb158" 0.595238095238095 0.494005602240896 0.145568882554812 0.595136584010658 0.104804073132249 0.0459959535982602 0.0104969053073549 0.020845386421753
"ufb159" 0.696970191138349 0.703834570668161 0.182498005792402 0.324219420157666 0.128999323158361 0.0698981312539657 0.122782776453989 0.127015136329687
"ufb160" 0.891566265060241 0.856141840959762 0.151724233034129 0.891536318193242 0.125321218991289 0.061122717346592 0.0176087606394899 0.0959711965846607
"ufb161" 0.688088195821882 0.674922769448057 0.192966042573648 0.24951969071202 0.129417908138298 0.0706625269139875 0.140254733093399 0.114772781767878
"ufb162" 0.687807846514753 0.698433674803318 0.209309415172545 0.180536356175823 0.132620993332377 0.0613734034990434 0.168871791657334 0.131181880981661
"ufb163" 0.682750287515043 0.625985438953034 0.156721602252105 0.352209401645893 0.102358559312772 0.0622380034968913 0.0905638150419248 0.0777585640271525
"ufb164" 0.759670483771824 0.781839335479856 0.204334307300066 0.609714524274329 0.163243238838684 0.0926157500476669 0.103483201396051 0.144561881777622
"ufb165" 0.676617758922538 0.63589289435299 0.15474577017063 0.429382585965957 0.106666971851291 0.0725481185098344 0.0744614053326599 0.0882678260449031
"ufb166" 0.670453380753307 0.645316427204862 0.163218666519549 0.354254752526753 0.110563180622437 0.0673715891710987 0.0915172623262175 0.0861808165847956
"ufb167" 0.706314444528897 0.725645512355427 0.18847859204155 0.363445308955971 0.134272048216596 0.0860653517014166 0.124726370221729 0.131468339056096
"ufb168" 0.793153479668804 0.81995469988675 0.200836290909678 0.670551024621288 0.157057521967688 0.0989159143415179 0.0998665850216401 0.156556309230001
"ufb169" 0.668648423874114 0.615839689122176 0.164796118618211 0.273145280197535 0.104991123987645 0.0612397734950075 0.103706955454259 0.0916805710769728
"ufb170" 0.790123456790123 0.695281028198734 0.147219048002281 0.78992786725688 0.118897809498035 0.0574199745912775 0.00923467980969236 0.0864332653748622
"ufb171" 0.669789370009244 0.644779611188174 0.166369296051739 0.36575645581683 0.116267987532495 0.0718291803799244 0.100763242618318 0.093722109718747
"ufb172" 0.60582318924476 0.616353923078386 0.163160320791691 0.202185884390542 0.10845668718326 0.0610156600075863 0.114684892564624 0.0888599408293437
"ufb173" 0.688550870565292 0.679845238482297 0.172501533626861 0.454016030279646 0.124080310664285 0.0720625716382353 0.0828928755478355 0.0944695786690939
"ufb174" 0.691583363180157 0.674599909274087 0.167841531786341 0.411671265102664 0.116721590407872 0.0700419177642166 0.0886110449855811 0.0904308953358353
"ufb175" 0.631070136032366 0.641373492672903 0.172050194692284 0.248609895570614 0.116877157924645 0.0742738763117455 0.122437213338566 0.0898512851679706
"ufb176" 0.658017199514949 0.69197128272767 0.206175236736811 0.132777757796153 0.132158067158902 0.0608007851417653 0.166674858363453 0.13434998118536
"ufb177" 0.668436139644034 0.705184185035006 0.214228614780133 0.158139786388145 0.138218843475539 0.0637413972115202 0.175171689257266 0.141848748776637
"ufb178" 0.766298574131311 0.73206482749625 0.176620783976486 0.545821930900723 0.129868888328973 0.0813525546966419 0.0877249960125451 0.102101926439388
"ufb179" 0.635458464895748 0.654783657659925 0.191117807752613 0.154299220763834 0.118870961111696 0.0577343435356873 0.148524570669722 0.112554310799877
"ufb180" 0.627647180767548 0.619017772404251 0.1748492458935 0.178153666202723 0.111643053159691 0.0607905678589231 0.128416457339826 0.0969947351642017
"ufb181" 0.666035386275945 0.631354965873365 0.181737768324357 0.238535792309648 0.115430122262749 0.0687379755512577 0.121887765114323 0.114530887089959
"ufb182" 0.657821512949971 0.689662704485097 0.202616887418747 0.213033045882689 0.135615515493397 0.0730846277654281 0.16063416564985 0.126497353271894
"ufb183" 0.70366236403117 0.666909470950579 0.177286163992305 0.469633186033316 0.129001513771733 0.0720645699239914 0.0885390038196955 0.0960580067450771
"ufb184" 0.633756052558431 0.626867938172286 0.158750145825262 0.276069648847724 0.10581362773735 0.066690612423411 0.100978222336503 0.0750548495289654
"ufb185" 0.650971300978319 0.624295324517468 0.163300356828532 0.392643351511169 0.113332892139809 0.070123373409143 0.08393405835156 0.0824284570733745
"ufb186" 0.686733278101569 0.672717289540779 0.194489043901861 0.201428349104809 0.127520406145683 0.0623739878011439 0.151256998723118 0.110700200509745
"ufb187" 0.676003942504245 0.637105833583849 0.171444459539851 0.433314270135318 0.121769507455349 0.0647165233613147 0.082244811522051 0.0889078100180409
"ufb188" 0.608210547656861 0.601101999508557 0.161574499028479 0.24121575469914 0.108537386637086 0.0592416595776752 0.100286214612907 0.0848098392811241
"ufb189" 0.674306220422558 0.686669995289951 0.202232338397571 0.180826744461337 0.128150876923236 0.0609555444666675 0.15941578022939 0.123410413445288
"ufb190" 0.60626172966997 0.610013725461464 0.162588438720998 0.231094216575641 0.107113978574552 0.0645044134324857 0.110392772509681 0.0905665662354435
"ufb191" 0.684105375054413 0.689865891221454 0.199752598418074 0.240588501768053 0.130746226952558 0.0665958726360365 0.153369547348509 0.117611575125546
"ufb192" 0.672719407594875 0.659737536425927 0.187062509568658 0.261247981851097 0.126983865000264 0.0744601973589002 0.12306219482393 0.118922548373243
"ufb193" 0.785714285714286 0.827435119649478 0.191592217966603 0.78564601825137 0.157522740025625 0.0758679175157726 0.063795798440149 0.150498844746939
"ufb194" 0.658311742916572 0.640888888888889 0.177080075619988 0.49124368402899 0.133906087577763 0.0728476532562261 0.0726453108729411 0.094506980298396
"ufb195" 0.781802094892274 0.805119414924009 0.193301603697804 0.670412065184401 0.150909386348199 0.094863144043466 0.091167738980196 0.146556784001629
"ufb196" 0.737155794290024 0.736780344701137 0.188033561382308 0.438944117433923 0.133914981816911 0.090004071644502 0.118473414256208 0.116607676357131
"ufb197" 0.69174938958475 0.680096216546757 0.194275030706166 0.26442483563136 0.131356779906734 0.074740589169715 0.141690274181839 0.113798138109379
"ufb198" 0.653063626316741 0.705329100231216 0.215261501784285 0.144440555862545 0.137085987362176 0.0623897929523829 0.175547369118563 0.140051376077621
"ufb199" 0.651171435539385 0.622229100292355 0.158837701520641 0.308020794048911 0.108612487440951 0.0646614835947107 0.101000211215869 0.0816512410601408
"ufb200" 0.623367955983719 0.650834490172952 0.181553790807446 0.154353637219394 0.118670374932439 0.0551623217034879 0.138466772394766 0.111577440104152
"ufb201" 0.706256694582037 0.724507726497493 0.205154032989618 0.48511680926679 0.154820681227589 0.0831077718213001 0.104448957929612 0.15129254091325
"ufb202" 0.638798210457673 0.600099843103694 0.15634356325078 0.285273780762103 0.105985043296768 0.0646276420657601 0.0839245676738888 0.0834444337173492
"ufb203" 0.652906091091727 0.70261396147921 0.211834298275242 0.156339930704396 0.133262630758789 0.0580833584169039 0.171523581213742 0.136749229372003
"ufb204" 0.680997057946322 0.709892060392931 0.219979968645961 0.156658425290723 0.141272282143524 0.0668274257022286 0.18082070813978 0.142845442939711
"ufb205" 0.703197654113818 0.692006798676124 0.199213526015047 0.240300150038213 0.130380589113855 0.0647707846283524 0.152778942864477 0.115805995925863
"ufb206" 0.636747486414337 0.65438646139029 0.17890522389853 0.20517173480222 0.11895020915333 0.0587710614666975 0.132727603115258 0.108971013164431
"ufb207" 0.64906553023627 0.659618383374444 0.183719029681379 0.266548799667011 0.124032461893804 0.072939969918365 0.134783801935746 0.113354447214636
"ufb208" 0.657039267741515 0.697020379102352 0.210802833892235 0.179928163565533 0.137130716307292 0.0655967079126697 0.170855914367789 0.134912834325358
"ufb209" 0.719512195121951 0.626711316852162 0.139836200191463 0.719337177737842 0.107386528608497 0.051276651407075 0.00173784147670734 0.0556044745876523
"ufb210" 0.656224282027725 0.599921548971965 0.149995462799763 0.380795699391483 0.102232582670376 0.0645224758129645 0.0693671102520022 0.0728994867803373
"ufb211" 0.706854145822027 0.721010977789124 0.173510438152436 0.508482944848398 0.132479757028024 0.0793130280519467 0.0845838306345795 0.116436825601088
"ufb212" 0.611460897251056 0.603815834380801 0.163297232957324 0.289627750861154 0.112891279296069 0.0699300495570457 0.102117306064055 0.0826789082600299
"ufb213" 0.606574903800334 0.60536908679001 0.163497510411684 0.268640401421528 0.112165888777733 0.0701181601499763 0.105992589522942 0.0848590345563264
"ufb214" 0.695319299662946 0.708697762726664 0.182456654961637 0.341055288299724 0.12981328103652 0.0751842002736893 0.126341795579157 0.116273006128805
"ufb215" 0.669244972524346 0.623306125289562 0.172316297792212 0.360507352887748 0.119717699172534 0.0701545367080591 0.0935043310512373 0.0974188198939261
"ufb216" 0.664403731359718 0.710227064502012 0.21881952229833 0.146311022595017 0.141986717646822 0.0645469642537128 0.17981822529148 0.14588354574203
"ufb217" 0.677175132723657 0.700127704609328 0.214112472763661 0.180012989677444 0.138225431768162 0.0600461908944562 0.174339331146402 0.138025481755308
"ufb218" 0.649544362672065 0.612133430707989 0.163495669387816 0.261401587933905 0.102876800141554 0.059510391950958 0.105944413927945 0.0898178842417838
"ufb219" 0.650766909519459 0.649449755838115 0.178025973831403 0.222121925202045 0.122659110884903 0.0674301525712371 0.124492012887956 0.111667747176947
"ufb220" 0.685967660834418 0.680026882849582 0.170513883305228 0.337277184257742 0.116020146311071 0.0723989390893139 0.10994784357199 0.0880808248451868
"ufb221" 0.70218484514371 0.705884495506887 0.179183828889961 0.409746198639509 0.127200089532911 0.0861382168106078 0.114688025917405 0.100307438534577
"ufb222" 0.643663349124046 0.664436791253848 0.187771350946799 0.254817319102887 0.124999122865869 0.0770967362287676 0.142062848721628 0.114305430488802
"ufb223" 0.75991064358795 0.754906522869734 0.202571583083403 0.551478003335177 0.155199563536598 0.0781979019964314 0.101314715395868 0.161719395469696
"ufb224" 0.673547213039864 0.647757137012613 0.163963542788771 0.383937421470633 0.118146653070278 0.0698953128222214 0.0921552501055194 0.0909688078564853
"ufb225" 0.676568288568544 0.663287596688304 0.185303947793797 0.261275054164398 0.125359394431504 0.0769452674628514 0.125714784989725 0.113708008452147
"ufb226" 0.585365853658537 0.480864003355353 0.138872823985337 0.585055448372256 0.0949164503684236 0.0435219504477601 0.00267306472389616 0.0106054977404406
"ufb227" 0.612970405309969 0.61023539719929 0.165255971332028 0.201082305975473 0.105234760679745 0.0530622662547535 0.118283140547157 0.0955560726866033
"ufb228" 0.686746987951807 0.595333020637899 0.138961940052954 0.68651442588496 0.103301755301191 0.0470203570593897 0.00147189314778794 0.0397243828405963
"ufb229" 0.824325997446855 0.742244168227482 0.156198113574457 0.734933046496951 0.121855375643512 0.0766581680877658 0.0492844085919686 0.0851303405595539
"ufb230" 0.667908489348841 0.589262734887081 0.153404289033693 0.342299159829979 0.107789096488529 0.0559762761371719 0.0806556475487546 0.0708505418787298
"ufb231" 0.631489134049975 0.645533005790306 0.174243771525666 0.224742609480668 0.114618169292878 0.0535028522634583 0.126419924449272 0.104906289261578
"ufb232" 0.678786923871415 0.675818161118847 0.165030302218043 0.384103412692205 0.116881874211068 0.0740304826916304 0.0857275221929643 0.110769435502874
"ufb233" 0.655768553335081 0.668734477937556 0.18280879288794 0.228897350085366 0.121805438238036 0.0671408357433922 0.135521610409606 0.108891584877888
"ufb234" 0.63958162395993 0.689502893000875 0.193972528649481 0.18957962464748 0.128776003169058 0.0671787243656524 0.150763608387176 0.118910560295664
"ufb235" 0.634137935130584 0.612711809944089 0.159277940881987 0.282940915203315 0.103220623458656 0.0617260301348186 0.10684460975813 0.0896057372976841
"ufb236" 0.731707317073171 0.66641590542719 0.147084632317047 0.73165155874929 0.113474924998662 0.0525894979796808 0.0111990002725692 0.067411933112037
"ufb237" 0.643233863920669 0.674447939137451 0.197306810590379 0.142870663779398 0.126523965244053 0.0576093036075463 0.157231915032079 0.126874899171906
"ufb238" 0.625361383175791 0.647287319063944 0.17883662138749 0.178127500178589 0.116136044558589 0.0481291413384064 0.134787489188148 0.109691863677748
"ufb239" 0.746716351870449 0.762929450021207 0.190559915634346 0.624325074550921 0.147601589182852 0.0900906430941906 0.0876295883717089 0.123812227781052
"ufb240" 0.686746987951807 0.569223985890653 0.13483872021987 0.686634645397407 0.100960576544267 0.0452308738929596 -0.00342755005442479 0.0334467144836349
