NA NA NA 0.2849044 0.1033973
0.1706968 0.0816878 0.1706968 0.1944882 NA
0.2086403 NA 0.1706968 0.2269642 NA
NA 0.08944328 0.07302503 0.08342004 NA
0.2908679 0.2288101 0.1347678 0.06787429 0.09459243
0.05311074 0.2734266 NA NA 0.03974154
0.05550822 NA 0.07781529 0.01770362 0.09902616
0.09404386 0.2338538 0.2770112 0.0773459 0.04386759
0.05847252 0.08048357 0.03725441 0.1929352 0.1258232
0.09128885 0.06325646 0.08052817 0.05648264 0.06569515
0.03321455 0.1665561 0.09042437 0.07708239 0.0331112
0.1452153 0.1523418 0.1001406 0.1181889 0.1567005
0.1739996 0.04497141 0.05768188 0.02686953 0.2302008
0.05484411 0.05577696 0.07608192 0.07513626 0.127303
0.09843242 0.0840874 0.02872683 0.04330421 0.08375967
0.06390604 0.06230729 0.03506985 0.01608074 0.06676984
0.03333271 0.05031842 0.002627298 0.02486661 0.003947274
0.04620936 0.03820259 0.06802443 0.02938754 0.0513251
0.05196911 0.03811984 0.03905582 0.1525479 0.04110142
0.05937667
