NA 0.1937212 NA NA NA
-0.0267527 NA NA 0.1706968 NA
NA NA NA NA -0.0463983
0.06243835 0.2069303 0.304304 0.1007385 0.1039152
0.06176179 0.03649047 0.1196986 0.1223221 0.1120193
0.2931528 0.05654248 0.1489197 0.1706968 0.1155521
0.01819868 0.09908636 0.0669012 0.08667027 0.1219858
0.0001117561 0.2883776 0.05641202 0.2452631 0.05381032
0.2081039 0.01384559 0.156542 0.07105632 0.1580105
0.1300151 0.02097527 0.05699793 0.01833212 0.1161365
0.09072218 0.1481319 0.06703856 0.04145234 0.08789042
0.08871502 0.1745331 0.09030653 0.2083508 0.1280088
0.06266798 0.06882646 0.06831382 0.1599573 0.1737222
0.1371657 0.09052657 0.1412215 0.1378562 0.01438492
0.06798038 0.02290063 0.1554424 0.06458293 0.05434449
0.03790893 0.08565436 0.09089172 0.05739697 0.08882321
0.01483848 0.03660724 0.05668277 0.01217245 0.0242825
0.08401284 0.008904916 0.04293996 0.09780605 0.02226131
0.03590656 0.01027235 0.06649653 0.03201784 0.07573002
0.04331172
