NA 0.1286192 0.1099102 NA NA
0.09836233 NA NA 0.1309624 NA
NA NA 0.05439408 NA NA
0.1316197 0.1251466 0.15023 NA 0.2443866
0.2664248 0.09789307 0.02341071 0.09970556 0.1589894
NA 0.1246181 0.2345294 0.1033973 0.2142387
0.1283632 0.3287327 0.1850242 0.07827546 0.1409905
NA 0.03954227 0.0840401 0.1217578 0.01359425
0.07103536 0.1455122 0.09315267 0.06417606 0.07197915
0.01662153 0.1821749 0.1224735 0.06629621 0.06865642
0.1527629 0.06354736 0.0950526 0.1689209 0.1257967
0.2324765 0.2179466 0.05758705 0.318588 0.0487072
0.1801302 0.1880453 0.06012406 0.2390772 -0.00491336
0.02958639 0.1307301 0.09013867 0.06124071 0.04920929
0.08483897 0.125147 0.06227787 0.09546477 0.05924601
0.03406072 0.07295718 0.09529646 0.05224314 0.03615336
0.05833397 0.01950287 0.01566388 0.01712233 0.03211934
0.0809393 0.05107018 0.05152779 0.04583648 0.0002556094
0.06448782 0.02384976 0.06865412 -0.005435118 0.04919241
0.02582699
