0.05173815 NA NA NA NA
NA NA NA 0.1865002 -0.01523572
NA 0.08013493 NA 0.2293544 NA
0.1511582 0.1015418 0.2160302 NA NA
0.1151372 0.04280867 0.07671438 NA 0.1912839
0.1864311 0.1891388 0.09756056 0.2488025 0.08108232
-0.02794522 0.1173694 -0.06368626 -0.04077362 0.06407466
0.005737037 0.1490475 0.1795743 0.06855932 0.1859454
0.08979584 0.06068692 0.07579601 0.1635142 0.07549521
0.0985552 0.05057411 0.2425185 0.03061194 0.1028092
0.2227652 0.1318907 0.09578451 0.1003505 0.158065
0.1455952 0.1593359 0.2064919 0.03744743 0.1127601
0.01176123 0.244244 0.1717549 0.1623636 0.05926677
0.08503651 0.02916687 0.06464392 0.02524885 0.01475155
0.05649477 0.08874542 0.03359496 0.115636 0.02992189
0.05587856 0.04310789 0.04003838 0.2424554 0.007807053
0.02942389 0.006167439 0.01662084 0.0415481 0.02872302
-0.004954362 0.07922348 -0.01209212 0.009846587 0.02149062
0.1224031 0.06513344 0.03458849 0.06380017 0.001896876
0.05124509
