NA 0.197395 NA 0.08249836 -0.06430864
NA 0.09756056 0.05566327 NA 0.1875945
NA NA NA NA -0.04965473
NA 0.2059498 0.2009098 0.1866975 0.3036267
0.2053259 0.1933782 NA NA 0.1400931
0.1726588 0.07118453 0.1451482 0.1704176 0.1246181
0.06980282 0.0631779 0.2110343 0.2740159 0.2494445
0.1995623 0.2358979 0.07997773 0.02449658 0.2670448
0.1401018 0.2078196 0.1647571 0.008681016 0.1522437
0.2108289 -0.03042132 0.1054009 0.1064439 0.1306
0.04322762 0.03951195 0.1458051 0.004809515 0.1641126
0.0681273 0.131617 0.108909 0.07599338 0.07295693
0.03166271 0.03657306 0.1627465 0.004260618 0.05104151
0.0144059 0.1830862 0.06494678 0.02454856 0.03001154
0.1083027 0.06384776 0.0375803 0.05089207 0.01469566
0.07279968 0.05473852 0.02616623 0.08489101 0.0869562
-0.003061514 0.003601883 0.03764678 0.0111231 0.01222155
0.03971533 0.02537962 0.06862171 0.05247116 0.02610823
0.01310431 0.03311562 0.03686503 0.013022 0.08479588
0.06000968
