0.3030108 NA 0.1058293 NA NA
0.06247292 NA NA 0.1706968 0.1706968
0.08892974 NA 0.08522614 NA NA
0.07626042 NA NA 0.08362976 0.1576816
0.3030108 0.1283682 0.09711253 0.1575584 0.08944328
0.08702599 NA 0.2118818 0.08906074 0.06661807
0.1363529 0.1302301 0.07052533 0.1121909 0.09491887
0.2447673 0.04614862 0.1034947 0.1457891 0.0725379
-0.003315453 0.02133038 0.1394693 0.1750678 0.1127279
0.1380253 0.1014671 0.1396905 0.2425513 0.0464078
0.04482711 0.1004876 0.1220628 0.03214405 0.03818764
0.077955 0.1553146 0.02564641 0.0744641 0.08019768
0.05426341 0.09976534 0.09136164 0.1968835 0.06896897
0.03801536 0.06229479 0.04963814 0.1291068 0.03080304
0.1091901 0.05485331 0.08196486 0.05273559 0.1743996
0.03059605 0.2919964 0.03516099 0.05914079 -0.003182991
0.008750075 0.06419176 0.03220844 0.03232633 0.04435916
0.02219994 0.02414201 0.07860532 0.04853397 0.02287052
0.01195033 0.009044806 0.04487786 0.01203398 0.09386428
0.02933394
