NA NA NA 0.1563156 0.3688299
NA NA NA 0.1944882 NA
0.08095243 NA NA 0.1399373 NA
NA 0.01818749 0.08670665 0.06816524 0.1311592
NA 0.04301425 0.1284534 0.1547446 0.161242
0.1518084 0.3081952 0.2366192 0.07245642 NA
0.0408421 0.2409007 0.1060571 0.1782758 0.0801775
0.1080228 0.2418724 0.0902138 0.1957707 0.08829146
0.1725023 0.09664728 0.2847958 -0.001501653 0.2124554
-0.003072427 0.09684984 0.2220683 0.01411317 0.01956758
0.1082998 0.01543262 -0.05469475 0.05639313 0.1671527
0.09111211 0.0389547 0.1238318 0.1602595 0.06108808
0.07188594 0.03853545 0.1512467 0.1358892 0.05415523
0.01145015 0.007300717 0.1639395 0.1200831 0.1196546
0.01705603 0.2056913 0.0446268 0.1923759 0.09664322
0.09318922 0.0719993 0.03575391 0.1237223 0.0766372
0.08833234 0.02372259 0.08831079 0.009941934 0.04788297
0.02329994 0.0288794 0.01260578 0.0283939 0.03051333
0.02774021 0.000613656 0.01409051 0.04068761 0.02796236
0.03219798
