NA NA NA NA NA
0.1706968 0.1260701 NA NA -0.01871868
NA NA 0.1252021 0.2329282 NA
0.1309624 0.08863858 0.1055073 0.234097 0.05119047
0.08781106 -0.002387235 NA 0.1155521 0.1201073
NA NA 0.09519302 0.1272544 0.198092
0.1655378 NA 0.1791809 0.2191722 0.1916753
0.08711132 0.2643502 0.1673374 0.02799943 0.1520881
0.2049922 0.274564 0.06612862 0.201751 0.1825565
0.2072594 0.07980483 0.005561472 0.08988833 0.02045279
0.04069488 0.1153167 0.04574863 0.01413463 0.2879554
0.070369 0.08012636 0.06699966 0.05382752 0.1655009
0.1984378 0.04502186 0.1244459 0.09021465 0.1739323
0.09558362 0.05275678 0.05791413 0.03300589 0.05718821
0.1368893 0.2326906 0.0856109 0.0598817 0.07324456
0.05949752 0.04255681 0.05589596 0.06299159 0.005769205
-0.01438407 0.05033701 0.01298553 0.02154636 0.0186859
0.02872568 0.02322634 0.0438695 0.04224042 0.008500765
0.05322038 -0.007520888 0.01228692 0.01478271 0.09476616
-0.001541827
