NA NA NA NA NA
0.1254684 0.1246181 NA NA NA
NA NA 0.1033973 NA NA
NA 0.1545347 0.01625743 NA 0.01210444
NA 0.1300303 0.1432978 0.04216582 0.1004043
0.1086306 NA NA 0.3147792 0.2690875
0.08844152 NA 0.1574373 0.12167 0.05019264
0.04633282 0.1942141 0.2696221 0.1037736 0.09224672
0.2041855 0.1457453 0.2046009 0.0562658 0.1885484
0.0868263 0.03003647 -0.03558193 0.1460457 0.04497418
0.0684355 0.07273571 0.2454107 0.09267242 0.1076602
0.03917054 0.1236211 0.06291234 0.09904142 0.02291425
0.2607428 0.06178782 0.1839725 0.08818549 0.03260071
0.06362156 0.06733178 0.03073778 0.05000935 0.05787855
0.07016186 0.1143722 0.05581374 0.1603029 0.04640012
0.04834405 0.1718185 0.1258821 0.05439351 0.04787638
0.04961979 0.01534913 0.07200842 0.08209881 0.0160615
-0.006376585 0.06715777 0.01735111 0.1340564 0.07995314
0.007440304 0.01186261 0.07676219 0.009465852 0.02970272
0.01562889
