NA NA NA NA 0.1944882
0.2796196 0.2329282 NA 0.17601 0.1983581
0.02741403 NA NA NA NA
NA 0.1056105 0.1344341 0.05397872 0.2441253
0.1118902 0.09498333 0.1555948 NA 0.07439911
0.01663851 0.1556803 0.1368946 0.113841 0.1365355
0.2758849 0.2649496 0.1902812 0.1148095 -0.04514679
0.2743621 0.1092848 0.1599638 0.1229253 0.04272464
0.2280428 0.1501943 0.02229794 0.06761008 0.1728689
0.1827146 0.1120196 0.06531547 0.01618126 0.06498616
0.2233178 0.06049248 0.0725623 0.144423 0.170063
0.1238862 0.04345381 0.01027569 0.199134 0.1260688
0.01295478 0.2253606 0.09943591 0.09750402 0.01727317
0.07203934 0.1499925 0.06932085 0.09574035 0.01202889
0.1092105 0.1539577 0.09075684 0.0730475 0.1871513
0.1265475 0.09063835 0.06915426 0.07276725 0.04405784
0.04606998 0.08821576 0.02041451 0.03518854 0.00897474
0.02274625 0.02577523 0.05405698 0.05925301 0.07973067
8.353927e-05 0.02119916 0.01257818 0.06384826 0.03323983
0.04782499
