NA NA NA NA NA
-0.01817594 NA 0.1757822 0.1931401 NA
NA NA NA NA 0.1080755
NA 0.1337624 0.04439962 0.1084809 0.2838163
0.2354151 0.1615732 0.1941564 0.3043008 0.09328795
0.03576626 0.07675508 0.02252437 0.06061338 0.1523322
-0.02161098 0.1613312 0.1127072 0.03053068 0.03666325
0.0568452 -0.02927787 0.1156475 0.04262882 -0.02793693
0.07997112 0.1387966 0.00508564 0.1181769 0.08000955
0.09520255 0.07263182 0.2418329 0.05979859 0.2063508
0.01991393 0.2489547 0.1592714 0.1029166 0.03895267
-0.01450936 0.1220038 0.2041677 0.06364254 0.1074214
0.05920922 0.2350763 0.139638 0.1244594 0.1515979
0.01883334 0.1241939 0.1078043 0.09190327 0.06805824
0.07262678 0.08685532 0.06812212 0.06668165 0.04662616
0.104396 0.07535067 0.0590053 0.3002059 0.07362874
0.09976934 0.04211815 0.01352153 0.03981988 0.1010767
0.005169958 0.04692201 0.01571907 0.04679159 0.01615399
0.09693029 0.0856986 0.01478458 0.03757698 0.07216688
0.1678924
