NA NA NA 0.07534422 0.1277063
NA NA 0.1286192 0.2492946 NA
0.03881152 0.1316197 NA 0.2751131 0.08576812
NA -0.03621303 0.08538677 0.1399456 0.08056963
NA 0.260664 -0.007769314 0.1161093 0.138833
0.08923436 NA 0.2010935 0.002417719 0.1782289
0.08636619 0.1217727 0.203593 0.1321274 -0.05833853
0.1312985 0.1214285 0.05059211 0.1317083 0.05926856
0.03328958 0.09371986 0.1961879 0.2771676 0.1589467
0.2143923 0.1935875 0.07055586 0.09696715 0.04873169
0.004515318 0.01841782 0.0553754 0.03568449 0.03336089
0.1633725 0.09322912 0.02084824 0.06933412 0.178627
0.2274512 0.06667338 0.2095496 0.1860531 0.1612688
0.1492184 0.05560238 0.09852349 0.1687572 0.03427678
0.113055 0.09154629 0.04883602 0.06051825 0.1292342
0.04517757 0.1683724 0.04360003 0.1656656 0.1123268
0.07076696 0.01490278 0.04073831 0.04023736 0.003814071
0.07705893 0.01773526 0.0428382 0.03339408 0.03724182
0.002964341 0.03052627 0.07831823 0.03724526 0.02258567
-0.007083357
