0.1217007 NA NA 0.1721203 NA
NA 0.2908244 NA 0.1316197 NA
NA NA NA NA NA
NA 0.1621274 0.2985731 0.2380945 0.1322067
0.0242483 0.08944328 0.09128367 0.01198253 0.181408
0.02568016 0.005049773 0.1900663 0.1044024 0.03673586
0.1140659 0.05051336 0.2548755 NA 0.1241939
0.2778252 0.1471559 0.1120661 0.121792 0.01191244
0.165129 0.149071 0.06009537 0.1246989 0.1538139
0.1803822 0.2122398 NA 0.1029347 0.2141993
0.2162506 0.01811165 0.07794293 0.09862793 0.09709525
0.1607846 0.05979959 0.03434873 0.03134451 0.1449564
0.1667694 0.05925857 0.04558215 0.02198505 0.05444351
0.05177511 0.01000867 0.03964764 0.04543997 0.0268672
0.1060728 0.05910519 0.01240218 0.1858736 0.02386704
0.02663142 0.08507623 0.07151086 0.08234952 0.112655
0.07518676 0.01508099 0.01740779 0.08077962 0.1474087
0.1305244 0.05789921 0.04618862 0.0153499 0.04004535
0.01195918 0.01409115 0.002709507 0.1350154 0.06319084
0.09854485
