0.1232148 NA 0.1706968 0.08054418 0.1503228
NA 0.14897 0.08696627 NA 0.2819882
0.1536148 NA NA 0.1944882 0.05836635
NA 0.1053584 0.1075071 0.2178697 0.07740323
0.08454034 0.06711069 0.1020129 NA 0.1198315
0.3254897 0.2744883 0.291676 NA 0.2940434
0.01004642 0.1643668 0.163709 0.1718005 0.1008129
0.2575675 0.05476863 0.03367852 0.2091813 0.06949095
0.0164666 0.2081692 0.1452549 0.1427061 0.1912376
0.008591189 0.1632298 0.2132289 0.1895879 0.08456977
0.1585217 0.1429363 0.05751304 0.228699 0.04928835
0.2299623 0.09138013 0.1823305 0.1245099 0.116327
0.1170641 0.02679356 0.1764695 0.03157509 0.1384953
0.0149449 0.05793656 0.09374089 0.1619309 0.08972491
0.0790458 0.07412692 0.08672635 0.07122084 0.1205176
0.130041 0.03417602 0.0253367 0.08954057 0.2445023
-0.01246811 0.01476842 0.01930551 0.08137455 0.007522396
0.01463763 0.08865505 0.004027335 0.02980712 0.02421117
0.01683935 0.01165029 0.05583009 0.0003904804 0.05882429
0.04229287
