0.07624503 0.2267783 0.08081412 NA NA
NA NA NA NA NA
-0.01817594 NA 0.1084809 0.1511582 0.1056291
NA 0.165947 NA 0.1841417 0.1683315
NA 0.137126 0.1499555 0.05758357 NA
0.126326 0.3328341 -0.04720821 0.08830776 NA
0.2637573 0.1569502 0.04869435 0.0413725 0.09817539
0.01445391 0.03111177 0.06216733 0.1058889 0.1546267
0.09462178 0.2017638 0.05198663 0.07168696 0.242128
0.1956995 0.1226615 0.05076145 0.04134403 0.1196332
0.04768852 0.08651918 0.1543899 0.0576775 0.03124896
0.02429022 0.1145781 0.1172589 0.1692555 0.1521249
0.03453611 0.2357296 0.309984 0.07000987 0.1180516
0.1621993 0.06090865 0.1065412 0.09988981 0.1040201
0.2070872 0.06270009 0.02533029 0.08309071 0.04629691
0.07950712 0.01740741 0.2330487 0.09011527 0.06955368
0.01131918 0.1121671 0.006585613 0.1118141 0.01521852
0.05779678 0.05892393 -0.001194448 0.06020832 0.02302073
-0.007051177 0.0297854 0.05454362 0.09496456 0.03352006
-0.000558621
