NA NA NA NA NA
0.1511582 NA 0.2940434 0.1246181 0.2996547
NA NA NA NA 0.1970059
NA NA 0.1933858 0.06280417 0.03972498
0.170182 0.1351867 0.1197794 NA 0.1082915
0.2762468 NA NA 0.1571704 NA
0.04993299 0.1969023 0.03271221 0.01633939 0.07282229
0.2014957 0.08897049 0.1654645 0.1322818 0.179393
0.09313763 0.07442215 0.248398 0.02299694 0.07757886
0.003666717 0.2308512 0.04166089 0.09156535 0.1207884
0.04038302 0.01504784 0.03722746 0.06026137 0.1152159
0.1736491 0.08718806 0.01803163 0.09767687 0.2363003
0.1016733 0.1751165 0.05879718 0.2434394 0.1813964
0.07628743 0.03930009 0.0187649 0.0929557 0.07070181
0.2414562 0.07333789 0.03893308 0.05701691 0.1101675
0.1264537 0.1240181 0.1795512 0.1073509 0.05518929
0.04033679 0.01695479 0.03072777 0.01977749 0.02913848
0.0009513389 0.01241713 0.02423454 0.01342163 0.02198131
0.04259816 0.1186683 -0.008720069 -0.003215778 0.01580992
0.003234658
