0.2407142 0.1719726 0.2325258 NA NA
0.1706968 NA 0.1355608 NA NA
NA 0.09193846 -0.06368626 0.1682943 0.09756056
NA 0.04701108 0.1987224 0.1156954 0.08610078
0.1503228 0.05757237 0.1527542 NA 0.1033973
0.2009628 0.03594284 0.06088728 0.1939246 0.149753
0.1959996 NA 0.1445875 0.09223648 0.2380532
0.06511066 NA 0.02875038 -0.005189265 0.2384298
0.07955653 0.06969287 0.1217371 0.003239347 0.1387749
-0.02472125 0.01678505 0.1834271 0.0916651 0.06702021
0.09237572 0.04350788 0.0543493 0.05704079 0.1672365
0.1749314 0.1775912 0.1479966 0.001242891 -0.02905999
0.3147385 0.04976462 -0.04475689 0.1163406 0.03962869
0.06787701 0.06596077 0.05276873 0.06254029 0.1012453
0.0980345 0.1422121 0.1674146 0.1322303 0.02873502
0.01083193 0.0918975 0.06764882 0.02996619 -0.000929592
0.0224997 0.01567096 0.009112996 -0.005808254 0.04463252
0.05311989 0.02733049 -0.008400185 0.0354339 -0.004892252
0.0393826 0.1687483 0.01672215 0.01718219 0.01157795
0.05324718
