NA 0.04902506 0.3222808 NA NA
NA 0.1428442 NA NA 0.06045606
NA 0.0390299 NA 0.1241939 NA
NA 0.02085459 0.09806634 NA 0.004911296
NA 0.03326141 0.1170096 0.03384357 0.2789748
0.05755355 0.2155323 0.1789195 NA 0.2719985
0.009612637 -0.007736479 0.04788501 0.01222975 0.08577794
0.08604242 0.02646748 0.193648 0.1159672 0.2891622
0.114015 -0.0254342 0.02927303 0.07213519 0.07156565
0.1552242 0.1476474 0.0740723 0.2430485 0.03581775
0.1552545 0.1735795 0.191283 0.06749543 0.1382562
0.07051554 0.1283189 0.1063412 0.1379492 0.03005577
0.05153374 0.05551894 0.07502958 0.07105401 0.2091346
0.06652517 0.1570863 0.05687031 0.08389838 0.04517722
0.04305213 0.01619158 0.0639254 0.09592055 0.06741705
0.04079538 0.05912502 0.0809878 0.0320837 0.07551507
0.03077277 0.02667297 0.01983573 0.1350044 0.005066491
0.0008297605 0.01223498 0.0714103 0.06459009 0.008892524
0.0469079 0.02865598 0.07719715 0.1087479 -0.002764666
0.03449578
