NA NA 0.03738962 NA NA
0.1944882 NA NA NA 0.197395
NA 0.1334821 0.2996547 0.1511582 NA
0.2940626 -0.002441702 0.2244884 0.04176423 0.02966722
0.141892 -0.05046022 0.174259 0.1316451 0.05561291
0.2623943 NA 0.1357592 0.1321815 0.1158025
0.09881591 0.140576 0.1066366 0.05336536 0.06391885
0.04497589 0.04529296 0.07200768 0.1415964 0.04273415
0.1065537 0.2686383 0.1866943 0.01302189 0.2435757
0.121332 0.03120456 0.1205366 0.0776854 0.1399339
0.05594784 0.07067549 0.07913764 0.1375642 0.1063023
0.111826 0.08572037 0.1014293 0.1953966 0.03596011
0.1155601 0.05355726 0.1257613 0.1148405 0.01623963
0.07297463 0.08926478 0.04409607 0.08772762 0.1316762
0.04914268 0.04936221 0.08996568 0.09599797 0.02312545
0.01088604 0.0723435 0.01539814 0.05562343 0.1281136
0.03624382 0.03864064 0.06246877 0.008762195 0.01219079
0.03646795 0.04053095 0.06640203 0.04599742 0.01385505
0.0244683 0.01776676 0.004926826 0.09914081 0.00606032
0.02900991
