NA NA 0.08944328 0.3047625 0.08054418
NA NA 0.100153 NA 0.1511582
0.3011636 NA NA NA NA
0.1294709 NA 0.09176115 0.03377021 0.3162068
0.08494081 0.209273 0.06513368 0.1564587 0.01407296
0.09352899 NA 0.1939246 0.1849084 0.1987224
0.1112915 0.2262243 0.01986155 0.0201498 0.03453889
0.06269198 0.1124001 0.1949474 0.2089298 0.2094916
0.1116267 0.02316622 0.07714312 0.2185526 0.08420431
0.1224557 0.08192293 0.04878215 -0.001816345 0.2098802
0.1072616 0.03080136 0.1976412 0.06967272 0.01992415
0.0890367 0.05041251 0.1169438 0.1429661 0.1874438
0.03773441 0.01678131 0.04647219 0.03822943 0.09039564
0.0290197 0.05657078 0.07783026 0.04590488 0.06736453
0.04210319 0.00802864 0.07700638 0.04721205 0.1997886
0.1023692 0.1625663 0.1522983 0.1225711 0.02110959
0.036801 0.01823653 0.001093553 0.1167679 0.05090496
-0.008830232 0.0272779 0.04638198 0.02481925 0.0324472
-0.004272888 -0.003500452 0.07394238 0.07397012 0.05139847
0.0005636143
