NA NA NA NA 0.2819882
0.02302383 NA NA NA 0.1265425
NA 0.1713038 NA 0.06714897 NA
NA 0.1706968 0.1619182 0.3059228 0.03537352
0.1294695 0.1062605 0.193206 NA 0.08461182
0.0661896 0.1186843 NA 0.2350092 0.1993863
0.267304 0.174314 0.1470296 0.03760958 0.1165736
0.02969918 0.1534002 0.19839 0.05040687 0.04221406
0.05115957 NA 0.07334642 0.169578 0.02530774
0.1270059 0.2875889 0.2017481 0.211146 0.2510515
0.1150174 0.1876939 0.02146473 0.04040903 0.08376237
0.1469641 0.1656652 0.06422003 0.09301248 0.2647671
0.0199839 0.03099651 0.16366 0.05220939 0.1503332
0.05443422 0.08827267 0.07584048 0.09573495 0.07131653
0.04073084 0.1402576 0.03742907 0.02127214 0.03222498
0.04134228 0.0961045 0.08891442 0.1151402 0.09990823
0.01549864 0.03441968 0.09598557 0.009128349 -0.01641826
0.003697915 0.09985062 0.05266667 0.005768507 0.1121769
0.001495975 0.06694429 0.1013689 0.006844804 0.1234708
0.0274517
