NA 0.1706968 NA 0.04043973 NA
NA 0.1563156 NA 0.194955 NA
NA NA NA NA 0.2819882
NA 0.1029738 0.09248225 0.02298616 0.09427111
0.02374946 0.1580105 0.08368586 0.2147235 0.09389624
0.0627658 -0.01817594 0.2236894 0.06339268 0.09363962
NA 0.1089634 0.1528124 0.006548637 0.138901
0.2179949 0.04318463 0.01805646 0.03726334 0.1552183
0.263911 0.07139228 0.06594826 -0.01441432 0.1306008
0.006759088 0.006249571 0.0007039727 0.07034764 0.09339283
0.1269842 0.03763015 0.154408 0.1405734 0.1134044
0.09044718 0.08870235 0.07301906 0.01645587 0.06215315
0.03269749 0.1857455 0.1497748 0.2176244 0.1105067
0.03964149 0.05916713 0.08606187 0.07969915 0.04861657
0.02710403 0.0551544 0.06212045 0.1013556 0.05905333
0.03493172 0.07807394 0.09128023 0.1942494 0.07023669
0.006912002 0.05791368 0.0178082 0.04213824 0.03429934
0.04752335 0.009001833 0.0283662 0.06680881 0.03193333
0.03327789 0.03808131 0.0185591 0.01402109 0.01603554
0.02306263
