"quartet" "wQuartet" "cluster" "phylo" "mutual" "shared" "clusterNorm" "wNrqs"
"mb49" 0.741768650009355 0.763757608749443 0.244566414893951 0.446879382364092 0.187247463446963 0.118934162300698 0.159823681274682 0.16020484946586
"mb50" 0.833333333333333 0.862367864693446 0.213063150849183 0.833176341687516 0.177771154885488 0.0880690446878929 0.0814287178961307 0.161515671168446
"mb51" 0.917647058823529 0.931725559764108 0.280680500833763 0.91768165191981 0.245081886683175 0.124366052272769 0.16156292145908 0.270812549400918
"mb52" 0.734939759036145 0.8174317617866 0.216547268349138 0.73476224621691 0.172994453677861 0.0845731640953415 0.0855075641121983 0.16357502949529
"mb53" 0.835294117647059 0.913502616041857 0.290077381981199 0.83513123523111 0.249520509372449 0.125234112911716 0.17251590352864 0.25857202902202
"mb54" 0.872454315575192 0.886134494436381 0.272807217552032 0.738031872513519 0.221500493770387 0.139886190896891 0.176200304857667 0.240050562429948
"mb55" 0.780540510432325 0.77419946654624 0.210888255992458 0.620856790066622 0.164849772663179 0.114266230494715 0.122166653856387 0.142264594002044
"mb56" 0.808915499547366 0.853013704167846 0.277848156628481 0.646925255319941 0.225483961470765 0.135644009442883 0.182253823016545 0.212506332208344
"mb57" 0.710631173012712 0.735157654205738 0.221192302208359 0.346984355979693 0.156944589600953 0.0991238336272951 0.132740125800572 0.152749454983019
"mb58" 0.633287778891816 0.660525875586447 0.189775228359604 0.142001160989653 0.129796075500545 0.0661340121235757 0.143515069859051 0.102155545228609
"mb59" 0.747961400161226 0.736487195633921 0.200816480598675 0.564409693577806 0.150679240229541 0.0902368064837562 0.0950251339836285 0.129003177603169
"mb60" 0.811764705882353 0.842342931937173 0.218962864749396 0.811694588854095 0.184970500219938 0.0929977009859697 0.0896249932463628 0.166161268181682
"mb61" 0.751872093643412 0.779552304165271 0.204281747235441 0.587898971426182 0.15471337509158 0.0907497822944506 0.0989491128122557 0.146664534253642
"mb62" 0.707320151303647 0.723148427330691 0.200454165153648 0.329165795181392 0.141386933306182 0.0821381235527914 0.140635059417238 0.125222379172849
"mb63" 0.658823529411765 0.711419629243239 0.195212796629374 0.658777534566126 0.147403746761918 0.0717220519741101 0.0619419709554619 0.108631659711649
"mb64" 0.767518421126321 0.725048669695003 0.189408559996783 0.539721522441867 0.141558969419946 0.0921022972245907 0.0980690301651394 0.11231302794203
"mb65" 0.852334447070467 0.870914073204149 0.215257101264396 0.775220944326044 0.172710769015136 0.111700629438998 0.111093937600559 0.154836226633268
"mb66" 0.741062501506188 0.75714488450286 0.238675582179457 0.400221286885155 0.172736089156687 0.118635189494607 0.17141628981499 0.184796270645871
"mb67" 0.780487804878049 0.882645097204484 0.235137260082069 0.780376049288296 0.193265322862118 0.0950496435898848 0.107634460159134 0.191050604459359
"mb68" 0.639244644889724 0.677179990734019 0.199744759143363 0.153972148929185 0.135896257880832 0.0740016161957386 0.150870718398875 0.113510552245558
"mb69" 0.648285808229917 0.662471260333117 0.207246774437636 0.140952179610376 0.133530159801175 0.0586741410436935 0.167468154742282 0.124754530455206
"mb70" 0.76116324343458 0.781886637458927 0.205880078954077 0.540741670705537 0.156932656640878 0.0947245348119209 0.11679760465357 0.149502167047882
"mb71" 0.638678619536291 0.677813604606428 0.198380264205161 0.177769777949508 0.13645331705308 0.0865974647759428 0.147363031721773 0.116177285178059
"mb72" 0.649557825467532 0.666983709287156 0.207367980333814 0.152076115124369 0.133484200385718 0.0629128520527643 0.167352990756316 0.125148803967339
"mb73" 0.786399698361195 0.821744658572461 0.213101374626411 0.607514902308616 0.159141141592444 0.0960965641441852 0.108310380793315 0.155668024496252
"mb74" 0.698795180722892 0.753964536634326 0.232885341163636 0.578830174461683 0.191478720443062 0.0926896966017498 0.103820040617091 0.165387349814409
"mb75" 0.657770678786099 0.664124516603892 0.202062712270056 0.1635125718929 0.130964758014369 0.0559744900420358 0.160963488032268 0.120939066099382
"mb76" 0.657031712784395 0.656944901395367 0.186109048599866 0.249936008158798 0.130945588745485 0.0821562551625475 0.113884249826422 0.1185117707117
"mb77" 0.80952380952381 0.841920045045045 0.198383407343702 0.809461800654407 0.16396292189833 0.0796582700769547 0.0654624460970072 0.145640332071815
"mb78" 0.835294117647059 0.842355796154564 0.169184053989293 0.835189252383238 0.138649351730074 0.065427634021765 0.0316029311233163 0.108617166484361
"mb79" 0.650928955571429 0.665764857723741 0.205899601634607 0.151988950030528 0.132556179730595 0.0565307798831345 0.165461576702972 0.124244168607485
"mb80" 0.663549258990881 0.676724255948307 0.195670838698835 0.265195914945781 0.13766856631061 0.0802357102006064 0.115951023693922 0.129156692652726
"mb81" 0.717647058823529 0.790641827972639 0.203719585261222 0.71736783182476 0.162797430211266 0.0771854172027936 0.0718574633291828 0.145507170404814
"mb82" 0.663884562095799 0.664082126964457 0.196515463430769 0.198638125419901 0.128564561123966 0.0618993303335216 0.152936425301447 0.114872948813156
"mb83" 0.643772596655814 0.652320490607083 0.201014530840477 0.129798341347739 0.126586028994278 0.0549377325548109 0.160907606789571 0.114378441528355
"mb84" 0.640465569569072 0.646078808882043 0.195897302286273 0.131346710963037 0.124902408998144 0.0522494876448722 0.155284669948679 0.110774452076955
"mb85" 0.757986331436033 0.772404044608634 0.206488950786449 0.481876549667424 0.154737278164125 0.0955291334521381 0.128609133137656 0.146917192254708
"mb86" 0.712129895882593 0.721835675200815 0.195967455998753 0.340870546441596 0.139055893241125 0.0851928780042879 0.131224931738398 0.125253315709352
"mb87" 0.71638622128691 0.727056133491587 0.219615153479538 0.352821390134264 0.16052677451724 0.104647108522617 0.156616324351752 0.161398096417448
"mb88" 0.702832352149215 0.66550718988586 0.181500794553739 0.361671930452364 0.1301769721322 0.078770989165158 0.120081103772087 0.0998058095119414
"mb89" 0.781661408021341 0.773083104359998 0.201680352456531 0.576625875423793 0.153571444945808 0.107048394079773 0.123106398820464 0.126340783042516
"mb90" 0.77907554594996 0.76826883910387 0.196111708050567 0.596999216312597 0.149521150572548 0.0967166366110416 0.105609733273361 0.127369895844045
"mb91" 0.778197603339624 0.731914405369744 0.188469875455841 0.624353143799895 0.144785851467337 0.0876874367369097 0.0807396261282236 0.115986032891053
"mb92" 0.818659612877546 0.821156669748219 0.204514138143116 0.656707072151637 0.15880551249971 0.10351413226252 0.115088249911294 0.134449696794984
"mb93" 0.836334756486812 0.822314875631836 0.203005916173266 0.712534693501775 0.158388461875103 0.101616434995514 0.0972053195391989 0.145936646795603
"mb94" 0.869047619047619 0.886545515171724 0.196778215327537 0.868924268468762 0.165222446077469 0.081022694763985 0.0624197286522815 0.149369671654934
"mb95" 0.783737490244428 0.756884944920441 0.193322743176834 0.600177931286673 0.147816858044594 0.089192803668409 0.0854917643542666 0.119085910886568
"mb96" 0.726190476190476 0.689111289031225 0.184872096098559 0.726066418305253 0.147230994003854 0.0713813043908865 0.0490523213671143 0.115703453998626
"mb97" 0.746987951807229 0.723773434383726 0.172737708600318 0.746836590353881 0.138136836111207 0.0667939181783204 0.0344726713175928 0.0915839275925446
"mb98" 0.761904761904762 0.766167128196775 0.188389609103303 0.761680488125022 0.153918385682149 0.0743997760399197 0.0526279228895006 0.126011386058793
"mb99" 0.738967847304909 0.723761680980932 0.192663698252122 0.638343673951744 0.15169469187451 0.0957989815843101 0.0850765249881973 0.127558193447818
"mb100" 0.658737926519821 0.664897601105718 0.18611023633403 0.198880603795255 0.122845263858153 0.068456557951395 0.136473623877014 0.104247256538082
"mb101" 0.630410440568087 0.634288631980597 0.188873385825503 0.129859048385244 0.121605359089327 0.0545765480821708 0.147542940516779 0.105486049400016
"mb102" 0.736951142106075 0.693214987788169 0.181058733266946 0.54118999964008 0.131265766503495 0.0746557828078732 0.0726519689842915 0.11378324487634
"mb103" 0.789338146847809 0.777245508982036 0.201431899427562 0.68871554369205 0.158196618021329 0.10225594679873 0.0950131933526297 0.142399868908552
"mb104" 0.641956671009569 0.672083165371798 0.191945335946259 0.203866658831376 0.132328234458107 0.0853687134236389 0.137979572733218 0.113789974427845
"mb105" 0.634241449455908 0.635344781338549 0.175233784771479 0.216360335776504 0.121201281590844 0.0774448569157138 0.108377007433473 0.106459778666916
"mb106" 0.777833407982097 0.742367749712652 0.190137007577494 0.688704817712826 0.150852909742923 0.0970383102610678 0.0825195777655889 0.12554331400146
"mb107" 0.69515155958136 0.703257754444698 0.18511226948924 0.352674666193089 0.132857674205738 0.0811761781866111 0.113447538886246 0.11375340047777
"mb108" 0.648566862434081 0.649433800456078 0.17893485314442 0.237567913870732 0.125235321453114 0.0809401182642369 0.112402809424348 0.1092624294707
"mb109" 0.8 0.786778888304401 0.179100767978187 0.795010101698855 0.147214415952196 0.0723680518954258 0.0431618291028818 0.118623575328208
"mb110" 0.797619047619048 0.752455130375889 0.166078667242286 0.797545825060659 0.135532576032012 0.0659917302382344 0.0270236650092851 0.10664862144687
"tnt1" 0.713776672966626 0.643463727999164 0.181683773561559 0.327213799432662 0.127923989842738 0.0709528505199752 0.115714975431905 0.106587976201878
"ufb1" 0.729411764705882 0.688290713324361 0.161632995002803 0.729318223621778 0.129801049301757 0.062775479904706 0.0228014349260616 0.0854807971978599
"ufb2" 0.628737974320568 0.663593321704461 0.187168413226425 0.250343973225522 0.129785105535131 0.0813220404468645 0.132934086095406 0.109332396102391
"ufb3" 0.634768404867533 0.662619542370547 0.184944835197291 0.277514891200148 0.129610667117744 0.0849952028973944 0.127421397282833 0.110734158320511
"ufb4" 0.640489038287251 0.654621745846362 0.183545549481921 0.295040395395704 0.127658353379981 0.0842966951006659 0.117357306909728 0.112802472861781
"ufb5" 0.639912058292916 0.667481482124714 0.190176589775279 0.238259312371156 0.12984640590156 0.0717642162042381 0.138623138895009 0.108501843267685
"ufb6" 0.751292528307057 0.788286357303612 0.219711562957533 0.588960710611186 0.166390965929404 0.100493449426645 0.115377212984913 0.150090656330415
"ufb7" 0.746987951807229 0.725202193920238 0.166302455326914 0.74688061769671 0.132047600138159 0.0628058074485732 0.0265073763367371 0.09785785733138
"ufb8" 0.626316686151584 0.651508707567022 0.180750843377416 0.271121329283148 0.126456011259209 0.0822424687845332 0.119101359877286 0.109920376914666
"ufb9" 0.706966445647106 0.680455071138485 0.208500363160931 0.340995915009045 0.153363892192815 0.0926850528434428 0.130817957292474 0.118616880714314
"ufb10" 0.658383753501913 0.637819977055765 0.199701003936764 0.176033927636547 0.133232370349068 0.0745761489785209 0.148839041436222 0.120388441443389
"ufb11" 0.641282407851314 0.648054683332692 0.198964618594637 0.142637145603519 0.129228929061413 0.0568159645652371 0.158912669916941 0.116348300920387
"ufb12" 0.624293216254904 0.656418379533597 0.184851280687712 0.235736584332462 0.127335356290779 0.079466763082668 0.130429457053231 0.108369499675221
"ufb13" 0.63248699408156 0.650491114744075 0.187329175495049 0.17870362942522 0.125549446562993 0.0606601514095966 0.142161932636085 0.0976712074592143
"ufb14" 0.729411764705882 0.633185622845889 0.145053789324164 0.729144172165396 0.113056845194254 0.0529358110649256 0.00347675265366507 0.060423769382408
"ufb15" 0.882352941176471 0.912891488906328 0.199671970831769 0.880840244062511 0.168527008420309 0.0827332479207722 0.0671395736831716 0.158910089887841
"ufb16" 0.726190476190476 0.697432866069921 0.170370271408344 0.72599126642097 0.135456956799957 0.0637132912398968 0.0322343450047494 0.106358907522377
"ufb17" 0.683327067405744 0.632491471849279 0.16948637517164 0.409920510791673 0.123141994786302 0.0837899254790583 0.0876945250496722 0.0826817712896045
"ufb18" 0.670224632742133 0.63839153762966 0.175635753597653 0.291327138051072 0.123981928094886 0.0730136367493272 0.117599928562531 0.0894803062970567
"ufb19" 0.671867211689001 0.614632614503915 0.174241691059747 0.244617027292549 0.11716613635114 0.0693686382690274 0.121739972749697 0.0865551281127862
"ufb20" 0.687153445849622 0.674671558867258 0.203813652904097 0.341161427227962 0.151940878018434 0.0923663046438398 0.125671265866459 0.110665033648199
"ufb21" 0.668524695484454 0.629592401392518 0.169076710300419 0.291214926685776 0.120087625766917 0.0597283871293465 0.110579123985794 0.0866662548693872
"ufb22" 0.653098869925109 0.659281598120357 0.196825720709233 0.175301230559501 0.128519043766731 0.0595806670182485 0.154145839327615 0.114783984413147
"ufb23" 0.727744982028773 0.68007944451395 0.174892153259362 0.47051344257746 0.123221188720455 0.0808751517020479 0.0823335275349115 0.106024433639345
"ufb24" 0.688266028275596 0.699500370538596 0.185726100938273 0.340965918825338 0.131740764078052 0.0794656938671695 0.120158919537596 0.113083491068189
"ufb25" 0.686441456607386 0.65673473072567 0.184705094667799 0.257658016796801 0.124513201632696 0.060015736815786 0.135006000453569 0.108249082416257
"ufb26" 0.629222681847949 0.660371327576423 0.187810723992819 0.188225774455147 0.128657380380323 0.0607124949674633 0.139966400880679 0.101361981680208
"ufb27" 0.749739298785295 0.759762576539801 0.240856222572697 0.45962988556365 0.181092545986677 0.117709874081096 0.165932856458128 0.192164778108207
"ufb28" 0.702631894407718 0.664762774303823 0.17187079520328 0.402553272759583 0.122831594433459 0.0758913009817471 0.090346621325471 0.0921085598365855
"ufb29" 0.688635859447013 0.640936680515042 0.168223546153527 0.355143395738525 0.120983425986682 0.0714510783247984 0.0947553414590013 0.0914705025097232
"ufb30" 0.697084743557658 0.655620454706888 0.174336286208932 0.361156784296091 0.125192388053986 0.0751499105488957 0.107615002676025 0.0957060392597836
"ufb31" 0.629139909114398 0.651278410323799 0.182455697115723 0.188225774455147 0.123472752410574 0.051057962652098 0.134295920889697 0.099624050121056
"ufb32" 0.671305934438708 0.671682879287568 0.17344672873574 0.364476342009095 0.124887190279499 0.0736240191314051 0.0923239540662854 0.100093865093939
"ufb33" 0.65424752288502 0.641404243262924 0.175058047877578 0.211343896336798 0.116304430520597 0.0554811625558308 0.122706377069963 0.0953310953395714
"ufb34" 0.626331685023643 0.655327195190639 0.183780629705976 0.18827971398479 0.125147337933443 0.0499430494619711 0.13393161063865 0.102647011064956
"ufb35" 0.783840920201036 0.771539566131596 0.219302380694697 0.492285070476936 0.167523039817497 0.0904045923506454 0.131494487113843 0.171733606365672
"ufb36" 0.604187521005064 0.618316710028982 0.174323515348399 0.141611575746454 0.115196153737781 0.0495833486852327 0.13039959261398 0.0925991695836656
"ufb37" 0.697415220012645 0.687645638341001 0.205538981326772 0.317633167559245 0.148267607122444 0.09549488969794 0.145969757884664 0.138354271330288
"ufb38" 0.773809523809524 0.733993718289442 0.182981436935146 0.7710124548799 0.150686664867502 0.0725319564093767 0.0468466332365422 0.124046276565191
"ufb39" 0.632158861048376 0.637050445343766 0.191789740458779 0.131346710963037 0.121630605933738 0.0569547403376572 0.150964354049151 0.107021513327156
"ufb40" 0.80952380952381 0.833811970979444 0.189184724992877 0.809461800654407 0.156071624614455 0.0743631843719866 0.0547384738364217 0.136092743094022
"ufb41" 0.660457485494524 0.670893300509195 0.183592078370585 0.234357328075366 0.12549750208687 0.071645187493182 0.129302825065664 0.103851830262323
"ufb42" 0.655490861462394 0.666285701038576 0.184023888289351 0.192066133587609 0.124469237854726 0.071058470495965 0.132180828177888 0.102797443732684
"ufb43" 0.747562156060971 0.712858185356361 0.187023737091298 0.479600046974895 0.138872870050512 0.0877175504078982 0.107094009604413 0.111770695297371
"ufb44" 0.688814426329113 0.68087003825814 0.201196334488017 0.294007744706672 0.144245470381316 0.0932142916139464 0.144994902331633 0.127081919294216
"ufb45" 0.761751313194081 0.769245180341324 0.192604945040859 0.542137356862607 0.146717065401023 0.0995898037510859 0.113223621401198 0.114628841926506
"ufb46" 0.735888769962473 0.742907626155291 0.192339188550544 0.476781743095475 0.142804341239294 0.0981621697900329 0.121143625876139 0.110518169826091
"ufb47" 0.726081165791855 0.741189068392383 0.198229353892959 0.463841274238841 0.145153863597126 0.103366117325816 0.133507169640845 0.11512126001137
"ufb48" 0.705168752285279 0.704151365022173 0.211977206904178 0.317618492971567 0.153144330742951 0.0950756104498855 0.148361782396133 0.153669071273121
"ufb49" 0.677438344475491 0.661534799033099 0.189435949663121 0.273595360455411 0.133837259569161 0.0811179852522864 0.135391327681336 0.108830190798327
"ufb50" 0.651506903750899 0.66055250689419 0.19893935686282 0.151988950030528 0.128941253762903 0.0453145450237337 0.158146894945394 0.117766891871294
"ufb51" 0.63121433902008 0.6536519955829 0.17989374168025 0.250148789883836 0.125084263543147 0.0716291260856702 0.125156220814306 0.102448163344586
"ufb52" 0.757231366354283 0.754181182509081 0.198531261710299 0.523652686186956 0.148148375552256 0.107863768325867 0.127812344630884 0.11669748840468
"ufb53" 0.761904761904762 0.649848637739657 0.138515488112921 0.761739193202217 0.11046669766683 0.0513281860965038 -0.00411381319310905 0.0568149575583475
"ufb54" 0.734939759036145 0.844292121519844 0.196187794822232 0.73476224621691 0.154507828933989 0.0716186107397534 0.0617427806264344 0.125100606048975
"ufb55" 0.670588235294118 0.734080144350049 0.193935406083181 0.670378504766476 0.152620613168817 0.0688552909808451 0.0604530476064528 0.12323222867447
"ufb56" 0.667063764630899 0.638364212040361 0.182409972620307 0.210679839692391 0.116527346512451 0.0487845417332201 0.137031130547581 0.103811475614482
"ufb57" 0.625830100849394 0.642147080493304 0.177208534707395 0.274347547884393 0.121957191206784 0.0744187829384178 0.115321214710474 0.105516348351739
"ufb58" 0.743342540565986 0.788475283920083 0.248247446662294 0.495568321570441 0.189033464099039 0.121484395793564 0.163695109662279 0.197426003271259
"ufb59" 0.717647058823529 0.781652529060635 0.197157590569855 0.717483866129015 0.156703217569593 0.0728735299118425 0.0642088180960038 0.130435597459751
"ufb60" 0.763503870996806 0.773172323759791 0.191040702920867 0.554465639609425 0.147664350966272 0.0930905487737569 0.100100175686572 0.121112838321009
"ufb61" 0.609511728606394 0.610776134768579 0.182883286503841 0.0943207182111454 0.115644716458782 0.0503760884205367 0.141869917516688 0.103690815309077
"ufb62" 0.598523852630453 0.597508920725529 0.175657394256425 0.094345146918246 0.111971323728395 0.0502803553662889 0.134022777331486 0.0963778316007584
"ufb63" 0.673842118648806 0.640574031675597 0.195598057436924 0.244686597802883 0.133064617905698 0.0762695030712894 0.130750546618596 0.115159835542081
"ufb64" 0.688446888998428 0.638625504234828 0.164406632263999 0.397098007715835 0.117548732728055 0.0738903191408982 0.0907433507366179 0.0890515443940212
"ufb65" 0.69835328162779 0.655763119565697 0.17091361060079 0.391251411580002 0.123435159423038 0.0783087133493827 0.104020956217452 0.0949935362180597
"ufb66" 0.623791283600872 0.644617715910577 0.177059135679283 0.235554804863544 0.12100252497036 0.0670317014846881 0.122099200667617 0.100495995718748
"ufb67" 0.637526043953122 0.6249290571824 0.169747118202178 0.293507773888268 0.115789474625563 0.0691306352225055 0.102470579620514 0.0990270303274223
"ufb68" 0.67289094935833 0.670858412478715 0.191182475760279 0.382818938842585 0.138131312012103 0.0828179048242275 0.110921924455498 0.122866781675161
"ufb69" 0.728301537217014 0.737182080194165 0.196410008841397 0.36445714772204 0.140301112081721 0.0853041381968457 0.125738850011275 0.129777931290536
"ufb70" 0.721600748905958 0.656841757470212 0.184913985247943 0.362246909615751 0.130792941278558 0.0777815980450915 0.113131508765111 0.115307098826963
"ufb71" 0.670454569367067 0.606129886112275 0.164135933989703 0.303679323131057 0.116376950117878 0.0676438392638005 0.0967525117221823 0.0869614610060228
"ufb72" 0.657710683541037 0.587333086532418 0.153989841472769 0.268558540239986 0.108044209410836 0.056770538568604 0.0906328551363227 0.0760120120388237
"ufb73" 0.631228561525104 0.64642765568523 0.176716748956685 0.1634485690989 0.119425960760255 0.0640420707546846 0.126507256837847 0.0961516674687143
"ufb74" 0.634451619669802 0.658514753532001 0.191875570666352 0.190598354168835 0.130602610122167 0.0669633653252166 0.144242719293677 0.10343246877213
"ufb75" 0.847058823529412 0.72841726618705 0.142903315242899 0.847140962864158 0.11961911067913 0.0586510639496747 0.000970165235606903 0.0782468920410763
"ufb76" 0.646403347857951 0.651767058868779 0.196362144807021 0.140915591385091 0.127332259624966 0.0425189814620019 0.155791540034869 0.115120323334883
"ufb77" 0.701142213568589 0.685619472098416 0.17827259288977 0.45527910749976 0.130935252676726 0.076282146648827 0.0856819036572081 0.108644156515733
"ufb78" 0.699373091957725 0.664481525625745 0.170507714572909 0.444419872976478 0.125051757955509 0.0796645228164389 0.0888105056127475 0.0999223471993096
"ufb79" 0.70321982343974 0.619288070411306 0.164218980358008 0.423320012609618 0.117127574620483 0.0619727114213733 0.0704630636130307 0.0903151529334095
"ufb80" 0.75926874104965 0.769035465162894 0.19476093252268 0.61132123855022 0.150023276813923 0.0837864582896861 0.088167987063439 0.143643993785276
"ufb81" 0.710410953281893 0.710407337796755 0.213330445466713 0.341184387283235 0.153527950963686 0.0948207536317971 0.149824265064766 0.152675530045022
"ufb82" 0.643178488906514 0.651419556657635 0.199434638026814 0.117944167368781 0.1254200347378 0.0548417055277319 0.159400147845973 0.11537468489287
"ufb83" 0.639594417644575 0.645583102805691 0.181292300510848 0.163680009020611 0.117437984003498 0.0585156966681373 0.133100525006703 0.0986060771047972
"ufb84" 0.660423151579505 0.637072796695043 0.200968307059701 0.175988077044086 0.134322806210883 0.0745958133838067 0.147739617229713 0.125381736683036
"ufb85" 0.648066770683238 0.599331071891668 0.167677616726174 0.209502051061226 0.111905666514603 0.061073728002841 0.116885482356313 0.0806045603969864
"ufb86" 0.731504286021161 0.737145028285159 0.189920640992691 0.493697621655482 0.141143164565809 0.0823133005512488 0.0990478750946971 0.132094709329708
"ufb87" 0.626609512074954 0.626244249407447 0.187024828181777 0.106359121404142 0.121808407731148 0.0549449762452475 0.146423458129837 0.105736195910509
"ufb88" 0.601872981396571 0.600468069586689 0.176040142099124 0.0943904783684844 0.112159677719489 0.0494501008748022 0.13296812886337 0.0909936886608153
"ufb89" 0.695915090097086 0.670910844952492 0.202554431712034 0.333194748810897 0.147455173371424 0.0876078060985491 0.124126684606927 0.108624314732841
"ufb90" 0.697636979131945 0.656604643553017 0.168846491784467 0.402979815039354 0.122489548334586 0.0793173331809073 0.0955746142993228 0.0919134706844126
"ufb91" 0.637235656259882 0.638063483342963 0.173594016350279 0.270113261391909 0.118166081387222 0.071007203619158 0.115311488673742 0.0975200278508723
"ufb92" 0.64191650610861 0.634734420826125 0.171590805010455 0.297038937754847 0.116964562321346 0.0712009370246877 0.109276309142212 0.0983818608768994
"ufb93" 0.670588235294118 0.770054694621696 0.203623650921177 0.662467883921047 0.158032902749208 0.0726689461206256 0.0717456424931118 0.127721615626167
"ufb94" 0.63453101155219 0.650202962053384 0.184632900167136 0.176617478428471 0.125524640151193 0.0534889529485967 0.139335933310275 0.0962035263206735
"ufb95" 0.629814681654317 0.647428324535987 0.17985033817392 0.262468336363329 0.124217025460593 0.0773266775158623 0.121950970013488 0.10694596151814
"ufb96" 0.636110056321363 0.667639185747161 0.193463545602403 0.19992485179872 0.132561558096252 0.0661267858809611 0.145952218051241 0.107132738862929
"ufb97" 0.658823529411765 0.651230484255094 0.16977437259314 0.658718198730096 0.13107051040644 0.0603676056063973 0.0322910050684715 0.0866505510398573
"ufb98" 0.704863956801752 0.660279678667063 0.171940229836169 0.517566700343028 0.126061316242885 0.0734363418219042 0.0623264101855822 0.0954634359942608
"ufb99" 0.696481009759384 0.689615902267316 0.198597203455073 0.32108675794927 0.143851097924172 0.0858855829592948 0.138436011239314 0.131033247672731
"ufb100" 0.631526909360104 0.636953653798983 0.192718333160939 0.142637145603519 0.124698683476041 0.0567898207585535 0.152355788573963 0.111114790103278
"ufb101" 0.599397539537095 0.595734290616217 0.1804817038155 0.094446818983882 0.113702132854998 0.0558649079376031 0.136010397215661 0.0949933514106988
"ufb102" 0.629850681742008 0.655242963664839 0.182876602042252 0.265379023312345 0.126446987096902 0.0801384687339169 0.125168500962703 0.109353121176956
"ufb103" 0.775514672160292 0.73130015064408 0.170830919472439 0.630754273273044 0.128780577698645 0.0772217141100699 0.0608349805241851 0.107838445162384
"ufb104" 0.749307155811673 0.732769696475912 0.190247962168351 0.49377561611123 0.141199726610849 0.0959046222240228 0.118868057209599 0.111083057395863
"ufb105" 0.698847447358721 0.618923288921881 0.168562920341927 0.303888258165973 0.117699334747338 0.0625000471541816 0.10629729957537 0.0896487848051895
"ufb106" 0.656589573272562 0.606311323789609 0.15705540574744 0.351351227950894 0.111087344042332 0.0666999642552452 0.0743571905581481 0.0795579602927076
"ufb107" 0.64965059551193 0.603317476489603 0.15614280692554 0.287851137996749 0.106857026843676 0.0645453564748969 0.0817278236105899 0.0788244267384538
"ufb108" 0.765369712801358 0.784818790979177 0.233695876935147 0.471965394954419 0.172359856932685 0.105800954247693 0.147506872095446 0.183099421422353
"ufb109" 0.639321595399377 0.644739453715437 0.177258928813063 0.297038937754847 0.122901929278498 0.0805500451978028 0.115399523026412 0.105051563758843
"ufb110" 0.689347224549502 0.715975380092784 0.222869654418361 0.470387112473262 0.173881276810034 0.0923490175097772 0.119997580910033 0.145982644250603
"ufb111" 0.673008388746409 0.677075788809033 0.185689964829154 0.246861277436663 0.12829834990938 0.0649270753021459 0.128506534916453 0.109126628693351
"ufb112" 0.632007336242764 0.631101514812023 0.189546745221292 0.12983600838323 0.119460275050876 0.050360375172154 0.148608057667308 0.105618598020788
"ufb113" 0.630589291216713 0.627004864537671 0.185696195631294 0.131385347284145 0.119023396988046 0.0483976665984501 0.144203858599055 0.103355550409245
"ufb114" 0.67701050764494 0.67577697954084 0.178168162719922 0.258538857745543 0.123260085660061 0.055540576207351 0.120456528038579 0.103477804702561
"ufb115" 0.687613068249036 0.65965411568849 0.179590417368624 0.26128283439252 0.121889858380974 0.0590296819345417 0.127531362967828 0.104941556026891
"ufb116" 0.660602123576196 0.629273438933399 0.173257487612162 0.201753697944392 0.11148320330733 0.0471097245078054 0.126124768246982 0.0968230018927348
"ufb117" 0.718619845958387 0.732056977128382 0.19566324771287 0.375971625915815 0.139353296280771 0.0837297099255775 0.124926415498431 0.129728580915464
"ufb118" 0.639985722380157 0.643341768199471 0.176144598055969 0.322290030496813 0.124549040905094 0.0749695718258798 0.103107630359608 0.107168303235329
"ufb119" 0.652613158274916 0.651763862154279 0.189368249695906 0.175301230559501 0.123394946164403 0.0531043595430669 0.146292085730964 0.107257406338124
"ufb120" 0.666563398547695 0.569205176013487 0.153696572754168 0.304084728371769 0.110074165571042 0.0675648124967043 0.0853981040690538 0.0717806451221668
"ufb121" 0.685332818255784 0.610077282360011 0.162651656173531 0.362400017604542 0.114506731001994 0.067187964344071 0.0801866993195279 0.082329181427828
"ufb122" 0.648211194083004 0.654036924772665 0.180788934529528 0.366296079961764 0.129383790378891 0.076497450401105 0.0995941230873627 0.107415953673685
"ufb123" 0.636151805802734 0.645312942746392 0.186227499343795 0.178679645181598 0.123438407937955 0.0580326574692126 0.142051094299172 0.09538086686824
"ufb124" 0.704081797497191 0.648138233657712 0.169802688887796 0.396837263806366 0.122654296402846 0.0741074792740954 0.0878430458113107 0.0894673228321517
"ufb125" 0.690563988939382 0.621457549823803 0.161757405309171 0.385207181113646 0.117610122589624 0.0712808912227873 0.0876949882175088 0.086009400294841
"ufb126" 0.688377627673847 0.639878704281476 0.169402714997232 0.348582614788734 0.121022977282695 0.0711014079664933 0.102282753166916 0.0929320647712846
"ufb127" 0.670588235294118 0.55983288570576 0.151226407843137 0.670494539070731 0.115854216887599 0.0531123889124829 0.0106715419566019 0.0534178558204696
"ufb128" 0.675855641212663 0.680024418959578 0.19909100456557 0.258410309715378 0.143305747100024 0.0832959592739053 0.139038307473517 0.134399914008323
"ufb129" 0.658831608407631 0.652017040747056 0.177685859883184 0.234944563705085 0.120232637068619 0.057450977972664 0.122997219683861 0.100860123701676
"ufb130" 0.870588235294118 0.851908031294907 0.183826021903785 0.870518273405143 0.155071597867075 0.0767941198832549 0.0486695737161367 0.144149217862899
"ufb131" 0.67315873969085 0.703865527509532 0.206482461137093 0.4595461884475 0.149146988869022 0.0868978129861154 0.0997118113792956 0.132317516306238
"ufb132" 0.639171235058019 0.647390864653499 0.19648677936327 0.129194233523629 0.123884504177408 0.0591265211432407 0.156357955330754 0.112790428131114
"ufb133" 0.638614175092937 0.642626071244702 0.192830302444247 0.119352292134307 0.122809800054587 0.0523453203852429 0.152316023741844 0.10995006583098
"ufb134" 0.765637583772542 0.646489021820406 0.144493181122197 0.658703399606298 0.110155171859433 0.0693007311677514 0.0312460780347414 0.0631664065052242
"ufb135" 0.721487943965465 0.727269362450264 0.189540803205012 0.387956769009145 0.135620359784556 0.0804883837488483 0.109997595179444 0.123281403194965
"ufb136" 0.705880297399553 0.680374558892995 0.189922283397954 0.472499601345732 0.137212126472098 0.0736451709194461 0.0816047331477778 0.133317625269167
"ufb137" 0.648394455921072 0.652764931894034 0.194507261535744 0.175417471782517 0.126101669550393 0.0599143157605775 0.152427441727811 0.111276821108987
"ufb138" 0.65041410397066 0.661895861148198 0.176563847596715 0.493807838584003 0.133508984480279 0.0773920993255143 0.0675620760392728 0.10111112483978
"ufb139" 0.674479223794063 0.688348164627364 0.179676253133459 0.423168893309847 0.131993413402145 0.0774047637944549 0.0876542962958992 0.111220593141222
"ufb140" 0.701378369070682 0.717198969848806 0.187714202484595 0.399572366509502 0.137925285821896 0.0805714134108702 0.107991721175858 0.12153776439862
"ufb141" 0.69581121104744 0.633488179424209 0.163621629522895 0.37788194592164 0.118912460220226 0.0709807691270888 0.0897239248332793 0.084898962069416
"ufb142" 0.694117647058824 0.554468297553669 0.141384076899496 0.694048538435904 0.109680408162037 0.0508146267694634 -0.000800655324277793 0.0454229045367126
"ufb143" 0.645406217917048 0.65567814263488 0.20186662089626 0.140915591385091 0.129874911915469 0.0525120588692295 0.161573902391474 0.119798628741376
"ufb144" 0.805030050493875 0.759599692070824 0.171413588602453 0.688761992455065 0.135116893315968 0.083709974058136 0.0612581265367245 0.10175363692294
"ufb145" 0.682352941176471 0.713177641008347 0.189319661777647 0.682270879411365 0.149617515552807 0.068805994403175 0.0550729471430156 0.105130475968239
"ufb146" 0.628463392298962 0.660044680027422 0.185889597911645 0.228836785402612 0.127899905073713 0.0689926410854773 0.13407731561561 0.104600413160979
"ufb147" 0.68106185855576 0.699986054943523 0.213158853536237 0.450485820247522 0.152361384058991 0.085942255011546 0.107645249533034 0.134009431282617
"ufb148" 0.640329726514196 0.649037278115077 0.196976223953431 0.153939533469446 0.127626554221091 0.0609582850245974 0.156678798440055 0.113983987719112
"ufb149" 0.654737770830437 0.654577703214852 0.192671000866705 0.163418447808141 0.126046662986108 0.0528847907373925 0.150495252797245 0.113942144948032
"ufb150" 0.635294117647059 0.665708890895657 0.185617254779603 0.634991466592443 0.141442125487812 0.0641676763812041 0.0507574304489631 0.0951311682018744
"ufb151" 0.626621689119545 0.632979438247547 0.179303872088719 0.328258112184091 0.123705092437661 0.0729503586979106 0.0860942660601233 0.109520848935322
"ufb152" 0.742865993591643 0.731090703639266 0.186373577860468 0.53567015429552 0.13982615135232 0.0931334441927047 0.10619823614818 0.111721905902002
"ufb153" 0.61611956724618 0.64497834977147 0.177210307467286 0.253243155424542 0.122199834170669 0.0734066786666675 0.119163505931625 0.104410675004105
"ufb154" 0.733899475288303 0.683500230202578 0.177369423591796 0.444398465523262 0.130559543636377 0.0808973289971575 0.104686396926024 0.099858679004829
"ufb155" 0.667992096576379 0.636344843595648 0.179289455110498 0.21061645830287 0.116071421007785 0.0492254106921745 0.132479114802803 0.103553418522188
"ufb156" 0.635585110894842 0.636686490538208 0.192719852466609 0.12976337689918 0.120705672670343 0.0502376479522147 0.152349570819704 0.107042539037203
"ufb157" 0.637571316251035 0.645099968008496 0.196235035167383 0.141078752138377 0.123392681880171 0.0593935545418006 0.156040539975905 0.109651684508696
"ufb158" 0.672581668609441 0.646773728109365 0.17329487747256 0.314787529598086 0.121607799583932 0.0704249612119905 0.115094253105326 0.0907812586053216
"ufb159" 0.710843373493976 0.694162826420891 0.188107321538835 0.71072130832074 0.151604578043729 0.0715466170235274 0.0514356255725023 0.120188457518393
"ufb160" 0.734661285663294 0.698303410161014 0.177695182448259 0.505852497209172 0.129047566087769 0.084670598911492 0.0854509938372295 0.10884474454804
"ufb161" 0.638191428754615 0.65649677299154 0.200031414444062 0.163707965207339 0.128691559539086 0.059562587958657 0.158827564484268 0.116967783072272
"ufb162" 0.576470588235294 0.608646373056995 0.176094618188435 0.576283816345651 0.13347427455788 0.0611462547661214 0.0396578681365831 0.0767523834673054
"ufb163" 0.657730782352769 0.653198648081845 0.187133013675761 0.198501994955106 0.123682534134881 0.0583793717914334 0.141984075215693 0.107771483510866
"ufb164" 0.709865763855821 0.675263637164762 0.173364459623375 0.552901133202099 0.131089797282808 0.0765988325872803 0.0639391713719232 0.10045982331793
"ufb165" 0.662662368766344 0.651165929369423 0.170521009123828 0.399760642855143 0.122099867261094 0.0736913633004227 0.0774720389000174 0.0948590694208258
"ufb166" 0.690098752952957 0.682291618187741 0.17618384731805 0.387956769009145 0.127296338692651 0.0804508768503794 0.0953297094826818 0.108646325086862
"ufb167" 0.715868267212792 0.728089162299689 0.1961070684218 0.352749753445081 0.139403814767993 0.083937133522621 0.131375786070436 0.126089859331798
"ufb168" 0.657515315170802 0.646530374720191 0.181912339688067 0.191886995862131 0.120379451361508 0.056310821284208 0.135253703976569 0.103508751372831
"ufb169" 0.713153371830008 0.674476324760737 0.177069286424011 0.444265731843192 0.132852863593907 0.0804827736887118 0.0961608630447363 0.0992234568775143
"ufb170" 0.719600833910523 0.756112963718838 0.233577514688253 0.398391019264433 0.170008313909813 0.112039511824471 0.158201132087194 0.17964496341062
"ufb171" 0.69047619047619 0.612507727179065 0.149274324432317 0.690302044716918 0.111812881666796 0.052642066937683 0.00762585733922431 0.0535053461558383
"ufb172" 0.722319676248631 0.677340712920867 0.172085640113348 0.571979726525568 0.126987363238648 0.0737706227562505 0.0617314107960108 0.0947139137696086
"ufb173" 0.64598879207844 0.624994069951879 0.190265814102215 0.178150853863523 0.127533260328884 0.0719359639031545 0.140836021647948 0.106943187616045
"ufb174" 0.746868298250343 0.774939015048847 0.238314947628754 0.483468146809858 0.180941417547642 0.112931821437235 0.152262127546484 0.190068045929144
"ufb175" 0.705513809415481 0.649905325192009 0.163729454354222 0.420986904411487 0.119489883552242 0.0735077596243598 0.0813706427874507 0.0821721683095848
"ufb176" 0.73596352200639 0.729170323492716 0.191476066219195 0.439930538204998 0.137745949348959 0.0923632842185497 0.126208729146569 0.10604875999656
"ufb177" 0.764705882352941 0.70285389210202 0.153220555269156 0.764531210339428 0.121386125169336 0.0569358904121122 0.0129959154012106 0.0804089670792132
"ufb178" 0.636989284334555 0.633690601012258 0.175266238226364 0.3450379204399 0.123585112381724 0.0762420254213306 0.102016004298203 0.107158202968262
"ufb179" 0.636367301844303 0.656182909438516 0.187256003568632 0.188368529281856 0.126890033518881 0.0569835490054236 0.139379003069588 0.100116369528354
"ufb180" 0.695240570375786 0.665847593973965 0.17473767151181 0.395937783376665 0.123221699122499 0.0655890309313144 0.0817486740277079 0.107787925907636
"ufb181" 0.68589481766006 0.69184069504531 0.20701745637942 0.25836630751176 0.147164478379701 0.0870355925775965 0.143001641631587 0.151720721871605
"ufb182" 0.741536858459652 0.750502839938774 0.192857352280994 0.494494912530781 0.144252525223911 0.0989988596580218 0.121698605801507 0.115213944414108
"ufb183" 0.714632657363685 0.706286977439698 0.213166358203416 0.423620512827176 0.164746552131012 0.0900456510684844 0.124901241290343 0.129088911910446
"ufb184" 0.633090656309625 0.630018819589997 0.174355741219809 0.151868870658866 0.113778797177793 0.0507927895746551 0.128516120044065 0.0937292189928679
"ufb185" 0.703071925961258 0.662048256242756 0.179149639019909 0.37121696670627 0.127737105782594 0.0774918755577384 0.112992729921756 0.101959340936528
"ufb186" 0.664527140233748 0.649974046083598 0.19894808597421 0.305734378289721 0.148365726487951 0.091203097378556 0.120328163726908 0.105061784916845
"ufb187" 0.620826323761899 0.641180325986595 0.17659938470186 0.298056537791175 0.125285471464286 0.0786714047609352 0.109934646178749 0.110561739313455
"ufb188" 0.622344718630816 0.638312291844164 0.175576498275803 0.306607864869585 0.123514656693105 0.0729409684714571 0.10248916702633 0.105565049341906
"ufb189" 0.701847878769029 0.630528819294801 0.172317247538221 0.409466063104614 0.120209502915567 0.0694831405968692 0.0790020782892875 0.09399131539889
