NA 0.1939246 NA 0.1706968 0.03363703
NA NA NA NA NA
NA NA 0.06536057 0.1508463 0.2417078
NA NA NA NA 0.2035902
0.1062061 0.1944882 0.05832707 0.1424967 0.1329371
0.0725323 0.1448254 0.04261096 0.2119234 0.05109186
0.08964195 0.2382151 0.2988793 0.219829 0.102229
0.06860546 0.02635016 0.1498103 0.155398 0.06556367
-0.05061746 0.05482699 0.08464467 0.04352483 0.04809827
0.1450167 0.1032158 0.2134139 0.1286262 0.08774271
0.03296293 0.05194489 0.04778026 0.09110472 0.1233409
0.001815938 0.03193124 0.03478158 0.05028373 0.07604227
0.1408298 0.102351 0.07577175 0.1179009 0.07039217
0.03509342 0.08756892 0.130842 0.08587931 0.1271409
0.1480344 0.04653946 0.07086843 0.1127893 0.1281176
0.03148813 0.01678669 0.05056006 0.04616782 0.1119864
0.03346299 0.07937636 0.03854729 0.1610864 0.05659411
0.05492971 0.06552392 0.006582341 0.04103939 -0.008181232
0.07255417 0.05046704 -0.002583596 0.01845734 0.05965748
0.06171998
