0.1516269 NA NA NA NA
0.1706968 NA 0.1485441 0.1294553 NA
NA 0.1265881 0.09328795 0.1521985 NA
0.1237371 NA 0.1603598 -0.04987825 NA
0.2464016 0.0777435 0.05282818 0.08054418 0.04620097
NA 0.0252181 0.06714897 0.09665739 0.04152521
0.2765494 0.06293104 0.2191153 0.05589843 0.1307615
0.1469243 0.05289059 0.07687929 0.1548641 0.05929013
0.06624338 0.1133735 0.06447661 0.05365883 0.09097559
0.1148881 0.1498555 0.1160156 0.02526665 0.1243502
0.08837383 0.09548248 0.1475863 0.005805178 0.09752187
0.0569455 0.09820585 0.01399278 0.07045035 0.08661958
0.1191738 0.03564685 0.09322518 -0.01091597 0.05827267
0.04709605 0.08675508 0.05466604 0.05522931 0.09832102
0.1061861 0.1235397 0.1544067 0.05917832 0.09756164
0.04136044 0.02139574 0.0945664 0.04446617 -0.00168979
0.06705835 0.06325246 0.01956263 0.03097421 -0.005048307
0.04782584 0.02872274 0.03883961 -0.001003671 0.02585453
0.02102356 -0.007419007 0.02127587 0.027638 0.04920431
-0.006271962
