NA NA NA NA 0.04427335
NA NA NA 0.09383443 NA
NA NA NA 0.1706968 -0.06919328
0.148073 0.1272655 0.01837664 0.1589384 0.2478962
0.06503478 NA 0.2781407 0.09342986 0.07975319
0.0792555 0.2086557 0.2287859 0.09431469 0.0986223
0.1491039 -0.06311805 0.06073769 0.02880645 0.009323852
0.07420059 0.1237458 0.1434887 0.1430226 0.1255365
0.2068065 0.157915 -0.005541595 0.08935762 0.1016843
0.1723008 0.1483213 0.07848385 0.1650231 0.09441254
0.07759396 0.2139558 0.08580045 0.04391611 0.03264171
0.07261262 0.1563659 0.0483645 0.04143088 0.1151225
0.1634499 0.1093405 0.127322 0.07503339 0.1569802
0.1080283 0.04472317 0.1543074 0.04924364 0.01916968
0.110753 0.0547816 0.06824381 0.04114854 0.1016042
0.06299095 0.04843861 0.0547229 0.03738117 0.1013031
0.01042518 0.07072422 0.03985173 0.04058905 -0.009137565
0.02518159 0.02616107 0.0302569 0.09127751 0.09358044
0.01999529 0.004695291 0.02420076 0.03321942 0.01013149
0.001853255
