"quartet" "wQuartet" "cluster" "phylo" "mutual" "shared" "clusterNorm" "wNrqs"
"mb49" 0.876421508629938 0.868693550438875 0.20689317536921 0.809134235419925 0.183163257592242 0.119617390855765 0.103108706313231 0.148874939792556
"mb50" 0.755555555555556 0.828250644818692 0.235758369921641 0.755367775371161 0.210820837508921 0.102370527014697 0.109241937906874 0.19473696054314
"mb51" 0.777377165983357 0.800616674008024 0.242845037390985 0.474606412034422 0.193251962272719 0.1173345851598 0.159348196118331 0.191354072233298
"mb52" 0.790876156031527 0.852668201892116 0.264504258806239 0.544276013549193 0.222819964967516 0.154921378372807 0.183785114382349 0.209855929593049
"mb53" 0.822411225033214 0.860489538734954 0.260481861521749 0.627310303170271 0.215497931088507 0.126846973159024 0.163800676619286 0.221158217224957
"mb54" 0.639964770950939 0.695321370586924 0.203923568921355 0.289174581162761 0.167630498645597 0.106475264338214 0.116555818418278 0.140981008652384
"mb55" 0.77134290769321 0.789969470031052 0.206620850352667 0.650341414840642 0.17862694593456 0.104921058943093 0.102526336307163 0.143233050405738
"mb56" 0.788901461688204 0.875283042416246 0.274034750346626 0.644318789567783 0.235369389955663 0.150217289090602 0.17941510479065 0.221590455548764
"mb57" 0.844444444444444 0.92907683343045 0.313094538749393 0.844379729857351 0.282464120675607 0.144172686136725 0.199380728000855 0.282428725666887
"mb58" 0.670244073760114 0.727312480707892 0.185745415106118 0.558059322890535 0.154494752839669 0.0917009259648428 0.0794090496379731 0.100842785708725
"mb59" 0.808988764044944 0.896568236233041 0.26819779064925 0.808906364921858 0.234539939089441 0.117564728363439 0.146756177001218 0.227772673577327
"mb60" 0.785565266536869 0.810324685575962 0.252054109222727 0.485593983369972 0.210566002710821 0.131247684351899 0.169660564791539 0.17577532164657
"mb61" 0.659824025626073 0.746078120517582 0.245896528161849 0.100122554926861 0.179175199581063 0.102362640246441 0.20700070126549 0.172629036065131
"mb62" 0.944444444444444 0.961203539823009 0.209391793197608 0.944401767129809 0.1916409035688 0.0963968332250833 0.0785105044670062 0.168484091081566
"mb63" 0.643623833738245 0.73921809017845 0.245547750992085 0.0889588568361535 0.174961408971912 0.0862119608033772 0.207556288169691 0.172924340830897
"mb64" 0.733333333333333 0.784572963800905 0.204362374244165 0.733292827904739 0.176187859978853 0.0816759305472543 0.0726484900148956 0.137891527789468
"mb65" 0.733725339658591 0.777668268629071 0.234919844493489 0.255320245595891 0.177661480002611 0.12190490605789 0.178397710731949 0.161254931231024
"mb66" 0.783009441531785 0.832702386913704 0.255134859087344 0.444306145685569 0.20776576560882 0.140879614109458 0.18342509160565 0.194234933945808
"mb67" 0.620206312417418 0.662477584001943 0.184215474356647 0.222462880274212 0.147618924781371 0.0862671017026038 0.105678145334414 0.118676783474369
"mb68" 0.639235775839608 0.715895756741304 0.22913597668622 0.078070150674631 0.164524276656623 0.0827834426662434 0.190095706181642 0.155838346463774
"mb69" 0.66264794136189 0.747407804190147 0.248012266137248 0.100116299457503 0.17910982904649 0.0988341542416998 0.209628814143641 0.175958287629363
"mb70" 0.830925560949172 0.83381777529346 0.199062612927672 0.688676124219488 0.166360114551372 0.100765514479865 0.0946713742099803 0.129926943178688
"mb71" 0.7 0.804762770405381 0.217835059069425 0.578221621849982 0.185669735785145 0.0867986035643247 0.0883515113550315 0.154704324915871
"mb72" 0.75 0.814999667265589 0.222509612734528 0.747025160153904 0.198626508120874 0.0911939374335015 0.0919508031602785 0.168684039101714
"mb73" 0.818181818181818 0.822470969766712 0.161620791281625 0.81812579975383 0.13652307619133 0.0657181885127889 0.0216717615403904 0.0830836147713537
"mb74" 0.771636383414276 0.815228275785335 0.262774227941917 0.522581701260483 0.223415432714985 0.128216903456534 0.166497325626015 0.203010946664673
"mb75" 0.613517245681924 0.640978005551997 0.171858881220848 0.200234695923902 0.134368152542074 0.0806592570001573 0.100161174955563 0.0984801491532512
"mb76" 0.658740811081704 0.744283935840395 0.246361490466709 0.100110886580876 0.176073179957973 0.0905142004251095 0.208198824386031 0.174284431727493
"mb77" 0.697837939651669 0.750166980455442 0.243291021409444 0.13338845661906 0.178253359260524 0.102396195651902 0.202349318447579 0.166974177426115
"mb78" 0.707865168539326 0.790767611457785 0.19915498391961 0.707765214506458 0.16693167267886 0.076261186810501 0.0657092269815262 0.119550841880076
"mb79" 0.64070183054237 0.723424658421831 0.236533575343322 0.0780611681208906 0.171425703130374 0.0886757909741522 0.198084634845366 0.164720795115808
"mb80" 0.634111502074258 0.681346696506763 0.196020487447709 0.133906650118771 0.141585894263111 0.0844016038065288 0.150402365125385 0.110026260225162
"mb81" 0.749589319097612 0.75296368221211 0.169099824587341 0.566449691139095 0.137339650077766 0.0945272937395445 0.077910239788235 0.0990562816748042
"mb82" 0.646564649399663 0.675735799196298 0.1882731151825 0.144948821469842 0.139480845156022 0.086873216707879 0.137193290575278 0.105157688805497
"mb83" 0.789573678756648 0.74733573564364 0.176823646412993 0.552364475274515 0.142019054218078 0.0951111578702973 0.0974255569004978 0.103265002387464
"mb84" 0.73683343564786 0.784437266500623 0.23622419609166 0.288711259996589 0.182215418431409 0.123710635213407 0.175595131869924 0.167270706805543
"mb85" 0.838688953929093 0.794597304550414 0.186550152419572 0.615344040676661 0.153574593280434 0.0958497265093871 0.0968576622848337 0.124780226499408
"mb86" 0.721309545056486 0.708289056823854 0.186894671516961 0.376077774200158 0.137533123825062 0.0913620522444738 0.122289743304855 0.108127469926104
"mb87" 0.688944240814482 0.702945229190283 0.195130167172223 0.243389408875571 0.145987772611167 0.0950189466656245 0.135630110901805 0.110719275980265
"mb88" 0.811111111111111 0.816483604585906 0.171510442627412 0.811020790135237 0.151948032551153 0.0711453524859444 0.0343580831707227 0.116240498875634
"mb89" 0.887640449438202 0.89194016521545 0.195706480735225 0.886287098525206 0.176265146383581 0.0861159769712378 0.0618723569739773 0.150251731567188
"mb90" 0.737813279563543 0.724736451179943 0.19254177208291 0.409368289612045 0.144348397986915 0.0953477421997153 0.122534321764898 0.117263416696965
"mb91" 0.634136308685673 0.6725555549373 0.188264234067933 0.146540623312985 0.138645971749829 0.0827550032597435 0.139209295546593 0.104074433348299
"mb92" 0.722222222222222 0.858336457608055 0.254529735117405 0.722063617542932 0.219034353539906 0.106626391745544 0.131120810015564 0.204469773977725
"mb93" 0.782234161635158 0.696917922948074 0.153270639632802 0.641712014881923 0.123766589681388 0.0729776989541468 0.0420547122755211 0.0753873418405873
"mb94" 0.777777777777778 0.871956953296416 0.249054836167006 0.777771414200891 0.220589322627013 0.10897075319494 0.124739568550461 0.208782017703009
"mb95" 0.788032145922811 0.756369251130473 0.166405436966443 0.666434185107592 0.138922916294898 0.0851666136347222 0.0577577818214002 0.106365901872965
"mb96" 0.842696629213483 0.850011484572391 0.190742083054706 0.840801937935289 0.169738091321235 0.0827143940104686 0.0561534017035163 0.135506627756522
"mb97" 0.694527335021051 0.731164676986348 0.229029349745692 0.155741175608245 0.167536777502225 0.101398762368951 0.182425548768854 0.148165593221994
"mb98" 0.734527172547374 0.714865573279413 0.180428877588889 0.498165817016573 0.146551173393989 0.0875010937144064 0.0902807144516579 0.108480869028724
"mb99" 0.744444444444444 0.698349217154527 0.157403735641026 0.744357692584892 0.13399030854871 0.0630169825945297 0.0179160804281868 0.0810087307746223
"mb100" 0.733333333333333 0.875434897206115 0.255709854150014 0.733292827904739 0.221512834863207 0.105251295212425 0.13249629193274 0.212930818380735
"mb101" 0.635417198606871 0.704293536324786 0.220224709837095 0.0892354478944008 0.15956657367591 0.0870570458898371 0.180415794088986 0.146704634308469
"mb102" 0.852272727272727 0.847108689070542 0.188907682917107 0.852173228082768 0.168879496568913 0.0835076918796122 0.053304723925286 0.137617465445194
"mb103" 0.763379085713285 0.773054115220443 0.169046626263997 0.644318789567783 0.139951209377297 0.0853499435585251 0.0607432140359541 0.09975077678991
"mb104" 0.808988764044944 0.782946479953961 0.161418277576126 0.808906364921858 0.136346458943891 0.0655312973544367 0.0213546735015115 0.0840204146253677
"mb105" 0.748821497897345 0.753358279268851 0.1873392586327 0.577592972232093 0.150558129006185 0.0874379907988123 0.081420040953692 0.115789357865961
"mb106" 0.701125135393028 0.738036437179406 0.224692414138721 0.188969023434625 0.164528261035684 0.112429154188912 0.17784364526031 0.149850338528352
"mb107" 0.755555555555556 0.702767943353717 0.155030095969346 0.755367775371161 0.133140941860337 0.0630219249619612 0.0151494964175298 0.0857697415057053
"mb108" 0.754938062328948 0.79698050223807 0.237432784937628 0.333136754905359 0.184990943799342 0.12029032528335 0.171412249363111 0.171157445572268
"mb109" 0.640010300123599 0.676370870436664 0.190224453320205 0.135374518749319 0.138105651285584 0.0840749095268174 0.142895533284273 0.104608966679651
"mb110" 0.636837193279082 0.694125112506965 0.207422265505469 0.122681859674393 0.148228205650924 0.0899399926277743 0.165326477880062 0.128702189414854
"mb111" 0.744096588749741 0.728133799812271 0.160201817072297 0.655439759123732 0.13625522054306 0.086426670617549 0.0507456048842994 0.08623021488277
"mb112" 0.770803302098516 0.736232928204486 0.174565808086135 0.544064450665956 0.138600625350106 0.0865689249155267 0.0839761037305804 0.103747492757191
"mb113" 0.766666666666667 0.71663827370812 0.156852560901539 0.766542203839084 0.135357275781903 0.0646186788700934 0.0172736614294069 0.0904329986067255
"mb114" 0.618895584694631 0.634721127840365 0.168908138448274 0.20025255095494 0.130399078658109 0.0838975955722259 0.102935477897444 0.0925752398247869
"mb115" 0.79494997234598 0.752378976076839 0.177833650433813 0.558848721827525 0.143396235572086 0.0857455585296995 0.0873496172563333 0.110794952613047
"tnt1" 0.632319829713933 0.686247472556877 0.206499576367873 0.0780691912164964 0.147742602186932 0.0716684415987737 0.16557198527746 0.129964593456721
"tnt2" 0.815634160092138 0.847980236110587 0.262132020604293 0.590812043264565 0.22609297571251 0.128404110987124 0.16564071203005 0.206449744799311
"ufb1" 0.877777777777778 0.826332225244283 0.15229586901873 0.877683887685581 0.136255164839057 0.0638942512371248 0.0119626316826107 0.0868355551770464
"ufb2" 0.639976515682705 0.665384513548058 0.182322886598874 0.209060250128739 0.135139738245072 0.0791194996537488 0.128413782572874 0.102513148367775
"ufb3" 0.634034965726902 0.659883797988756 0.179550058600722 0.200815040054444 0.133233314865532 0.0785088769598749 0.125455355518 0.0999347179143041
"ufb4" 0.746172200733177 0.794283561471807 0.236957556055996 0.322096282463003 0.185870976779305 0.127494613958045 0.170895876744028 0.170415708738914
"ufb5" 0.687846504854909 0.697541813954085 0.194287955443628 0.27676733286354 0.147718284837147 0.0958116190540088 0.130227000497844 0.109128572300856
"ufb6" 0.613804922728727 0.678573983953422 0.201064745414319 0.1322903704309 0.14392191856091 0.0705179126261005 0.159847591855661 0.125703833025491
"ufb7" 0.625222245729848 0.68001186808521 0.195531785017125 0.165672672909428 0.139630344927279 0.0763315557052887 0.151992246609498 0.11233465258176
"ufb8" 0.628130263026075 0.682990048663507 0.197133285195153 0.187909236642638 0.14269072319584 0.0841898682374187 0.152718794245697 0.112928955771506
"ufb9" 0.586890002599706 0.608790965550414 0.157663061676479 0.213372110318599 0.120191790813899 0.0718014206459094 0.0908370254972072 0.0812901413666049
"ufb10" 0.692111669703134 0.672377772144374 0.186127865763495 0.3437035616557 0.1448257347462 0.0697378213044652 0.107479566241947 0.128922386388031
"ufb11" 0.650778608799955 0.618347747652146 0.166288547843916 0.310457083879586 0.12777786176324 0.0728911348401178 0.093892503167184 0.0987676042416994
"ufb12" 0.638915828459841 0.72563219413869 0.232955504528571 0.0889537503128903 0.165975529633128 0.0805942452515353 0.194454200455389 0.161761338336741
"ufb13" 0.614077060159175 0.646971353389094 0.18088783754624 0.111184360871477 0.12955803517351 0.0636825433605138 0.138049245915353 0.105289914942782
"ufb14" 0.599454248472957 0.62016989544556 0.170045960130148 0.111042745964772 0.121683127191394 0.0689314089071452 0.124114328531931 0.0953618049462677
"ufb15" 0.634689701348599 0.657558937328474 0.179989444449029 0.197609884259014 0.132407008009223 0.0728238007078582 0.122950939746886 0.108462946236261
"ufb16" 0.692995592838493 0.74108175684137 0.239673479464234 0.133375385719315 0.174890264966271 0.0875314916357008 0.199302159926701 0.164429403813143
"ufb17" 0.688733353870898 0.67749576691261 0.188697148586172 0.321442097782658 0.146587423060616 0.0678900827982226 0.110297130970949 0.125321640684392
"ufb18" 0.629004069185159 0.707147815300889 0.218926390948455 0.0889490412183539 0.157120964620682 0.0696307880619496 0.17976146375375 0.149637058695658
"ufb19" 0.620927944745528 0.679171628616281 0.200172090581073 0.11121472538837 0.142676370169716 0.0709045441958607 0.159656256607978 0.129007060690044
"ufb20" 0.54884743292013 0.552324088484391 0.14674545713612 0.111313635308088 0.105794961397219 0.0559091138621434 0.0930149351734011 0.0781275907662485
"ufb21" 0.644873091832564 0.737349878931357 0.240586749450864 0.0889644318232115 0.171635098534602 0.0777450567551037 0.202131662653487 0.168942381058629
"ufb22" 0.637988173662001 0.662558943728387 0.182075818468895 0.197907848777628 0.135060663847832 0.0800968815989763 0.128150425346256 0.104971246551913
"ufb23" 0.688282949659025 0.724134531976973 0.20526160628878 0.521988124452351 0.172637040176922 0.0989063567654822 0.101678321608713 0.148479775883875
"ufb24" 0.758620689655172 0.77467442050946 0.189920338635766 0.758526592092012 0.167319380837947 0.0779866655503483 0.052962432613506 0.124329477500524
"ufb25" 0.62962240576595 0.65511575134978 0.177708968467734 0.2006167001974 0.133010631844411 0.0757795588714521 0.120507319063151 0.102829052722575
"ufb26" 0.663232401292037 0.663860714959927 0.185451611552302 0.310195046448619 0.143428347394699 0.0686314575493583 0.106737962399629 0.125207436383498
"ufb27" 0.603079467839359 0.625601863378544 0.171739066427661 0.112304420344783 0.122412498508642 0.0625169765802101 0.126903581790369 0.0962680351240602
"ufb28" 0.652089207419218 0.661642871901843 0.180997596306963 0.209060250128739 0.133553943438419 0.0796784579187883 0.127001116456153 0.102530600458756
"ufb29" 0.614970185760603 0.634644444444444 0.172183720017288 0.277615253971666 0.135174216970544 0.073802387835457 0.0924880681542046 0.104153516436487
"ufb30" 0.776996915746817 0.734583144695504 0.175590973651296 0.51946838988423 0.138125190074853 0.0941583920525029 0.104101244606425 0.0987055175330122
"ufb31" 0.74548368539007 0.755500913723684 0.223872608070895 0.388083974922859 0.178579438616626 0.109522436933731 0.148937719827337 0.139864065392443
"ufb32" 0.581666118934921 0.606934835516421 0.159885704389931 0.202131615125645 0.12430926359396 0.0615655083975309 0.0871751682267537 0.0910882913884033
"ufb33" 0.781114162203001 0.728092957041996 0.17690294702262 0.538204784915359 0.140064066691206 0.0917976466363811 0.097437629302013 0.105303542982759
"ufb34" 0.620903744555937 0.667178140734931 0.194674370562796 0.132216250800561 0.138558000450169 0.0687111960079755 0.15257655031287 0.11674631060213
"ufb35" 0.545411328826095 0.548961386678848 0.147202293873783 0.111333479150901 0.106952467353459 0.0555496059386459 0.0909600088297652 0.0804311407804475
"ufb36" 0.820224719101124 0.751093479808768 0.144888702569495 0.820095030674516 0.125491759219856 0.0603142536874503 0.00206425624499437 0.0700912943128254
"ufb37" 0.704545454545455 0.616603000093171 0.147528678518013 0.712594182498048 0.121918221337021 0.0565236844804701 0.00446031289391375 0.0540545687895617
"ufb38" 0.718891934306322 0.667036820572764 0.160484086648137 0.431816842840754 0.117866140925244 0.0835471361752425 0.0876203903603425 0.0839243518879762
"ufb39" 0.616367113205661 0.631827054627886 0.173959969703706 0.142799903374132 0.127004118628056 0.0668118883225575 0.128282366481052 0.0919129181622834
"ufb40" 0.585402515304006 0.576719659786915 0.151007333563404 0.154350971418677 0.108923912277043 0.0622504298797667 0.0996962873261633 0.0691377336203035
"ufb41" 0.591719953920446 0.579485571860326 0.1541122742793 0.165413629275502 0.112155365442101 0.0668203327535429 0.100900837032116 0.0741649836028961
"ufb42" 0.629526802757416 0.639979792348965 0.170673449736162 0.247017424711671 0.13072500882946 0.0831011004053387 0.109412029462138 0.0914858399576753
"ufb43" 0.619677920276698 0.632243036422248 0.166805123398786 0.247028900278884 0.128548096910032 0.0789617206468695 0.100676383848645 0.0910774808175947
"ufb44" 0.757222783868873 0.714553115024129 0.172464708703302 0.504465287306758 0.136588840078004 0.0904092174503269 0.100727321425503 0.0933379041439697
"ufb45" 0.665481639024842 0.745747443798324 0.241746244689407 0.0889849157293771 0.175716920515259 0.0952460469881142 0.202119035001757 0.17043190236519
"ufb46" 0.697705288014445 0.679965307892454 0.176981377567468 0.430841587202686 0.138473845994831 0.0813521203316063 0.0864540090314033 0.0991851098403333
"ufb47" 0.60343341440751 0.615745431216718 0.15856304051666 0.233546361438729 0.119015214266444 0.0746355281634835 0.0962716187597849 0.0783205525967765
"ufb48" 0.734034005109779 0.689135952350883 0.167256492839222 0.465000531497939 0.131082969121545 0.0911010794580532 0.105559257951606 0.0805055680571129
"ufb49" 0.678962969325772 0.663700885303736 0.171449736090275 0.308946577704328 0.126580558186607 0.0827004929973427 0.116809120544955 0.0875610069573595
"ufb50" 0.715909090909091 0.631583951321544 0.154055310128944 0.712537522989235 0.129379506843351 0.0588632320566886 0.0126977102037538 0.063001536801162
"ufb51" 0.635222963244369 0.678145025351231 0.192957448636755 0.191754784547529 0.139324383939872 0.083489970789526 0.145801720530546 0.107848998336808
"ufb52" 0.687206108198417 0.727123131501774 0.224907641412771 0.144578039391863 0.165484090209566 0.0946786843475804 0.179635244162773 0.146523318981059
"ufb53" 0.693673455307144 0.733937753244306 0.229886219522999 0.133418597244158 0.16773240358453 0.0954210407101851 0.18620571358238 0.152640767071248
"ufb54" 0.696672864742282 0.739588686728264 0.235155068038315 0.133402738675228 0.171133268762712 0.10030398715717 0.192858546751192 0.159050625448485
"ufb55" 0.625985395368695 0.688469732177033 0.206602488523239 0.088940437008896 0.14569906257283 0.0660419550520667 0.166775761409733 0.134875339744497
"ufb56" 0.767968181519061 0.747859569648924 0.199122357334828 0.498566372060748 0.155870905346897 0.103121997508163 0.121886302273973 0.133874294826897
"ufb57" 0.621894453845688 0.633183790542031 0.156768674146602 0.401076792625312 0.124320510775643 0.0726316537326926 0.0641041539309102 0.0677596569951949
"ufb58" 0.619903975340314 0.666688967080972 0.181158743623404 0.144428777415639 0.131558620963596 0.0774849922568154 0.131671801320457 0.0958713884309423
"ufb59" 0.618900999053657 0.661552767841811 0.191754133068645 0.143292826647485 0.138903386668039 0.0761035147733692 0.148830100001252 0.112592908630765
"ufb60" 0.74212282858711 0.779258294052773 0.230528759945589 0.27758611827687 0.176977222223826 0.117939942893247 0.169447587969059 0.160063250084355
"ufb61" 0.644451247341118 0.677054252571548 0.189737850512795 0.193686856358328 0.138041232321027 0.0835254371772833 0.140727808296107 0.105108919143586
"ufb62" 0.643819843847362 0.687874312404388 0.198532846079944 0.133517053416878 0.144088042014007 0.0898661008585461 0.148136924788138 0.124396837376664
"ufb63" 0.66265892892607 0.622628373981661 0.163484003891529 0.277209572574448 0.118224037618538 0.078146560522121 0.10825485049732 0.0930476366136692
"ufb64" 0.685869276418419 0.731877906547575 0.229518554972728 0.133402738675228 0.169953963934672 0.0960705388115647 0.186910330116815 0.152581288992789
"ufb65" 0.75 0.678522031219127 0.153715783488456 0.749943660030578 0.130488727886785 0.059997859868846 0.0113108396722505 0.0704513429546604
"ufb66" 0.722222222222222 0.755823222035249 0.180551382000463 0.722063617542932 0.150095454126659 0.0691563861968419 0.0448957054599126 0.0945167946880828
"ufb67" 0.708015714251561 0.682575218479399 0.177798142931425 0.354010340348274 0.129505651042455 0.0808822230961529 0.117048488643496 0.0946202232042446
"ufb68" 0.611863808613959 0.62962768624433 0.165736354486339 0.212674540693991 0.126205689799736 0.0783159782364485 0.107805409620895 0.0845348717651146
"ufb69" 0.8 0.756865506488281 0.151923537556184 0.799901143561198 0.127774920296652 0.060254541318083 0.0115286625830735 0.071200757961225
"ufb70" 0.615473718193284 0.639694725784907 0.170376700256674 0.210154692312538 0.126740227593887 0.0797392443049642 0.118144696752016 0.085162088884168
"ufb71" 0.615268203961148 0.631270660874792 0.168463851421118 0.247040350544463 0.13266962334092 0.0714057681987331 0.0964888300346699 0.10097771993909
"ufb72" 0.621624286811558 0.631262024146759 0.17260363598189 0.258299344132231 0.136868985248629 0.0670703019276874 0.0929742616152166 0.110037703131728
"ufb73" 0.834776139689176 0.775094262712728 0.157186091979536 0.730176374339549 0.130707905261183 0.0799469571843711 0.0470470496951462 0.081841942791249
"ufb74" 0.643805181461112 0.658694473409802 0.183307191256342 0.231157395952586 0.135665345265409 0.083608011645683 0.118373886220617 0.118040162740393
"ufb75" 0.7 0.732035568372987 0.180719367963137 0.699824324394855 0.150887978367056 0.0694266465458445 0.0450915006700673 0.0986909932956304
"ufb76" 0.753730733326293 0.799667489546073 0.240458240351524 0.333136754905359 0.18915245266605 0.126137742170489 0.174699638653573 0.174874675105999
"ufb77" 0.719154986847629 0.755036771441283 0.222529967784997 0.222234222558061 0.167728354044608 0.105579570818794 0.168514963550754 0.149442026086004
"ufb78" 0.622591419345924 0.662463231061598 0.184996091283736 0.176561387154486 0.133972693636015 0.0784552312076662 0.137373513115286 0.102625339280288
"ufb79" 0.602758724372244 0.611637477688215 0.158351019784533 0.222517628591564 0.119380586661667 0.0650152488749903 0.0913803195340512 0.0841472135858091
"ufb80" 0.767184116379266 0.687508175277959 0.162553597951009 0.529004916097328 0.126636150786556 0.086169845339548 0.0814773536140024 0.0934746985982937
"ufb81" 0.67395315042424 0.624730725291219 0.165150540223879 0.288310527574087 0.119933840072385 0.0734917734876967 0.106982629169016 0.0993688246011161
"ufb82" 0.660059521449711 0.679662087847799 0.173739583261053 0.533237092611125 0.145855896683909 0.0767511223305029 0.0660478338197376 0.0983681637172868
"ufb83" 0.668309087601024 0.653949173580715 0.180635719284407 0.466448003489391 0.150092448592793 0.0776129990045415 0.0738427868960393 0.120406978971196
"ufb84" 0.730462674993841 0.62200956937799 0.138444007991177 0.531910703685436 0.102076310380948 0.0700778132979867 0.0433634657078187 0.0571030245344568
"ufb85" 0.676474918917215 0.611728462977225 0.137203723821803 0.453884005937157 0.103710772587174 0.072434971554446 0.0537795430813463 0.0514302725855878
"ufb86" 0.692021726777092 0.678988387742965 0.176258172653662 0.335497913911567 0.130362826637757 0.0810045584777166 0.115425418047453 0.0936950129996922
"ufb87" 0.715298263205065 0.685773322782028 0.188928534020527 0.36388103492055 0.148533099088765 0.068996654794449 0.110550876270179 0.130999100367262
"ufb88" 0.732348139792156 0.780759754724853 0.232450720986209 0.27758611827687 0.178539341687501 0.122791956881456 0.17152211563822 0.16017722508699
"ufb89" 0.611750326750122 0.623952412425644 0.16211584511283 0.233449170936033 0.121579866082637 0.0776596392490707 0.103799294199872 0.0809343517318377
"ufb90" 0.742172886124777 0.718177909234237 0.188419536858403 0.454076725501634 0.142883845755973 0.100462290888743 0.118054684550168 0.113656783511268
"ufb91" 0.605711451840399 0.635231133532379 0.173998752912151 0.112382487120169 0.124303330276038 0.0645891295825311 0.130100694658633 0.0995166776673234
"ufb92" 0.747326584789159 0.692158273003607 0.162791138200895 0.480697302118698 0.126522532663578 0.0891270905238897 0.0960778408807027 0.0802469895133887
"ufb93" 0.683434962137592 0.668661089629109 0.174077191126403 0.312474698135985 0.127674043935063 0.0800717814346293 0.116716374954639 0.0912005166567057
"ufb94" 0.625548770252463 0.655919507147075 0.178311346949638 0.190030271055587 0.12979216502054 0.0765468100471174 0.128580522900007 0.0954740404623294
"ufb95" 0.693928763201782 0.709276008510566 0.200166287755225 0.287920294217721 0.151763558009113 0.10360753568687 0.136572710185657 0.114028630691855
"ufb96" 0.72211567294369 0.725995280735721 0.209224794633069 0.352414656032256 0.164318939552541 0.0993751749881951 0.132875663992721 0.125895448606167
"ufb97" 0.713002726428802 0.710542440480832 0.201467459898123 0.321209008801282 0.154414745295488 0.0956158223197639 0.132172895517136 0.116114480700058
"ufb98" 0.670508284584206 0.671808328415872 0.185971880338588 0.275442305939784 0.132809254826357 0.0829478296275506 0.138445515087075 0.102571887434989
"ufb99" 0.671216738818917 0.684412430757895 0.193038595887096 0.253363882313615 0.139832982919251 0.0796059577961599 0.148404624731726 0.109115765099795
"ufb100" 0.726950438287137 0.719160898346583 0.178992455254585 0.455158177423109 0.136154851320734 0.0835252708719611 0.0888885663186053 0.102592144480562
"ufb101" 0.606741573033708 0.641406370210802 0.180830666316014 0.606568669260874 0.147192739963679 0.0639784740016169 0.0443315065548053 0.0820286988869701
"ufb102" 0.680237502807179 0.667112712019466 0.173609682788586 0.308602590907283 0.127386509342927 0.0778874171888309 0.119199333683087 0.0882086091480081
"ufb103" 0.675973391467218 0.671971237742419 0.176684483249086 0.286572855577352 0.13039563329179 0.0767666658585839 0.126880142733763 0.0894246029966678
"ufb104" 0.697668657245445 0.708337247144759 0.201068508607987 0.308465439128878 0.153074410328035 0.10168915074688 0.131739324277942 0.115888802853722
"ufb105" 0.692073353189958 0.668884969442768 0.17063300724273 0.324056421531355 0.126654301747925 0.0843041473157527 0.112900034977071 0.0868997172952976
"ufb106" 0.609813595402812 0.63740991813574 0.177273730178213 0.113598935057449 0.126479936333235 0.0646894528261737 0.133556295944806 0.101594106718308
"ufb107" 0.703136347379579 0.693983697761677 0.197050080829492 0.341542024782496 0.15512292171005 0.0695323364224154 0.119457246418265 0.138784346381562
"ufb108" 0.761363636363636 0.685984624482555 0.15020015785748 0.761202906902933 0.126499262342104 0.0583095585600834 0.00796863624647098 0.0674266687173017
"ufb109" 0.794548872499676 0.73121985520595 0.172384804202253 0.524617166941054 0.134569069024425 0.085015239847069 0.0924390650475849 0.10354486700659
"ufb110" 0.763313195404188 0.713196717324383 0.167969127564551 0.508522672944239 0.132224309270546 0.088477782759166 0.0957262139436495 0.0882434865795165
"ufb111" 0.742225050603417 0.699070261310957 0.169016009997082 0.470099594891404 0.133102900755021 0.0901282622300959 0.102922457858832 0.0851901190885543
"ufb112" 0.711416986665845 0.739491197222284 0.218973170259575 0.21110682687768 0.162101210320079 0.107045599806343 0.167536849380418 0.14524985221354
"ufb113" 0.708082882883017 0.737564224221052 0.220650101595612 0.211106569194018 0.162190697751293 0.109598658746208 0.17163248317915 0.145102531664702
"ufb114" 0.539842450031689 0.538659586989086 0.139607818472672 0.112554723923872 0.101012325036236 0.0524317116970685 0.0854456879777001 0.0706066477955719
"ufb115" 0.623348003056441 0.655863015952364 0.180081955922017 0.178665514785453 0.132653458284698 0.076560285812986 0.128503691459766 0.100741404330459
"ufb116" 0.711111111111111 0.722876304023845 0.178655034883157 0.719009275089301 0.152146124383505 0.0696518142411972 0.0426854274316217 0.098038119377799
"ufb117" 0.617067588541766 0.645198873593503 0.175902221005939 0.178519500320536 0.127753069441988 0.0709781027178528 0.121590367064365 0.100396852739719
"ufb118" 0.625138281217054 0.658206461741237 0.180654721934226 0.189939817584587 0.13178343690181 0.0757394365431231 0.129112488240008 0.0990511612653718
"ufb119" 0.74275895842496 0.684029319721849 0.166175311506754 0.475960602347872 0.126181276145222 0.0899217381884137 0.0997707431458347 0.086656174084489
"ufb120" 0.689846917208135 0.737257708360394 0.232720310590073 0.144544086585802 0.17091397479443 0.101614659663812 0.190289145317045 0.154673489031339
"ufb121" 0.618451330660806 0.659758128576377 0.180402816200449 0.165821952791226 0.130309167484327 0.0819399425748009 0.12884525142164 0.0935147512566211
"ufb122" 0.583613974079738 0.593612881795606 0.155377969603998 0.132321398609887 0.109698525963532 0.057469844880204 0.107485697039379 0.0768602563803222
"ufb123" 0.606936138709408 0.662771656726979 0.201465097026399 0.388663033353058 0.162906660474312 0.0914448587755243 0.0973869892664001 0.134503379661685
"ufb124" 0.683950546003919 0.749735456613585 0.222124144312003 0.190937600289798 0.166839161220646 0.107347460314082 0.168031449247425 0.146170101610319
"ufb125" 0.685379635970026 0.6595326919301 0.167094774454124 0.38663806382733 0.12622668824568 0.0778701310638877 0.0867700026866721 0.0890913726858166
"ufb126" 0.629268202346328 0.654724676638101 0.179762990563394 0.200356203608867 0.13354896982099 0.0768484987142018 0.119080103883484 0.110182795987668
"ufb127" 0.612995725534225 0.669519626813543 0.196388940866705 0.0899077726987557 0.138300829836932 0.0694018623861463 0.155915242647752 0.124416481821338
"ufb128" 0.590178865918443 0.605228906751537 0.16328466362288 0.111013470033623 0.117810856645352 0.0647214583604699 0.115786408640339 0.0909196264282883
"ufb129" 0.69893406522031 0.733204015674746 0.229953833692315 0.144578039391863 0.167513052392421 0.0975660053202416 0.184976179667364 0.150794531198781
"ufb130" 0.692193635377594 0.72215550741875 0.224792379855258 0.155767114969317 0.165640957520149 0.0985563816963752 0.176014821374727 0.143917031646381
"ufb131" 0.744444444444444 0.748996155489107 0.164097979011607 0.744412474478777 0.138966725442356 0.0640824834516034 0.0257185227674595 0.0898004077935288
"ufb132" 0.706499243156834 0.740813134389636 0.219617744663755 0.200088159372679 0.162440232880681 0.108652229620425 0.16822387371669 0.147234502863733
"ufb133" 0.703167304668058 0.734926205470891 0.220486506515576 0.18896442069684 0.16123799198059 0.109782395061782 0.171458598701214 0.146809520217105
"ufb134" 0.609714173342836 0.656193934168188 0.185319961068981 0.111194295471715 0.131572682786029 0.0652520596071733 0.143274688754128 0.111746503489138
"ufb135" 0.708701900880415 0.74159169734097 0.21748316246499 0.222235003400347 0.161331814060521 0.105176234651983 0.165948713690457 0.142467524009648
"ufb136" 0.651400701191093 0.719087351358509 0.231227221319214 0.132511223535576 0.168454218802691 0.0769200221315241 0.192637367307474 0.159830037866427
"ufb137" 0.652491927831615 0.728214886578834 0.230719485068816 0.0889849157293771 0.167703614446059 0.0924428588101906 0.190516004294342 0.159143691182078
"ufb138" 0.705268076991041 0.673906115554989 0.188277296019053 0.386066779814451 0.145225587830972 0.0964391478205627 0.109958495447955 0.132271183934216
"ufb139" 0.680362645930505 0.650335398731516 0.173570554176483 0.308178203302309 0.130317897201334 0.0835088090998263 0.107873909637725 0.104111713421842
"ufb140" 0.682816326568327 0.652134349337871 0.17247311032637 0.297470413997392 0.127726758846635 0.0857966632988396 0.111257971779976 0.0980396006932876
"ufb141" 0.700788225134905 0.658715284521266 0.188038437085646 0.300087913096888 0.137115496372509 0.0797340757825177 0.123324366654031 0.132829785327929
"ufb142" 0.659828581912072 0.616131115668362 0.164062181679001 0.269677755138569 0.117598553582182 0.0730196866871824 0.105813837609619 0.0968334996207991
"ufb143" 0.629864140474122 0.673400421690333 0.189955096567848 0.176752802444451 0.136562821788006 0.0713698801193907 0.145143509079275 0.103587401092075
"ufb144" 0.644444444444444 0.536684782608696 0.147177257547917 0.644390437206319 0.118375272242774 0.0504439379814769 0.0059966593318487 0.0374202549697934
"ufb145" 0.747439046997494 0.679655579942597 0.149602294653312 0.633261091797879 0.119517027986701 0.0732312452199955 0.0387645796250249 0.0659794918604137
"ufb146" 0.637414620613637 0.730647209269516 0.235899790438994 0.0889644318232115 0.168678997915047 0.0742933988062315 0.197207365913461 0.163970585604206
"ufb147" 0.698267337054421 0.683553304003911 0.17844764480177 0.3578884057339 0.132275559795294 0.0848358167490875 0.11320993612459 0.0995703882867375
"ufb148" 0.684969912154657 0.667259589100792 0.17417722496645 0.334805172094718 0.128762036156094 0.0852996481992219 0.113197840177283 0.0944193410935228
"ufb149" 0.706488870643205 0.644748033170317 0.147368315711978 0.498249424798229 0.110840500250321 0.0728160092273253 0.0532726519802949 0.0642028192182675
"ufb150" 0.643060811730743 0.709396594282222 0.215712016684308 0.122368315844812 0.155739015201563 0.0982065311666555 0.17234123666414 0.143488691379524
"ufb151" 0.637386323943587 0.712252695192039 0.227575850187011 0.121360666238181 0.165831699569694 0.0729974171816262 0.188802709405966 0.156333702534522
"ufb152" 0.654009204406492 0.739137619075159 0.239846216893802 0.100116299457503 0.173918297253727 0.0854153812689519 0.201045948049337 0.167727658257319
"ufb153" 0.755390728464247 0.719939469742592 0.177034925050974 0.527794253564295 0.138262690539172 0.0884782677067634 0.0865988743467851 0.102563101828718
"ufb154" 0.645566183627226 0.653625388514035 0.178218470601999 0.200356203608867 0.129864616533217 0.0688571028184662 0.117428337006695 0.110513263866353
"ufb155" 0.717381706576342 0.752564915659883 0.221449178463729 0.233361367059729 0.167061787118109 0.105727690677449 0.167359086010847 0.146274019977741
"ufb156" 0.711111111111111 0.647938856817627 0.152800873386162 0.711109561799594 0.127095246943617 0.0596908330414298 0.0125512370319892 0.069325936576687
"ufb157" 0.741788622439697 0.78717741248616 0.234348481316211 0.34435229835254 0.187151815026024 0.121035196890715 0.160637564586308 0.175637294523972
"ufb158" 0.684898674762018 0.69974650214983 0.192013786762195 0.222303096835919 0.143199841239429 0.0895056577053872 0.135847468194522 0.108042442627121
"ufb159" 0.677382786440447 0.629607453356645 0.17123241393585 0.280991898338709 0.12260988527279 0.0688590730751492 0.109795558496383 0.10792635560946
"ufb160" 0.599399931116027 0.631614754942667 0.173903285192572 0.111121582144999 0.123006897073185 0.062888713474765 0.130020488449028 0.0997687094828966
"ufb161" 0.63353451256859 0.672295824654585 0.197809651652928 0.133603970956297 0.142156116150475 0.0730174343583559 0.155882430090342 0.118863559033479
"ufb162" 0.733333333333333 0.777707449838597 0.206157621529345 0.733292827904739 0.180381857309569 0.0842872324943246 0.0747409316325572 0.150787550770205
"ufb163" 0.665439617535666 0.709389647466003 0.206976912803169 0.144661528561441 0.149880239931798 0.0984556318866179 0.15476630065091 0.135278533965687
"ufb164" 0.653570796277716 0.715733261053776 0.217342344295114 0.133506374363273 0.157614743542241 0.103339581469074 0.172951591062994 0.146248585483094
"ufb165" 0.715909090909091 0.782780801583375 0.190458983858089 0.715790051749616 0.159247043167643 0.0757018443671074 0.0546989954050735 0.113620168417645
"ufb166" 0.631530829201281 0.661463418269625 0.181525046443792 0.198538364053377 0.131813269350602 0.0777997512570328 0.13198948531155 0.0980764862038113
"ufb167" 0.554971676778159 0.558701687718334 0.146774679117093 0.101396728884943 0.103859706103844 0.057076584067772 0.0951651723296741 0.0763420246493084
"ufb168" 0.618575408054248 0.6443194894643 0.17276533485359 0.189938287429726 0.12645615263436 0.073853005205217 0.120636916434634 0.0916406910955379
"ufb169" 0.773494114161391 0.705769164690925 0.151066929610037 0.683614798508018 0.123779381304566 0.0739745272451439 0.0398625590647779 0.0657343044595407
"ufb170" 0.635101324563407 0.699998470784335 0.216765246358144 0.135259843077503 0.154924192749148 0.0760342377423335 0.176779955520179 0.14138187552449
"ufb171" 0.755490250735243 0.700650609080842 0.170222401230497 0.481490180096357 0.131489605285119 0.0870372479244769 0.0981986408767335 0.0931581440782576
"ufb172" 0.624392537117799 0.664304305768393 0.185777785194789 0.179043485681854 0.134197304664084 0.0784531141651027 0.138200883223698 0.101683059764814
"ufb173" 0.685393258426966 0.796017392400277 0.22747225136994 0.685332488170957 0.188165769150573 0.0888329798492714 0.0992722880700886 0.153780710554
"ufb174" 0.622147693459272 0.628587894755087 0.166533622532347 0.243262900622371 0.129623328139899 0.0727550954444939 0.100383334589881 0.0952633359682405
"ufb175" 0.611566730453151 0.670911140840021 0.196462647214669 0.143374732330768 0.142117519211976 0.078536046049101 0.154458307845391 0.120020460891723
"ufb176" 0.791217084639249 0.735678080980727 0.180171086526846 0.55691914874685 0.14664729293504 0.0858325250056599 0.0898263326069119 0.11659051039606
"ufb177" 0.733333333333333 0.841055900621118 0.236812158146463 0.730253335672144 0.200445586564461 0.0963934475956159 0.110470175574198 0.173454697116776
"ufb178" 0.683499719847139 0.728302400084456 0.232542112219496 0.133363240447821 0.170126043892174 0.0778415858634948 0.192431088055986 0.156584989448429
"ufb179" 0.770315634297609 0.695873085499141 0.14724711222709 0.645647762817769 0.116293443776786 0.0696529878998368 0.0354651051926745 0.0598999355771464
"ufb180" 0.666666666666667 0.701806182702327 0.173415880321079 0.66657494846051 0.138823157095389 0.0622471152027948 0.0365789566754492 0.0784908906195674
"ufb181" 0.71263414278884 0.653865643550022 0.148169007984264 0.562171023394952 0.114677436789043 0.0658136872221278 0.0365078464603028 0.0580480856817183
"ufb182" 0.681553799174941 0.666962883493075 0.170738918310945 0.316189114047941 0.127997578429385 0.0795374381100017 0.113088912150445 0.0876120169188723
"ufb183" 0.592495419045104 0.60817140798158 0.156042923177163 0.202452764912853 0.115845189937556 0.0729832870564897 0.0973292765044745 0.0747226697695302
"ufb184" 0.733333333333333 0.654099165439372 0.146832007805235 0.733347609798624 0.122690258717523 0.0558470751807048 0.0055942551973099 0.0583681283368334
"ufb185" 0.711437861308911 0.722233577133336 0.228386769857193 0.20021707702448 0.170152597150181 0.104030690391311 0.174748881258125 0.146889857391475
"ufb186" 0.700787165217291 0.720583415999433 0.225392411951871 0.189121732206008 0.167943752432627 0.105746317016664 0.174354273695505 0.142851403069581
"ufb187" 0.618083793237051 0.645884927719864 0.161425660319718 0.40093369017723 0.127840266063272 0.0745319630129903 0.069272906420281 0.0747014870339628
"ufb188" 0.648713504520533 0.71587473262237 0.221766498434956 0.0889934294510662 0.161037316084933 0.0891850894829073 0.180447913975522 0.14922765126491
"ufb189" 0.652991480528689 0.730113662235057 0.231639931835103 0.0889849157293771 0.169069592930343 0.0913655578909239 0.191484554662832 0.159470542841552
"ufb190" 0.637538851032361 0.65599377414603 0.179519623093106 0.189939817584587 0.131516981547762 0.0769961315847422 0.127905984179012 0.0992790659385572
"ufb191" 0.58882789469757 0.604552093281439 0.16369428049977 0.101469488668763 0.11619130896154 0.0639537810706784 0.116219473803946 0.0911321623181476
"ufb192" 0.678272816483338 0.747095081967213 0.241828853592659 0.0899592491231286 0.175613517368618 0.0866518037630357 0.201571978698726 0.167861885398932
"ufb193" 0.671811659869935 0.636477979308032 0.175936776175788 0.33102359938893 0.13819730930624 0.0716523822361733 0.10437854363125 0.106378120177299
"ufb194" 0.66770273517721 0.694997335984569 0.202712855458103 0.242328367692386 0.148077103938607 0.0888588446805722 0.159567185295246 0.118266659709249
"ufb195" 0.646641957999402 0.654467661462499 0.178554844015702 0.208765688600591 0.132057694994105 0.0769084667633451 0.121416551008387 0.105846473301326
"ufb196" 0.631738268702739 0.696261806120361 0.211732291045349 0.14501369485573 0.153393884530815 0.0868662136503849 0.171063223478006 0.138314576245697
"ufb197" 0.72887454450954 0.714281728390469 0.18945080256056 0.401852466972712 0.141038728299231 0.0882864807557275 0.111358594385662 0.120947285085027
"ufb198" 0.622548622615688 0.665920504026665 0.193643200335853 0.0889306277727386 0.137185846622465 0.0640976471867204 0.153032659897437 0.122601814144377
"ufb199" 0.764691419488227 0.695469872131722 0.15170827781085 0.587333437809619 0.123419816422305 0.0862023252651955 0.0697132031344241 0.0661762993723288
"ufb200" 0.619906374672991 0.651433539339646 0.158464116225872 0.311081936269892 0.122288825459566 0.0820313189261231 0.0916403770150861 0.0809017162682997
"ufb201" 0.636930649238293 0.664283675949902 0.182408904700728 0.202588135104721 0.131996846472896 0.0764508919902782 0.130924481452123 0.100359625078097
"ufb202" 0.610759874299374 0.650911512659867 0.185144189332661 0.111158989030148 0.131394496228749 0.0651079571944805 0.143099277722615 0.112947240484228
"ufb203" 0.630712191898188 0.675111065564689 0.192260916735467 0.165596368246263 0.137003355668509 0.0747074591062911 0.147576886943679 0.107207209702047
"ufb204" 0.741234354018351 0.76626594959401 0.187866076799763 0.59983491134399 0.154898615041766 0.0909281236491631 0.0820155226666528 0.118640082428064
"ufb205" 0.696490709643819 0.671617670198259 0.173701812016003 0.323660585727387 0.12597532511698 0.0789845109168083 0.116289907604281 0.0899249637557192
"ufb206" 0.587005868036097 0.595642205091074 0.152476353196227 0.191257984520263 0.11205536233644 0.0645041065362965 0.0897659410114803 0.076616167053666
"ufb207" 0.626273658285254 0.692997378719785 0.210844582765315 0.121201323950794 0.151171653515216 0.072311163808689 0.170556794843366 0.137712557911037
"ufb208" 0.634507125972191 0.687329512777371 0.209510123253979 0.143446654966128 0.151844135223405 0.0829860726530461 0.168728667623633 0.135012054460804
"ufb209" 0.630013745159804 0.676565241244597 0.196347885137014 0.154622795956012 0.140702475881257 0.0734172430673349 0.153667574572607 0.118814423008219
"ufb210" 0.834917611846662 0.784847546383626 0.179417842799492 0.685131127605354 0.149448774265818 0.0849244627045225 0.072255137444773 0.119023345261975
"ufb211" 0.669311291342643 0.742208248050476 0.235658428667184 0.101058752208358 0.171410003413992 0.0847124676100598 0.195077405481391 0.163293201950282
"ufb212" 0.627041064546234 0.663933088535292 0.180812322019581 0.165800930501339 0.131259493879671 0.0825254611776186 0.126853126575995 0.0969697348632423
"ufb213" 0.630030894772065 0.682446924081376 0.202622374647237 0.166000209681937 0.145253488589809 0.0863209440219596 0.161904361514067 0.128634053334853
"ufb214" 0.798378650038889 0.718250976629429 0.15499377969616 0.661144430258662 0.122413199342025 0.0721084797401253 0.0443470184103931 0.0731909035687131
"ufb215" 0.612730939931716 0.641085004001179 0.17892295026518 0.122559899649633 0.128391698099693 0.0654018472133447 0.134506863464982 0.0984939510356186
"ufb216" 0.636645585306604 0.694568152902634 0.213601723572874 0.132355754937594 0.152174415430808 0.0743210851319722 0.173454692593981 0.139547170005695
"ufb217" 0.647631285078498 0.590351854800191 0.161029752571369 0.43314836660759 0.13287465525572 0.0640410299430718 0.0516814504568945 0.0933924014497755
"ufb218" 0.640296904021951 0.732286432277428 0.235272682911749 0.0889705603589851 0.169616178053506 0.0740234693560424 0.196238968740803 0.163031137980417
"ufb219" 0.833333333333333 0.793895241608263 0.15152163108242 0.833260083283313 0.132665837191771 0.0630522757811656 0.0110602224750986 0.0825415782297565
"ufb220" 0.696629213483146 0.658877507469057 0.154638390309986 0.693087209293182 0.123947349816742 0.0562248706143444 0.0136681684925508 0.0518131214609492
"ufb221" 0.689144300106742 0.692565278909231 0.191474069300347 0.264265616285415 0.143768731601831 0.0939061862144998 0.127189386492152 0.108111447692581
"ufb222" 0.715413539641444 0.7515616544869 0.223336867940472 0.211209967214826 0.166593898159753 0.107173765218861 0.16937792337864 0.150839565392734
"ufb223" 0.689046189177529 0.71369946488001 0.218950983573768 0.155588666576042 0.160731958727188 0.0978318216261421 0.17333066368335 0.138312468058629
"ufb224" 0.694364515369565 0.727176539051616 0.227428115491712 0.155562623913725 0.16746858793833 0.101866683369039 0.183608187000213 0.14778797292116
"ufb225" 0.700788602320561 0.699478577064252 0.194441990021589 0.287830027802378 0.147833352734159 0.0946292445270315 0.130393282133828 0.109833904564221
"ufb226" 0.598506923300134 0.601681193705704 0.163187787380705 0.111013470033623 0.11536866237405 0.064295736953225 0.115684032974104 0.0909971877992646
"ufb227" 0.547337451691794 0.538012879868284 0.147304244656373 0.111359281037068 0.107479941712286 0.0503274241961738 0.0879638701866882 0.0843192897836802
"ufb228" 0.697341022309107 0.741590713270509 0.236375192813967 0.144544086585802 0.174263056324588 0.102696423894684 0.194146145378588 0.157845497625625
"ufb229" 0.701581192166187 0.676249472054062 0.175500418544006 0.523190289779218 0.141117959704347 0.0743201049433683 0.06753778031318 0.10667580837373
"ufb230" 0.615363546096046 0.647843825351069 0.177663858906125 0.176436344502334 0.128210981227816 0.072730404950919 0.127908914660608 0.097962061901842
"ufb231" 0.705348327711493 0.688317191283293 0.193098367668751 0.354873066724727 0.148979349487185 0.0732309699837609 0.115123660593238 0.133314097530587
"ufb232" 0.675306212905591 0.664442569478792 0.17045099269548 0.312474698135985 0.125189506951093 0.0786377798912047 0.112833780756488 0.0846844021848123
"ufb233" 0.668498016693064 0.660088447859878 0.167337959378071 0.29029113146369 0.124559687444743 0.0743498611312672 0.112468863728196 0.0805709695174412
"ufb234" 0.615480184157432 0.606113712758928 0.163667375218562 0.446383592818762 0.128551635208317 0.0685086568889938 0.0544477609952265 0.0710602033886931
"ufb235" 0.6162456001846 0.631679981098921 0.160227490193244 0.378694868896836 0.129125748285278 0.0726502837827451 0.067943066778572 0.0693054157376837
"ufb236" 0.687117850750562 0.634460825205339 0.170833854077471 0.292191132512205 0.126083280308208 0.0725847379682341 0.109374551164643 0.11047759100343
"ufb237" 0.629213483146067 0.579436537902992 0.16128742468687 0.629056790426559 0.130365606852241 0.0551175070461845 0.0214259779075222 0.0556521041536746
"ufb238" 0.74455261541438 0.716716486548632 0.157560603876182 0.633134548225791 0.132317452851167 0.0806534806981436 0.0477601456563337 0.0849926402760167
"ufb239" 0.777880503279128 0.74565850501564 0.175852080766636 0.538969334157047 0.141677880935559 0.0866349801734952 0.0852846775155405 0.102437856853396
"ufb240" 0.683860183648987 0.658802554923844 0.167358343454112 0.331675753902472 0.123987571623155 0.077767049999841 0.112427121135081 0.0782625358678882
"ufb241" 0.650733392507161 0.712897045496075 0.228063357059273 0.132552291415753 0.165848721598138 0.0738263407506438 0.189356579529802 0.156868970632449
"ufb242" 0.661693106860017 0.66628362869078 0.182848415502092 0.210104931510095 0.133555664855767 0.0801843620325414 0.12604497571434 0.0986386342523712
"ufb243" 0.814329595407459 0.754369334676225 0.170860603734693 0.666370913321547 0.142398141934558 0.0782226792657479 0.0627936186709056 0.108228386720181
"ufb244" 0.63489400164553 0.709236781600305 0.223569329374998 0.143566581950635 0.162747995297001 0.071978685653462 0.184247137013568 0.15147587913541
"ufb245" 0.630277525239078 0.677112864914566 0.201277624452021 0.143318287410773 0.145612028453251 0.0796972212550233 0.159536421621701 0.124437920853697
