NA NA NA NA NA
NA NA 0.06086297 0.1099102 NA
NA 0.1308867 0.2082833 0.02570093 0.2086557
0.3216166 0.227702 0.1944882 0.1958397 0.2696837
0.06458782 0.04198448 0.02848226 0.08825889 0.1939246
0.06086297 -0.006377208 0.1695041 0.1580132 0.08204798
0.07025484 0.103249 0.1830401 0.1311549 0.2686246
0.165324 0.1382649 0.2115202 -0.03837368 0.1046349
0.1691254 0.09194227 0.06697331 0.1038429 0.2423881
0.1502339 NA 0.09553338 0.1635249 0.04699566
0.05606722 0.1271369 0.2064015 0.07511315 0.2415827
0.1556774 0.04448112 0.05769886 0.1178953 0.06194411
0.08140728 0.03608662 0.06568328 0.03847369 0.1194995
0.1240593 0.107191 0.0293558 0.1301758 0.09150566
0.1335035 0.1218573 0.05111372 0.06232047 0.1033372
0.1077022 -0.004297737 0.04361301 0.2447697 0.1876389
0.03610326 0.008831488 0.04767407 0.01087273 0.04682123
0.01643677 0.02993666 0.03529036 0.06489116 0.05532664
0.03118681 0.005884634 0.05710787 0.02310967 0.04166327
0.0158013
