"quartet" "wQuartet" "cluster" "phylo" "mutual" "shared" "clusterNorm" "wNrqs"
"mb49" 0.780767068257597 0.802517265862002 0.21407640390981 0.573296341762067 0.169578564204263 0.111384021101172 0.129746959662127 0.15344153546184
"mb50" 0.754086967308701 0.783465924631063 0.232497184124797 0.458033554278453 0.182248322205955 0.114697495170164 0.150227365654334 0.186127342464986
"mb51" 0.928571428571429 0.901228056957734 0.20076252727062 0.928642655536879 0.17535669719653 0.0870255204718096 0.0731129581815331 0.157158022716413
"mb52" 0.882924672819918 0.883981524501899 0.202092318691756 0.776415813882752 0.165147572673459 0.101864384609157 0.101318253227908 0.147324560553569
"mb53" 0.6523395880197 0.688528244838529 0.191019331532806 0.294752343992899 0.135781401824998 0.0948085145262604 0.132384812410584 0.121447796960056
"mb54" 0.668018239909013 0.720006996676579 0.208831682577979 0.29287377393452 0.150477749143609 0.102217423913804 0.151474211658438 0.133267103257419
"mb55" 0.785714285714286 0.814416177429876 0.203553922263215 0.785635621475347 0.174112292377589 0.0849290937037477 0.0760193693404592 0.164687807300799
"mb56" 0.751710450585963 0.771801976189572 0.228641100700832 0.467073422870888 0.177897542641837 0.106796131637066 0.14594499437468 0.156657937430238
"mb57" 0.752941176470588 0.875496460024175 0.260186679490619 0.752975632489737 0.216484988511686 0.105950612349656 0.14194619354204 0.205068598230928
"mb58" 0.731707317073171 0.797692218485446 0.230512187599879 0.500601598329788 0.18937515109984 0.0926964813873688 0.106009030388501 0.185526541241458
"mb59" 0.763345304149059 0.761847889614515 0.198109168744728 0.633217794980781 0.161922949234236 0.101331581416819 0.0965037374094607 0.121058012185105
"mb60" 0.778372705833626 0.82864751593469 0.249138039588167 0.554101102922937 0.196729499007116 0.120067762721054 0.154090832375747 0.190026310983419
"mb61" 0.819931081513319 0.76819760004873 0.180294152696579 0.673732718586999 0.141034994123976 0.0844888485118907 0.076456120094287 0.107185019709602
"mb62" 0.676190451493569 0.712209721621232 0.2035747189425 0.262580871418309 0.160197014637394 0.102190482112714 0.11779093865082 0.150050474747906
"mb63" 0.726190476190476 0.775651517059046 0.205689412309805 0.726083063708452 0.168885778923633 0.0814729630800294 0.0788181200373793 0.141691564379412
"mb64" 0.624152649032593 0.693766396745229 0.219985346583702 0.1175091958371 0.148893314812656 0.0866240730835379 0.181395618979938 0.140150730129955
"mb65" 0.773809523809524 0.893230242578056 0.248290508179854 0.773594555628647 0.206115089027639 0.102502110788558 0.127527968941056 0.216209583188056
"mb66" 0.626506024096386 0.699368237600755 0.202040489543215 0.626329344322494 0.158146878059233 0.0712721678465785 0.07264056454571 0.127996870499468
"mb67" 0.621706397206575 0.69752091354505 0.219320461078672 0.105856268962043 0.147565138441616 0.081432804958773 0.181038354440108 0.141072729226745
"mb68" 0.741626736551228 0.81113306836601 0.236870929647638 0.549985473875154 0.188868884754188 0.113701717692425 0.140028866334071 0.193277932968846
"mb69" 0.612682457017026 0.690097640885905 0.212392514412011 0.0953386389850856 0.141778524151138 0.0668835935468615 0.174012237505774 0.136285521919014
"mb70" 0.629038136620211 0.653522379085135 0.178296968729391 0.118347739296142 0.120794933503818 0.0696587523280473 0.132831272036989 0.0914174045125484
"mb71" 0.771051208511785 0.798385659358847 0.20849037236263 0.59550689997144 0.163587686931153 0.0988485577349082 0.107931823659629 0.152349163244614
"mb72" 0.602541560449959 0.645052239721736 0.183165857672637 0.0705354268954331 0.122652177251225 0.0546525784491186 0.143361097100891 0.106730633383096
"mb73" 0.628172366658065 0.647412821636512 0.173604219374492 0.118381481818582 0.119708271004761 0.0705323467444776 0.124769057745131 0.0928365761879379
"mb74" 0.659872935356976 0.713378942864578 0.201764973120075 0.304455817954132 0.148496487103001 0.0974762267214873 0.139498686923581 0.130423036861779
"mb75" 0.69242286455482 0.71629358034221 0.201546908818944 0.342096671857897 0.152818908190346 0.0860439576897983 0.126329766765737 0.146662402899087
"mb76" 0.744631065213778 0.772769073854231 0.204547212151097 0.491293161798766 0.161016660543767 0.103899802977814 0.129553238428892 0.135373206078464
"mb77" 0.593350830557201 0.631052868131733 0.17433538657593 0.0705299799067325 0.116390763268207 0.0457701127486101 0.133848160327794 0.0980899452633774
"mb78" 0.738095238095238 0.810108989832492 0.200964306626198 0.734680151294154 0.162071906403718 0.0769657720243575 0.072939873500554 0.147247570185579
"mb79" 0.729411764705882 0.748818459827634 0.198870123253088 0.725964256621482 0.166418735142759 0.0813035148102366 0.0708297334568371 0.125308792320202
"mb80" 0.642748014015148 0.64649644181927 0.169333357363485 0.166758012165902 0.125477503493876 0.0713073687824071 0.0984495375912025 0.104439913334349
"mb81" 0.668687193107437 0.683464316994175 0.186643761959112 0.325672240940631 0.136798128743331 0.0819580443068522 0.117388209920337 0.123068190497602
"mb82" 0.64290955529954 0.655440414507772 0.17620818987381 0.170547146067896 0.132768283485058 0.0746582482338284 0.0981765894255036 0.11558627600553
"mb83" 0.75 0.689941086624482 0.151284036069754 0.749765069985487 0.119093406542492 0.05507970893716 0.0145782822338386 0.0639118012503701
"mb84" 0.643841220111869 0.677896947481808 0.188911287709891 0.153235632943896 0.128370480706554 0.0693271437171303 0.1409548964274 0.112515044156551
"mb85" 0.811764705882353 0.839479736696011 0.186387732223062 0.811712556338608 0.153769381030944 0.0733846580837013 0.0563523472837471 0.129270742758783
"mb86" 0.835294117647059 0.878098365783095 0.191307029871971 0.835161415718366 0.159532523329193 0.0757008616875918 0.0620578704957916 0.143562929159318
"mb87" 0.672501489344747 0.690307210031348 0.18386940863045 0.538410309056833 0.147624589020712 0.0834255871203027 0.0805586440913549 0.110368461230747
"mb88" 0.585365853658537 0.534857440890125 0.168943273470816 0.585334371256211 0.13027050656501 0.0583549891999606 0.0346764593210197 0.0499346700565878
"mb89" 0.658191092246711 0.679229607250755 0.185777001051031 0.3067455124423 0.133597625233084 0.086903707744216 0.122287062794801 0.120117239537777
"mb90" 0.735534928942407 0.694368269449951 0.162443765181767 0.492721527088615 0.120438630522939 0.0790995170134884 0.0914781596261526 0.0847919389836954
"mb91" 0.762536681833892 0.721602571550289 0.16733127774183 0.535331805856484 0.123896836988969 0.0805647355975861 0.0891090840155136 0.0947547294035256
"mb92" 0.616883843069666 0.633910505922337 0.167903725781939 0.131758905212993 0.116676691013348 0.0696978417327604 0.116662827051324 0.0886350752014324
"mb93" 0.800440270800743 0.772196135786314 0.17715846574536 0.587957598071289 0.135990381720542 0.0812845346863273 0.0892643709518027 0.110978616218818
"mb94" 0.631400008431997 0.65411823130282 0.177391412506336 0.119660106717829 0.119880612523531 0.067807104838961 0.13048063296118 0.0928650543617332
"mb95" 0.704896638042323 0.624463271118565 0.164670135944037 0.377359231454409 0.114300267679648 0.0727607577920961 0.0936295589210576 0.0799377691351889
"mb96" 0.617125913502386 0.688256893262907 0.215569020914411 0.132425142105095 0.144715676981521 0.0848734682191309 0.17632944825321 0.137028698337859
"mb97" 0.811764705882353 0.766011000279668 0.15007993822684 0.811596461568054 0.12233133311826 0.059271978418396 0.0142416688478691 0.0831105270426466
"mb98" 0.662236679798344 0.674857353967407 0.182545586134349 0.219274902087295 0.139120915070349 0.0763939906297243 0.105240621617939 0.127510639889316
"mb99" 0.8 0.795691056910569 0.167313893885948 0.799989446019807 0.137896451890218 0.0662658395836363 0.0342300373236404 0.108987240501313
"mb100" 0.773809523809524 0.72436683006536 0.151680588879219 0.773535819596895 0.120264702324617 0.057441825762093 0.0148428920575762 0.0752739865294374
"mb101" 0.597275883182003 0.652261291769934 0.193911973062774 0.152676447218948 0.13060062885118 0.0796852250307256 0.151485159613204 0.119290181751696
"mb102" 0.806953722957971 0.738278400424431 0.152596623965263 0.702079219071694 0.12079909417226 0.0766192090224163 0.0452752962332195 0.0776336159277119
"mb103" 0.641285485035716 0.68228315776141 0.189690772320698 0.180989436513583 0.129563539299054 0.0729326458525565 0.139839226668374 0.116115919586867
"mb104" 0.586470840123405 0.617432294069724 0.167004496685982 0.0713445899851139 0.112308464153808 0.0445945627326568 0.125795312436824 0.0903040363941174
"mb105" 0.692995658173762 0.612644195599572 0.156864028412026 0.321814205609902 0.105822945028601 0.0632455114634737 0.0911207068082471 0.0689868746402185
"mb106" 0.795016867238947 0.763631492687847 0.17903481768952 0.566079869761801 0.138815638953778 0.0818197684899493 0.0911670459684684 0.11070648755101
"mb107" 0.663394471712226 0.687138177141066 0.189511242749384 0.238429000227715 0.131772591998741 0.084129684280561 0.137201681859682 0.115810240349192
"mb108" 0.666842734450144 0.642943215459915 0.170140054811264 0.387952303444141 0.130747872448174 0.074669733522683 0.0809089557714878 0.086826703718453
"mb109" 0.592712869986155 0.635367589527731 0.173058953626596 0.0823119200174461 0.115354664653758 0.0542319940085583 0.130372720677392 0.0888543360307676
"mb110" 0.763578190808964 0.666049872235439 0.156819525089862 0.536976248264627 0.113325310040278 0.063613669133346 0.0663547183491848 0.0806430209136133
"mb111" 0.714285714285714 0.725975261655566 0.187653819696451 0.714159469925256 0.156190112906265 0.0738781756513777 0.057978823513817 0.117145286523449
"mb112" 0.630831227691428 0.650400838613297 0.177109423191179 0.119708749918804 0.119261870648844 0.0597417024475439 0.132771765074184 0.0906591733162578
"mb113" 0.624736747677311 0.642746593582293 0.170552703928571 0.119660106717829 0.11756923545309 0.0640917734983156 0.123249163118109 0.0876706402665931
"mb114" 0.855421686746988 0.861995579929606 0.179893438071051 0.855274678777362 0.151593658267123 0.0734878022784884 0.047010913039537 0.134556587916795
"mb115" 0.829091404189739 0.817910960866327 0.176379176994314 0.710711311624075 0.139292856096401 0.0886166138491788 0.0718361957393184 0.117513783476429
"mb116" 0.709480678298789 0.673751564890805 0.179155148067514 0.500608520533736 0.131766525272997 0.0707825932027637 0.0749623379400842 0.116963631710433
"mb117" 0.607770049389597 0.614632531110107 0.165458109215266 0.0945902676356607 0.113026655418596 0.0503078691489037 0.123106767968069 0.0838817619040662
"mb118" 0.656054815781431 0.680515121569046 0.183508177462813 0.30693976273386 0.133396456473169 0.0865325759077751 0.119841325179693 0.11532977630602
"mb119" 0.595283613339404 0.640604377932146 0.176242451594365 0.0832956126868193 0.117001296325903 0.0553521267538501 0.134438540712252 0.0928974856194179
"mb120" 0.601867329844691 0.606947819832755 0.160915200776854 0.0957090296305043 0.11104302425934 0.048711094024748 0.117601895114749 0.0793188076439349
"mb121" 0.623451469142327 0.62292572015329 0.164116600605668 0.165966052350877 0.116396521085773 0.0739452731930513 0.107112527819237 0.0916726456245576
"mb122" 0.729630128738253 0.677199287577126 0.166507189348382 0.462263339144364 0.127962641056513 0.0679120573771618 0.0770640786362735 0.0861626078942326
"mb123" 0.710843373493976 0.790427197494968 0.20808576501247 0.710549357554723 0.165089876840286 0.0797556119829263 0.0812229528537325 0.145579584917245
"mb124" 0.761904761904762 0.699120234604106 0.150972825537678 0.761731032900669 0.120125777758881 0.0569990964843973 0.0140209633388408 0.0724626070181033
"tnt1" 0.759435799592923 0.716234707426591 0.167668659754151 0.481638888688438 0.123203892940987 0.075689619444652 0.0893514552349917 0.0947365431927723
"tnt2" 0.645145859130753 0.633073145008492 0.167139058287052 0.142694121622694 0.121924933618986 0.0639121030088585 0.0961819922942011 0.105736764854782
"tnt3" 0.66460654245066 0.661897012571988 0.180678930130875 0.168508635807518 0.134421161624912 0.0708882736059088 0.103224878163131 0.125652450236374
"tnt4" 0.615745440217648 0.628818173855062 0.164646436958517 0.118395182349206 0.112335697244026 0.0606264144945441 0.117006060592644 0.0810863875961775
"tnt5" 0.616429662951901 0.62648715852197 0.162636206317829 0.118443048246859 0.113782543427161 0.0588713864786259 0.111072680712246 0.0851635082620086
"tnt6" 0.631431381421135 0.650154153510398 0.177515935736724 0.118309291772009 0.120710603853843 0.0594202583327125 0.133200650495456 0.0903912486408193
"tnt7" 0.634252589837171 0.650988659494039 0.179241219119598 0.119675850346895 0.120926554787337 0.0611267423662588 0.136031469724043 0.091855922431726
"tnt8" 0.602395537776486 0.649121344708287 0.182114792267282 0.0823507388425756 0.120639445671558 0.056159726494395 0.141193614310069 0.0986594334878565
"tnt9" 0.622857635555337 0.655290946028411 0.177651653200308 0.188001687248547 0.121335401359896 0.0743748825791289 0.124543668675256 0.105433038224484
"tnt10" 0.677752653152211 0.707200629406891 0.198504500442713 0.327866309628195 0.145795462168463 0.0952324772887656 0.13032605472655 0.133526044544785
"tnt11" 0.781056318243351 0.779116229874251 0.174079294326574 0.620818242876981 0.136203967796471 0.093317628991595 0.0855406546484645 0.106495204095512
"ufb1" 0.700781241866564 0.662173265654261 0.159010793447527 0.433385165114493 0.115092304034873 0.0733871510254182 0.0982108204238715 0.073184934462963
"ufb2" 0.594472050062887 0.628866453840524 0.17360563359127 0.0949768328234153 0.116913623281066 0.0462471013613143 0.133083056542399 0.0965222534473364
"ufb3" 0.598772097310261 0.641087834358655 0.177063709528041 0.130701993591593 0.117785595355153 0.0548095468818357 0.135302159483658 0.0925599197980285
"ufb4" 0.745594986019861 0.704988567865309 0.162273708253214 0.50536267311277 0.12028872236825 0.0800990073210776 0.0912758083627112 0.0844535011062069
"ufb5" 0.666666666666667 0.763107539226942 0.203718290307788 0.662406652503751 0.161936553270528 0.0771671059880193 0.07647702489744 0.132312464190445
"ufb6" 0.625859296534015 0.624700222859862 0.15893939800734 0.259150469116572 0.116002110419789 0.0624241396645355 0.09315671835359 0.0907952066398544
"ufb7" 0.618659526552855 0.62231551876063 0.163034557015732 0.25874878202579 0.115006287717504 0.0707556480978846 0.108997685031954 0.0876983208918785
"ufb8" 0.623211199619259 0.630926184708614 0.16261568540532 0.235288291172404 0.113445561177722 0.071456611333691 0.108592967227581 0.0837445490128106
"ufb9" 0.606686106890303 0.605214193601019 0.153247446293193 0.247233529954524 0.10831719108186 0.0690020130991338 0.0955548841349151 0.0766090104243246
"ufb10" 0.724501424564489 0.646539590971486 0.139010229665433 0.586385339654743 0.105546686038821 0.0725040678219729 0.0468382453243534 0.0544963832852276
"ufb11" 0.733977878457379 0.690082470756543 0.161135288047245 0.445391270614291 0.115947120758324 0.0734379994670502 0.089945278961202 0.0835727413932496
"ufb12" 0.63855421686747 0.73888591322978 0.217073545160712 0.638275858764321 0.17608810209095 0.0820572353161626 0.0910914556215279 0.159758135294437
"ufb13" 0.771084337349398 0.747811304717382 0.162869663831475 0.770816900689355 0.130269501023166 0.0621192137542702 0.0272287629845049 0.0999979716227647
"ufb14" 0.637409538559073 0.615708712208317 0.150490041381993 0.329149980450153 0.105731006120859 0.0685179840832393 0.0889491440845237 0.0817999642444209
"ufb15" 0.729411764705882 0.693853772210894 0.159412780763168 0.737769043317707 0.123905949546613 0.058374756056502 0.0250661306970484 0.0670998624093121
"ufb16" 0.685238345522015 0.681935159226511 0.174835279696214 0.4433509512928 0.131037256484849 0.0769296980598559 0.0865982371702933 0.107220105276689
"ufb17" 0.685148735467781 0.663661160781937 0.178478801423487 0.515142479344054 0.141158087623595 0.076057289410328 0.0738682215720925 0.11193255589945
"ufb18" 0.639695531357804 0.676471040216372 0.184550624097136 0.195208528497089 0.124614788991662 0.0782663985817676 0.134296815902144 0.108301971297196
"ufb19" 0.606882584876596 0.611461003154792 0.163766087177628 0.152434611252395 0.112696581172609 0.0495931866309696 0.121329574003154 0.0818803339503689
"ufb20" 0.642857142857143 0.6027711797308 0.167480854927144 0.638455533457853 0.13146322035505 0.0579644148998756 0.0331015475630832 0.0897396853496255
"ufb21" 0.683880085043479 0.706998156707134 0.199043726835456 0.316312866874838 0.142302609042922 0.0863889362777481 0.136565169948922 0.132048404054585
"ufb22" 0.707166685001792 0.65887400937562 0.162436343439699 0.492304949317288 0.12727527352663 0.0710345540541454 0.0727334125834346 0.0758813911254264
"ufb23" 0.675532224280324 0.592586398175868 0.150424151062297 0.329864828176297 0.103381782710627 0.0629712307846268 0.0841667891851945 0.0602589993422958
"ufb24" 0.618232028561145 0.629350902383734 0.159515769672284 0.204591610853234 0.110049033457586 0.0640620578580841 0.107757223315635 0.0804658059765123
"ufb25" 0.777222725486671 0.73842727530903 0.170583575598127 0.587882857500655 0.131900400802397 0.0782969313835114 0.0819871657246905 0.102302312899196
"ufb26" 0.619120612160146 0.674201878725797 0.206402342302478 0.154636989058431 0.139680553222193 0.076957027448817 0.166136134634328 0.128235346802401
"ufb27" 0.604779747638806 0.679151821420781 0.20538848780031 0.105553464044005 0.134625882694013 0.0669178560208161 0.16685667483456 0.126124231904557
"ufb28" 0.605135447386582 0.652029084623734 0.18416185105556 0.129044939283287 0.122257329152452 0.0586426335898157 0.143807773183539 0.102952994379429
"ufb29" 0.724440696862525 0.641082942555686 0.139934631786572 0.604684187248795 0.104709857198545 0.0626599543453006 0.030680090906797 0.0517764054471667
"ufb30" 0.673072907532298 0.596023097490282 0.147368248672866 0.297801659056933 0.100633153477451 0.0579902835489574 0.0855753092639604 0.0546213911696536
"ufb31" 0.606917483449158 0.615271463643399 0.159180946227518 0.226071643564738 0.112134385052761 0.0663907551509327 0.10489527415936 0.0835146959350665
"ufb32" 0.635485204541925 0.665627071415751 0.180952474219479 0.141401855135162 0.122594643688937 0.0639957999881597 0.134222695138047 0.103680574653301
"ufb33" 0.766418266523198 0.707472580939445 0.164728767494284 0.528982334960011 0.121701239719391 0.0719632973841153 0.0862620899110424 0.0901541686959731
"ufb34" 0.716327235002214 0.622653187538684 0.139418540781471 0.592644575721181 0.10401275963625 0.062327761104451 0.030098440598998 0.0565593292667167
"ufb35" 0.724453360923428 0.667046775051858 0.143915838718474 0.522100698905026 0.107278097064005 0.0754091753982524 0.0633808036156568 0.0561048111348198
"ufb36" 0.727176003658902 0.701978187998678 0.19338636032313 0.375743617809365 0.144489507559904 0.0759140692064966 0.117392996516091 0.115538329771604
"ufb37" 0.620670956296657 0.665959537381198 0.177236441550201 0.219780277692707 0.123432907567564 0.0799793471352009 0.121084617190988 0.103973848283714
"ufb38" 0.75 0.795273264401772 0.196879387376965 0.74980877414094 0.161048631007828 0.0762731375697011 0.0685453043716071 0.142231546221859
"ufb39" 0.762949948542776 0.665132939223623 0.170677439681114 0.622199934405347 0.136864016005957 0.0786591153289405 0.0653032689993206 0.101778079464375
"ufb40" 0.743340244851146 0.661543715846995 0.165702053977551 0.50134792335191 0.122486334231424 0.0733812651488597 0.0761688300376062 0.0888242914437311
"ufb41" 0.675141815576524 0.600673089971502 0.157945638368666 0.310110562552373 0.108008572622865 0.0642718961217938 0.0921924952202863 0.0696244310249531
"ufb42" 0.69737589988561 0.717852361982485 0.200381671764019 0.35402268670939 0.151605567837551 0.0853338989159279 0.125054760205184 0.143098693353218
"ufb43" 0.664826056729277 0.689216654085129 0.187809317495008 0.337972715962863 0.140590188827138 0.0863732367477541 0.118815027517819 0.123808325767059
"ufb44" 0.631819993663614 0.647830839764403 0.174493927648642 0.215963219902618 0.116999532069816 0.0594244147295424 0.128820146259985 0.0901461681451003
"ufb45" 0.597560975609756 0.471712880143113 0.139260161288854 0.597304363413489 0.100747861045303 0.0441198957498787 -0.000924551893886522 0.0134724236696121
"ufb46" 0.722610368245867 0.660026331124684 0.157254927690119 0.475780226722144 0.11419128293496 0.0736897180625539 0.0857268602943869 0.0776682883105045
"ufb47" 0.71393915038958 0.660307391528404 0.157637786432358 0.451100547517653 0.115101620115754 0.073665964313288 0.0920523561304502 0.0750305974753737
"ufb48" 0.689327146711558 0.652824006387325 0.156759529275664 0.359668484475201 0.110694155037615 0.0701702385870466 0.099404365293058 0.0694974954255494
"ufb49" 0.710843373493976 0.630921338548457 0.147761321036347 0.710787122410501 0.111714229440701 0.0535622906458906 0.0102725533660604 0.0474035974344002
"ufb50" 0.675202001603874 0.659848397176253 0.174503629117263 0.490303833666656 0.138752413983834 0.0740401436133512 0.069302907228346 0.0911502498085763
"ufb51" 0.601936665479841 0.676978337014479 0.207289061069374 0.121727155191512 0.140419418546018 0.075855784868116 0.167615410171641 0.12945543205885
"ufb52" 0.602168868256999 0.669444467346585 0.196779995882491 0.0705451173557735 0.131097628605318 0.0494022547811263 0.15778300578555 0.122367168959592
"ufb53" 0.629270255471707 0.632327992459943 0.16616208143672 0.225881116757385 0.115353373354575 0.0613338921528894 0.114815673592075 0.0895879335537712
"ufb54" 0.630371138117244 0.62597961661577 0.164326341210493 0.225953599465162 0.111803594171604 0.0610152325907601 0.110375924807454 0.0912213282545709
"ufb55" 0.665665737724689 0.655810802488144 0.17470443506822 0.263375045537743 0.1276397969023 0.0645585080514571 0.104391914776382 0.114460915204669
"ufb56" 0.578313253012048 0.585215284832383 0.174657539168396 0.578186639271522 0.137284287183519 0.0595305496800037 0.0413948318563756 0.0778854562094761
"ufb57" 0.823529411764706 0.834658187599364 0.175793063493924 0.82337893864321 0.1473714126472 0.0697686099889841 0.0440643881740911 0.121069518745723
"ufb58" 0.617303183417351 0.63583013004297 0.168074409008323 0.202178144322543 0.114817294004973 0.0637359670293805 0.120629321652454 0.0827559212610984
"ufb59" 0.713830691707317 0.687429715048127 0.1893221980068 0.34426648080547 0.137530370157231 0.0757515074356315 0.112972974850216 0.108661501127494
"ufb60" 0.672848165697647 0.599647281904855 0.161987565502308 0.258424296682583 0.112019423744017 0.0602721830425835 0.10128502390403 0.0738430750759853
"ufb61" 0.65605617804966 0.596133515769382 0.163746613570586 0.187812786688443 0.110338230950634 0.0591261018586506 0.112251211040491 0.0729527029662197
"ufb62" 0.628575931938274 0.687021914106104 0.193276998848375 0.201990881623162 0.136694674076418 0.0864027299361981 0.138335568702697 0.119665201410582
"ufb63" 0.604135936547452 0.669315952040507 0.19897549029203 0.07137285953199 0.131920050928369 0.0502749727342412 0.16008494546659 0.123463871925133
"ufb64" 0.684969174311615 0.646754382767795 0.184862131483634 0.270149060840606 0.13013032588622 0.0696104926617749 0.121331845784608 0.0977996161553717
"ufb65" 0.659783381260029 0.597530782490456 0.168824464440494 0.190806708854237 0.113843817368349 0.0598304481240953 0.115192873930394 0.0785868756475658
"ufb66" 0.659803361269263 0.664955970609681 0.164551315773491 0.437812818607844 0.127804821615848 0.0740151261834522 0.0751434538882272 0.0833938100940617
"ufb67" 0.730975113056852 0.6946236109514 0.16293693933484 0.451733480652429 0.11871698538606 0.0764261437360006 0.0978572201040898 0.0825667752920032
"ufb68" 0.757778772422897 0.708544795442776 0.162915062788043 0.51743296944341 0.122889975469048 0.0785563270099464 0.0841505743474513 0.0858241925397459
"ufb69" 0.761904761904762 0.784 0.181969982036548 0.761789768932421 0.149121793103684 0.0699225526593393 0.0513876736208766 0.107743456342715
"ufb70" 0.639495106412854 0.683345889329024 0.189811073073577 0.484896440453247 0.152462764159374 0.0844182069212051 0.0863436779617759 0.132329859550208
"ufb71" 0.67597600556361 0.606072766185126 0.148746033416349 0.422957280643488 0.11090458442964 0.0644268934207441 0.0684647973267767 0.0609774750272421
"ufb72" 0.695960903696994 0.63512830768583 0.150622047201642 0.426939856838698 0.114014259922802 0.0654829116141178 0.0706871524308012 0.0601228454792961
"ufb73" 0.777363639879113 0.791094603258827 0.229886769843075 0.568848958200886 0.182988050875317 0.10672151564224 0.132424343276969 0.190106916242876
"ufb74" 0.62538950412623 0.623754740021852 0.147600754553143 0.366111192742426 0.112748220943453 0.0672656478721319 0.0674005654319712 0.0687763773541841
"ufb75" 0.626494804941881 0.648107182359867 0.175047943236395 0.164899666207179 0.122196830424423 0.0626981830255365 0.118849060004549 0.107666599042552
"ufb76" 0.603759838287631 0.672584512477489 0.201595018289562 0.105582546437616 0.131108158522025 0.0642348085775083 0.162833243071913 0.120254510483936
"ufb77" 0.70403304905929 0.681411462396182 0.189523041769948 0.341947558590322 0.141163938479641 0.0760950788851783 0.11320037214285 0.108025764854797
"ufb78" 0.627305153622354 0.641386549979005 0.169937880706259 0.228566031854003 0.118417278616012 0.0604770793366825 0.118857962228821 0.0912592730222894
"ufb79" 0.621940730730212 0.644842119660088 0.183391075855048 0.140467532814891 0.117957032281353 0.0633303459989111 0.142542551234756 0.0988520819238433
"ufb80" 0.610490465802701 0.681577240195873 0.208799034250828 0.0953383741092961 0.140010747725139 0.0686161822781246 0.170002151110293 0.13194528852861
"ufb81" 0.702563895744739 0.674545393091327 0.163729400375427 0.421724161518256 0.118320163158035 0.0757743520106515 0.106896789376565 0.0734078218977559
"ufb82" 0.658767853653415 0.660578874292428 0.176477159866809 0.48877142770275 0.133646038668493 0.0720053243356706 0.0719444229974831 0.105385644520938
"ufb83" 0.79755804007978 0.788068407044566 0.172807911939773 0.690542299915168 0.135570540595488 0.0842370544765828 0.0678116265850932 0.11474456170017
"ufb84" 0.627241979437333 0.63711430512353 0.168712669638044 0.211024605202246 0.116168131144647 0.0579065327972399 0.121306968693315 0.0874621009300191
"ufb85" 0.739269948607445 0.6839310739593 0.15868737586386 0.511390114435177 0.117742280961396 0.0761882469645203 0.0796811086510884 0.0851430496709856
"ufb86" 0.714285714285714 0.803022701617961 0.228770353984727 0.714160804948723 0.189786152378011 0.0898264094186149 0.104953117784831 0.171749768897083
"ufb87" 0.646428024088174 0.636890592037779 0.164843822402371 0.232623925571893 0.118295262017888 0.0623943021844546 0.0995346874434146 0.0980187061169315
"ufb88" 0.75554585020578 0.685985906683901 0.161548597408466 0.493749242764863 0.121909410730082 0.0700497925737305 0.082655533070962 0.0833108022479396
"ufb89" 0.70894227564342 0.631261990651921 0.150338033317596 0.427994164470246 0.109568760966487 0.0675270105284197 0.0781257295753601 0.0673378990442211
"ufb90" 0.599968938283816 0.64072483924936 0.177451612400435 0.130623648858748 0.118014034180702 0.0571431799310374 0.136297755164069 0.0952430693015166
"ufb91" 0.722499529786115 0.669287638619134 0.168931336734763 0.448121979233553 0.128315415103033 0.0729754743567678 0.0799240185998676 0.0876763639676425
"ufb92" 0.599070399307216 0.660255695839768 0.193905081444561 0.106843619508868 0.124603988831902 0.0619711864290865 0.15462714882815 0.111742090115121
"ufb93" 0.661420903050413 0.591614348635979 0.1519793111375 0.281058526648344 0.100899266452747 0.0598016194326413 0.094225637886386 0.0604548336801915
"ufb94" 0.739808817510479 0.657768066048918 0.158061307179509 0.504427099155498 0.115138083675512 0.0685222206584252 0.0788289629759227 0.0832382933985729
"ufb95" 0.797716023959657 0.75245932953424 0.168686704352336 0.589990958259342 0.131158185587148 0.0761057161216035 0.0798876749292673 0.1004710370915
"ufb96" 0.746139608597906 0.702232902773606 0.162557694815088 0.51147293664544 0.121089754962801 0.0770232703693671 0.0839148828084874 0.0898094983322738
"ufb97" 0.738095238095238 0.644391121775645 0.136891957125889 0.737769043317707 0.106920085584675 0.048784352299519 -0.00233121182068867 0.0459620456894062
"ufb98" 0.723655187908568 0.604489862923746 0.132258538725585 0.573724600963351 0.0959005430458346 0.0571883932387493 0.0223614479352644 0.0394169333665866
"ufb99" 0.676971491580471 0.616961438097999 0.157537099081246 0.28036660716206 0.108564831811194 0.0656048426110381 0.0919852776259333 0.0664681661622676
"ufb100" 0.651306898952332 0.591586210515269 0.164180091629418 0.188470099939882 0.108767816027027 0.0577448805996304 0.112709635978457 0.0733849684881732
"ufb101" 0.651140420521944 0.596107112596717 0.161476536123204 0.166804253658006 0.107328583673396 0.0565418395615421 0.111920421984257 0.0694556621625511
"ufb102" 0.795993308635829 0.731528216739783 0.172072713528239 0.572830679438878 0.132115323082254 0.073042653699218 0.0836353700423648 0.104592867029768
"ufb103" 0.63104655673723 0.63578928913573 0.162924338570313 0.222669003168289 0.113124322139164 0.0603257709415879 0.105843904122939 0.09084166878483
"ufb104" 0.577656746086595 0.64948339946344 0.190153319200706 0.120095824276365 0.128634643199065 0.0774057587387694 0.148343574679062 0.115678989827676
"ufb105" 0.615939681444575 0.621651694150464 0.161263257914586 0.228608505451514 0.113730473544289 0.0569973441204428 0.10715578408403 0.0862679663326458
"ufb106" 0.628707982225593 0.623262025820661 0.161746244253628 0.258899375393984 0.116824599138897 0.0668679469372462 0.0962697358939983 0.0962027699715904
"ufb107" 0.646912742160111 0.519238868256825 0.127768037322939 0.527412192000527 0.0936386128092401 0.0560798127966122 0.0166145333694312 0.0237816296722921
"ufb108" 0.779461844843975 0.795006831449509 0.204449815228112 0.652613796084383 0.162928366370191 0.10024521485718 0.103377927776963 0.147395182623444
"ufb109" 0.752941176470588 0.666391497265504 0.139870646743483 0.752626028806995 0.110351923866722 0.0509535448979846 0.00240067980957771 0.0586595444396295
"ufb110" 0.715654234694733 0.639406105073718 0.139254414141437 0.630555024277273 0.106771534637693 0.0646863194322076 0.030216361075266 0.0532074456091813
"ufb111" 0.614145408522608 0.622264776767604 0.16267674355694 0.216673884079971 0.111648303992507 0.0601479470102416 0.113222091675885 0.0800489310612334
"ufb112" 0.729411764705882 0.721323589785697 0.159885407854537 0.72249587199655 0.127550305449487 0.0592386271906823 0.0256142952995806 0.0927477746257318
"ufb113" 0.739552958501734 0.689911349109004 0.160012392922196 0.48155507355275 0.118583725635621 0.07249874452321 0.0809747812931053 0.0846511035277864
"ufb114" 0.674698795180723 0.595814864446964 0.147974501365354 0.674372962550939 0.114490423637188 0.0505083684268809 0.00944353146913358 0.0541272781860954
"ufb115" 0.785714285714286 0.672524465958118 0.147076986181495 0.785575550420128 0.118179129688264 0.0553075125159184 0.00929257140059091 0.0676344382723172
"ufb116" 0.670912821081227 0.685292344499879 0.167648490181387 0.363741062557662 0.123626105231354 0.0768923332356468 0.102802591312193 0.0913697950132712
"ufb117" 0.609382038738253 0.663196945889374 0.196051364197321 0.152503050851188 0.130556414231877 0.0735960766399215 0.152748825826005 0.117566933312293
"ufb118" 0.726048075618742 0.661175422974176 0.142953596086744 0.557637368589711 0.108384850136199 0.0721638788511968 0.0510227169524966 0.0607436141205803
"ufb119" 0.572326183661878 0.588059932111604 0.150986164654151 0.0939781128789526 0.100382301475375 0.0394513728661103 0.108499564288132 0.0773864931907955
"ufb120" 0.727840249708816 0.6764156294838 0.164324518953779 0.507243465742181 0.121297159360934 0.0750240503969216 0.0748415045238384 0.0808796023988148
"ufb121" 0.75 0.667506551098569 0.146335425559114 0.749750038109188 0.117182806978092 0.054316704779381 0.00863553010300584 0.0677121933300505
"ufb122" 0.726435213967862 0.680737308685936 0.160556633072084 0.462997024591298 0.115819845542082 0.0717965933451554 0.0952918505282534 0.0778297990477345
"ufb123" 0.770198475986421 0.720418667960011 0.166893675154267 0.535289420630108 0.126914240138086 0.0708440233539027 0.0777280407350678 0.0994959519589646
"ufb124" 0.628617314708846 0.58676332312172 0.161913504710494 0.448947401426082 0.121735832613788 0.06532043097532 0.0555070852377509 0.071870120875641
"ufb125" 0.609780345772085 0.661117518817545 0.179216471448837 0.155091390549498 0.121168428056814 0.0704993780778083 0.128683501633871 0.105891988673236
"ufb126" 0.687299969030776 0.741304426290651 0.201528755938738 0.382996369622001 0.155447198437603 0.102400176278017 0.13358596998035 0.127309924795729
"ufb127" 0.68075409409849 0.687321151525599 0.191381097430859 0.289869306282164 0.143367122988855 0.065898362476938 0.114912945901415 0.133952180867389
"ufb128" 0.714989097683239 0.707583530475001 0.174195240101229 0.562177509110827 0.136867307380953 0.0746390220846621 0.0695846887084349 0.102672489540803
"ufb129" 0.676355029948626 0.672589785301847 0.165103008255399 0.41347864609952 0.12738158024068 0.076970393965444 0.0865495639717736 0.0896163091329018
"ufb130" 0.692427961520002 0.691938500554763 0.171034371703677 0.386801362542529 0.127657915202121 0.0806298825177766 0.100521997555655 0.0957333914117389
"ufb131" 0.616182374553944 0.62685619117704 0.164386255878506 0.235156045001324 0.112916604499626 0.0685953539705627 0.110436653421829 0.0888523407001619
"ufb132" 0.618270264345268 0.623930935088085 0.15892372343771 0.235469380680102 0.112701205693483 0.0611549437708095 0.0931398178138103 0.0912474316875147
"ufb133" 0.650602409638554 0.566680344686089 0.147466228411686 0.650460138061924 0.111832880966547 0.0497265947406742 0.00992985445185316 0.0429326598820132
"ufb134" 0.694325515451666 0.669716429425717 0.163305751037253 0.359813707424738 0.114981522147594 0.0723302206817085 0.109409016572861 0.0720195642522173
"ufb135" 0.619047619047619 0.509173406983626 0.145771547471905 0.618958942966144 0.109583999913523 0.0474961889534153 0.0077762471764596 0.0385452178604865
"ufb136" 0.612254830666989 0.689351064088867 0.213105693418806 0.120488591512339 0.142914535042465 0.0768136386157362 0.174189403299888 0.136517057435195
"ufb137" 0.6019629266188 0.576624665145352 0.140869392622835 0.235817930443656 0.0999582838967272 0.0522632525915163 0.0735833058919318 0.0686262331637987
"ufb138" 0.633771140446399 0.613076214722929 0.17174269887823 0.429784039358533 0.132383703829712 0.0704719738134222 0.0656391588015616 0.084385092957316
"ufb139" 0.762032413557432 0.693088181035543 0.172506501339447 0.609730509266299 0.135364644484363 0.0750784966707871 0.0676819509537611 0.0965063980138522
"ufb140" 0.712574204688526 0.657599003594984 0.166066908911139 0.496313473537212 0.125059710361079 0.0656950543817098 0.0598091895489062 0.104231732393142
"ufb141" 0.697037297774122 0.64752247943371 0.153879561558849 0.376898572638853 0.1112981095976 0.070285481272535 0.092641054467445 0.0679012293900499
"ufb142" 0.665474251696295 0.634106404681376 0.174563620794506 0.46086795294051 0.136128912043702 0.0698640130558623 0.0691601505401064 0.104545032488305
"ufb143" 0.733354208408577 0.70967649379528 0.172870329495824 0.51335171970365 0.134452618414723 0.0822166544837604 0.0843032119292664 0.10415183848329
"ufb144" 0.701127486211228 0.642224649893774 0.152960760032166 0.408434067670378 0.109045255841781 0.0722999268955715 0.0869360842867568 0.0688764486159845
"ufb145" 0.626248760790721 0.667795317176222 0.183862170508575 0.20762070008702 0.128074310409153 0.08060593336608 0.128287651393829 0.116362250937358
"ufb146" 0.637911030916698 0.628333428280258 0.162907071379092 0.232982792023732 0.117081521704959 0.0593279929171684 0.0914928899224754 0.0968508288529805
"ufb147" 0.620486055116315 0.595709603248373 0.151652609372133 0.259282092853516 0.107050483486688 0.0636115168497155 0.0852989651680249 0.0817958824027816
"ufb148" 0.626896892553706 0.645929761527352 0.174033571188563 0.216626051858254 0.118400940289125 0.0625107797678044 0.126953170932785 0.0881668901409583
"ufb149" 0.596424738038218 0.659732881098815 0.197474581001824 0.106911713762959 0.134156542738412 0.0814333367453028 0.156746481845646 0.122901028716344
"ufb150" 0.600136564000457 0.601341558686458 0.148189204127712 0.204643042295439 0.103462478309958 0.0613018524667653 0.093194451860827 0.0708359962957826
"ufb151" 0.641616596453992 0.642380216730195 0.16765628467204 0.240851447297219 0.118316461099694 0.0654067668517105 0.107305433500917 0.0990778914675319
"ufb152" 0.674698795180723 0.555248300495449 0.146520688164836 0.674590931801355 0.112220916572474 0.0495211883038785 0.0101343307876145 0.0383240367576421
"ufb153" 0.661813551335489 0.702072656356297 0.203511583720074 0.497057693522339 0.161908501454071 0.0905525264517315 0.101793849830714 0.14502157232238
"ufb154" 0.739704415260078 0.619172276240339 0.144842228496047 0.518842843056462 0.10715172907531 0.0604355346964941 0.0532730764233277 0.0644002305433406
"ufb155" 0.721450709855946 0.603495967085842 0.139305811727478 0.476745762675971 0.101825080936769 0.0624320726828524 0.0583160487313468 0.0578895354890004
"ufb156" 0.619709884753563 0.641343239734747 0.182508791076116 0.142061221577456 0.116897311486555 0.0671964716721059 0.141034633155059 0.0969155812579438
"ufb157" 0.716989807380361 0.675463904355325 0.158272667363138 0.389745401346803 0.112090214523691 0.0688448903846165 0.0927558961110993 0.0793616232211401
"ufb158" 0.624883189046513 0.647420984383063 0.186351842117925 0.140442830866535 0.119141779402344 0.0641129834163919 0.145652047564342 0.100315693288967
"ufb159" 0.606729001827549 0.610856712438501 0.158099949322002 0.232276626109391 0.112395053741694 0.0635602327985506 0.100734634612679 0.0858320616627826
"ufb160" 0.635017552657396 0.641366488115714 0.172684288081692 0.288036303515704 0.128426089234931 0.0662302316062542 0.0944467611090575 0.117581202108378
"ufb161" 0.646933475799398 0.678896708982876 0.184691265113658 0.325584031873201 0.134325921077692 0.0920216571466485 0.121164477884865 0.119317129308415
"ufb162" 0.668447715255628 0.678784728170653 0.187353984650314 0.319095888357975 0.133459974181024 0.0834513770749962 0.118158906561636 0.127055766937104
"ufb163" 0.642540086832536 0.605194921986241 0.155499664919936 0.406856479989313 0.119316812184041 0.0689766261263283 0.064550730667227 0.070698259912028
"ufb164" 0.613738797462093 0.622081876207478 0.169910795626741 0.154233809474112 0.115880602632181 0.0513903106176722 0.128378917950452 0.088355167901553
"ufb165" 0.646790986356801 0.688587499187607 0.194972045774625 0.223193937521568 0.13817301114436 0.0831458368520675 0.140132950577995 0.120543913761081
"ufb166" 0.638223181958017 0.6686303500353 0.187762206145999 0.204428756508576 0.130592551830353 0.0763465456136413 0.135353802157074 0.113167308298695
"ufb167" 0.585195427165711 0.62546090671264 0.180348886110188 0.140887811023559 0.123335924819652 0.0731935315418508 0.135011005959511 0.111376713782756
"ufb168" 0.587439556034655 0.635106554156996 0.184886008780774 0.140860197347556 0.125637365945349 0.0744506552707788 0.140979855147886 0.113044291324211
"ufb169" 0.668912783287988 0.626948296627061 0.169478126301124 0.340931280746091 0.12096904007936 0.0730360540668979 0.0989251151060343 0.0816860308803583
"ufb170" 0.705882352941177 0.66623195965919 0.148652457532409 0.705729629418557 0.116476727751126 0.0546049797154267 0.0125860413949079 0.0663109491894248
"ufb171" 0.709895711929129 0.622588155357268 0.168354249132675 0.389628553677499 0.119931137281766 0.0732205462585398 0.0899018763776105 0.0899523259533987
"ufb172" 0.621527146260379 0.641326260321676 0.173189836462163 0.187632370005701 0.117519650619106 0.0590875339222239 0.129661505366093 0.088742929198438
"ufb173" 0.707060401040252 0.649116762716111 0.160482554077989 0.462456798213759 0.123559725378185 0.0666044844523756 0.0705703727001096 0.0765862486953675
"ufb174" 0.63946913720969 0.585581812743045 0.150486117618675 0.383178914937477 0.111232132801325 0.0637203931280909 0.0589988930197824 0.0769066609429893
"ufb175" 0.666666666666667 0.529604313083662 0.13673394872237 0.66224886151885 0.103939706620816 0.0466052941864839 -0.00231544037402927 0.0419423700302383
"ufb176" 0.689080552681931 0.627476307667206 0.162130796523986 0.398583821659109 0.119337539433739 0.0710597442974236 0.0909955056623205 0.0846287306880664
"ufb177" 0.667895183622247 0.605898589353252 0.154211811684018 0.363426025855769 0.111313866725584 0.0657947381605374 0.0883453807738374 0.0690295997935088
"ufb178" 0.634989898570929 0.612406608594715 0.153118881995979 0.269859028174005 0.105411503138134 0.0579982428818703 0.101036529176714 0.0639541466184587
"ufb179" 0.675894010181965 0.715053233724158 0.194231089259403 0.338246130969634 0.147640345851079 0.0939560100221589 0.125762598889653 0.121808834430401
"ufb180" 0.894117647058824 0.903978512674165 0.182472588904421 0.894189895864702 0.155467005680207 0.0759014895505436 0.0518114671262022 0.136868650043796
"ufb181" 0.716997212014291 0.683962540239977 0.161954235588462 0.396344692489531 0.115537706056505 0.0730948419213702 0.101309501721011 0.0790520168057773
"ufb182" 0.725883483695277 0.688264116835545 0.160712700689681 0.438636995919725 0.116097243003932 0.078560092004024 0.0953741203171904 0.0778882600540265
"ufb183" 0.683052498272351 0.635215363446994 0.151389177449141 0.339443818473697 0.106638281439201 0.0630990180502235 0.0967248215947365 0.0618133077114552
"ufb184" 0.614740644786962 0.613524279794852 0.156808206291291 0.254395358550824 0.114641287354697 0.0602559697130083 0.0848555696126208 0.090549600855376
"ufb185" 0.703544510083711 0.659924352816779 0.155546057139672 0.427248402036394 0.112174131326016 0.0687473720579239 0.0898095713241481 0.0752998531281108
"ufb186" 0.710388429204394 0.740167776955342 0.214197734977194 0.481692710836401 0.163213800683856 0.0921704960027431 0.114673313287112 0.143158927735569
"ufb187" 0.616456242896708 0.675126224629685 0.18894858116673 0.216430997322111 0.13396802704053 0.083958070159074 0.133588016755586 0.111449365669716
"ufb188" 0.613306304500769 0.634062413654971 0.179176427369415 0.105309037490383 0.11714642384713 0.0499543446463749 0.13918050401963 0.0998524555110363
"ufb189" 0.657058766315326 0.674258962790472 0.198242960066212 0.250806382868788 0.147125645009166 0.0758690964531194 0.122748869027186 0.144226088404745
"ufb190" 0.627125410769249 0.641090613324753 0.182840069044953 0.200706147163397 0.131830436932045 0.0726908454999224 0.119097836983452 0.117904503989035
"ufb191" 0.636762450653184 0.649771587823763 0.180381625310151 0.188637393266127 0.127307905844452 0.0693471221948235 0.120960141858857 0.115093837756584
"ufb192" 0.578313253012048 0.392555490080534 0.139333129519037 0.578186639271522 0.101232386898378 0.0448522127386409 0.000484670374980745 0.010462445484241
"ufb193" 0.685326010389355 0.560946520551734 0.142059409301621 0.434918296553156 0.100334538237803 0.0544772125924656 0.0500093361376038 0.059773203181262
"ufb194" 0.640793572982165 0.629008917982815 0.158581821898302 0.25801437021414 0.109675957934154 0.0586597533283287 0.108911075238924 0.0678225879809227
"ufb195" 0.549689969593939 0.49151655857084 0.121976285187486 0.176689828325982 0.0821760174870494 0.0419136217616487 0.0620392396789146 0.057113028393752
"ufb196" 0.551106307750784 0.498617838347531 0.126080825702167 0.178686362695777 0.0850703592696335 0.0403745986776178 0.0625661337302752 0.0647956587292768
"ufb197" 0.66851132676696 0.60717894458405 0.153730420520894 0.311875615401191 0.108458628199467 0.0609950826891938 0.0877514538284957 0.0723339002757228
"ufb198" 0.6980940251475 0.617094337266654 0.160224180581816 0.405258506970037 0.115303104216607 0.0706316743458084 0.0811748432898988 0.0793960873997596
"ufb199" 0.601518277827998 0.646488625707023 0.17530432894863 0.166708290630528 0.118203927372109 0.0641441920197088 0.130850503447304 0.0894583181039657
"ufb200" 0.619706020995092 0.631616561289007 0.167136709251306 0.190288787257673 0.11448710688005 0.0547239149397318 0.121053713000792 0.0810130446965587
"ufb201" 0.709909745363891 0.571849451277896 0.128485822821509 0.597630252900564 0.0946902220514703 0.0534720767251723 0.0180836195917108 0.0416884985241547
"ufb202" 0.638550640941605 0.630378179412588 0.167099668326293 0.296445723691037 0.124856733810155 0.0605797915335079 0.0883340154732348 0.108047098260387
"ufb203" 0.621406982590166 0.657571192279733 0.177549672366482 0.141401855135162 0.119189710777236 0.0581251344329482 0.130625750486441 0.101875508748698
"ufb204" 0.586136056600522 0.632019540236166 0.173372679045999 0.105694922164773 0.116381106527056 0.061337966657978 0.129846431402503 0.100082253028817
"ufb205" 0.797594459161904 0.726096284218656 0.152654951457678 0.633671703633956 0.117847341825295 0.0794378808465151 0.0619653761033745 0.0761032807872407
"ufb206" 0.595238095238095 0.536189576715034 0.150649127550996 0.594995618359714 0.115835431981013 0.0508014196710763 0.0134417700192661 0.0447577226769587
"ufb207" 0.672780366449432 0.628999536285648 0.150271828056901 0.523681110417872 0.115698312271394 0.0659064724414336 0.0430300017500192 0.077127554801012
"ufb208" 0.711391530136598 0.692234274633378 0.160689518064809 0.475450965272366 0.121497012131029 0.0739477296349253 0.0707658865210811 0.0935511826689031
"ufb209" 0.705640685094508 0.603774891774892 0.133969330831975 0.609272405531246 0.0993083019770217 0.0606560249260514 0.0242617707664952 0.0463067650091543
"ufb210" 0.69047619047619 0.677214616012331 0.172521361254682 0.68665767972277 0.135656754052255 0.0611515456278448 0.0396736179226422 0.0915824306803478
"ufb211" 0.698795180722892 0.722310503734308 0.189448025232863 0.69878116675473 0.152146574013674 0.0720813880825686 0.0581700116633235 0.108723794055753
"ufb212" 0.621951219512195 0.443221559349928 0.139661937618084 0.621848718013738 0.106196538078212 0.0478999930349368 -0.000457340113730246 0.0232099562018981
"ufb213" 0.568989217023632 0.591383018515055 0.153063472301769 0.0823451663803313 0.10176299939354 0.0373548054943583 0.110679584790402 0.0792429738274537
"ufb214" 0.559706910777343 0.568214124649255 0.144823533498546 0.0823753155542393 0.0936810743506734 0.0369349899337853 0.100679073823044 0.0685336648857038
"ufb215" 0.618084910055288 0.617101948396577 0.158433348462175 0.223492765355885 0.110118923667491 0.0609926203646198 0.106642599325503 0.07836727849574
"ufb216" 0.729519281728572 0.680585328093367 0.149191909775213 0.491612113762907 0.110580527700352 0.076860402670221 0.0769976875096707 0.0593733689038268
"ufb217" 0.661163114475442 0.684519834379591 0.18779375228552 0.330035439566769 0.137528124177524 0.0876513711082997 0.118798140068861 0.126047752430395
"ufb218" 0.706635809759597 0.624577780507278 0.134296749297141 0.480047849705558 0.0990087972628385 0.0638206717893149 0.0608386174160339 0.0450502271880029
"ufb219" 0.668391481042524 0.596874876100776 0.153944284406759 0.265347793144617 0.101581453201229 0.0586410078472127 0.0926262151930142 0.064262450367912
"ufb220" 0.59229847708773 0.659280817293989 0.197702416744275 0.121728944313631 0.132846972519728 0.0811114126600578 0.156312731752544 0.123962010120035
"ufb221" 0.702380952380952 0.640047534165181 0.147725613684112 0.70200226703852 0.113965266791024 0.0504370493577293 0.0102499617601911 0.0483760242861097
"ufb222" 0.577085670773132 0.609412649787944 0.162885140263182 0.0939802643434726 0.109483899485448 0.0445406758536001 0.120993410465171 0.0856885623364492
"ufb223" 0.640091851936529 0.640031147982869 0.168352948224035 0.278710584296433 0.123777572806037 0.0653771355952376 0.0974814310144882 0.107068845208781
"ufb224" 0.566475333792479 0.582468572048796 0.150145746339246 0.0853215202451911 0.0973785212091785 0.0374688111963739 0.107017064796789 0.0748722770286109
"ufb225" 0.637795209516901 0.6195877923414 0.15199568975445 0.328790908098674 0.109118184567885 0.0631781286155649 0.090631714227547 0.085041507932517
"ufb226" 0.647738092543865 0.562128290360255 0.143008416510266 0.276461144386279 0.0928178565770074 0.0568791925274562 0.0808386218808759 0.0537153314488743
"ufb227" 0.693639940024729 0.673670961481183 0.183900907981337 0.316452086881744 0.136060062903732 0.0676661374949179 0.107013892746618 0.0993683104865501
"ufb228" 0.711992246981935 0.642305215711526 0.156029348058665 0.36939036866916 0.113561122669796 0.0644802622391069 0.0766033339617053 0.0691302016242578
"ufb229" 0.637375141833562 0.678781029715941 0.19100504243996 0.223193937521568 0.135169728829641 0.0810389961409618 0.135895712064075 0.115418805841245
"ufb230" 0.642857142857143 0.654702371350218 0.177175304661813 0.641922812662535 0.140770981817644 0.0622518156550125 0.0442530862696932 0.0969110932730041
"ufb231" 0.72906518750406 0.617983480366719 0.153406018049114 0.458317671606435 0.109497662544753 0.0627110436054255 0.0735742195755386 0.0758679747400662
"ufb232" 0.666493125542799 0.589203750441344 0.152509850605942 0.309115902651367 0.10590079196689 0.0617484966052114 0.0910800592323953 0.0627671414853955
"ufb233" 0.707065194543781 0.741892603430268 0.201063261509111 0.418575514992884 0.15642069226098 0.102191749927583 0.125643674913846 0.130513264504378
"ufb234" 0.625775845439423 0.619978665263835 0.163351094007268 0.290125756430661 0.117779485235636 0.0703058628584258 0.102680415896828 0.0943046995227637
"ufb235" 0.678571428571429 0.708461470872507 0.177970129681893 0.674592282853055 0.139964447776116 0.0619992800329524 0.045997160096993 0.0947466427890773
"ufb236" 0.683520948102244 0.618490938549524 0.173280014989497 0.26263288792829 0.12182237050206 0.0606576313868126 0.108848266867344 0.0877373797517373
"ufb237" 0.594924954782338 0.651262893560394 0.187225556195065 0.0830887952876594 0.123462501035465 0.048233109791081 0.147812997515493 0.112451556687537
"ufb238" 0.710536089475736 0.569691544515311 0.131600216998851 0.568932359537129 0.0967484971502943 0.0552765257536221 0.0212869511723596 0.0437097529213552
"ufb239" 0.710563645463202 0.600048637750739 0.148358885792559 0.404008828689769 0.102052343099767 0.0618675935820803 0.0759708056016347 0.0680332936017682
"ufb240" 0.543969974020538 0.519786262583196 0.12709978344282 0.0942819438875183 0.0793489179054688 0.032807045033371 0.0787542455754548 0.0564345905064643
"ufb241" 0.686746987951807 0.561135594957466 0.141975283782721 0.686596887457126 0.109544034165206 0.0497850614547759 0.00226816383800952 0.0433232461743409
"ufb242" 0.690621601826973 0.566175889885485 0.134572238459846 0.427894378943399 0.0940301405638615 0.0577936920699753 0.0531658618492123 0.0537620439500344
"ufb243" 0.655258465226017 0.570053676362322 0.141493048612599 0.273075394956482 0.0925982101546303 0.0543914542728086 0.0792821767276116 0.0523437122295485
"ufb244" 0.605416746530004 0.612151936228253 0.156152023894635 0.202235680709272 0.108361928641689 0.0535668990253149 0.10628175712638 0.0737613743676595
"ufb245" 0.587383585856557 0.6198822648493 0.1670089478401 0.107073108250029 0.112915003230518 0.045226738511983 0.125322944346223 0.0876059476400445
"ufb246" 0.607142857142857 0.752519028633563 0.221420320269077 0.606917877119444 0.175591950590816 0.0793131224241111 0.0964230712606098 0.135639296236874
"ufb247" 0.581624662863288 0.615430097005955 0.162396087615529 0.130825019619151 0.109213362494432 0.0498432507900112 0.118284311017 0.0783392771845959
"ufb248" 0.610061127692541 0.604039158426703 0.152069828864921 0.249688355846727 0.107461898030192 0.0638400939395099 0.0905173927326409 0.0803656335620468
"ufb249" 0.631030734892258 0.611731861139232 0.159079255361149 0.261650370859035 0.113972214836272 0.0604165367040551 0.0873234574002404 0.095446220553775
"ufb250" 0.620081640651818 0.638873542925336 0.169785324760375 0.216377037334987 0.115650711598094 0.0666059850741399 0.120723658245908 0.0872604605480184
"ufb251" 0.656502425516066 0.561543909348442 0.13330882705612 0.557083273897336 0.100655909717432 0.0575581466927577 0.0231603732851725 0.0395201649220312
"ufb252" 0.60491484007615 0.647158929228292 0.176144152867079 0.156644706225514 0.117496716651677 0.0568817024433691 0.132755165643525 0.0905536340837261
"ufb253" 0.590859474641547 0.585146141700083 0.144695793877706 0.239222304982149 0.10419929697733 0.0637118871516433 0.0826002155243521 0.0704711697735325
"ufb254" 0.618028215354256 0.652519486697153 0.185133186539777 0.164609779452506 0.12544852108278 0.0715192261727349 0.134939905637248 0.106210094255458
"ufb255" 0.69047619047619 0.544369957959323 0.13272823100951 0.686556501183626 0.100546841149678 0.0445565722228363 -0.00716656549208074 0.0309912017508889
"ufb256" 0.617749669333104 0.641689523486719 0.170887416693277 0.13113918333979 0.113303577709442 0.0489226568285446 0.125000854063792 0.0922909829443778
"ufb257" 0.637970097122668 0.682163030477637 0.186627551046171 0.238414869779994 0.130509175643414 0.0843863809961988 0.131169034697717 0.118956703887446
"ufb258" 0.609795706328848 0.611381501616221 0.158604396628694 0.23524121893787 0.110246351096517 0.0656144051638294 0.101224412468806 0.0862848778162004
"ufb259" 0.618214830518333 0.645329749653336 0.173230238139353 0.13122514953999 0.11481741387995 0.049987362632038 0.126066389978477 0.0958121103416921
"ufb260" 0.620518544918178 0.648275342023053 0.187781618912384 0.105300614685211 0.123494778198349 0.0518096584657738 0.14834920658124 0.108334683354204
"ufb261" 0.620508053916677 0.652553046862505 0.188016978256516 0.128672144706603 0.123116808168915 0.0651763531927265 0.148210544730247 0.106234521795277
"ufb262" 0.626466625041203 0.644909205590413 0.176702496339772 0.187616592383542 0.119684055414683 0.0605931834274085 0.134217083578425 0.0915667861033741
"ufb263" 0.638611230368151 0.630792210030447 0.160362138490484 0.226130884159432 0.114522347265259 0.0578803204180563 0.0994226681828391 0.0907355594685489
"ufb264" 0.627128231904789 0.637403832854631 0.168733419720446 0.213524551327819 0.115565150724156 0.0591881019420997 0.121329110824242 0.0884215332445646
"ufb265" 0.614457831325301 0.563743692278397 0.158941761957857 0.614323388666723 0.120022031064273 0.0516511069794332 0.0232566967975043 0.0535668613087542
"ufb266" 0.745601610713797 0.702160109561753 0.164948636732596 0.578098334262997 0.126667280644414 0.0694751683114736 0.0588555838005089 0.0957146827773033
"ufb267" 0.723945929640695 0.676121391133119 0.157948491840034 0.414222551653376 0.112863649981978 0.0704380884994927 0.0865060429181371 0.0826719291787334
"ufb268" 0.630952380952381 0.749564611633577 0.212969995487715 0.638156976336432 0.167110544745999 0.0789212593828892 0.0869881000820454 0.145913551812821
"ufb269" 0.606006865270058 0.661612107512883 0.19684003573151 0.131927972956237 0.131187942309321 0.0740716012515848 0.154537222502416 0.117956881845587
"ufb270" 0.660386708904584 0.573961236969436 0.150161642610941 0.329076923487544 0.104313975078152 0.0624159027531678 0.0838006738747549 0.0640776515654653
"ufb271" 0.586314362124082 0.557201306399547 0.158856183125968 0.117226501555387 0.0967991076104628 0.0445029170383911 0.109134967710538 0.0819763204167754
"ufb272" 0.611187736634662 0.681130725890733 0.208114517914439 0.0950912930318542 0.136399236800256 0.0755293292771455 0.169665872499964 0.127611335166719
"ufb273" 0.585043390279783 0.6225932218788 0.182737523686114 0.140784700855759 0.122888909204411 0.079246649616242 0.134427019246502 0.114238381626112
"ufb274" 0.654977698878799 0.636613539711122 0.158694684668682 0.326589319446066 0.118885199736136 0.0695912920676504 0.0792340165625159 0.072783521365837
"ufb275" 0.597696898160237 0.672141855396957 0.199879739192409 0.0593879407988816 0.132470713263404 0.0563723465208185 0.161033026105798 0.126862023764244
"ufb276" 0.614327961115641 0.592420800201944 0.151515516599548 0.26039342039262 0.109561075021156 0.059981597368923 0.0790960388099901 0.085305474031393
"ufb277" 0.621620134178349 0.613808090568161 0.161737356230009 0.282733124473736 0.115482211112378 0.0716020829321958 0.100890003580529 0.0934899542033955
"ufb278" 0.590653434104145 0.627453569105736 0.169318873277863 0.142260926875284 0.111885103663126 0.0557023048993305 0.125573082177713 0.0863697523429509
"ufb279" 0.691708171977857 0.701831249384661 0.195547591690965 0.350252142210088 0.14490568580506 0.0781435919829538 0.119550633295577 0.137802806163167
"ufb280" 0.579480034197761 0.619732169257329 0.176078793860488 0.140887811023559 0.120478469756509 0.0699093291404629 0.130504719398147 0.105784205001682
"ufb281" 0.591469465230485 0.622743803480397 0.166329730898737 0.129255860302329 0.111066681014573 0.0491013899955772 0.123296139247014 0.084279988229519
"ufb282" 0.654761904761905 0.479242241031842 0.130458589180216 0.654568926535698 0.0991037601552371 0.0441497882916702 -0.00960159480311901 0.0259838694657281
"ufb283" 0.649070467620042 0.592617119693367 0.144843024774506 0.405475033481365 0.110913789479044 0.0668125627537777 0.0641936983493391 0.0516985159507285
