0.1099102 NA 0.2080806 NA NA
NA NA NA 0.04749532 NA
0.2632917 NA NA NA NA
NA 0.1709071 NA 0.05812672 0.0634698
0.08318153 0.07712438 NA 0.09562436 NA
0.0711539 0.0655589 0.01983672 0.1033973 NA
0.02662101 0.07131869 0.09469833 0.05666651 0.1851571
0.1526079 0.1420262 0.07039267 0.0345999 0.07218125
0.09160676 0.1539901 -0.0281494 0.004368411 0.0827391
0.0290486 0.05425752 0.1316197 0.01843419 0.05256258
0.1354103 0.08812486 0.03453332 0.05578359 0.1531892
0.226241 0.1552406 0.09911034 0.1441798 0.07184718
0.1293932 0.06765383 0.187922 0.07077567 0.04672868
0.1941115 0.01307531 0.1844224 0.1051775 0.09349798
0.05071644 0.05260877 0.1229957 0.05298565 0.005829433
0.153135 0.05384071 0.07199464 0.1026742 0.09157125
0.02580361 0.02048595 0.001922327 0.02410654 0.02265441
0.04208685 0.03507502 0.03005601 0.02322146 0.01730559
0.04313061 0.02584593 0.002815794 -0.006260502 0.0005141285
-0.00886349
