NA 0.1099102 0.08200737 NA 0.1099102
0.08200887 NA NA NA NA
NA 0.2893705 NA NA 0.1998623
NA 0.04635569 0.2615957 -0.005728991 0.2130603
0.1501806 0.04916623 0.08400413 0.2013512 NA
NA 0.02379633 0.0144158 0.1100698 0.06892704
0.1275433 0.2985731 0.02427681 0.05347916 0.1508605
0.07418641 0.1387177 0.1261419 0.1215109 0.05968025
NA 0.0564767 0.1602676 0.1034105 0.1186049
0.0145565 0.2600529 0.09476744 0.003457849 0.2717142
0.0268828 0.03580158 0.06973561 0.06155642 0.1976083
0.02508956 0.1148093 0.1187081 0.26367 0.0351541
0.05611833 0.05978843 0.2478243 0.08900311 0.04097127
-0.01802165 0.05451702 0.08193586 0.1307931 0.07190106
0.01094464 0.09071057 0.04116433 0.04947307 0.106186
0.1113806 0.07105926 0.1040405 0.1057003 0.1167081
0.01883279 0.01913678 0.03100616 0.02806328 -0.001884351
0.04980517 0.02368828 0.01828467 0.04219039 0.07835922
0.001893442 0.08300436 0.01316222 0.03440178 0.009238075
0.05849534
