0.0240925 NA NA NA NA
0.2607106 0.2819882 0.1706968 NA NA
NA NA 0.1050717 NA 0.09817539
NA 0.1316197 0.1561822 0.1482597 0.1097584
0.06641681 0.123863 0.09674662 0.1276587 0.1309624
NA NA NA 0.2086557 0.141892
0.09226298 0.05955678 0.08558895 0.1404354 0.1136446
0.04376377 0.1650747 0.05919273 0.07008151 0.07102943
0.09623708 0.07912782 0.1085646 0.1135778 0.06560487
0.1216418 0.05047405 0.2302367 0.0734411 0.1395486
0.03647606 0.1448141 0.04138552 0.1806912 0.122919
0.08500203 0.09117482 0.1962868 0.02842552 0.0502051
0.09255948 0.1841601 0.1173378 0.1899245 0.04317347
0.08132118 0.02334636 0.1988062 0.06160054 0.1158244
0.08466701 0.1566805 0.02921171 0.1194511 0.06262542
0.07256755 0.02433665 0.02898912 0.1080505 0.06562699
0.04425865 0.04096118 0.1084131 0.05298697 -0.006107287
0.1190863 0.09194572 0.04926455 0.000516592 0.00651573
0.05460247 0.09458404 0.003043987 0.05833828 0.07070051
0.05282032
