NA NA 0.1706968 NA 0.1522437
0.1227891 NA 0.1486181 NA NA
NA NA 0.1282272 0.2033721 0.1954281
NA NA 0.152738 0.1497519 0.1251466
0.1119474 0.2940434 0.01162031 0.04158999 0.2945715
0.1380278 0.1033973 0.008393464 0.02092704 NA
0.04976297 0.1099721 0.07069723 0.09174499 0.0594641
0.1186193 0.2540032 0.1383542 0.1286281 0.05822729
0.1191576 0.02376527 0.1044683 0.2412726 0.1035017
0.06198683 0.04113986 NA 0.1089207 0.05774234
0.0652148 0.0630932 0.01284495 0.085129 -0.009905575
0.03616661 0.1394884 0.1273356 0.187419 0.1099538
0.1389936 0.1013656 0.1132681 0.1507806 0.08736248
0.07037432 0.03324509 0.04224439 0.02470804 0.08503515
0.04958184 0.04045819 0.05461284 0.1336877 0.0454804
-0.01245674 0.03738434 0.1142738 0.1324268 0.1131387
0.06654552 0.02665297 0.06052305 -0.005970128 0.01852467
0.0406737 0.03420719 0.01128472 0.08914459 0.01103494
0.01796319 0.02594827 0.04886066 0.04940707 0.01655756
0.0491452
