NA NA NA 0.01384559 0.08944328
0.1246181 NA 0.1575173 NA NA
NA NA NA NA 0.2325719
NA 0.108912 0.1727452 0.1462835 0.08944328
0.1468448 0.2496052 NA -0.04246112 0.02956514
0.1976736 -0.004497681 0.2279873 NA 0.1014497
0.03591891 0.06443208 0.2732491 0.1024077 0.0549714
0.0601648 0.1322509 0.09243285 0.2815164 0.07435406
0.08407838 0.09987067 0.2799573 0.101973 0.2459653
0.113313 0.2151088 0.07669843 0.08616564 0.1359663
0.09914391 0.2056249 0.1079045 0.09800554 0.0549314
0.03200764 0.07156185 0.07599409 0.1994014 0.09678575
0.1810731 0.0007798585 0.007087215 0.04083458 0.1023802
0.06175926 0.04138688 0.1167267 0.05344234 0.00838622
0.09892647 0.04575496 0.07460639 0.01907776 0.06164925
0.1315935 0.1740341 0.01607924 0.03268556 0.05573371
0.05070127 0.08272149 0.01134614 0.03142268 0.01793331
0.01515935 0.05392497 0.01136673 0.07630391 0.02025507
0.05504267 0.05738267 -0.004477424 0.04896923 0.03149706
0.01520971
