0.3030108 0.03967689 0.09144644 0.1468161 NA
NA 0.1099102 NA NA NA
NA NA NA NA NA
NA 0.1812116 0.1243976 0.12814 0.1831963
0.1751106 0.02365492 0.3263553 0.1124584 NA
0.1556909 0.02374129 0.05574285 0.1137971 0.06702842
0.1265234 0.04773311 0.2485065 0.1009508 0.1855221
0.04534925 0.1705872 0.1669837 0.06063715 0.1310658
0.2227065 0.05715965 0.17712 0.100702 0.1914191
0.1599795 0.1647455 0.1316197 0.1845144 0.1489345
0.1671484 0.1638046 0.02940069 0.1685079 0.05634976
0.3388181 0.1023345 0.1925565 0.04443149 0.2471892
0.1069475 0.08236516 0.1027647 0.09609418 0.0125766
0.05281494 0.04751691 0.08674908 0.1250333 0.07860395
0.05861035 0.09891363 0.03934343 0.05467802 0.02522294
0.1273365 0.09761704 0.02926032 0.01685188 0.041227
0.01839789 0.01476589 0.02190744 0.05958745 0.003732091
0.005450956 0.01749509 0.02824052 0.05519355 0.07014708
-0.005216848 0.05675028 0.01939578 0.06869512 0.02864619
0.03432737
