NA 0.1976736 NA 0.1363231 0.1706968
NA NA NA 0.1812116 0.04101614
NA NA NA 0.1694055 NA
0.1511582 -0.04720821 NA 0.05368112 0.2671624
0.2012226 0.1297783 0.1108795 0.1499287 NA
0.1471587 -0.02701362 NA 0.07145993 0.1437539
0.1914911 0.09345609 0.2359634 0.03024465 0.1589143
0.001975408 -0.03838204 0.1086856 0.2026953 0.03775722
0.3076032 0.2195006 0.003601542 0.2495524 0.02682637
0.2266529 0.0672772 0.1219382 0.161935 0.232635
0.1034328 0.04962861 0.07519352 0.1635429 0.06597077
0.2350885 0.2246012 0.0470529 0.2319212 0.240752
0.0579265 0.1996202 0.0786887 0.07211961 0.176865
0.08037777 0.02934643 0.09023893 0.04203121 0.1106425
0.1215182 0.05045298 0.1512552 0.1201637 0.15379
0.004814902 0.03542907 0.04433685 0.1243692 0.05832955
0.03135338 0.04233708 0.01605542 0.02088299 0.05556302
0.01140833 0.0250309 0.04989344 0.04987518 0.02440363
0.06718355 0.00245067 0.02950144 0.03989263 0.05424681
0.03457168
