NA 0.08054418 NA NA NA
0.1976736 0.1755295 0.1349214 0.2489321 0.1944882
NA NA 0.1563156 NA NA
NA 0.1456862 0.1165582 0.1288002 NA
0.3182936 0.1195009 0.1203708 0.1925885 0.2853331
0.1914087 0.06947515 NA 0.2787275 0.1334821
-0.00263858 0.06382074 0.03007686 0.1200386 0.1192584
0.0435645 0.06140828 0.2284035 0.1618838 0.2504936
0.1686257 0.0302706 NA 0.1116808 0.1668578
0.01430856 0.1796436 0.1306024 0.09482048 0.2451284
0.03141823 0.02632448 0.03125304 0.05737937 0.02617429
0.08980908 0.01580326 0.2983722 0.08128329 0.1265202
0.08236122 0.08120914 0.04205358 0.1807896 0.09309501
0.05262312 -0.00896844 0.04248233 0.1005201 0.09113628
0.04395548 0.08360001 0.07642589 0.103258 0.02597099
0.1037169 0.02240113 0.03127832 -0.01271994 0.06887077
-0.004624837 0.02893464 0.03505585 0.0007005037 0.08311334
0.04513972 0.05821531 0.05234486 0.02850162 0.02327232
0.04420474 0.02715762 0.04173589 0.04135694 0.02284655
0.02428777
