0.1706968 NA NA NA NA
NA 0.2236465 NA NA 0.209361
0.1431545 0.324778 NA NA NA
NA 0.09915672 0.1512679 0.07177597 NA
-0.03490986 0.05643558 0.200011 0.1537164 0.1503228
0.08054418 0.2688671 0.1197794 0.1108492 0.0270935
0.2574248 0.1276544 0.03137297 0.04367694 0.1343907
0.121981 0.1404273 0.2447476 0.07747978 0.05774458
0.06698377 0.2100013 0.05677006 0.2248356 0.07854063
0.1146093 0.02452328 0.2748562 0.03061431 0.04479657
0.1316872 0.1148923 -0.004128435 0.1265124 0.16966
0.07676203 0.1565009 0.0973711 0.1396332 0.08345529
0.1263576 0.05714218 0.08160625 0.03061971 0.05502838
0.125613 0.1059176 0.01892241 0.05491982 0.06841356
0.06288065 0.06343602 0.1557596 0.05121435 0.09387423
0.08140112 0.05556281 0.07957303 0.1506133 0.02193509
0.02207957 0.03120009 0.003341396 0.04349708 0.007803452
0.06709888 0.00284335 0.07229719 0.01392095 0.02292159
0.04586887 0.02509793 0.05407556 0.03446514 0.02095453
0.0409424
