0.141892 0.200011 NA 0.1286192 0.08944328
NA NA 0.08177511 NA 0.1902353
0.1246181 0.2028172 0.08944328 NA NA
NA -0.04616018 NA 0.2756192 NA
0.122942 0.2855247 0.1096473 0.08717216 0.06302423
0.1221674 0.07740504 0.08276478 0.1033973 0.2988793
0.1747944 0.2631931 0.07430161 0.1806889 0.07077668
0.07993417 0.1095642 0.06911455 NA 0.03727182
0.05255933 0.2501049 0.2963794 0.1794948 0.0579096
-0.009479171 0.1099957 -0.01147936 NA 0.19005
0.1715453 0.08559582 0.1175029 0.137632 0.03633158
0.05586349 0.1153025 0.04793319 -0.03167108 0.07276125
0.1441329 0.07009232 0.1850312 0.1352379 0.1329588
0.02142401 0.01992078 0.1783301 0.02017359 0.05711447
0.1206017 0.0118433 0.07358086 0.1616032 0.02461686
0.1676708 0.05488425 0.1562812 0.01716969 0.03913494
0.07057132 0.04295672 0.04820506 0.03597428 0.01409304
0.00679211 0.06193541 0.0363619 0.03851643 0.04696772
0.02516865 0.01621046 5.004352e-05 0.004248379 0.04370151
0.02247235
