NA 0.2003863 0.1886116 NA NA
0.3011636 0.1298132 NA 0.1511582 0.1246181
NA 0.2969701 0.1316197 0.1432978 NA
NA 0.1294239 0.08696046 0.1204043 0.2053832
0.1974038 0.1027349 0.2597056 NA 0.3031548
0.04345835 NA 0.0533433 -0.04477009 0.2469278
0.2035662 0.1640461 0.01861173 0.1559561 0.2393581
0.083068 0.03266277 0.1341729 0.1818628 0.09503464
0.01646027 0.2618299 0.06544578 0.02036697 0.09994799
0.04478258 0.125769 0.2593672 0.1823988 0.1083308
0.05448701 0.05836598 0.05943228 0.08209718 0.203241
0.02530882 0.1377426 0.1379933 0.0570371 0.1679814
0.1310096 0.139572 0.0663082 0.2048723 0.05809316
0.08693223 0.09841319 0.06618491 0.04907794 0.04988294
0.05372277 0.06318693 0.1047873 0.01963498 0.09082082
0.03238114 0.07217378 0.07424258 0.05301586 0.06839456
0.01984566 0.05430301 0.02159257 -0.008073571 0.08165041
0.1133797 0.1034518 -0.005192741 0.05166295 0.04165184
0.1118996 0.03615902 0.01721512 0.07305774 0.009452274
0.00655428
