NA 0.1287048 NA 0.02632855 0.1406513
-0.04838251 NA 0.1316197 NA NA
0.1506769 NA 0.1706968 0.1076396 NA
NA 0.01507451 NA 0.0007055805 0.14286
0.08597697 0.2618322 0.01739479 0.2160031 0.0734795
0.101188 0.05706665 0.1002336 0.253819 0.1046593
0.1253838 -0.03722001 0.07468109 0.02705907 0.2484917
0.18882 0.1210308 0.309697 0.08171473 0.1251129
0.1408308 0.1458673 0.0626537 0.1241728 -0.03406779
0.1353045 0.05205165 0.06736581 0.1793801 0.1442276
0.2072853 0.08093194 0.1043439 0.07383816 0.1028652
0.1951191 0.0795247 0.05748301 0.11093 0.008551492
0.1666785 0.1173674 0.032585 0.02828017 0.200748
0.07273974 0.05612606 0.03346776 0.04949984 0.03329784
0.0263215 0.08001726 0.07800614 0.05238701 0.0832916
0.1079935 0.06172629 0.04287495 0.06751836 0.06915696
0.07709581 0.04259365 0.02567351 -0.002202613 -0.02738797
-0.008084182 -0.007557459 0.008919965 0.03843269 0.05789863
0.009031965 0.06899368 0.0311121 0.01049356 0.01014008
0.009253246
