0.2123031 NA NA NA NA
NA 0.1635613 0.1819129 0.2293544 NA
NA NA NA NA 0.03837174
NA 0.02794097 0.1187366 NA 0.2186559
-0.04550358 NA 0.1978324 0.2623943 0.07669263
0.02813883 0.1520476 0.09630954 0.1503228 NA
NA 0.1158137 0.07657646 0.2359364 0.1560475
0.1040524 0.1787167 0.1572359 NA 0.06949123
0.06853065 0.008488502 0.009403081 0.1398891 0.07954952
0.0823386 0.1479727 0.03166517 0.213565 0.07909576
0.04408728 0.06602229 0.08145671 0.04879881 0.1009034
0.07061856 0.06911415 0.07230753 0.07860346 0.03758528
-0.001923316 0.1474646 0.02308628 0.0644882 0.1572953
-0.0317778 0.04559838 0.1029979 0.01309462 0.09530419
0.0789878 0.07589695 0.09919927 0.03908694 0.1316538
0.0380627 0.0476043 0.04779031 0.1084421 0.05984373
0.01417716 0.02018894 0.02323129 -0.004428698 0.05765633
0.01226414 0.0003443653 0.05381593 0.04178417 -0.003305469
0.03738972 0.01852413 0.0404058 0.01570382 0.02605345
0.01064744
