0.08054418 NA 0.2247481 0.03701154 NA
0.3084153 0.1410848 NA NA 0.08054418
NA NA NA NA 0.1045035
0.1099102 NA -0.01055758 0.2993255 0.2996547
0.02303888 0.1095809 NA NA 0.09519302
NA 0.1071959 0.2670761 0.08423601 0.06187835
NA -0.02502595 0.008312104 0.0779919 0.1308275
0.2024209 0.01195488 0.1437135 0.1914802 0.2801081
0.03719208 0.09746509 NA 0.1552903 -0.04948104
0.07098452 0.03048536 0.04066209 -0.05409389 0.1508357
0.04448088 0.03625571 0.1216695 0.02611012 0.1964648
0.07787221 0.07358379 0.06201927 0.1101733 0.08943586
0.08975927 0.171286 0.07483646 0.02731525 0.0444738
0.0299226 0.1632391 0.048769 0.03351465 0.02490151
0.09131072 0.08879394 0.035312 0.05433389 0.002131152
0.07615671 0.1493825 0.1565601 0.1149581 0.06262402
0.06123509 0.04599233 0.0391251 0.01343181 0.02394692
0.08165013 0.02329338 0.04870494 0.01491827 0.03756603
0.02657411 -0.003181673 0.0469081 0.02686829 0.03914947
0.05001398
