NA 0.0329529 NA 0.1251068 NA
NA NA 0.2458107 NA NA
NA NA NA 0.08944328 NA
NA NA 0.1451518 0.2763849 0.0555733
0.1752907 0.1316197 0.1503228 0.145923 0.1769172
0.06746281 0.3752847 0.1614167 0.200389 0.1096629
0.03067045 0.1423686 0.006623013 0.1472139 0.0532262
0.04960244 0.2368777 0.1426918 0.05652651 0.05427886
0.09427026 0.05791344 0.06537177 0.1844221 0.06906007
0.2572248 0.2819363 -0.004285531 0.2442558 0.142647
0.1468876 0.03220004 0.06792041 0.07021509 0.1806903
0.1272147 0.1768076 0.09301731 0.09358591 0.09385378
0.1345722 0.04506314 0.1939013 0.1018585 0.09166071
0.08829922 0.08551672 0.2215215 0.09123617 0.06322299
0.01526947 0.06101897 0.08476737 0.03721922 0.06775014
0.02479301 0.08105148 0.1171065 0.04213121 0.07156537
0.07383979 0.02882475 0.03837986 -0.001625599 0.04632767
0.02758564 0.04648815 0.005917054 0.01298623 0.03442494
0.06938273 -0.005499123 0.007062066 0.00157109 0.05721157
0.04749016
