NA NA NA NA 0.1869225
NA 0.06178233 NA 0.02090118 0.1033973
NA 0.2958974 NA NA 0.1033973
0.08054418 0.08506518 NA 0.09266475 0.09442574
0.04061636 0.1772825 0.2456786 0.150793 0.1478029
0.1938935 NA 0.09881591 0.2118648 0.2832999
0.1770897 -0.06430864 0.2366456 0.2425577 0.206486
-0.04550358 0.07411688 -0.01176209 0.1423571 0.06172796
0.2238681 0.1893865 0.0230953 0.1067575 0.09631838
0.09464531 0.2116215 0.2646931 0.05048005 0.09883427
0.1371062 0.09740472 0.03720233 0.02613756 0.06726317
0.02467049 0.04510195 0.0606073 0.1564859 0.1587099
0.1111635 0.1164886 0.05876833 0.2339686 0.1433205
0.1396572 0.1616151 0.1287489 0.07174201 0.05041658
0.04927795 0.06137824 0.1270773 0.034688 0.07541176
0.06963135 0.06421052 0.0864436 0.08352635 0.164016
0.05181064 0.02814431 0.03161351 0.03304985 0.02574536
0.0594939 0.04047583 0.04859516 0.03865747 0.03876183
0.01891428 0.03639139 0.0104982 0.03584814 0.001653939
0.04650037
