0.08175602 NA NA NA NA
NA 0.06153247 0.1976736 NA 0.1204911
NA NA NA NA NA
0.2267783 0.03701154 0.3097595 0.1027954 0.05119099
0.1350757 NA 0.09938517 0.1391642 0.009097182
0.05870689 0.1396456 0.04563223 0.1067763 NA
-0.06425446 0.03243886 0.07583396 0.1420194 0.2411022
0.2161036 0.1777335 0.1517444 0.1747627 0.02194791
0.06944457 0.01540185 0.08580673 0.1474115 0.09017327
0.1363482 0.1337655 0.1964528 0.1566086 0.07440626
0.01773289 0.02463826 0.101296 0.1421926 0.05333202
0.1854224 0.1281887 0.1401061 0.2127478 0.1142418
0.1611283 0.1031513 0.1627237 0.2303715 0.02967425
0.08906907 0.1073737 0.1272448 0.04642713 0.08536095
0.1038393 0.07221894 0.1209571 0.1002122 0.04688095
0.07252721 0.09108599 0.0492656 0.01842544 0.0357675
0.0487159 0.09289486 0.04377097 0.1184786 0.008313412
0.04451319 0.08754295 0.01958946 0.06698429 0.06982098
0.03504979 0.05734122 0.04679088 0.05365211 0.05628966
0.07157983
