NA NA NA NA 0.1309624
NA NA 0.1503228 0.2082806 0.2000889
0.09678135 NA 0.1099102 0.1246181 0.1503228
0.08146148 0.26753 0.06440734 0.2272283 0.1706968
0.1697086 0.007418446 NA -0.007321185 0.08950219
0.2340945 0.01145223 0.009681793 0.05884542 0.2075367
0.13999 0.1309624 0.08252984 0.09483913 0.1227366
0.128739 0.07758262 0.05338443 -0.01610364 0.1820466
0.06442401 0.1065655 0.1941498 0.1114013 0.005638372
0.008865363 0.0534934 0.1493147 0.1267266 0.1095333
-0.009807999 0.140042 0.1046885 0.05343991 0.1219497
0.1923532 0.05936012 0.04318338 0.1262616 0.09730956
0.1623976 0.182612 0.06854514 0.1898637 0.05333213
0.04303506 0.02152171 0.0782643 0.07654971 0.07156663
0.06752009 0.08935824 0.07462939 0.008612247 0.02820272
0.01381634 0.02819654 0.03820427 0.06119474 0.02494813
0.004110862 0.02508273 0.03933107 0.02554121 0.04826147
0.03936748 0.01116747 0.012535 0.07288904 0.01761015
0.1338576 0.007379837 0.01897578 -0.002916878 0.100808
0.01390051
