NA 0.05100704 0.1486787 NA 0.1562665
0.2074461 NA NA 0.2052414 0.1033973
NA NA 0.1292205 NA 0.1916859
0.2108729 0.1124584 0.1537029 NA 0.09640259
0.1543238 0.1597478 0.05947797 0.1355135 0.007373525
0.3501781 0.05562882 0.1911827 0.1309126 0.02632855
0.1136647 NA 0.2154364 0.2647652 -0.01267856
0.2607798 -0.0002634489 0.023028 0.1614479 0.09392532
0.05297118 0.04305596 0.08361094 0.1333869 0.2527587
0.1201233 0.1014548 0.05662005 0.1994613 0.02484469
0.00754638 0.07389799 0.0429366 0.1224259 0.05051378
0.1029588 0.1988423 0.03972821 0.1271538 0.06583356
0.1308813 0.1286711 0.1426349 0.1649771 0.1138296
0.1830563 0.0755318 0.02580814 0.001185478 0.1828852
0.1181594 0.068879 0.08491239 0.07204894 0.06238801
0.04510383 0.1641256 0.2208733 0.1000243 0.0741987
0.02883399 0.03457978 0.0252342 0.05665091 0.1234881
0.01494231 0.06018595 0.05295076 0.04634864 0.02883142
0.02246303 0.02442395 0.03983719 0.1134517 0.05161644
0.0690768
