0.2632003 NA 0.1792578 NA NA
NA 0.04581294 0.2026031 NA NA
NA 0.08944328 0.1832826 NA NA
0.006241229 0.2758592 NA 0.2218246 0.2648014
0.1020172 0.07502635 0.2803399 0.1448992 NA
0.1931835 0.04427335 0.1534837 NA 0.2819882
0.1919465 0.09620226 0.07059583 0.06240433 -0.04802651
0.1383754 0.1753602 0.04764863 0.09350334 0.1866071
0.07484945 0.1640461 0.1237325 -0.04164606 0.06010885
0.2514752 0.1474734 0.06366913 0.04911836 0.02587621
0.0700836 0.1142445 0.07537494 0.07119867 0.2078116
0.1128431 0.1221714 0.2037169 0.01948461 0.2032772
0.0842112 0.04691861 0.08529759 0.09987654 -0.0007596949
0.05329593 0.09008089 0.05485021 0.01104126 0.0230633
0.09898805 0.03098506 0.1848955 0.01767305 0.03330735
0.02992826 0.0817153 0.07015188 0.1004027 0.001740606
0.05023871 0.03032721 0.01560785 0.05453853 0.0004530899
0.07211262 0.02133799 0.01299908 0.0411665 0.02577574
0.07490501 0.02163682 -0.007598272 0.03858102 -0.005036197
-0.008118338
