NA 0.04315342 NA 0.1316197 NA
0.06335087 NA NA 0.1390817 0.1271673
NA NA 0.1099102 NA 0.14897
NA 0.1282924 0.1313595 0.1488897 0.209361
0.1028959 0.140551 0.1910653 0.1838613 NA
0.2041144 0.1440693 0.1302523 0.07535157 0.158307
0.08228881 0.06889294 0.04055114 0.09176783 0.1866244
0.05390871 0.1060309 0.1099807 0.02075577 0.07434653
0.1357549 0.2590678 0.02468782 0.02615663 0.1552135
0.04463135 NA 0.09673411 0.0108717 0.07045965
0.02276391 0.04395943 0.1716946 0.01670329 0.1039224
0.1795756 0.2134681 0.1665024 0.07147574 0.06460137
0.05369889 0.02303779 0.02880205 0.1218899 0.05843135
0.1046473 0.0775002 0.04577603 0.1040291 0.1212176
0.007079072 0.06302601 0.04855437 0.08781061 0.1228262
0.03267231 0.07104373 0.02729083 0.08141857 0.1755778
0.03337568 0.01611964 -0.0002647889 0.09992718 0.01697973
0.07181956 0.03851792 0.001173331 0.06431447 0.07811501
0.007248987 0.02764583 0.1323112 -0.01185738 0.005551565
0.03946888
