0.1522437 0.1827412 NA NA NA
NA NA 0.2602936 NA 0.09756056
NA 0.1251068 NA NA NA
0.1944882 0.09805246 0.1848354 0.1657273 0.1033973
NA 0.1334821 0.0974824 0.1508126 0.05315994
0.09994997 0.08329034 0.1221822 0.1922167 0.1112701
-0.05942401 0.08357935 0.1408628 0.1020538 0.2037212
0.2727033 0.0617036 0.08631834 0.02303092 0.08340139
0.1345037 0.02108181 0.03919429 0.1118454 0.1983094
0.07574782 0.0642882 0.0569971 0.04194594 0.2151655
0.1702717 0.08903048 0.1489877 0.1464533 0.1502698
0.1998717 0.2020709 0.02677143 0.06155732 0.1981461
0.1555355 0.06058386 -0.007515191 0.09587487 0.07821882
0.04282186 0.1406169 0.04624921 0.04019243 0.06208907
0.0287807 0.06167999 0.03776095 0.0155804 0.09941681
0.007392142 0.04620359 0.03802721 0.1160645 0.03395087
0.02321207 0.05085322 0.05015791 0.0301927 0.1081554
0.03421845 0.1449077 0.01264974 0.0335957 0.01177199
0.04690912 0.04915713 0.03920938 0.01250616 0.03777314
0.02158828
