NA 0.03667337 0.2763849 0.09328795 0.1511582
NA 0.2316244 NA NA 0.1706968
0.09756056 NA NA NA NA
NA 0.1971673 NA 0.09679986 0.2492623
0.006545163 0.02225359 0.08097121 0.09043567 0.08845021
-0.03981856 0.2263966 0.06493065 0.07526621 0.03672275
0.03648564 0.08782026 0.1286519 0.2284919 0.07444176
0.1849908 0.1107456 0.08605841 0.09450578 0.05193708
0.1957706 0.03820804 0.09723245 0.05580353 0.1060242
0.235581 0.2308076 0.142626 0.1423854 0.03328915
0.1581418 0.05662042 0.1604796 0.3094667 0.1189504
0.1450402 0.1101859 0.07249958 0.04255941 0.1034445
0.05797378 0.09159357 0.07340211 0.1075919 0.04093042
0.0792462 0.04048107 0.0516372 0.04465424 0.08431472
-0.002720581 0.03850857 0.08404546 0.06396782 0.06212856
0.02905244 0.149636 0.07774002 0.06386796 0.04841655
0.05982984 0.02983473 0.04858024 0.01016837 0.008011501
0.07508812 0.04691598 0.02315319 0.06457479 0.03983654
0.02232598 0.04340877 0.01603792 0.07965029 0.04455196
0.01786605
