NA NA -0.04531282 NA NA
0.1359929 0.2953456 0.1251068 0.08944328 0.200011
NA NA NA NA 0.1929161
NA 0.04470952 NA NA 0.1437074
NA NA 0.1072362 0.3020814 0.2970338
NA 0.2090099 NA 0.03510504 0.1273124
0.1122519 0.1011077 0.09523533 0.1747379 0.04336849
0.09070465 0.2704951 NA 0.08005829 0.06270779
0.05651327 0.06272609 0.08224161 0.2361186 0.06819592
0.1040731 0.1775886 0.2055204 0.2515222 0.1694575
-0.004053643 0.08734599 0.02590721 0.05000683 0.1792064
0.1373338 0.155119 0.09681412 0.1769191 0.1328674
0.1010287 0.1265915 0.06722905 0.08702237 0.06441907
0.02536708 0.1156262 0.05656916 0.04385096 0.0665927
0.1225192 0.1660684 0.03171464 0.04983109 0.07336357
0.08114046 0.04511473 0.1310374 0.0495078 0.1130027
0.01810034 0.03857645 -0.002390522 0.0274069 0.0349794
0.009178481 0.0539086 0.01450106 0.008056753 0.02500529
0.06810506 0.06042786 0.008516484 -0.007514538 0.05607999
0.007754941
