NA NA 0.2343637 0.0434001 NA
NA 0.1231517 NA NA NA
0.1899198 0.1706968 NA 0.08944328 0.1334821
NA 0.1084809 0.1676365 0.1194081 NA
0.03233262 0.09429557 0.114521 0.2766801 0.04556523
0.09599526 0.1859701 0.1423436 0.09750241 NA
NA 0.01586512 0.0321624 0.04336207 0.100813
0.05767193 0.03609699 0.1637607 0.05300851 0.06346997
0.1579707 0.0466058 -0.02808613 0.2936763 0.1009474
NA 0.07996855 0.1752606 0.03334973 0.04027885
0.1902626 0.03380246 0.1595974 0.01557449 0.1240663
0.06606899 -0.03742704 0.08538494 0.1437396 0.08389796
0.05947854 0.206283 0.06140141 0.1126951 0.04664303
0.03355365 0.09595667 0.07948073 0.06566232 0.07353195
0.01963738 0.07145733 0.1514322 0.1933523 0.1118379
0.1937625 0.09042568 0.1348681 0.01525714 0.08951223
0.03100754 -0.01126566 0.05245405 0.02188477 0.02869077
0.0832963 0.05731851 0.05325962 0.04235114 0.002980261
0.04807528 0.02318028 -0.007523137 0.03309091 0.04104468
0.05508968
