NA 0.08632078 NA NA 0.3011636
0.1432678 NA 0.2356559 NA NA
-0.05019746 NA NA NA NA
NA 0.317224 0.190406 0.1309624 0.0520732
0.2108383 0.1447726 0.2386533 0.156396 NA
0.04797564 0.21819 0.1577214 0.01874818 0.05124924
0.130594 -0.004589489 0.1364161 0.09711325 0.09464032
0.01903105 0.05159594 0.07636578 0.2754353 0.07911419
0.3000303 0.05185617 0.0516577 0.157915 0.1715793
0.06049002 0.02655133 0.05336469 0.07397331 0.1435246
0.06681673 0.02400022 0.05984578 0.1361468 0.1980643
0.1079213 0.1261394 0.01279847 0.1364431 0.2152756
0.008003147 0.04868829 0.0364144 0.1125496 0.04994268
0.1074334 0.07466605 0.1475187 0.04761828 0.04376366
0.04907704 0.07560631 0.1393846 0.05003766 0.1663895
0.1100203 0.05527141 0.04124253 0.06374739 0.06523871
0.03340598 0.1655945 0.0457 -0.005766786 0.03701799
0.03149205 0.02059026 0.02310112 0.01332442 0.07155505
0.04517488 0.0376926 -0.005182535 0.0917725 0.1026951
0.0625842
