NA 0.3067707 0.2996547 0.1939246 NA
NA 0.138242 NA NA NA
NA 0.2101209 NA 0.05470101 NA
0.1282089 0.0251899 NA 0.1503228 0.1093686
0.09820482 NA 0.0882356 0.09387445 0.1235639
0.1369761 0.01241407 -0.04449344 0.09580739 0.2286198
0.2721449 0.2934754 0.2193265 0.05283114 0.1569534
0.1690081 0.2174074 0.1514012 0.189786 0.1243907
0.0400906 NA 0.09977484 0.06276974 0.140468
0.1481905 0.03207891 0.08072083 0.1106175 0.2073644
0.02296496 0.0695099 NA 0.07939417 0.2069953
0.0711462 0.1118832 0.1940754 0.2607209 0.04244417
0.1661871 0.067233 0.04145523 0.1268603 0.07920194
0.02788433 0.1339171 0.07801031 0.1231509 0.09263987
-0.0111519 0.08312169 0.05987692 0.1115176 0.1536796
0.09066777 0.0402154 0.03815367 0.03716589 0.006428653
0.03503636 0.0437532 0.04127382 0.009551661 0.002806484
0.03990622 -0.004924059 0.06370649 0.02530757 0.08085443
0.003455213 0.004644662 0.08721958 0.00863713 0.0487139
0.04077343
