NA NA NA 0.1486466 NA
0.1316197 NA NA 0.1246181 NA
0.04315039 NA NA 0.07656863 -0.005414141
0.1521985 0.0773459 0.01272837 0.02407621 0.1444327
NA 0.1390613 0.1219147 0.07788338 0.1025239
0.1341277 0.2156692 0.1980294 0.04489132 0.2351515
0.03019096 0.2325258 0.0951218 0.1923884 0.01405471
0.09366746 0.1148111 0.0453919 0.2212322 0.02444465
0.05931294 0.04259289 0.1158848 0.0993433 0.05207374
0.01271334 0.1492299 0.1454324 0.06685987 0.09019873
0.1775229 0.03496505 0.008623664 0.1271746 0.07873326
0.1186864 0.2449719 0.07437446 0.08367463 0.07367995
0.1219023 0.05972284 0.1493522 0.05203305 0.1068854
0.03882066 0.07034824 -0.01070641 0.1307078 0.05154023
0.1026097 0.0979418 0.06644654 0.07034321 0.04546204
0.1024402 0.0309567 0.0613246 0.0324806 0.09783372
0.04011437 0.005320402 0.07421531 0.01120004 0.02842907
0.0966226 0.03147383 0.06760704 0.04967777 0.027546
0.01624778 0.01137345 0.02065811 0.008069666 0.0727032
0.03279305
