"quartet" "wQuartet" "cluster" "phylo" "mutual" "shared" "clusterNorm" "wNrqs"
"mb49" 0.707317073170732 0.791367323290846 0.23804942695527 0.707197856304748 0.189826478758384 0.0948849952335767 0.113412428771782 0.175035417188648
"mb50" 0.746248593111832 0.791720182470437 0.247214739144035 0.475734088445563 0.18696692418506 0.117360192335693 0.166033720620312 0.207249948214047
"mb51" 0.800503376777135 0.846999557130204 0.247755818439107 0.607418539165975 0.191787997031229 0.135864419296955 0.166493674993402 0.194082023302529
"mb52" 0.605848989782518 0.612344067751395 0.157339132086725 0.131409656091073 0.109429811292581 0.056950372641974 0.108555088878335 0.0730445141598202
"mb53" 0.592495471627989 0.634173981603154 0.185725724287435 0.131210584035042 0.120417595909106 0.0635623570582497 0.146563081246264 0.102465802353563
"mb54" 0.692895947920904 0.727430188150951 0.229595479717656 0.272659748092528 0.157101112211168 0.105877580806706 0.174527988408072 0.176205658387129
"mb55" 0.795005761641767 0.760961645876001 0.216526215661079 0.630765687115278 0.172066219607092 0.102715428684259 0.116397287046141 0.155765368432981
"mb56" 0.69047619047619 0.804776600026835 0.233024517846765 0.536318335308107 0.18384742334903 0.0903695707949942 0.109326932768617 0.158809028009553
"mb57" 0.821428571428571 0.880222628850259 0.208161017934897 0.821325092217401 0.17096874868009 0.0814379869125301 0.0804534547449925 0.161638254255938
"mb58" 0.697945505055894 0.724673893544502 0.208281735133267 0.298956382926705 0.149776969867622 0.0959979913055127 0.12269128996825 0.137114079606897
"mb59" 0.691540217927165 0.737149800078084 0.202778296453208 0.341344533526946 0.146439680139841 0.0971474915256273 0.1457829083847 0.137978323216887
"mb60" 0.762167323142775 0.779016689648614 0.217868213656822 0.628221284059632 0.169083758451781 0.103846924193806 0.117221881024542 0.153453897933736
"mb61" 0.833317780318359 0.812545254632734 0.180951188485702 0.761903647758041 0.146887206462051 0.0927386868269319 0.076275726945578 0.119803499525819
"mb62" 0.857142857142857 0.902676278886036 0.271429926410542 0.857024840338684 0.233958995532032 0.117522423087593 0.15392635457509 0.273995842739198
"mb63" 0.892857142857143 0.900412979351032 0.241435326840936 0.892783310852028 0.20914552457528 0.105101602479249 0.119094234617308 0.207195942536398
"mb64" 0.746966421458836 0.769487216386051 0.191433558151003 0.624925975586608 0.147060445266408 0.0903748073550162 0.0876373176255203 0.140232339655151
"mb65" 0.593868979130177 0.647514056478615 0.189595089768748 0.177064372105934 0.1236655050562 0.0631249945907642 0.150092962694146 0.116000011707375
"mb66" 0.597034052925678 0.644812071880181 0.184051195807248 0.165240055093918 0.120936338516723 0.0497719735602962 0.144822377847354 0.109554372741202
"mb67" 0.670956400298079 0.682195138329304 0.188812676405524 0.241829821759174 0.132968779968439 0.0864231407875204 0.112148622113594 0.118960908942854
"mb68" 0.7375 0.790039127263081 0.21424247552258 0.737285443406942 0.169040965894567 0.0825425625816646 0.0849712042099643 0.161544458069727
"mb69" 0.701347783064425 0.691778174967393 0.206625842169142 0.512009840876106 0.160261773594875 0.092284050947381 0.104505611363235 0.136317135404381
"mb70" 0.750834359374588 0.708900209769254 0.175396311070426 0.590003065959382 0.131958756514528 0.0733563428229517 0.0697841764570788 0.116159509559905
"mb71" 0.767120986634729 0.768350868607781 0.199670778645479 0.566981920432745 0.154065303853447 0.0998850269242329 0.113090363361671 0.154310892640442
"mb72" 0.664648608426378 0.658219169621129 0.175783897952392 0.239265997362523 0.120565691163287 0.0806406040135249 0.106038860258736 0.101362397006132
"mb73" 0.845238095238095 0.837495107632094 0.175990655958424 0.845281517343755 0.146626360678951 0.0712585479436893 0.0430946660454028 0.12608947094294
"mb74" 0.783132530120482 0.854322618523411 0.203266760547206 0.782933321849886 0.163103880215638 0.0762276422855113 0.0747334694214281 0.152606328991313
"mb75" 0.666666666666667 0.712006210108677 0.189334091673296 0.666585030232776 0.148589416060136 0.0683670964630491 0.055429435374212 0.103584435695097
"mb76" 0.841463414634146 0.899299640355858 0.226764974047283 0.841341732431864 0.189200547412935 0.0939328183060157 0.100357618626537 0.199313405432333
"mb77" 0.758873422602775 0.809798739581216 0.251782571358603 0.559165651896286 0.194154368747776 0.112693148272243 0.156159449055792 0.223344781645184
"mb78" 0.653330340044195 0.601926684438426 0.177445995371473 0.368208103093609 0.131794951458202 0.0732693541542929 0.0882830803124323 0.102388830091398
"mb79" 0.833333333333333 0.756693721429238 0.156053383898841 0.83336202717264 0.131085670314842 0.0628267313306255 0.0199419164846451 0.0963178155965342
"mb80" 0.773809523809524 0.750288653301144 0.156272761955414 0.773705853925004 0.125675346719826 0.0556236444824432 0.0201966757710596 0.0780892724602325
"mb81" 0.623894008230249 0.668408964719707 0.203157483770259 0.200053793426348 0.133565850802554 0.0758932050611557 0.161984382004456 0.13425876916954
"mb82" 0.738095238095238 0.758326976862446 0.191049010235641 0.728297225258933 0.15611097935881 0.0743261575670316 0.0605816273676761 0.145036649334206
"mb83" 0.744895436448827 0.766049843075106 0.203064555252935 0.484186309572015 0.15276570168876 0.097437444924769 0.127866778905746 0.156459833884963
"mb84" 0.687169711415542 0.643400613896382 0.191974984923843 0.331742879471926 0.136952791865843 0.0804540904340663 0.123584977196564 0.120229981576695
"mb85" 0.621615202083007 0.666218952324897 0.200423100773343 0.200209958241584 0.132115329958874 0.0731147891883951 0.159871897452056 0.128203938301522
"mb86" 0.604648643435903 0.607597104042624 0.155214195089371 0.131380239311593 0.102707455024432 0.0502639071570979 0.109382034983638 0.0676638248778359
"mb87" 0.593774366869694 0.644022213973379 0.185419373577841 0.155275072549751 0.120884556935832 0.0518314383487888 0.146036804726808 0.111663931988791
"mb88" 0.78108195800497 0.703926780847269 0.151217887498204 0.686797530462045 0.116871048638118 0.0723442505442212 0.0423768172448169 0.0723907426404761
"mb89" 0.785714285714286 0.831397194185235 0.210193944942169 0.785507899311995 0.171902263625946 0.0857919699075588 0.0828142516350596 0.172305401464284
"mb90" 0.581102946672304 0.612190471619703 0.173179331242627 0.122087469015157 0.110718155062465 0.0530360736893545 0.133189128394796 0.0914596226583592
"mb91" 0.714153295144299 0.692895912675803 0.168766025923907 0.552373946844522 0.125625355235608 0.0717895408334458 0.0619477114720173 0.084544032459457
"mb92" 0.621682419183996 0.60340285650249 0.155231879187169 0.17937048231657 0.106885076065962 0.0616859123709281 0.098594112047712 0.0735431928020236
"mb93" 0.749453384048354 0.775927224877521 0.210913582996405 0.474775925451822 0.158533272839553 0.108044129809959 0.144221964260585 0.156308525012196
"mb94" 0.768310629694755 0.820621468926554 0.224857255677451 0.631969537685692 0.174432229234618 0.11011945382437 0.125550677516511 0.178023871245446
"mb95" 0.927710843373494 0.907890600440113 0.157399705658256 0.927684058779837 0.13466598903994 0.0656704919304632 0.0207488240830911 0.111274163675454
"mb96" 0.67516456502185 0.621786930938371 0.180877724321872 0.308053363892209 0.128019783016027 0.0717105267198251 0.117527410308346 0.104117545079511
"mb97" 0.674736254578921 0.615934020553683 0.176732385946753 0.266904470259628 0.121962420973312 0.0672348842016489 0.117700926482774 0.0946461018141555
"mb98" 0.677887714978643 0.712680900971078 0.187896393726106 0.340634250463231 0.135393583977352 0.0822863801543399 0.125160191699114 0.12674651778772
"mb99" 0.622094455172921 0.600173299887292 0.15200712130192 0.155296658892161 0.107520622148365 0.0621980742524497 0.0952144452800636 0.0711347519430742
"mb100" 0.709064692676691 0.676244984248628 0.158072453940593 0.465049509053803 0.111870624225823 0.0777028098418622 0.0869274187616978 0.0751023504564935
"mb101" 0.628488005688153 0.604469286863397 0.157837586287731 0.181402047044237 0.107632516915894 0.0640528232468655 0.0975414965419572 0.0788772586901714
"mb102" 0.842556962906694 0.881007464315335 0.236282784900496 0.740298513324225 0.189439108388635 0.120503736770927 0.138439976115105 0.191194885892722
"mb103" 0.681525532744511 0.622321917272656 0.180983764750023 0.278976185256065 0.126033073582976 0.0690781676124736 0.117556092363515 0.102540547573668
"mb104" 0.599341619140061 0.605249819527854 0.154295384005472 0.131372164865754 0.102846129731528 0.0510569193289356 0.109580104515619 0.0671032787436229
"mb105" 0.593340046455054 0.642049462256125 0.183393577069792 0.155275072549751 0.120560021985659 0.0504333996986627 0.143913610350557 0.109523398175128
"mb106" 0.767775980674862 0.728265851795264 0.165641454909541 0.578279595832351 0.123106594031758 0.0739613889393265 0.0754128786201854 0.0975139858283572
"mb107" 0.592463818319109 0.641572846921611 0.187423765794186 0.176945361655797 0.121674600092128 0.0621749665521097 0.147392205449819 0.116940288383055
"mb108" 0.577304416559145 0.597943896076688 0.165586238095443 0.119270982880108 0.104650430521003 0.052269835778846 0.124897626119134 0.0832955906912004
"mb109" 0.60564668424337 0.59943706508964 0.152551651871074 0.132918083082252 0.106977960031043 0.0591143959150001 0.101485201766068 0.0682445558005351
"mb110" 0.663633674088076 0.599142568652442 0.150781116182239 0.429311795268052 0.103595566696262 0.0611709098970054 0.0590602850276732 0.0810397932580634
"mb111" 0.67456816873393 0.701144638624494 0.185840929300109 0.294195766752145 0.133037460968015 0.072467373565029 0.131380109082388 0.119140900061047
"mb112" 0.73834245113671 0.654416323769799 0.184601624593779 0.440267086078053 0.135185401948959 0.0744306429623285 0.0966683532345622 0.117658651856182
"tnt1" 0.608799371894053 0.606532788160366 0.154101610384377 0.131433281738741 0.106715354525447 0.0562026770846979 0.103088671102353 0.0702050940199268
"tnt2" 0.732997689018456 0.690697446933386 0.159407196935847 0.51302466220394 0.11587454307127 0.0749901138369409 0.0801054551115215 0.0835870867749201
"tnt3" 0.559108835721747 0.583349646874576 0.150531746147554 0.119430790686734 0.103230244131342 0.0505575945219558 0.105602143110376 0.0725032602548056
"tnt4" 0.566688688379624 0.595019130489455 0.15367996646926 0.119356230595884 0.101360059467922 0.0463081226175616 0.110726164876453 0.0727164501359693
"tnt5" 0.619411530513138 0.641236315976064 0.185369775997793 0.177602119911107 0.123211785907193 0.063437135822462 0.136306001217417 0.123901734243299
"tnt6" 0.671247243360939 0.66914910614426 0.16810836704882 0.398258059467194 0.120353862178631 0.0729777390195044 0.089398946884829 0.104541461744482
"tnt7" 0.688496557624089 0.697272537997085 0.180788730617487 0.38771680826146 0.131951953537077 0.0793001743984282 0.111405945330473 0.120269556824649
"tnt8" 0.780586341425299 0.804242374414207 0.240633483599178 0.594930975654879 0.187762969700707 0.109175232684474 0.143585493949559 0.207287925568472
"ufb1" 0.600870801538268 0.606712634354086 0.152832023243975 0.189842884047659 0.10417008486846 0.0484963394587362 0.105461357632447 0.0665623470810838
"ufb2" 0.845238095238095 0.819801821959405 0.167824389115861 0.845222794951693 0.138485374966835 0.0674072795571301 0.033611346036169 0.119584519998358
"ufb3" 0.686746987951807 0.69602514013929 0.170969498984861 0.678760108143189 0.131658071620861 0.0638712216795098 0.0357864243192484 0.0820026516753697
"ufb4" 0.731424933025754 0.758077668771895 0.210820102424277 0.381999717971743 0.155036852869448 0.104700242444143 0.149960229009017 0.148162154813293
"ufb5" 0.605192153734272 0.605638808926571 0.154335664590523 0.189842884047659 0.104834463978563 0.0509786734254633 0.107049077335805 0.0675529081459814
"ufb6" 0.669879764230033 0.667215642301493 0.181489095293458 0.361775045654755 0.128274921644692 0.0750121920459563 0.104296686528408 0.106106974575729
"ufb7" 0.574432399764907 0.613997482257818 0.159960914983715 0.107246482242217 0.105426473614067 0.033778671080371 0.119698971738964 0.0871781631446796
"ufb8" 0.56981763293017 0.599749398642344 0.154236229370113 0.107283140530748 0.101070391542893 0.0306014142183507 0.11355842075505 0.0793818532938848
"ufb9" 0.619743394823249 0.531916741452682 0.149490869542225 0.293453778624214 0.105619244647476 0.0582244445730812 0.0688050160328026 0.0676924429160068
"ufb10" 0.59897665154306 0.545310194392763 0.145419718753016 0.201909431776642 0.099797733355049 0.0552885921269724 0.0840760692888311 0.0640491490138692
"ufb11" 0.550094119893839 0.56694943474992 0.140739144137082 0.0953852942050233 0.0957235821974861 0.0294668081219846 0.098823626579187 0.067533846561556
"ufb12" 0.603376465727992 0.558401689670416 0.155245748707566 0.196624152720919 0.10588995978952 0.0604147746011504 0.0898256560684976 0.0783279486569196
"ufb13" 0.601709195278525 0.610406166289084 0.154451189923007 0.19440954657838 0.107319887476261 0.0533829581923846 0.10714110249615 0.0692927773813686
"ufb14" 0.699787239723334 0.702755856506261 0.202752273538259 0.46956266955372 0.144526516942793 0.0830501742721636 0.100863017909028 0.12441633972131
"ufb15" 0.708159332256884 0.671939309632732 0.155285851746286 0.529858021178173 0.118110318043436 0.0732455678391788 0.0639401595220631 0.084900836632834
"ufb16" 0.656476403736771 0.645382087638623 0.154938490769875 0.373851650684102 0.10732431830651 0.074761060936019 0.0895843033105778 0.0698171177996947
"ufb17" 0.712012850334387 0.677757638529259 0.18424285319405 0.439352285107952 0.132432637436079 0.0746829932061769 0.095813070680331 0.113891641268112
"ufb18" 0.833333333333333 0.853064837353397 0.18878466643341 0.833244582388516 0.156500212375521 0.075228909114021 0.0579520908485464 0.153522344498967
"ufb19" 0.56680862702076 0.60196050002826 0.15703889915612 0.142480227377198 0.10395333268219 0.0465009044531457 0.114933278926916 0.0769506509222231
"ufb20" 0.623756368425545 0.654577675354793 0.19164615783336 0.191670853712888 0.128041269384624 0.0668739067748966 0.140628246817527 0.132815788869637
"ufb21" 0.605309057053326 0.612549857078 0.170526244847955 0.165647311592179 0.111992353187416 0.0524509213364363 0.122558692135178 0.106011309198028
"ufb22" 0.596317485733571 0.593881378378619 0.162241405993154 0.155665585610689 0.106080418165292 0.0516783113050676 0.115469255869226 0.0955327902728682
"ufb23" 0.723540280190166 0.740100503646218 0.198125700245146 0.381941876423964 0.146525961991599 0.09491658290171 0.130384654344514 0.141288466234731
"ufb24" 0.762063191319001 0.703056904012283 0.157052698999327 0.547352046355544 0.117060507275263 0.0688443396068798 0.0661485274972873 0.0885003264952798
"ufb25" 0.5795599217925 0.636785241737081 0.183906071203494 0.142642512004126 0.120222490915557 0.0574611672976263 0.144792161112052 0.102861974268747
"ufb26" 0.582690429572631 0.606915630577831 0.174617565221712 0.142471588168367 0.114946826162436 0.062820346549014 0.13436143794029 0.0909645884384484
"ufb27" 0.737349600781111 0.645472088997361 0.181251328702943 0.42672702010453 0.133279302598786 0.072934484932034 0.092534882491887 0.113111479984687
"ufb28" 0.609537236874868 0.584667251614535 0.152182029444374 0.249437940091611 0.103372109284951 0.0618940839348348 0.0914031497090257 0.0731725268031593
"ufb29" 0.635240681023845 0.624008789828912 0.16549462339026 0.312179241540007 0.113783539875107 0.0698544227806698 0.094747538236266 0.0922219381480122
"ufb30" 0.72289156626506 0.625313545150502 0.139949603927896 0.722919001753995 0.106862773630032 0.0503919741434547 0.00144760106930124 0.0484955492387573
"ufb31" 0.627827801301346 0.581874673876951 0.160286361850057 0.237727757609414 0.108253421547471 0.0617567182104732 0.100146328552126 0.0782206926293589
"ufb32" 0.595395037312379 0.600029077150145 0.152321234426551 0.189842884047659 0.105863741772745 0.0559658919660546 0.104922007293658 0.0684629012827754
"ufb33" 0.670412886300827 0.570787477294583 0.138595119045667 0.451707467667321 0.0952635914846098 0.0652223068698797 0.0573205573704885 0.0636629203111427
"ufb34" 0.59611018084606 0.632617594888893 0.17908808730352 0.142225820386057 0.115607644686523 0.0442637855217884 0.139750368259988 0.104324253271038
"ufb35" 0.80952380952381 0.842500408030031 0.182090289716962 0.809464324438349 0.14988410810121 0.0718333884149664 0.0501780469814572 0.13439970497057
"ufb36" 0.691358024691358 0.753056986849189 0.185975006840777 0.691098596393996 0.143078434300376 0.068350864526465 0.051386544846986 0.117438121699513
"ufb37" 0.693661650602697 0.696528365791702 0.167586614147491 0.482812578203015 0.121059276880049 0.0792403205413999 0.0774767888720752 0.0871317646186184
"ufb38" 0.614568731285576 0.60258975899736 0.15177525886734 0.227961699119086 0.104733969749178 0.0586910714373405 0.0981254417049425 0.0696697288553319
"ufb39" 0.753086419753086 0.76811802806765 0.18418897378682 0.752953323190954 0.14741336656128 0.0709257408743378 0.0493052144203173 0.132486679678357
"ufb40" 0.783132530120482 0.69602048857368 0.145818520572577 0.783112954318516 0.11489568743009 0.0542218234679261 0.00826164455028272 0.07206852618697
"ufb41" 0.624231462430919 0.648824662461317 0.18461358895398 0.211084620686543 0.123589700898895 0.0728564020275657 0.137479247347185 0.121775154566715
"ufb42" 0.587969716273679 0.619795776889304 0.179995232100683 0.142435412230556 0.118060730818438 0.0620737914637381 0.140328931918514 0.0963088430922444
"ufb43" 0.72031482928981 0.615426512885687 0.170381480523284 0.390075939310234 0.121417905005302 0.0719403003869936 0.0919958026544966 0.0950436495347481
"ufb44" 0.595003152454373 0.604410383899543 0.152108747471457 0.194408778480405 0.105290520681905 0.0520443233581409 0.106082413091556 0.0670751598157517
"ufb45" 0.76109559529224 0.707319640333203 0.160202452741503 0.590191487901011 0.122375550139556 0.0734114836965699 0.0696379534277819 0.0902288570125518
"ufb46" 0.58755027306281 0.587072720989423 0.159046340468668 0.166492934993509 0.103388027986326 0.0538878693115391 0.117050145255054 0.073874850274575
"ufb47" 0.62786086258766 0.652447664059777 0.185575811121689 0.211670928588989 0.127144880679742 0.0734236567405264 0.140113377437241 0.119617875524408
"ufb48" 0.675331464116365 0.656907392310648 0.181509240808103 0.272666394022837 0.125089696413286 0.0721997203113934 0.118292027338488 0.117136716922158
"ufb49" 0.694238068149898 0.693320979697067 0.200918767398348 0.320909081380472 0.14539622584411 0.0769199670981659 0.125703769601164 0.148245884215243
"ufb50" 0.744046135945973 0.744954449059991 0.206376082157869 0.396361942229635 0.155120544612677 0.0866999930526517 0.131490580765499 0.150366783712824
"ufb51" 0.69684507998938 0.725483451807689 0.220189986601037 0.344677346992724 0.156878878022192 0.099208656463116 0.146788927926362 0.168985790990577
"ufb52" 0.691563657678181 0.724151668148347 0.220377642205852 0.296416701555952 0.151481065618288 0.0987952864720647 0.160215873756362 0.171142456879378
"ufb53" 0.573170731707317 0.465158371040724 0.150720434406151 0.573068344188641 0.111574146023699 0.0487460585673503 0.0120167761411391 0.03166282884254
"ufb54" 0.586734778433891 0.578921675129218 0.155325873480002 0.166530566737206 0.10045438925642 0.0530649543723659 0.112466386042292 0.0699300929581417
"ufb55" 0.694528822437688 0.713542046753752 0.206172702089454 0.505757039443456 0.154820829702571 0.087326298117367 0.104394328943582 0.136143549077882
"ufb56" 0.7 0.72466705269253 0.198487104496207 0.69986927997513 0.155489675218735 0.0756380461111729 0.0666237907542993 0.134485999435815
"ufb57" 0.640053950332468 0.616533733513284 0.160789338269503 0.296610317056992 0.109810844586217 0.0669219081946943 0.095903988879945 0.0848407638049626
"ufb58" 0.678571428571429 0.647914183551847 0.173828717272517 0.678408654948147 0.137845715473485 0.0622273501623366 0.0405840505102916 0.0979189005023877
"ufb59" 0.589867429188068 0.60004523205094 0.173470600907557 0.118014446047534 0.113358778530251 0.0485023410038466 0.127293959070139 0.107245097629907
"ufb60" 0.578941857309263 0.636895188072879 0.18530297112598 0.130541970303818 0.119854606225357 0.0595855675532243 0.146133538250797 0.108911511150462
"ufb61" 0.579280888278674 0.637554762044612 0.184462066520718 0.130577503057369 0.120099401386274 0.0594646000871355 0.145381523142259 0.107505519248097
"ufb62" 0.582358171071356 0.64123723005302 0.184448980862812 0.132157483936786 0.120774886828163 0.0566110702011362 0.145408545327194 0.106802777159209
"ufb63" 0.719039530578091 0.642821446419647 0.143319172461554 0.594930975654879 0.104722385780287 0.06097793990212 0.0338342922510941 0.0557158409774852
"ufb64" 0.624228150602383 0.584866182586137 0.159575480921505 0.23771558173262 0.10799588123109 0.063775085523495 0.103270951842451 0.0745512556459117
"ufb65" 0.586875766916654 0.617203257788821 0.174687198364758 0.145800146466386 0.111760798764071 0.0511172914097595 0.134764131310263 0.0911592075851227
"ufb66" 0.612447673546742 0.63078998982466 0.166729500097186 0.210941664640399 0.116319862980815 0.0589191404518086 0.114126989489869 0.10449754566892
"ufb67" 0.590453344986424 0.644952037866096 0.189699284010448 0.17888159023706 0.122895170943584 0.0635965058649241 0.149250466068663 0.120285073782315
"ufb68" 0.660546339462037 0.687020675245584 0.206799916478583 0.248900961396359 0.139879378925058 0.0821305444517062 0.153752554291717 0.150931874062649
"ufb69" 0.644987510903087 0.672443875770618 0.201155017374365 0.225025521420812 0.135065440853584 0.0783315990520027 0.150737242245342 0.146104659965041
"ufb70" 0.636970888760567 0.658704496508648 0.192334494853086 0.208901462658956 0.129477128789141 0.0769881730367932 0.143700112091616 0.136657057803063
"ufb71" 0.642018033457134 0.661013602387345 0.193670943675567 0.224399601873473 0.129017257435268 0.0758581491711722 0.148656279115512 0.133810410367084
"ufb72" 0.613805442015491 0.651541795397609 0.192139216102964 0.187892214800295 0.126534100322162 0.0705614302560341 0.149470609302549 0.128067775529817
"ufb73" 0.610064375469252 0.625732036757838 0.175622878446579 0.177605697396497 0.116134237478992 0.0557299249513667 0.127950058435447 0.111613406530722
"ufb74" 0.610675137493037 0.597040511772698 0.150805343836515 0.215743717493071 0.10629445943119 0.058387797133632 0.097143278101181 0.0673285322388955
"ufb75" 0.612200133877577 0.588736912887824 0.150662676397789 0.248849310713008 0.107020555157103 0.0611801350201625 0.0898528864398016 0.0719303516282511
"ufb76" 0.56965263543716 0.567103624689704 0.143535295521654 0.130639576913754 0.0912255675376946 0.0336263073934634 0.1000638220209 0.0624933082473336
"ufb77" 0.737561951983846 0.729140539748204 0.190735272018368 0.443852539926507 0.143843806060796 0.0916619788522699 0.114417151950872 0.135515032949998
"ufb78" 0.586685821649949 0.624554183527173 0.181850065847204 0.156159049092701 0.116847022839266 0.0577721213569796 0.142637783011567 0.0999594333796315
"ufb79" 0.601536396358147 0.614760015714819 0.156748837711382 0.194392338526941 0.104785372629538 0.0497319185445812 0.113133770595514 0.0689215054044948
"ufb80" 0.797619047619048 0.756014561570117 0.165026075389787 0.797603556659296 0.135381559081975 0.0651203820911557 0.0303617210775188 0.107630901020648
"ufb81" 0.672815799830177 0.687612391290188 0.201564148837696 0.236836023070577 0.136634383304286 0.0663753047036365 0.148166630784558 0.142665046228858
"ufb82" 0.620640767828817 0.590378709312171 0.151480550807624 0.284651474977761 0.102348004566767 0.0613801583304311 0.0858657308244766 0.0693486736141986
"ufb83" 0.638939358834934 0.614864073500514 0.160107441761441 0.313359987967969 0.110311998566251 0.0633122840121005 0.0890241850021865 0.0811624575672248
"ufb84" 0.592124287323551 0.591219434741188 0.150450258932884 0.189815192260787 0.104484401980558 0.055437432324939 0.0992171204257771 0.0674445561875006
"ufb85" 0.631529290324594 0.592772274754584 0.161327301946146 0.219166012928558 0.108437288480449 0.0613895566890253 0.108264372133779 0.0728573649273149
"ufb86" 0.681064349212399 0.665234182177183 0.181124942733277 0.406612666348346 0.13192157147534 0.0768154215911695 0.0923571721982174 0.10279128489104
"ufb87" 0.75609756097561 0.665209510608807 0.146233315631229 0.755953131644817 0.113818988849739 0.0533844748513287 0.00744391914060565 0.0636700866989628
"ufb88" 0.646100218422836 0.602978747068195 0.169577860801631 0.237243015693946 0.115604670974792 0.0657442295021929 0.113886094458075 0.0824768789775885
"ufb89" 0.638455414686637 0.656190538912137 0.19169462346163 0.224300838721692 0.127475266502127 0.0745350992124374 0.144977765898728 0.134139395298114
"ufb90" 0.656035240392226 0.673615579044118 0.174815725889668 0.249161175364734 0.126851495282919 0.0537076888922614 0.119583103897176 0.106326099820047
"ufb91" 0.677526245816086 0.668875856708825 0.183238096280791 0.394384122756767 0.130277014306309 0.0771080948240152 0.0946993960142009 0.111104024675428
"ufb92" 0.622906524814965 0.596414605168856 0.169358697918781 0.23773656623127 0.119725960798441 0.0668232790271242 0.105117510880027 0.0928661969055593
"ufb93" 0.629747730773449 0.591539340535064 0.164554453049064 0.206987269869063 0.115290176992886 0.055393537643406 0.104649788882345 0.0834944249214819
"ufb94" 0.583956341282416 0.569963655244029 0.153835300867943 0.166609733467957 0.103819680250361 0.0577602525132582 0.109095695217756 0.0701003214007298
"ufb95" 0.746033218456294 0.782234335800787 0.220717454856904 0.403710912749548 0.165626143217501 0.107133902105451 0.147274416768067 0.161858936252758
"ufb96" 0.705375596577056 0.717673774762982 0.21934343174475 0.296416701555952 0.151489644056019 0.101206812034957 0.159101855514393 0.170368294828346
"ufb97" 0.703337390706842 0.70044384667115 0.170895608223225 0.551502557783892 0.128771577402644 0.0737203790584199 0.0641912476148776 0.103910310455658
"ufb98" 0.69047619047619 0.615296207292864 0.151710925679244 0.690328145119262 0.116095476664057 0.0506947813306238 0.0148991078528558 0.0532309681937451
"ufb99" 0.640331196921916 0.623901862596011 0.160900245480481 0.304882129532064 0.109043892278065 0.0662852465634353 0.0959237115269637 0.0825763599819363
"ufb100" 0.721231557212968 0.772980887792848 0.221326693290129 0.379836403242342 0.165513647023498 0.107816074959615 0.147941072529238 0.166066268014409
"ufb101" 0.58331869799035 0.633068645304689 0.181304455216163 0.14235758830471 0.117748715186777 0.0527933834018258 0.142065854362751 0.102987465145414
"ufb102" 0.641320829192597 0.600270236299648 0.170023743918729 0.255976040078965 0.117750788652388 0.0689637231923269 0.110581098938957 0.0866881149129112
"ufb103" 0.680347785180228 0.595396970108432 0.16544185619945 0.357016852872698 0.11606351059184 0.0689980611966397 0.0868875285709442 0.0889923199978135
"ufb104" 0.655708414817903 0.614363657470108 0.160348042348977 0.369924992979815 0.11429420575481 0.0702065674437141 0.0809848497956893 0.0791460170695144
"ufb105" 0.642857142857143 0.646834358694806 0.192192434272035 0.646341613511033 0.152944533013782 0.0711900887309771 0.0619094625036599 0.109765722493562
"ufb106" 0.598984710276882 0.567669650225354 0.155819160983469 0.354723524453152 0.111756674351793 0.0639446656194941 0.0641705895954637 0.0794300785529087
"ufb107" 0.754761766627688 0.747496695862548 0.192337273907748 0.629468564479159 0.152261712399295 0.0937806174048641 0.0891169683118514 0.146615746991271
"ufb108" 0.700325970190041 0.720014023401551 0.192008957858931 0.388646289232668 0.139801093718932 0.0888469572838852 0.129590457480218 0.130659223939691
"ufb109" 0.558573718882384 0.639461180043144 0.184990505906085 0.12196677129312 0.120642580184054 0.058964447482161 0.145581080925802 0.11200973678381
"ufb110" 0.559392756785282 0.637944751135476 0.182438426920337 0.121968537863971 0.119612565607123 0.0581523400409966 0.143131270980009 0.109671384887071
"ufb111" 0.56342427618133 0.640069460914167 0.181229236513581 0.111310650510648 0.119846965957015 0.0551232770216146 0.141993944048849 0.107953680807613
"ufb112" 0.658342322751573 0.686835135894894 0.198882456590285 0.320907130411921 0.145570968031115 0.0833677007043621 0.123475787274994 0.146191470107975
"ufb113" 0.643369957281307 0.659029131673665 0.191307301581443 0.208866499514474 0.129308435226676 0.0697581367576318 0.140247622045678 0.137267796712715
"ufb114" 0.620873756568999 0.586005801589656 0.151824865751188 0.264959227371455 0.102929330991472 0.0607307370825409 0.0863372657822311 0.0713886056578006
"ufb115" 0.739183997928776 0.643428661966252 0.182805153689217 0.523741027425093 0.135901446427929 0.070148622982145 0.078366631218693 0.11721953818987
"ufb116" 0.725897763385436 0.676583549988182 0.156117949132925 0.517848357139933 0.112578962324106 0.0748420020610086 0.0766859915203094 0.0807196202750722
"ufb117" 0.733808691821575 0.748205734339016 0.194299381768354 0.518268919152379 0.145413077933901 0.0940789431301376 0.107411924993675 0.149574801967039
"ufb118" 0.586533362031176 0.593258894835058 0.151517152963567 0.199815107929909 0.102469659091387 0.0502138128698406 0.102458020550807 0.085016538854145
"ufb119" 0.628843248711891 0.55024181565224 0.151305489187735 0.332512554293388 0.109017008584926 0.0574154144925673 0.0711051120362561 0.0727782813217382
"ufb120" 0.657972658404507 0.689747147785991 0.20967087531829 0.224992161793796 0.141348460782728 0.0805373701765401 0.156815516128597 0.157993059145268
"ufb121" 0.719512195121951 0.782855633337736 0.204601923984347 0.719310791815764 0.161090280161974 0.0794159444451297 0.0745713848581536 0.151655004960621
"ufb122" 0.65665482532003 0.572784921489552 0.151622836144736 0.321224487192461 0.101789548826543 0.0663471356832668 0.0800655750031481 0.069197765091314
"ufb123" 0.720042406706098 0.60785264178381 0.145670665921674 0.614338570595598 0.112511714598766 0.0681527976239301 0.0360737427608173 0.073291935879059
"ufb124" 0.609468555223474 0.582981921905716 0.147881681919617 0.228599716311968 0.104470660910015 0.0603208744729063 0.0869432169634837 0.0669001948305539
"ufb125" 0.800287678849661 0.838165056092414 0.221423884653815 0.682645714999307 0.176733212636895 0.115546870845507 0.121677443860589 0.172613526005343
"ufb126" 0.603816452246123 0.58732406777954 0.148834655435461 0.227915384063441 0.102934850575783 0.057588555767492 0.0917679842449848 0.0680184453671751
"ufb127" 0.629988950602011 0.543253758585907 0.148032032036215 0.300316255863057 0.104417733894917 0.049774847584761 0.0674277814249398 0.0710404924329473
"ufb128" 0.63986861722043 0.549758333506695 0.145433230002204 0.300530914355622 0.0996154653735351 0.0537270108792589 0.0730570486914529 0.0671133217624717
"ufb129" 0.595453838577291 0.603678825835445 0.166411268890346 0.170430645155965 0.109935387940369 0.05438100491917 0.125321175716042 0.0800093918499217
"ufb130" 0.561971753933378 0.59223341565805 0.15250765081995 0.145941613025221 0.105376247727309 0.0493985665670479 0.10866078183814 0.0735663320484962
"ufb131" 0.721293678097729 0.684794736918373 0.181171350766661 0.462648869232907 0.132678225290649 0.0752901725425774 0.0919812215047983 0.108951486697707
"ufb132" 0.585167337307074 0.617318916891787 0.176206255657926 0.142435412230556 0.115200576922328 0.0561380855496489 0.136356670350054 0.0930031080335474
"ufb133" 0.579312662901359 0.594757910789173 0.167457571083358 0.142506472176415 0.109652140931556 0.0585169006894381 0.126411528393072 0.0833855445509749
"ufb134" 0.669981495353666 0.687901489950521 0.203797274190097 0.239786560351922 0.139559582520122 0.0734678398038298 0.150511540260538 0.144804471958229
"ufb135" 0.745711822175568 0.682499962085021 0.149855360636739 0.571275101503128 0.114545639183641 0.0687036181039962 0.0581750218937654 0.076713430186821
"ufb136" 0.714664709143242 0.646031315051136 0.144488236411095 0.487864555428039 0.104215898799967 0.067523929588471 0.0639616105957155 0.0668705231748574
"ufb137" 0.676194680482126 0.617176035219805 0.136333791928677 0.44013615204252 0.0983220344679759 0.0672514754751393 0.0634869603269385 0.0516375030597153
"ufb138" 0.741952974376947 0.743140265494246 0.199384786253917 0.436278656562957 0.148940597684696 0.0985531508071544 0.131750105906015 0.140897772115475
"ufb139" 0.817073170731707 0.879943120260022 0.212368417956604 0.81692351446384 0.172976838662446 0.0861148032870426 0.08360753414991 0.174448525238385
"ufb140" 0.581016981094936 0.608379392572601 0.167167984841744 0.15202390853963 0.108021737789338 0.0552349628587407 0.122040750102869 0.103034326154702
"ufb141" 0.617861081011455 0.590154690985757 0.156477778385656 0.263955240200394 0.105110417723622 0.0635639627604798 0.0912590716136968 0.0812777153093991
"ufb142" 0.746095070307732 0.74278849275927 0.183908694985868 0.534041681587934 0.139968464102524 0.0865523846591174 0.0956231217338456 0.135789884882978
"ufb143" 0.590217355891148 0.634073169323046 0.180914721969622 0.165092077079083 0.117342995745693 0.0516527505154222 0.14098948172341 0.110040076846763
"ufb144" 0.603353239241323 0.595160567366429 0.148968125648875 0.201659935665808 0.0986760388515304 0.0493621949014654 0.10138140441915 0.0609538538578019
"ufb145" 0.734939759036145 0.586196473551637 0.14201693971543 0.734801930696194 0.112532755717789 0.0531293625658722 0.00287131829592044 0.0554050370057348
"ufb146" 0.633608657325462 0.543618534162545 0.133086569178427 0.373784780292967 0.0902048603272214 0.0573566459337661 0.0512922693570815 0.056548319577876
"ufb147" 0.634628838937967 0.662993558900437 0.190177761062003 0.2114145026999 0.130786583568126 0.0777231449689138 0.143378488461195 0.127691055625832
"ufb148" 0.647193110634465 0.668752468511167 0.198339155386324 0.224475148699136 0.131530815390139 0.0779203523341554 0.154906951007721 0.136013487645268
"ufb149" 0.645123453383194 0.635010221898553 0.164537944907432 0.246550366173369 0.114931345673314 0.0527756425563655 0.114245502106737 0.091351163421368
"ufb150" 0.606971621949373 0.638754832352124 0.186489455384328 0.187673564035679 0.123665908668948 0.0664754993969052 0.14240915990908 0.125618181257855
"ufb151" 0.587532710237454 0.584686740719684 0.160351524317375 0.166615524496639 0.108275953251223 0.0595521531428315 0.117731578917194 0.0744435527695271
"ufb152" 0.635624703960629 0.615182333745208 0.164329760612436 0.296501296451478 0.112769601099229 0.0689014987586484 0.093615475607864 0.093291647261238
"ufb153" 0.696240118707614 0.605895541891911 0.172908756174377 0.404571512772641 0.124737563618082 0.0678131353900598 0.0837145156953984 0.103553226270064
"ufb154" 0.591282576044729 0.63114032871914 0.177524064056815 0.155275072549751 0.116449346027995 0.0495522747206363 0.137760327614609 0.105828929260276
"ufb155" 0.617731767234517 0.648020815617014 0.188212902695514 0.188345007111664 0.123473688021214 0.0574441139755577 0.148221913172579 0.112984905888539
"ufb156" 0.646514711886945 0.605455781182004 0.174214070572585 0.261723682188613 0.120275830990742 0.0678492055958295 0.110348394481834 0.0945316662961209
"ufb157" 0.679179339489983 0.71309598520956 0.210554589688984 0.296321249675503 0.147190402623214 0.0936909150753989 0.143905236306404 0.161503317392249
"ufb158" 0.626137172453081 0.607142161503072 0.156281065197261 0.265263792976313 0.10653714802835 0.0648991538808907 0.0957960395788434 0.0758213887608923
"ufb159" 0.684034531609963 0.660617004345963 0.169564762272686 0.513039478148849 0.121433494464871 0.0663145387456684 0.0614725438690729 0.0874509718385985
"ufb160" 0.690705654177914 0.69598617068481 0.170975689567159 0.434526279010417 0.122632177107968 0.0805691905900263 0.0925375611001909 0.102567376451797
"ufb161" 0.591807847867478 0.578975420537351 0.146477685713115 0.203766801885789 0.102903438537632 0.057682196961778 0.0925421478439038 0.0642516036276893
"ufb162" 0.604277547028217 0.612796482667167 0.155521519880058 0.194402840573919 0.103051932371642 0.0491216233684385 0.110849231549842 0.0672003997974361
"ufb163" 0.574731872010687 0.598229806436191 0.162336064645602 0.0952389720356401 0.107042245477233 0.0392892198686737 0.12223698151067 0.0874469752997519
"ufb164" 0.54341551592367 0.552209421727756 0.136535368159279 0.0976532658007474 0.0931841031280449 0.0305133168808693 0.0939664308232611 0.0633040466767837
"ufb165" 0.539244472972663 0.571826684428631 0.144200973349503 0.131025336009252 0.0984267356214328 0.0444618702652307 0.0999431133794563 0.0677586960862282
"ufb166" 0.686746987951807 0.532242540904716 0.142362194834383 0.686670539542502 0.11347553274459 0.0529866183002136 0.00320652273389028 0.0589634544702566
"ufb167" 0.685797634025608 0.697000896741838 0.21232246769632 0.297011077224293 0.145998535351535 0.0953445785975221 0.145884980602394 0.169510335933223
"ufb168" 0.6860305382149 0.681113405507347 0.189323908789613 0.311810470946565 0.13471616121468 0.0740475873682796 0.12088214375281 0.129211577178486
"ufb169" 0.574069124207358 0.618066902858071 0.16386329950766 0.145862156281785 0.109661639511266 0.0515893918946412 0.122640051885334 0.0830805086755482
"ufb170" 0.600840749601448 0.605437814954877 0.165185220460842 0.165643128968507 0.108076523026023 0.0463495644834661 0.118572237932415 0.0983036381985234
"ufb171" 0.595779429340649 0.592974769110485 0.159740456724918 0.155660966609834 0.104589868590354 0.0453627040598094 0.114214859450813 0.0914657108438973
"ufb172" 0.717328092967731 0.705253075760846 0.178359149439716 0.456137661404424 0.133570153893669 0.0811645943197113 0.08953596088454 0.119038617692249
"ufb173" 0.69381693590267 0.647739232024408 0.168831579979784 0.401217700396374 0.119433894439601 0.0738678179184557 0.0899704425540266 0.0885764166798913
"ufb174" 0.674698795180723 0.558855238655298 0.140812767635819 0.674370269152422 0.10652959808033 0.0484933623170928 0.0015882112156974 0.0490507260350094
"ufb175" 0.640993653446381 0.589734411912091 0.154574793264174 0.24810310013359 0.0996823726582882 0.0586116146560921 0.0979596837144176 0.0814179087373613
"ufb176" 0.651400557835378 0.673476645696833 0.204121234292993 0.184216551565565 0.134419583359034 0.0766864712160473 0.162095768743827 0.137968278120028
"ufb177" 0.634146341463415 0.635810319767442 0.163299347643675 0.629450982711138 0.121597817605999 0.0547248159949188 0.026650067411205 0.0650945758122984
"ufb178" 0.778938615491608 0.681291446178579 0.149327503047435 0.654539848585866 0.112960967609169 0.0675648196752143 0.040610494993458 0.0761118969728048
"ufb179" 0.690886650351302 0.702511037060843 0.212610464184712 0.267706149120642 0.143820541862099 0.0921846522780229 0.151849319433423 0.166691582692805
"ufb180" 0.75 0.791285217514726 0.204629315661419 0.749860243085543 0.163643955848351 0.0785468028893104 0.0763521605450324 0.143225548950091
"ufb181" 0.595285427220057 0.578673085631673 0.146580272283666 0.225569713284497 0.0979407769845305 0.0567647762901053 0.095113749487875 0.0616686411523708
"ufb182" 0.750450488767915 0.732953094407083 0.175456023287015 0.578036547876353 0.131690201765912 0.0800764579170251 0.0701570182993646 0.109376542468405
"ufb183" 0.648202794966617 0.599312540187821 0.169778735136715 0.231428472141569 0.115312709028155 0.0656596646894839 0.110248672121579 0.0851153315759492
"ufb184" 0.678571428571429 0.762687540769733 0.212873974945151 0.678291210164023 0.166575436450096 0.0780864457351321 0.0859265161057915 0.156239015839973
"ufb185" 0.589023264059146 0.533496807130137 0.14153125317055 0.154193974008015 0.0952323805460748 0.0459272204770779 0.0918113473155172 0.0579436104119516
"ufb186" 0.63815114977768 0.550543996945982 0.155127231878906 0.32061740658617 0.110332060233757 0.0573878009255025 0.0752880037643338 0.0792279368808126
"ufb187" 0.623419278765525 0.542033154084511 0.149347576271743 0.284904054818479 0.101929590247092 0.0548930244569586 0.077372032174288 0.0695201494843967
"ufb188" 0.587360449329478 0.535308143492885 0.137195074159898 0.189977475746231 0.0954307199009955 0.052119296897662 0.0792767382043658 0.0532381341573642
"ufb189" 0.613792204330515 0.615144909388945 0.169024953637584 0.175849263269934 0.112268935629588 0.0469830046893381 0.12514670245588 0.0993713050507663
"ufb190" 0.557024946108808 0.556586358912547 0.152949781535556 0.11896369097899 0.100561980183103 0.0430072030092412 0.11121489207918 0.0814952169480853
"ufb191" 0.616807992895755 0.651279864194743 0.19098682289987 0.1882358905866 0.124224431215397 0.0591686669602403 0.14995705094683 0.120717569381547
"ufb192" 0.574374882525357 0.609785182352208 0.175855467705552 0.130930599240241 0.112266336365385 0.0520350510089256 0.136004807756871 0.0986995588481363
"ufb193" 0.639312430412433 0.65887239689833 0.193408180985775 0.208901462658956 0.128399005392674 0.0748248160257295 0.144856567044658 0.136015942800773
"ufb194" 0.561591134802763 0.596813609386822 0.155746067754399 0.142573906658524 0.107593207714716 0.0561270540868439 0.112881572280695 0.0768382806618775
"ufb195" 0.5817501646068 0.593189967048228 0.168033076882809 0.118089462192562 0.110225198080691 0.0484121956366259 0.122930329910659 0.101584985617669
"ufb196" 0.628800462861863 0.590305687095745 0.162147152980822 0.21335722236062 0.112041198842208 0.0542060911063716 0.105957050641404 0.0791355037440326
"ufb197" 0.644208557100926 0.660919489841248 0.195409344546661 0.184165941045493 0.129260473404426 0.0715988699836515 0.151824569702603 0.133233441195408
"ufb198" 0.690496135771728 0.598514435618175 0.170455165824781 0.380054400315131 0.123389708477658 0.0595414935928401 0.0805344613226682 0.0986864759930264
"ufb199" 0.544615739500079 0.5416799772066 0.13334401695513 0.10734912336726 0.0886472186778993 0.0303914358986542 0.0885207120905012 0.0567131236892769
"ufb200" 0.62003927722342 0.585328537058233 0.161770225613193 0.219261053837761 0.113819789734993 0.0560938149108329 0.101736466183008 0.0826435065990328
"ufb201" 0.566726281735243 0.612007853761351 0.169251472592149 0.133822759758375 0.10976755772679 0.043726717046023 0.129300295169103 0.0893737064209716
"ufb202" 0.609262357211436 0.592043824744158 0.148144999730774 0.225143145216161 0.104766123254195 0.0613625838350206 0.0943148222919045 0.0663342188062785
"ufb203" 0.635388336938884 0.603986050133152 0.157352207404833 0.301266948255457 0.109288659220031 0.0620660983024792 0.0861680249457922 0.0796692065982343
"ufb204" 0.669873774068594 0.579634206623826 0.157368824702268 0.345091322514404 0.10892403814476 0.0662663792202655 0.0780546080643551 0.0800950664442869
"ufb205" 0.616446413480716 0.657045863400695 0.194119586535231 0.202733691802649 0.127954948599599 0.068273710933693 0.153890783651637 0.12052446967547
"ufb206" 0.726190476190476 0.716731832277201 0.182068228394894 0.72591044845642 0.146577132169804 0.070196429728072 0.0501524276157136 0.126828039109729
"ufb207" 0.57662640705573 0.612478618674615 0.177849462246451 0.130872103270431 0.114719398669403 0.0608845536684322 0.138452387455235 0.0975522759923378
"ufb208" 0.583681358660372 0.617899469163007 0.178344667968996 0.154286759146109 0.113784383351198 0.0517992641279071 0.139012018913404 0.0972704343511977
"ufb209" 0.591718976059957 0.622471400055137 0.174604176146235 0.11891507227042 0.112697771044527 0.0440082297733449 0.135092369127904 0.0986253850266965
"ufb210" 0.619047619047619 0.496883750338723 0.153361774814412 0.619046093660821 0.118675001756479 0.0503933001902202 0.016816205461542 0.0485487763054276
"ufb211" 0.627145504415219 0.602599777702452 0.153546518608426 0.288348086178688 0.106577735567763 0.063528264379883 0.092865457185124 0.0738179565246526
"ufb212" 0.681879191450358 0.691013765990336 0.175538232540322 0.399677742891472 0.126123004018878 0.0829189144545492 0.105710758325855 0.114924624058015
"ufb213" 0.636954031226361 0.618491903711481 0.161905535942143 0.287968897463508 0.109026034785501 0.0667340971748549 0.0971064877392597 0.0852924958609081
"ufb214" 0.724463206479662 0.679809885549493 0.153930555379799 0.481728757279309 0.108590005125991 0.072020336508129 0.0741121457786871 0.0784875481212886
"ufb215" 0.621058775263581 0.583833622183709 0.163320946582592 0.321181036704832 0.115590013612115 0.0609155458036766 0.073092748362216 0.0884366946914752
"ufb216" 0.574892538460751 0.597273119941802 0.165925532053226 0.145832224518921 0.107205365926601 0.0519732551244456 0.125253465106283 0.0842914218266122
"ufb217" 0.593323777163917 0.599483195496513 0.150009021169592 0.189847152833795 0.102185128939534 0.0487349792721953 0.103894464788871 0.0643859971450763
"ufb218" 0.56112251012729 0.580998719930549 0.147663520504368 0.109843025941498 0.0970502352652693 0.0315829944790332 0.106438489492359 0.0721765809317327
"ufb219" 0.556034752762584 0.561422597550019 0.141214880098178 0.107305173375688 0.0898656592945754 0.031801660816968 0.0983169554249683 0.0613058808772856
"ufb220" 0.725225234752728 0.670371285904979 0.152536489740567 0.487781760323703 0.110269451090888 0.0717687569372959 0.0727674206437664 0.0764080328486094
"ufb221" 0.63993912191256 0.627251210136674 0.170946960952263 0.305216679599284 0.119788079723164 0.0655807262006229 0.0925827787291345 0.0971199150625377
"ufb222" 0.686341616491884 0.708606836755796 0.199476721057681 0.332002259340996 0.143859888912396 0.0825879652016177 0.124031862151512 0.148727784109302
"ufb223" 0.61821903641668 0.588997103048696 0.156690358653696 0.213448253216108 0.107607357662613 0.061158266599885 0.109542973970151 0.0697849883563149
"ufb224" 0.785714285714286 0.8431484295846 0.214845684474884 0.792445147271798 0.178375742146848 0.0868779523395355 0.0882162223811553 0.178493914002088
"ufb225" 0.585219928621334 0.620139297028241 0.17288628889732 0.141940886605411 0.113856109952084 0.0403156952484858 0.133251382543561 0.0979066571333658
"ufb226" 0.626506024096386 0.638326707625587 0.168240050192091 0.626261593063781 0.126855438349249 0.0585119451859476 0.032611907124898 0.0699489651723196
"ufb227" 0.673702116151542 0.702212743268462 0.20960998592646 0.260629960716638 0.143723000034642 0.0886465192985381 0.14861730076794 0.161563698709614
"ufb228" 0.547213763431991 0.549727930859259 0.134180907080425 0.109869030475304 0.0896575683289273 0.029772517528669 0.0902184717491091 0.0576488434523358
"ufb229" 0.613857446528343 0.583241468703437 0.147991604629203 0.243926265056031 0.100781185808688 0.0591128541825592 0.0869829037371582 0.0653804237030003
"ufb230" 0.678571428571429 0.537229702162383 0.129656453015735 0.678232487771961 0.0966114974427445 0.0428158867345566 -0.0107123038160419 0.0316653582827683
"ufb231" 0.644601888689954 0.587365312381273 0.162317747855162 0.284244271291183 0.111076949008394 0.0639195610619244 0.10232320180007 0.0804197057877098
"ufb232" 0.678311552194164 0.70294709414821 0.211572362705227 0.320909081380472 0.152296362547728 0.09675514679019 0.137360154255166 0.160444544304938
"ufb233" 0.595384525119246 0.597422061645943 0.15176740065799 0.213734882439545 0.106324809993128 0.0619146136191512 0.100613693997158 0.0679594283863696
"ufb234" 0.572004340522898 0.608202628883788 0.15793699165553 0.145890209720312 0.105204647237316 0.0450328858885412 0.115863400270049 0.0764186878458579
"ufb235" 0.634146341463415 0.611285518795782 0.157398887581557 0.63384702892768 0.120181695252148 0.0561068729873601 0.0206338200535174 0.0663158991250113
"ufb236" 0.667770068331251 0.573724730541896 0.158886101165522 0.344324540469558 0.110995450532364 0.0577119525086064 0.0794020806440347 0.0779646679097527
"ufb237" 0.565882148997347 0.568955852238277 0.141694889336698 0.130641867570279 0.0915998559193709 0.0315175184689076 0.0988209420236907 0.062348586365002
"ufb238" 0.552309193304379 0.576036399625259 0.143401283623109 0.0953470823354075 0.0979574386805531 0.0333145838134847 0.101963840091212 0.0720265014412212
"ufb239" 0.614862461939263 0.641241682071841 0.184969951595357 0.17869240325403 0.120537608455205 0.0570107393239108 0.144286444530632 0.112698152623326
"ufb240" 0.628242349790691 0.661283887653553 0.198850218903707 0.181907838596441 0.133657936657386 0.0680939021849904 0.14524148890035 0.143872700852206
"ufb241" 0.629070220212357 0.542661920073496 0.151161611816354 0.308639097347905 0.112471044391024 0.0538696516267666 0.0709476384658886 0.0726768155839491
"ufb242" 0.72289156626506 0.639026111503176 0.147639744599476 0.722679942040552 0.115986356945188 0.0542310174888611 0.00934037918250659 0.0704218287140317
"ufb243" 0.707174754209138 0.671701462910024 0.15465197773133 0.43352230392168 0.107284356759379 0.0728844931854426 0.0832179035473855 0.0716112041230929
"ufb244" 0.644335960858479 0.589674381209441 0.169804577579192 0.451197360334293 0.125856366518639 0.0646143004735414 0.0637045652371558 0.0943554850394207
"ufb245" 0.644710984844792 0.603772491636858 0.15943089058854 0.239789404417095 0.106309165034178 0.0574021864048365 0.0992583042739491 0.0899039572497209
"ufb246" 0.714285714285714 0.704926470588235 0.187613842636393 0.71416846017494 0.152350241826584 0.0717590149003074 0.0565924369264292 0.114961320634982
"ufb247" 0.649741176384143 0.565173816789326 0.136153466248996 0.379913661729017 0.0912349824514384 0.0634601826474719 0.0631474141303585 0.0552983203501059
"ufb248" 0.548480269271045 0.549901090628994 0.135679952531094 0.107325983933958 0.0878073105095204 0.0311882342565056 0.0918097663538362 0.0582210650916255
"ufb249" 0.590531142662283 0.647719879983377 0.189427452411211 0.179021595091189 0.123794782702259 0.0616246974124931 0.149495250640607 0.117257670245132
"ufb250" 0.646550499152619 0.633708556437273 0.180667454349741 0.224304633405497 0.121411550416907 0.0629089841345116 0.128938588255204 0.11743641944708
"ufb251" 0.687932809549233 0.647220496403863 0.148295670829829 0.405160617975087 0.104035961033147 0.0682457032533385 0.0825190075350208 0.0635370438170445
"ufb252" 0.560470037768009 0.544559767107087 0.152342496882012 0.095099556106752 0.0948880768224012 0.0360165129480239 0.109339306964412 0.0803762861537527
"ufb253" 0.561125907946372 0.545273648308866 0.151146013739681 0.0843383929007078 0.0943701064732507 0.0355858086565838 0.108762976251038 0.0785794240313967
"ufb254" 0.685942178360949 0.67942794613818 0.165341209281061 0.455484643599179 0.117685109197538 0.0748157796869101 0.0749883160256895 0.0906212220201513
"ufb255" 0.697417949826718 0.652464122816776 0.189460819704067 0.380572853858671 0.134675378633747 0.0781458548655785 0.102051568179949 0.124501096090131
"ufb256" 0.561891569563237 0.596175098333093 0.161186738037162 0.130764599546244 0.103617411790575 0.0434716284125133 0.120616498606938 0.080328994369725
"ufb257" 0.582270519721042 0.606157657573044 0.165349822903355 0.121731040948276 0.104883475863563 0.0338522114810629 0.125395129810385 0.0906276069986079
"ufb258" 0.576602823752783 0.588938078120182 0.158147396577273 0.118923428154895 0.0994762138735773 0.0350155666394207 0.117800625541944 0.0812685702149823
"ufb259" 0.614264642247598 0.598912174815416 0.171918220609214 0.219230826408389 0.119985896776583 0.0634314870215326 0.10189459665749 0.111768967239252
"ufb260" 0.61762230997338 0.653047678244556 0.190943358419103 0.17869240325403 0.125558504189148 0.0582437791218199 0.150558023353301 0.117102957538342
"ufb261" 0.639990554355115 0.556446480845106 0.158528516198279 0.294855462727366 0.113704685418968 0.055163105013614 0.0789137625467583 0.0928060382572162
"ufb262" 0.710843373493976 0.616365568544102 0.136772439900972 0.710678158608728 0.10179242441967 0.0471218795023041 -0.00224121155769144 0.0426489565617026
"ufb263" 0.618036058205314 0.627911819967287 0.173166642361297 0.166105756400801 0.116545589879011 0.0466294256829761 0.128377972162294 0.106052711385476
"ufb264" 0.747266600332223 0.750684390953708 0.186789601225099 0.60671709444828 0.140797247527568 0.0854531526332496 0.0828602961283597 0.135976346586119
"ufb265" 0.746600622492264 0.758284243936208 0.191805443313686 0.530472502179579 0.144911273345191 0.0945774954770959 0.104374148190428 0.142765791469208
"ufb266" 0.649528389452708 0.591336410350283 0.162224895497209 0.254790677477282 0.109496206913587 0.0622676394191511 0.106040006913365 0.0759997873286208
"ufb267" 0.576803321656107 0.62683770372341 0.180844573672753 0.11852947324331 0.117209096014332 0.0497744931384077 0.141234673966093 0.107518212505748
"ufb268" 0.578171791415139 0.634415439081957 0.181270660465673 0.120266171664299 0.118460202034952 0.056642829209722 0.14203735302648 0.104268440716775
"ufb269" 0.573954876475123 0.627439817240843 0.181468325652158 0.131157047133021 0.116866480728193 0.0521912941542566 0.142244322337533 0.10251496961346
"ufb270" 0.574314943733343 0.627397412622194 0.179121886510022 0.144270957861462 0.11617365591874 0.0527631711717479 0.139826442913851 0.0992281250364941
"ufb271" 0.657238836712516 0.586580146348198 0.177312614956334 0.391576713765537 0.130311685274719 0.0632530597829856 0.0714192923511904 0.0952481974678012
"ufb272" 0.66622885721177 0.564869720045149 0.158345273671889 0.368055947934337 0.111318324495165 0.0584706819224968 0.0671118854075833 0.0751084238356295
"ufb273" 0.578779867659608 0.598177392939303 0.162504009419955 0.109488498385809 0.10241897079244 0.0358669084603888 0.122366034152601 0.0866810931393838
"ufb274" 0.563893589584707 0.565846792117351 0.138444762635966 0.130639576913754 0.0899767550023797 0.0327046048696426 0.0947149095846154 0.0581477087031008
"ufb275" 0.567598554852658 0.565189929092946 0.140331564930318 0.13063510110743 0.089476604502328 0.0345177686826335 0.095869654897405 0.0585345476739083
"ufb276" 0.575474960046258 0.534252682876251 0.13785914036438 0.293179915008966 0.0947751968789107 0.056611039213419 0.0562887800205068 0.0587025638770451
"ufb277" 0.690245125534036 0.592955646039645 0.145055080069205 0.471021489044033 0.103302249560745 0.0607717746070113 0.0527158020082929 0.073499842357419
