NA NA NA NA 0.2819882
NA 0.1316197 0.1976736 NA NA
0.02483563 0.1316197 NA NA NA
NA 0.1259692 0.198502 0.2986083 0.08346676
0.08207692 NA 0.1151351 0.0164666 0.04213563
0.07773452 0.1204944 0.1973896 0.1506601 0.2956496
NA 0.003366362 0.1959768 0.05923563 0.06751205
0.1493184 0.04240511 0.1255178 0.01265312 0.1707822
0.1258693 0.1210204 0.09475117 0.06804312 0.2462129
-0.06539088 0.1713083 0.1627391 0.1245085 0.07292037
0.05905674 0.1018547 0.04845974 0.06089529 0.26592
0.1476404 0.04135913 0.05587403 0.1291859 0.1978522
0.06146737 0.05190126 0.1746376 0.03897639 0.05800127
0.04728497 0.05393588 0.04395145 0.1568999 0.108773
0.1033252 0.0473575 0.07107352 0.02395858 0.03855448
0.184656 0.0461582 0.1577809 0.1200497 0.04960546
-0.003632107 0.02612423 0.03298871 0.01077297 0.0365705
0.06855065 0.003928714 0.06312168 0.04182587 0.02451348
0.06997702 0.02215177 0.04875144 0.05355309 0.02017802
0.02151892
