NA 0.1511582 NA 0.3222494 0.07679594
NA 0.1241939 0.04093646 0.05067749 0.0298005
0.08054418 NA NA NA 0.1357549
0.0974824 0.2716387 0.103248 NA NA
0.0634274 0.203628 NA NA 0.01818749
0.02541372 0.04059497 0.04838035 0.03958056 0.08951239
0.1148528 -0.0199342 0.1055061 0.1383057 -0.02056505
0.1937994 0.05056992 0.06560122 0.130561 0.2698341
-0.06213769 0.0798997 0.06129893 0.0573456 0.2054318
0.06502294 0.1316197 0.1492963 0.04372182 0.05142872
0.2033554 0.09374827 0.1337171 0.0734015 0.1647192
0.02533225 0.09697913 0.1410925 0.06690148 0.1078693
0.1162754 0.1689974 0.02124219 0.09574984 0.03238551
0.01777636 0.1030418 0.03070172 0.004969402 0.06903734
0.06270896 0.02349992 0.02402015 0.1533606 0.02778444
0.06240661 0.03581667 0.0254222 0.1794226 0.1629921
0.006679868 0.02453287 0.09882336 0.03971886 0.04592025
0.06387202 -0.007065467 0.02753416 0.01969678 0.03203519
0.04717403 0.03697984 0.08123945 0.03477376 0.03607445
0.05678463
