0.03688664 NA 0.1253954 NA 0.07486011
0.14897 0.1099102 NA NA 0.08944328
0.1706968 NA NA NA NA
0.1146656 -0.0463983 0.07202434 0.09154034 0.2870009
0.1813909 0.1100986 0.1233231 0.1965078 0.2072489
0.2655837 0.07283279 NA 0.04183729 0.2721643
NA NA 0.08197015 0.09181907 0.0796266
0.1012576 0.0699533 0.0534572 0.2129443 0.18658
0.06168798 0.06577105 0.0436502 0.05041146 0.04759729
0.08054418 0.0581516 0.08605895 0.193755 0.1788738
0.05894955 0.008827625 0.1154001 0.1710618 0.06199464
0.05142702 0.1790225 0.09195017 0.062847 0.1010508
0.05677941 0.04317844 0.08421328 0.0431289 0.04589385
0.00582797 0.07258206 0.004121246 0.04914889 0.1009693
0.1353135 0.1464134 0.1261181 0.09892613 0.06706766
0.1596104 0.2186563 0.1527812 0.01744459 0.006418067
0.009493455 0.009201249 0.06048688 0.003066775 0.003441353
0.0326338 0.04711851 0.04153082 0.02800672 0.04271749
0.05325625 0.04839367 -0.01414915 0.06286759 0.08299983
0.05569634
