NA NA NA NA NA
NA NA NA NA 0.1099102
0.1942937 NA 0.2300288 0.1806348 NA
0.1706968 0.01245368 NA 0.1120451 0.08343245
0.1225408 NA 0.2404231 0.02060788 0.03809293
NA 0.0357574 0.2225378 0.141892 0.07861572
0.1944882 -0.03140342 0.1641844 0.076637 0.06730135
0.04850698 0.05672446 0.1078151 0.05671782 0.1062323
0.3069467 0.08833534 0.07790015 0.2074288 0.02152745
0.1723575 0.1887046 0.2011601 0.224621 0.008055845
0.0942114 0.05966084 0.1013431 0.09613212 0.1967113
0.148264 0.04148661 0.08613327 0.1482756 0.04051207
0.1245886 0.1088153 0.04550076 0.2379154 0.1136523
0.05571446 0.0498852 0.06443177 0.0470866 0.08675752
0.09153136 0.08302915 0.04725426 0.06324145 0.106671
0.09232848 0.09083598 0.04599099 0.1509632 0.02893406
0.02342178 0.02941234 0.02435902 0.007099339 0.01506237
0.04462395 0.002026526 0.0146911 0.1132807 0.09041073
0.03063509 0.1277265 0.07919151 0.04291378 -0.01234521
0.1109269
