NA NA 0.01468268 NA NA
NA NA NA 0.08116305 NA
0.1471593 NA NA NA 0.1393044
NA 0.1478134 0.2303643 -0.0212812 0.09806771
0.03129992 0.06722292 0.05165175 0.04593704 -0.02796531
-0.002584532 0.09479959 NA 0.2838148 0.1000631
0.1987224 0.05217777 0.1866247 0.1829268 0.11384
0.04966153 0.1065524 0.1812108 0.06933091 0.0563096
0.1248854 0.2505124 0.1141249 0.05855712 0.05820269
0.1181448 0.2580567 0.1153816 0.06514085 0.1236606
0.1555304 0.05642254 0.2905926 0.07676556 -0.02127236
0.07168797 0.07913485 0.09781082 0.1522934 0.04868818
0.01590259 0.2084336 0.1823323 0.1061749 0.06211765
0.04043541 0.02354403 0.06663801 0.06394901 0.1122141
0.07984194 0.08604789 0.05527776 0.04305913 0.1145622
0.1063731 0.05938377 0.1072434 0.1282224 0.1514496
0.01215672 0.009701899 0.04509068 0.04815702 0.03863818
0.02152972 0.1423307 0.006478467 0.03191854 0.04855691
0.06450579 0.03435784 0.04708846 0.02640108 0.04577599
0.01981883
