0.254009 0.2996547 0.08944328 NA 0.1246181
0.2754254 NA NA NA NA
NA NA 0.159383 NA NA
NA 0.04845272 0.06471991 0.09619323 0.2452201
0.08678991 0.2337186 -0.002068962 0.01313503 0.06601747
-0.06616112 0.1939246 0.2379918 0.04806523 0.03243296
0.2886632 0.03446962 0.08346303 NA 0.1196868
0.176583 0.2005913 0.06984543 0.08968526 0.03683938
0.01876186 0.03972321 0.02718963 NA 0.1884461
0.04052977 0.1046837 0.07569087 0.07647891 0.04998438
0.03006548 0.01557272 0.1805224 -0.02489365 0.2285591
0.0244473 0.0391282 0.1438681 0.1463523 0.1565962
0.04330875 0.1080234 0.09857977 0.2293767 0.005757593
0.1243386 0.0533683 0.05298929 0.05256157 0.04973801
0.003625437 0.04216839 0.1083801 0.02375778 0.03419319
0.1775528 0.09752662 0.04348285 0.06686846 -0.004939015
0.05592081 0.07625222 0.008459861 0.03494511 0.05831711
-0.01153703 0.0612025 0.09670539 0.01261556 0.03520953
0.02225086 0.09178048 0.08198536 0.07634668 0.08164676
0.01428514
