0.1124584 NA NA NA 0.0569703
-0.006209555 NA 0.06900527 NA 0.2156692
0.2762468 NA NA NA 0.1902353
0.01563871 0.06003485 0.1941498 0.04819879 0.2574705
0.08054418 0.155074 0.07152133 0.07565887 0.1204515
0.03177277 0.2302446 -0.03228712 0.09756056 0.1065077
NA 0.09989961 0.0627166 0.06642634 0.05677044
0.06730387 0.1022 0.0894183 0.05702689 0.018512
0.02112238 0.1159146 -0.01950866 0.1697309 0.09545768
0.06060981 0.2501016 0.04946894 0.1269906 0.07382806
0.08933571 0.1647281 0.07852873 0.2320551 0.1466037
0.04159045 0.02685925 0.05117998 0.1343088 0.06454828
0.08931758 0.01482349 0.0935282 0.2249434 0.1193186
0.1253098 0.1091723 0.1226988 0.01790386 0.1847615
0.2582405 0.07653801 0.05367695 0.1803837 0.08720599
0.06733345 0.1167905 0.09681664 0.1575695 0.1484683
0.05918556 0.06624796 -0.007737737 0.127781 0.01829237
0.0971816 0.04165644 0.02619873 0.02352341 0.01013173
-0.001882457 -0.005028632 0.00740761 0.07115278 0.03568881
0.00183559
