NA NA NA NA NA
NA NA NA NA 0.1503228
0.04259289 NA NA NA NA
NA 0.1444691 0.2581249 0.03138301 0.1466961
0.04757785 0.1478029 -0.02732091 0.1124584 0.1334821
0.09312805 -0.06213769 0.3030108 0.02816222 0.257207
0.006771595 0.2100602 0.1598747 0.1437251 0.06007172
0.03649103 -0.008254852 0.2373109 0.09048072 0.2038319
0.0556884 0.1965046 0.006621735 0.03903636 0.1431174
0.1094832 0.01325881 0.06745459 0.0477911 0.02973086
0.07907346 0.06163248 0.1489085 0.1056324 0.1592855
0.1319282 0.07146939 0.1304875 0.2187449 0.06186757
0.08908735 0.1814241 0.07789991 0.06806903 0.05408208
0.02716725 0.0555209 0.2122466 0.0576716 0.07465454
0.01838654 -0.0006380429 0.05443668 0.05689312 0.100261
0.02427374 0.01963754 0.05399031 0.09289627 0.04381613
0.05726333 0.003943453 0.03281533 -0.005949719 0.04554037
0.03837959 0.01002922 0.04267844 0.04198332 0.007085149
0.001547548 0.02290955 0.07860829 0.02262555 0.05104167
0.04140993
