0.08616477 NA 0.2313454 0.07517495 0.1944882
NA NA 0.179529 NA NA
NA NA NA 0.08742508 0.2329282
0.01384559 0.09833573 0.01783434 0.1491503 0.17782
0.04749532 0.194955 0.1104569 0.1348749 NA
0.03146392 0.01603831 NA 0.2034112 0.01010514
0.1615517 0.09097357 0.2898687 0.1037365 0.08607981
0.2317385 0.03770209 0.1083 0.06986368 0.2267477
0.07583651 0.2007189 0.01571145 0.1955432 0.2011105
0.03753642 0.2039277 NA 0.1027155 0.03903072
0.05042504 0.06323411 0.02752399 0.1107657 0.05782532
0.0448414 0.2056107 0.115064 0.0719213 0.07427286
0.05949653 0.1442948 0.1283914 0.1707765 0.1735428
0.07395966 0.02884919 0.0646976 0.1719687 0.1813342
0.05095711 0.02158652 0.05763245 0.03679151 0.1428168
0.06821193 0.02838817 0.09455999 0.1481725 -0.005120588
0.02741046 0.01414029 0.05179593 -1.346567e-05 0.04654697
0.02079045 0.01926449 0.03501361 0.0125109 0.01416845
0.0126135 0.04164107 0.01335341 0.0008477526 0.03324494
-0.002817239
