0.1017565 NA 0.1760413 NA NA
NA NA 0.08348004 0.1391642 0.1200741
NA NA 0.1316197 0.1584401 NA
NA 0.1926397 0.09246003 0.1473408 0.1637435
NA 0.0375995 0.3025477 0.3007482 0.1706968
-0.06893446 0.08397668 NA 0.07745548 0.07216472
0.03245067 0.1852609 0.2480471 0.0817998 0.08228606
0.1547891 0.04469541 0.0912031 0.09173285 0.04940044
0.1213984 0.03532552 0.1853303 0.1215518 0.2583836
-0.0005735178 0.02126126 0.03305532 0.0924217 0.1864554
0.154219 0.1500693 0.09395918 0.04873304 0.1148964
0.1683245 0.0424459 0.09256532 0.11775 0.06657885
0.07461783 0.1174185 0.2048684 0.107496 0.08917386
0.08088849 0.1248156 0.02590236 -0.002907994 0.04567164
0.07815358 0.0409757 0.06210909 0.1151201 0.1702203
0.07762723 0.05858828 0.02997026 0.03325457 0.03890524
0.001199609 0.01842099 0.01178884 0.02785746 0.07945427
0.04002227 0.005684386 0.02123472 0.01790817 0.02640847
0.0239299 0.06722246 0.08230227 0.04770985 0.01739169
0.0570308
