0.06551448 0.2524996 0.1976736 NA NA
NA NA NA NA NA
NA NA NA 0.3208621 NA
NA 0.01617269 NA NA 0.04697166
0.2122227 0.1573892 0.114429 0.2058272 0.1657771
NA 0.1706968 -0.04063274 NA 0.249489
0.074074 0.232985 -0.004706275 0.09122223 0.1395631
0.1375201 0.06359086 0.1280984 -0.02495186 0.1737154
0.2021257 0.03498222 0.05804748 0.1498723 0.2252304
0.2070649 0.01207326 0.175963 0.01186722 0.2219543
0.06966634 0.01581151 0.1398787 0.0749621 0.1044236
0.3192955 0.1817353 0.007400275 0.01382002 0.06297314
0.03304124 0.02001652 0.0663912 0.1039137 0.1600477
0.08697747 0.1350756 0.03557439 0.1437252 0.02937403
0.06342629 0.05220563 0.07893838 0.05979424 0.08402235
0.02101895 0.1972721 0.02795049 0.0448335 0.05186859
-0.00554675 0.03856712 0.01541049 -0.002669021 -0.003599013
-0.002963582 0.02991962 0.03600167 -0.001383969 0.00710049
0.08183266 0.01521539 0.0008296388 0.02861472 0.04444601
0.0327226
