0.1503228 NA NA NA NA
NA NA 0.04152521 NA NA
NA NA NA 0.160138 NA
0.1939246 0.3035799 0.04084733 0.1706968 0.08404131
0.301941 0.1752529 0.1826361 NA 0.0988695
NA 0.1060904 NA 0.007006017 0.02466986
0.08002596 0.220553 0.04458487 0.1185779 0.1117259
0.09473827 0.2556171 0.2876549 -0.02017725 0.1291438
0.1979194 0.2649512 0.1201836 0.2529645 0.05590735
0.0004162124 0.09844736 0.1882258 0.05012821 0.1914971
0.05537775 0.03263527 0.06763577 0.2132395 0.1087661
0.06476527 0.1273453 0.1449093 0.2064171 0.07915705
0.1024654 0.08663017 0.2016101 0.04126056 0.08734154
0.109504 0.067945 0.06280989 0.004330448 0.03940982
0.04142913 0.122558 0.1212674 0.0154496 0.07901095
0.1358202 0.02490364 0.07385517 0.09777715 0.07771137
0.06686128 0.1187243 0.06333632 0.05197566 0.009019904
0.04398527 0.02087267 -0.00248098 0.02195477 0.0145716
0.03536814 0.03578905 0.02642663 -0.008328093 0.009537303
0.03516887
