NA 0.08054418 0.1246181 0.1099102 0.1327522
NA NA NA NA NA
0.1820778 NA NA NA NA
NA 0.02267627 0.1107537 0.1175607 NA
0.1264245 0.1155745 NA 0.1271078 NA
NA 0.1316197 NA 0.0336926 0.1298613
0.1317639 0.0576863 0.1456029 0.06814276 0.07969231
0.04430669 0.06377041 0.1672007 0.0267579 0.1006317
-0.05965616 0.09287654 0.1208037 0.07828544 0.00332343
0.1680491 0.05429243 0.07688223 0.1581789 0.1710822
0.1624859 0.03361712 0.1112737 0.1623558 0.08101081
0.05542969 0.03590954 0.1739675 0.060076 0.126615
0.007480783 0.06083281 0.167308 0.09273503 0.07202895
0.05803078 0.05665995 0.1062895 0.1237258 0.08967947
0.02546846 0.06548001 0.02782601 0.05135957 0.03403212
0.04253539 0.03939099 0.1055045 0.05633048 0.1052247
0.05625776 0.02754012 0.04418944 0.1388937 0.05240101
0.07911391 -0.008036811 0.04041496 0.02276753 0.01420968
0.03340389 0.07394934 -0.01400818 0.03301413 0.03150885
0.01273654
