0.0971835 0.02129103 NA 0.1271673 0.1246181
NA 0.1739455 NA NA 0.1317775
0.02687129 0.1503228 0.2439717 0.1238161 0.141892
0.08054418 0.07523925 0.1828671 0.05931584 0.1034095
0.03367414 0.1859756 0.1353825 -0.06949461 0.06348928
0.07656958 0.2996547 -0.002436546 0.04699073 0.1805426
0.007542357 0.1913435 0.1045661 0.1700157 0.2240957
NA 0.09064026 0.1222003 0.03146024 0.1602833
0.1214611 0.2332377 0.1474134 0.1055799 0.2657532
0.03079533 0.2182219 0.02225767 0.1769132 0.06768773
0.04334021 0.07430755 0.02719709 0.1431876 -0.01165227
0.02946196 0.2255633 0.1165261 0.08957851 0.2003619
0.05324923 0.01916431 0.07425842 0.06395272 0.09296489
0.04223168 0.02981581 0.1238483 0.0927135 0.01900798
0.1731915 0.00729178 0.064757 0.08555849 0.05851477
0.09352915 0.1069085 0.1038071 0.03426005 0.05060794
0.04786559 0.007477839 0.009108323 0.04338396 0.0468444
0.03268211 0.02658143 0.05653648 0.03315199 0.05268913
0.02400503 0.008619262 0.04958833 0.002042083 0.05713039
0.04869471
