NA NA NA -0.01654773 0.1022633
NA NA NA NA NA
NA 0.1706968 NA 0.1706968 NA
NA 0.1105138 0.2970338 0.156029 0.1939246
0.1370526 0.306863 NA 0.3001706 0.03594284
0.09065634 0.1064972 0.05932746 0.1128449 NA
0.09540342 0.1309624 NA 0.03899013 0.06560873
0.02999926 0.0879772 0.06829387 0.05293083 0.035951
0.02137496 0.07050044 0.2475929 0.210273 0.01569015
0.04566009 0.05709118 0.1064763 -0.007284554 -0.0008031446
0.138488 0.1254287 0.1681702 0.0007397619 0.2271822
0.03433101 0.06911734 0.1713099 0.204546 0.08156798
0.1806249 0.08627237 0.110637 0.07828982 0.01910261
0.06046012 0.009238118 0.02666391 0.1339078 0.05493127
0.1245713 0.09950952 0.1845972 0.1919298 0.04403449
0.02077421 0.1488566 0.04592618 0.0854408 0.04248186
0.01795917 0.08098434 0.008722597 0.09457831 -0.004955991
0.05225923 0.02672743 0.03697346 0.03756988 0.09294433
0.01510552 0.01485226 0.02612244 0.01694651 0.05112241
0.04879772
