NA 0.1294699 0.08944328 NA 0.1246181
0.152738 NA NA 0.06914148 NA
NA 0.1522437 NA 0.1010145 NA
NA 0.2260117 0.07940126 NA 0.004492927
0.07950228 0.115419 0.1490457 0.1987224 0.05911864
0.1944882 0.01813576 NA 0.0952585 0.1268121
0.02401161 0.2623943 0.08732435 0.1274784 0.3099767
0.03629908 0.1224663 0.1592939 0.1199323 0.1261802
0.1876681 0.06335337 0.1018932 -0.003436308 0.2444775
0.1207748 -0.0004748885 0.1581019 0.1686753 0.2397797
0.04984611 0.1206695 0.1160773 0.1227326 0.07965875
0.06553418 0.1897437 0.1660383 0.0522799 0.2149592
0.1078093 0.198054 0.06717313 0.09493956 0.08235112
0.04307848 0.1264574 0.09785579 0.05139906 0.05584436
0.1194579 0.06880223 0.02569571 0.07525189 0.03560605
0.08142637 0.08593714 0.09494451 0.05205032 0.04076929
0.02452129 0.003455145 0.01197879 0.02120899 0.03454735
0.0701675 0.04582509 0.01429344 0.02915548 0.02797314
0.09376294 0.03647609 0.02930586 0.01479229 0.1127855
0.03101335
