NA 0.05129449 NA NA 0.1077359
0.1958397 0.141892 0.235088 NA NA
NA 0.07804432 0.1316197 NA NA
NA NA 0.05491748 0.1440353 0.1329139
0.1593771 0.03984335 NA 0.3030108 0.3023502
0.04070524 NA 0.04615621 0.2528508 NA
0.09649988 0.01253555 0.05095162 -0.0004158768 0.2129746
0.1211995 0.1823865 0.0267277 0.1320197 0.1162936
0.1316259 0.09860191 0.1925407 0.2193254 0.1132334
0.00043004 0.1555085 0.1665002 0.07735334 0.06875565
0.09085314 0.08555606 0.08751143 0.04382196 0.1372467
0.2214387 0.1097094 0.06923036 0.1503261 0.07138209
0.02505051 0.08916056 0.07954663 0.06125695 0.0464257
0.07163664 0.1142904 0.08451038 0.08780301 0.1175049
0.1143857 0.093992 0.06534245 0.07496611 0.03944088
7.24968e-05 -0.01241001 0.03145166 -0.006433652 0.171628
0.05032043 0.02440664 0.03151305 0.1063381 0.01994352
0.02303608 0.001858708 0.02568204 0.01921074 -0.01318556
0.01458115 0.006656996 0.03411702 0.01842962 0.05957731
0.00833263
