NA 0.1522437 NA NA NA
NA NA 0.1976736 NA 0.1334821
0.1251068 0.1503228 0.01384559 NA NA
NA 0.01074905 0.03349268 0.1294699 0.1161209
0.02765357 0.1816749 0.1793721 0.1243844 0.1957992
NA 0.09513075 NA 0.0490843 0.004893942
0.2513757 0.1308397 0.2091915 0.1147657 0.03691313
0.175353 0.07568698 -0.02525989 0.07126693 0.01847328
0.08694934 0.02944487 NA 0.1116791 0.05740621
0.1158854 0.1820466 0.2762399 0.09250756 0.1289903
0.1671135 0.1142435 0.2103969 0.09147297 0.08749706
0.1076256 0.1050652 0.0782394 0.07582289 0.1526412
0.1106246 0.1242093 0.07653299 0.08278219 0.1301984
0.1299666 0.07661187 0.05263107 0.1702863 0.02342918
0.04316281 0.2596173 0.04756038 0.02409431 0.1387423
0.108502 0.1003745 0.02742548 0.03403735 0.1079895
0.0321907 0.02080514 0.01070295 0.04517609 0.00700708
0.07206034 0.05370634 0.008017765 0.03761019 0.07636243
0.01139695 -0.003190238 0.03100983 0.001099868 0.04276525
0.05416256
