0.1978993 NA NA 0.1150382 NA
NA NA 0.07180811 0.2729575 -0.005692972
0.09328795 NA 0.1799686 0.1120161 0.1217007
NA 0.2413777 0.08126189 0.2820964 NA
0.1278466 NA 0.2068803 0.2232935 0.2849044
0.1563156 0.1526441 0.1033973 0.1735011 0.1970295
0.02984314 0.2868562 0.2356623 0.1365461 -0.06059737
0.07278511 0.2027089 0.08837109 0.05336591 0.03540571
0.1960085 0.1094303 0.0002508724 0.1339645 0.0711053
0.1537655 0.04318512 0.06342302 0.1199618 0.08033831
0.01835456 0.2304536 0.0699132 0.01738179 0.1837429
0.3075553 0.2373806 0.1363289 0.1013932 0.09465359
0.02869458 0.1620997 0.07442729 0.178861 0.07245674
0.1070316 0.04006354 0.04143919 0.1348953 0.02407049
0.09937226 0.09442296 0.005963516 0.1021344 0.05747042
0.06407062 0.06120632 0.03850934 0.05187167 0.2336919
-0.00152926 0.06869976 0.06370557 0.04780213 0.028125
0.0445557 0.04255267 0.1184073 0.06060366 -0.001030921
0.0454966 0.08558105 0.03993835 0.001668596 0.03652451
0.056567
