0.1337501 NA NA NA 0.1286192
NA 0.1976736 0.1522437 -0.007420996 NA
0.1942937 NA NA NA NA
NA 0.1960921 NA NA 0.2977562
0.01839345 NA 0.1454286 0.1294341 0.1589248
-0.03491803 0.2679462 -0.05798291 0.06959904 0.127629
0.1371876 0.1487913 0.1712727 0.1737432 0.08303809
0.1483811 0.1441114 0.2494033 0.1818416 0.09594063
0.08629592 0.004909691 0.0221153 0.08539196 0.2285862
-0.008788292 NA 0.02599078 0.06838811 0.06049306
0.0956324 0.1968182 0.0747107 0.166321 0.09421926
0.0646747 0.09981887 0.1291612 0.1757471 0.2364277
0.03500833 0.02814242 0.03408616 0.04559553 0.07062643
0.1452303 0.02331494 0.08590774 0.1045345 0.1682351
0.1350474 0.1521376 -0.001060885 0.1582493 0.1058081
0.0522432 0.1986526 0.04252545 0.05716071 0.1638834
0.01371951 0.008841257 -0.0008779317 0.09625986 0.08927384
0.02337507 0.0580053 0.004304797 0.04368767 -0.01696434
0.01907945 0.01265146 0.03700634 0.06915567 -0.003540949
0.03123637
