0.1494807 0.1124584 0.2372906 0.1246181 NA
NA NA NA NA NA
0.1316197 NA NA NA 0.2940434
0.2293544 0.2961987 0.06485723 0.09383443 0.1789388
0.08240641 0.2201707 NA 0.06189512 0.08349096
0.2472853 0.1554311 0.1808852 0.2103823 0.1036896
0.2651387 0.1246181 0.2611183 0.02199834 0.1549353
0.06099485 0.1439019 0.05472473 0.07532952 0.1945882
0.2497041 0.158313 0.0648085 0.1538731 0.1022682
0.06582718 0.09266991 0.2867941 0.1195586 0.06770183
0.08953734 0.0797512 0.1398565 0.1278411 0.09747831
0.06430775 0.04498325 -0.002140983 0.07300613 0.0846736
0.07334071 0.08076867 0.0599633 0.1669115 0.04050102
0.1228744 0.09490278 0.1292017 0.02992072 0.0515135
-0.002631455 0.03157774 0.03701998 0.05256719 0.04032113
0.04203755 0.03440055 0.02604416 0.02982461 0.08576092
0.005125145 0.03187437 0.07911963 -0.001909986 0.07986549
0.01524913 0.02170926 0.03222862 0.06960554 0.0793465
0.06991812 0.02913657 0.05701225 0.04184043 0.03226247
0.03234412
