"quartet" "wQuartet" "cluster" "phylo" "mutual" "shared" "clusterNorm" "wNrqs"
"mb49" 0.730896726339235 0.754589475619847 0.187514803882811 0.530155405293405 0.135349933086603 0.089651355845006 0.102600718212032 0.117101126327117
"mb50" 0.7265693020692 0.762553820957815 0.195414310317823 0.58768355143875 0.145239031873237 0.0860482848264241 0.0975491190719937 0.135539226088798
"mb51" 0.746704429586404 0.789671590109831 0.189111210555289 0.634186044772593 0.143543586452428 0.0887694032292482 0.0906054664644374 0.134463882219929
"mb52" 0.634162383437881 0.696520845359954 0.188965193008348 0.269966408649669 0.139760183192387 0.0859898043237656 0.104133503208817 0.118744545391427
"mb53" 0.711015911437175 0.735149079299926 0.19717448782056 0.453690921520078 0.144377454577999 0.0842439555663423 0.113266658012591 0.137106844965087
"mb54" 0.792682926829268 0.901981788966256 0.231498539832456 0.792357152623367 0.18546500366938 0.0883091292054405 0.114374521504048 0.18896606249376
"mb55" 0.804697384086822 0.833426693003921 0.215077578870654 0.66056297564335 0.162655120508871 0.100713205932573 0.119608194786163 0.141411161052802
"mb56" 0.716358578502235 0.75667696447257 0.208864364865829 0.504063553230659 0.156847640086832 0.0962142795681823 0.126202557067436 0.152278733785589
"mb57" 0.880766113599594 0.876613303549268 0.190894939349179 0.794799325724296 0.150663205428099 0.0946032194326282 0.0928063033725519 0.129913088689103
"mb58" 0.7875 0.852233217437818 0.216115333014105 0.787210817315106 0.174099807087424 0.0845826875362745 0.0950979794816965 0.174018876463871
"mb59" 0.780487804878049 0.839920352380378 0.224659865996142 0.780445108831358 0.185049688907609 0.0890349106069547 0.10749896054561 0.192897508932379
"mb60" 0.833399876796244 0.80895907767136 0.186312196933287 0.696673868920326 0.14278661753019 0.0826769860887542 0.0873007954310706 0.129077846699508
"mb61" 0.795180722891566 0.856326703343208 0.219633665284871 0.792490272729684 0.179733022515362 0.0858227156064454 0.101781725039809 0.169992143948934
"mb62" 0.738345976547657 0.741561879549967 0.17887036292603 0.502828428723212 0.127349326906166 0.0853209114063306 0.10254932935368 0.114163481680117
"mb63" 0.878048780487805 0.882413574373612 0.193511322822468 0.87785714860198 0.159847706778865 0.0799752390797267 0.0710168112835115 0.146535954825536
"mb64" 0.733510904478657 0.78828787531515 0.214297064859161 0.590137690914913 0.166472449711179 0.100674190001097 0.118498840103879 0.168155419972169
"mb65" 0.767034386624127 0.790938889829335 0.184352712927883 0.574810453496764 0.137212503240015 0.0923775117871555 0.099328291732991 0.119775145859333
"mb66" 0.621186192088725 0.664389276325111 0.175020905416287 0.084955266765009 0.111836792740875 0.068945142325338 0.125320645723752 0.0913306401725566
"mb67" 0.891566265060241 0.924283825473777 0.191314817007832 0.891391473761694 0.157655206069957 0.0781820910246199 0.0691861274125153 0.145371310226605
"mb68" 0.698842453107563 0.694064296704187 0.179079223701531 0.38227309443349 0.120732075502 0.0706549998732989 0.109243524147739 0.106143138866559
"mb69" 0.719512195121951 0.696642429426861 0.155738356554384 0.719209071795415 0.120865781290794 0.0539433107186235 0.0270604348727913 0.0783391722622289
"mb70" 0.614076991069092 0.643019398396762 0.180937242958358 0.120412065495852 0.110380772103313 0.0523135799704185 0.140227559573757 0.102162292519091
"mb71" 0.74390243902439 0.719108582266477 0.165719646844302 0.743560186788954 0.130136914982576 0.0581366022172083 0.039063139216101 0.0833298843853982
"mb72" 0.569109222883297 0.648402297284525 0.178151863767638 0.0601331082421424 0.112334956542296 0.0608368024210413 0.137300271052876 0.10095049970757
"mb73" 0.616608020785192 0.649039035602699 0.185698313769895 0.132685221359032 0.115816214562274 0.0571365299177536 0.144632879864828 0.10622399197516
"mb74" 0.747585447672245 0.774257222692199 0.202047394886872 0.582718490812845 0.154104591220968 0.0863799234439001 0.105038943843967 0.147506437376997
"mb75" 0.629660454234554 0.670886741602577 0.197448033434599 0.168040469863358 0.121444651117688 0.0709406645549936 0.15438865772864 0.11370624778244
"mb76" 0.698518585003621 0.700749384112025 0.176848888069329 0.357515634100825 0.117081732796441 0.075733275971256 0.116687986232742 0.0946748723899141
"mb77" 0.707317073170732 0.793216630196937 0.200540260342623 0.706977506094342 0.158358967665626 0.0736553600170002 0.0790110110764363 0.137687758862334
"mb78" 0.604938271604938 0.682644628099174 0.20069388990933 0.420369035890742 0.150428461708127 0.0656310394900926 0.0775505679646104 0.116506786772987
"mb79" 0.598838924784973 0.654183174812316 0.173607952514756 0.0847445391375239 0.108801900265102 0.066723057524954 0.127004317769668 0.0893473598149735
"mb80" 0.879518072289157 0.85511603871089 0.156375143919919 0.879323859735216 0.128117121914831 0.0628862135372809 0.0289698193882142 0.111724616396657
"mb81" 0.728395061728395 0.779829434316564 0.188920365595887 0.728040475560704 0.148916663245091 0.0706684334597142 0.0639547928703978 0.135619715964468
"mb82" 0.817142191825959 0.770889457864856 0.176709158947686 0.637816316408377 0.124765137341677 0.0889789936215673 0.100121773449198 0.105365219618023
"mb83" 0.625403115115301 0.670103300884643 0.180856807635151 0.122893105344425 0.116405119983622 0.0792906724300643 0.129530649227591 0.0987802056547684
"mb84" 0.630365744907028 0.663659594238811 0.170019870991123 0.195377691804905 0.123198848561736 0.0718315107055629 0.0928391502834748 0.0967465849463133
"mb85" 0.728012313735342 0.727181968815646 0.177060329587458 0.472753652632743 0.124522278165055 0.0838400065742064 0.107357359372813 0.104741844739508
"mb86" 0.653307113636537 0.671365779624232 0.180306167424347 0.263178656362862 0.116459767784657 0.0673878344549703 0.130911436782195 0.0946179444946685
"mb87" 0.632966122487789 0.664540074171158 0.177281735663167 0.150804317721019 0.116925853877912 0.084051765896438 0.123382460523753 0.0965869875319721
"mb88" 0.614653299206653 0.644137249333338 0.181572260115561 0.120478122925267 0.111760264970989 0.0538648431181264 0.140649078500502 0.102867506787392
"mb89" 0.558845731403926 0.634420454848158 0.169520947998736 0.0479916747032475 0.10549444223256 0.0572966152621494 0.127989853326791 0.0944376120187231
"mb90" 0.735478250738231 0.687509009658354 0.170254213397112 0.488992949949071 0.121683900792412 0.0628835466710632 0.0837251129430657 0.094058733938371
"mb91" 0.617886726465581 0.651778497396073 0.187266429919347 0.134283299903085 0.11802132595812 0.0578468993969057 0.145816862571779 0.107925257643267
"mb92" 0.817073170731707 0.825192096597146 0.173649539513265 0.816967614801175 0.140278502958214 0.0673726175468826 0.0483905008600485 0.120363576254288
"mb93" 0.6625 0.697095435684647 0.180259621842777 0.662327744266221 0.141077128385441 0.0628469758199145 0.0536315705847521 0.116926878843076
"mb94" 0.59931592048059 0.649948240696137 0.171124139150986 0.0846952195817817 0.106051705694804 0.0632108481336323 0.125619736667045 0.0868341286480539
"mb95" 0.763393440570613 0.768950153993362 0.181951493773499 0.660419347160612 0.140544500385894 0.0866866198263074 0.0826214462566983 0.114284733369111
"mb96" 0.683965617033909 0.652599730670351 0.162206673835963 0.334168174070877 0.104926022832663 0.0543401126554564 0.0964111569340292 0.0828317830419233
"mb97" 0.752010615667415 0.763014882974125 0.177247223765479 0.653268026483809 0.135938315213738 0.0828745395090379 0.0768512583396365 0.110036736264055
"mb98" 0.668737122758632 0.64969920801959 0.160581507112777 0.358492538314786 0.10710527103392 0.0623922451997394 0.0946583588711502 0.0781061854301053
"mb99" 0.61345216285396 0.642832737239286 0.180126226192636 0.120478122925267 0.110885426947456 0.0522056815285488 0.139130739710616 0.101611710607692
"mb100" 0.633560172173835 0.649082633876282 0.179385512265923 0.277909153162817 0.119523032289036 0.075737505300206 0.119281836988609 0.105877785695159
"mb101" 0.813639857489123 0.77844069700107 0.177361323052623 0.599345938231204 0.128610876268599 0.0833580110140599 0.0916556641880411 0.105315061293949
"mb102" 0.694984919068038 0.687670356106335 0.169424860783235 0.350061157068796 0.112335229289794 0.0707482692807327 0.104323002104696 0.091197289396726
"mb103" 0.626051039014713 0.654951548585715 0.169501028020401 0.101707550648124 0.108948484243701 0.0674400453884854 0.117441281731487 0.0875576833787799
"mb104" 0.798078501031449 0.749250044115052 0.174377370466419 0.577365140500128 0.119145122434813 0.08276781030939 0.104381839622377 0.096946038779482
"mb105" 0.771038034794309 0.714160679770978 0.155372227120818 0.644223037648602 0.116951372195101 0.0654621597983437 0.0522720736528621 0.0748365991903112
"mb106" 0.939759036144578 0.900454478815423 0.125340359310222 0.939661929867608 0.104076073777198 0.0508457540802378 -0.00675187881402698 0.0728403766347477
"mb107" 0.641732057564443 0.653607495363738 0.18104744247817 0.214612292955957 0.113906095920076 0.068456693666115 0.131667398299013 0.0974982369666495
"mb108" 0.553996828882834 0.624255399219181 0.164394440860215 0.0479851953789507 0.10192826975411 0.0556866166349046 0.122247385511764 0.0899916917364714
"mb109" 0.562907544906617 0.635488013155457 0.170456487978051 0.0479916747032475 0.106574382216617 0.0586230511558162 0.128972178350661 0.094829679850705
"mb110" 0.695121951219512 0.721884096321778 0.181989590322712 0.691211061628213 0.143681178478939 0.0654202200274758 0.0571094316184537 0.111409940521073
"mb111" 0.719830038975011 0.734589091335857 0.173973600222744 0.590730127777903 0.128988744517303 0.0760589412324005 0.0732578757287568 0.114543551631089
"mb112" 0.665024250514425 0.629595782073814 0.154078193081593 0.322397644516585 0.0987188453078599 0.0542502323225866 0.0921429173468154 0.07019343012362
"mb113" 0.759036144578313 0.811525857245624 0.186376887892874 0.75270869133376 0.145276159664903 0.0692759697498898 0.063502465811285 0.134892455773669
"mb114" 0.69865079986403 0.717392606794081 0.178276836973638 0.559844785519215 0.130690947015916 0.0773986042794571 0.0783251719418201 0.110932940618216
"mb115" 0.691358024691358 0.706939683127953 0.172651425819426 0.696034644563067 0.135468619838505 0.0617812419498394 0.0462638097067295 0.0994269913638549
"mb116" 0.834403686448283 0.79672776959523 0.174295193832656 0.662026884039902 0.127741892263132 0.0811249328906964 0.0883454551234003 0.10233322109282
"mb117" 0.7375 0.734466797222717 0.167011173637127 0.733935400210614 0.131677722606134 0.0604360039358798 0.0392640951189656 0.108682856360304
"tnt1" 0.716986660541434 0.751579387041195 0.198191656918229 0.550289183799801 0.149045366751205 0.084004456206704 0.0999328922236212 0.138775160879874
"tnt2" 0.780366850308795 0.731970037277014 0.167663158535496 0.526026780325829 0.114648038582366 0.075045575406939 0.0903343882035987 0.091069866687237
"tnt3" 0.77861366739126 0.738481556099199 0.177663060255493 0.486502466035436 0.116996832512612 0.0823748047066922 0.11331736933224 0.0971498180551509
"tnt4" 0.613151781479826 0.641801463083967 0.178963919911376 0.121937853432256 0.111667539735574 0.043085406184239 0.137556721875453 0.101016766819877
"tnt5" 0.612553885484272 0.638686027077237 0.177481436845939 0.121875530492922 0.109404290550858 0.0438210926886968 0.136352073703838 0.0993463888712081
"tnt6" 0.693361289622396 0.620268648717919 0.162783344204712 0.387062370316954 0.110837909863975 0.05974000080983 0.084570738815314 0.075835160580224
"tnt7" 0.628772716548652 0.608641746207201 0.159998432313346 0.215607050771317 0.0999301486418227 0.0584142590747721 0.10733673065794 0.0840531157124079
"tnt8" 0.61938310614351 0.619357479651597 0.17312332022513 0.155917274029359 0.106512361976911 0.0612427435737512 0.127704108375257 0.0936543832584105
"tnt9" 0.831325301204819 0.769029301031265 0.168429675656707 0.831112855766259 0.139102801355112 0.0666479967807541 0.0428448422081356 0.129413514990271
"ufb1" 0.702220080124108 0.669112095847694 0.160857178192388 0.455203215271136 0.114020510414702 0.054608355144936 0.0732917146480507 0.0955870374669046
"ufb2" 0.615356651186744 0.5623105034412 0.147551412329678 0.288087928605176 0.0956962399932994 0.058919372655533 0.0805512053270544 0.0697958430827048
"ufb3" 0.613158949485925 0.615155499821459 0.162976012326154 0.180242653118954 0.100211326176015 0.0526001467358712 0.11702023796231 0.0839799703860085
"ufb4" 0.740740740740741 0.764507325481184 0.189134721056393 0.740465956087583 0.151824155964396 0.0724674924181335 0.0643864933084606 0.139987205590995
"ufb5" 0.598689215557209 0.637958942037741 0.177496286225473 0.0854616834790174 0.10811493219708 0.0504652817756108 0.136761434816125 0.100039697547139
"ufb6" 0.561650439336819 0.625959671099704 0.166330600492447 0.166219188416441 0.101876651892119 0.0595161929592058 0.123213622531387 0.0884607202405921
"ufb7" 0.640984576862006 0.660568920274962 0.165696589368597 0.334579149653688 0.113848072493066 0.0760513263185154 0.100358244641843 0.0908579483702759
"ufb8" 0.650714227786704 0.560795373411395 0.136723501547728 0.521827131119535 0.0964797063444544 0.0521866509310826 0.031254631949526 0.055399909170523
"ufb9" 0.695121951219512 0.73047446826832 0.179110352517093 0.694823395679335 0.141068681773056 0.0618287645497472 0.0540020747834027 0.109220094981574
"ufb10" 0.699303320657623 0.705365024179704 0.174759374935572 0.39901631284174 0.116833879685907 0.0786335732185209 0.110087814829566 0.0991298102234368
"ufb11" 0.71257013013158 0.602678037699757 0.13634045127122 0.545784014845852 0.0932414733246426 0.050092919699431 0.0309942966259449 0.0575576720301291
"ufb12" 0.662094744436958 0.620962833830189 0.156709422928626 0.34564253937 0.107146091140992 0.0470937905121788 0.0783203075984333 0.089839606835412
"ufb13" 0.629147362436288 0.554710366092251 0.139036908634448 0.301587764817952 0.0922479151902903 0.0454621401047305 0.066114038040768 0.0666088636367875
"ufb14" 0.697903025826478 0.699079072261309 0.169281806246914 0.392132190426917 0.112860319129091 0.0722288482721641 0.0987756616699966 0.0990985715560571
"ufb15" 0.61454830046665 0.643341989836484 0.180690922468392 0.121937853432256 0.112469263414424 0.0446438351563143 0.139370822111391 0.102427331659586
"ufb16" 0.625407712697439 0.636413112098955 0.165148622855383 0.298417146145538 0.111138861668143 0.0729759605912953 0.104160420142918 0.0903943182302203
"ufb17" 0.710948600418335 0.739580488337794 0.198588638885364 0.484538716465837 0.148140694927834 0.0749340870580036 0.100884764178684 0.144364550740853
"ufb18" 0.672280630656889 0.646082494369775 0.165082566099058 0.357772783370166 0.112142496802311 0.0558800426306906 0.0874717866159732 0.0980051468224628
"ufb19" 0.599042078862955 0.590569133679186 0.15937579547972 0.178573718415547 0.0985377338246999 0.0475456896824325 0.116496799517684 0.0794077894739539
"ufb20" 0.658227848101266 0.549061481398224 0.139480734033007 0.657903107420682 0.101579261444402 0.0449945214659249 0.00454296905142418 0.0418913518456612
"ufb21" 0.759036144578313 0.771882894932382 0.186440970094359 0.755774471928756 0.150668060379225 0.0707764550184635 0.0635762257903007 0.139298934316203
"ufb22" 0.69868354831554 0.693295160694496 0.18105641360367 0.430215397452239 0.125010239081653 0.0832511392429248 0.104555446859211 0.108364098455346
"ufb23" 0.641674089420547 0.621494234171938 0.17507929597439 0.276904805018081 0.114644677745399 0.0621638590805216 0.110331931469457 0.105044142992446
"ufb24" 0.661351975543723 0.649496091086556 0.169464879743934 0.326450226782171 0.117166890995941 0.063319765614981 0.0920054124821642 0.105152282691311
"ufb25" 0.668397455585797 0.655152497232428 0.156035814430512 0.467391725936916 0.112578734214121 0.0639840276585302 0.0679672363486331 0.0808634610084937
"ufb26" 0.601667720295094 0.621792349065076 0.156535016468759 0.288176141282346 0.108636705645226 0.0628779845124972 0.0779447738597143 0.0794799063884347
"ufb27" 0.72289156626506 0.627010354703679 0.13913132033892 0.722563781664911 0.110071078460842 0.0468642727475839 0.00912181111105425 0.0621571641273787
"ufb28" 0.74390243902439 0.816886492731299 0.19552015805841 0.743696309795227 0.153229073091075 0.0717081415099853 0.0731911133814477 0.123286471161323
"ufb29" 0.660811829827749 0.671190595070582 0.169309908919358 0.314400152308449 0.112031337345686 0.066120964115331 0.11207343158116 0.0884721353570989
"ufb30" 0.626609362942528 0.649626060916384 0.180836062160375 0.193555747225298 0.11283069181174 0.064660577606382 0.133156705090835 0.0993447823415562
"ufb31" 0.569670409098476 0.62279395481627 0.163535579637991 0.15410676764147 0.102333510440865 0.0510442625761272 0.121345204243289 0.0885761963450441
"ufb32" 0.575863524154892 0.6179804178072 0.162647977835014 0.14420338416734 0.10178333744568 0.0508426934818167 0.119937023734508 0.086228783055769
"ufb33" 0.759036144578313 0.741436365262499 0.1670012230388 0.755714297203961 0.131697945911259 0.0605557328692439 0.0412006628154057 0.105452286493276
"ufb34" 0.59799953194782 0.586984020685678 0.141436642740594 0.262365844388379 0.0900993554871266 0.0492228716862541 0.0785840134345151 0.062128232804984
"ufb35" 0.599405200535516 0.629513689246648 0.15613567221013 0.297662254423806 0.11119062751833 0.0661804705518188 0.0846807141341656 0.0796294392019848
"ufb36" 0.831325301204819 0.838181329991945 0.171135141865976 0.831053403629302 0.136816385805729 0.0659090189838062 0.0459588914480218 0.119655195335011
"ufb37" 0.646341463414634 0.691264939440122 0.182962401812011 0.645966255120127 0.13897993769539 0.0615394353326657 0.0587610680805733 0.101292080877448
"ufb38" 0.740740740740741 0.742142125042706 0.167675241385321 0.733935400210614 0.132382993597951 0.0611996870021713 0.0401195843254855 0.11072052200464
"ufb39" 0.612535925428221 0.637234377009589 0.164716474812911 0.247894323548085 0.108439653458102 0.0700238792155113 0.10719785856211 0.088457757265981
"ufb40" 0.778902393337677 0.746132848043676 0.167784121689302 0.650020465725778 0.124568582236393 0.0735703683828979 0.0668937375951456 0.111005412935565
"ufb41" 0.813963985898752 0.77184753801088 0.169111789205816 0.649953681629152 0.124627792669329 0.0800595412323205 0.082622496566423 0.0975797606131275
"ufb42" 0.701376585542668 0.690726429675425 0.172139654960169 0.457458129959827 0.127049631739502 0.069316680058043 0.0857399357428612 0.10657943436179
"ufb43" 0.684468008109575 0.681896685966676 0.178716434271131 0.363773952363701 0.117329899427556 0.0837843732481532 0.122119188318392 0.100937300254183
"ufb44" 0.689590871022562 0.690660315103522 0.168865176694194 0.38862431926034 0.115716682004569 0.0663560242036076 0.0913315210392075 0.0945934053513928
"ufb45" 0.660399581098967 0.661072977397398 0.171648069567809 0.31080356662173 0.112922878312907 0.0660911499253506 0.117422068409349 0.0946604147578573
"ufb46" 0.518987341772152 0.4745068448852 0.159066828934025 0.518729194681836 0.111867939989622 0.0450871189695854 0.0267887263632946 0.0256756088577573
"ufb47" 0.709973807756814 0.637649202733485 0.15491615759234 0.495102558191066 0.113682992073151 0.0556059584152033 0.0667337156061357 0.0727211180057592
"ufb48" 0.557218712887407 0.645350121493263 0.178677490382779 0.434023221412754 0.129679505251382 0.0703586162714014 0.0778823591607878 0.093243471872908
"ufb49" 0.68997267244195 0.577145360846252 0.126055802924242 0.489938654284746 0.0851582786228126 0.0503483964384663 0.0346742556522147 0.0457936150017521
"ufb50" 0.792682926829268 0.635931824531992 0.121639562284003 0.792369930686239 0.094305783114453 0.0432917842828686 -0.0124538301274571 0.0447084629766395
"ufb51" 0.753086419753086 0.716322573286187 0.152679434594106 0.752970510661248 0.118192820112864 0.0521028709899894 0.022837561849612 0.0728668820556558
"ufb52" 0.567909304440836 0.62024324830038 0.16523578286315 0.0836231280129401 0.101021829887342 0.0393470279772241 0.123745253865846 0.0905356607055021
"ufb53" 0.56861401429576 0.643857641889507 0.174013840121794 0.154032898852122 0.109566953730239 0.0482228777498432 0.133104953136203 0.0972087413016147
"ufb54" 0.603130005007327 0.650424023245004 0.173746587309162 0.202117986687912 0.108521921177893 0.0642312027806128 0.129420308744795 0.0882081732111387
"ufb55" 0.621461088880944 0.653768638001003 0.172029970287415 0.2506064457814 0.109673260809009 0.0586048176362475 0.122152768119406 0.0903353025853578
"ufb56" 0.612013246029119 0.653180786019112 0.169805711153203 0.216599449651529 0.107250826373239 0.0671703411912455 0.121512509424551 0.085601617938867
"ufb57" 0.703703703703704 0.567065230259264 0.134307574423867 0.703287399780061 0.100435742864526 0.0460511538040047 0.00143528535382327 0.0427893300075866
"ufb58" 0.687897084713899 0.65953232060786 0.169100688374155 0.375806539065545 0.113675357745874 0.0751155935247525 0.104007087657616 0.097475188343215
"ufb59" 0.741624982509887 0.719603321832903 0.168931040744367 0.515684994196132 0.119325393198199 0.0651404029296084 0.0821849888943273 0.0991851055691332
"ufb60" 0.530864197530864 0.435543052837573 0.145758424357751 0.530571879058302 0.100320970559128 0.039291738819566 0.0145462102122883 0.00344698424731069
"ufb61" 0.603343156951406 0.621732293540504 0.169429958718612 0.108210041586898 0.103373300032867 0.04390160710689 0.128295784290905 0.0928144167110805
"ufb62" 0.661048556305128 0.632017462952715 0.16058357338251 0.345726755735011 0.110403981305448 0.0522826621995605 0.0825545844844067 0.0956243607547677
"ufb63" 0.594680227616673 0.563207616577064 0.144606630583058 0.22545962741631 0.0896630998161227 0.0466955889671459 0.0909691693708836 0.066026164847007
"ufb64" 0.593990942724443 0.56288266172461 0.14245176477813 0.225670264197283 0.0880701815468397 0.0415707048122965 0.0907627675915133 0.0625813402507296
"ufb65" 0.555695367075402 0.546831035210282 0.134927627304443 0.189992346582569 0.0833339909784329 0.0375376752946674 0.0861281538561141 0.0578060245770714
"ufb66" 0.55751990404472 0.543538058467131 0.135442884328256 0.159752231044411 0.0835934108190871 0.030994970307107 0.0879948513418451 0.0590562944667673
"ufb67" 0.610486769117755 0.651917934389969 0.184384776263797 0.192019709129749 0.114372739643621 0.0652304747616195 0.138382350653029 0.106038026900894
"ufb68" 0.703703703703704 0.751757007835851 0.180113733884047 0.70331134469408 0.141934949000508 0.064867459312438 0.0537912959027055 0.1234113978696
"ufb69" 0.686458401054426 0.685818542643599 0.173754620122069 0.436385237953399 0.121224473306917 0.0740377779703765 0.0872972965681833 0.101626839375546
"ufb70" 0.653923116229549 0.562992746767581 0.130389863149055 0.440402230524033 0.085858905515393 0.050079970037032 0.0393807194598622 0.0506448228501733
"ufb71" 0.568644604563056 0.643866678675842 0.173806951820417 0.154032898852122 0.109553490635868 0.0482228777498432 0.132887818210184 0.0972759397186512
"ufb72" 0.603742772117755 0.614730291283024 0.171418263785239 0.190888598220841 0.110621306728834 0.0562131098956585 0.110866695929793 0.109688004922736
"ufb73" 0.573921277864096 0.62956813179228 0.172613558080984 0.0836239256328719 0.107247353359055 0.0507110989665144 0.130885436020902 0.0989012527078242
"ufb74" 0.780487804878049 0.603847226094229 0.117779132125114 0.780156397197194 0.0900093086650644 0.0410328576423672 -0.016903606247235 0.0382318211498819
"ufb75" 0.56817188214849 0.620291290227634 0.164868423048118 0.0836231280129401 0.100991180858412 0.0393470279772241 0.123359635058939 0.0905107667240941
"ufb76" 0.648361602318206 0.615123521959459 0.171628225586543 0.273003193562442 0.112855299021699 0.0520552160535379 0.106692033943976 0.104046022685197
"ufb77" 0.610159485044492 0.574587498945909 0.152477141078047 0.237188686290889 0.0951821873817552 0.0512106326357068 0.0968784619450261 0.0761328094282479
"ufb78" 0.600911086819606 0.650487128036545 0.173190022158217 0.202054829904715 0.108186529413593 0.067160645428374 0.127799034452395 0.0882873988780207
"ufb79" 0.626698478239487 0.65657490623452 0.187492485467797 0.144175263935236 0.115088842652323 0.0507586576748322 0.144752915221549 0.10396837385497
"ufb80" 0.62613596481182 0.659739376389925 0.189762163745289 0.158139755135853 0.116371843612153 0.0600529983362308 0.147145954394203 0.106574294452912
"ufb81" 0.591278406712372 0.603968997145662 0.142758860849131 0.240084639658698 0.0958271606088564 0.0531876535352418 0.0755879057620375 0.063855815410316
"ufb82" 0.607487483327685 0.626864446543446 0.173571424769464 0.0974588179655282 0.105257083148948 0.0398523843548359 0.132642148221849 0.0967343606282147
"ufb83" 0.626394360970253 0.609855674179518 0.160615374979641 0.309504456464537 0.109671166377175 0.0486668481340757 0.0825893422382097 0.0935476633990876
"ufb84" 0.610178869810927 0.571968177807594 0.150026869331133 0.277332891784188 0.100709222656907 0.0470474087806746 0.0780245397963026 0.0837319623879653
"ufb85" 0.734767201021431 0.65139409452418 0.150836786011154 0.491384768598556 0.102823952158686 0.0527823317639238 0.0622020760157285 0.0816529545412899
"ufb86" 0.597194827797397 0.58206518704405 0.138215041575703 0.262579243236199 0.0872730739719804 0.0491487423407713 0.0816771678446085 0.0524376436265797
"ufb87" 0.778220495071225 0.716787400026223 0.1608321810872 0.535608027008198 0.108204583923044 0.0697898256211097 0.0895706442366033 0.0835675366134504
"ufb88" 0.619277114476595 0.652000905293912 0.168390501910521 0.204838421616295 0.106249739538995 0.0580031051026957 0.120014905756812 0.0846184294509385
"ufb89" 0.611196127038581 0.595623971342821 0.144331065742979 0.26656801513284 0.0908058168033992 0.0544294722483158 0.0852701606305978 0.0599176237573577
"ufb90" 0.644579672545782 0.624750971457877 0.163946700454582 0.313252891250902 0.113737143459731 0.0500586727237492 0.0862597178558463 0.101309713949825
"ufb91" 0.554031536312447 0.539530782512993 0.133243260295828 0.189865389453709 0.0820501931356672 0.0391132392444929 0.0828033640695585 0.0570946080595244
"ufb92" 0.548606743505185 0.532196532752075 0.128333451759463 0.177966325751793 0.0787547985997555 0.030137795965857 0.0804888744764136 0.0506198681386521
"ufb93" 0.6375 0.455008121277748 0.12973366063141 0.637168803799105 0.0960703184627226 0.0410773808070109 -0.00573336848644308 0.0279720396818499
"ufb94" 0.650332113055912 0.586366214432348 0.151630803836318 0.27502418609781 0.0938204592162908 0.0547167561744221 0.100493249702326 0.0725264916935242
"ufb95" 0.673031963052753 0.69172152817376 0.17102859884859 0.386548846511032 0.117321367498257 0.0667162105467425 0.0936674488052782 0.0929396478894818
"ufb96" 0.549227128957129 0.535077202681858 0.123748661975271 0.213155845134377 0.0790046035924356 0.0399961246947784 0.0633512677872504 0.0487490378271043
"ufb97" 0.571764311715871 0.557775047853041 0.137747109789522 0.235291191878064 0.0893362870306077 0.052092518330846 0.0701376140270308 0.0633972745777002
"ufb98" 0.788571057641531 0.746659839294155 0.176208986206212 0.536681916841618 0.120119325443852 0.0843570632566567 0.106438757987303 0.101875047350207
"ufb99" 0.675044689972088 0.579671742139608 0.128405807690366 0.587698276612339 0.0970070602469491 0.0535279257974444 0.0224410684475072 0.0406576666517171
"ufb100" 0.715608272172943 0.674724349529654 0.157828477341572 0.516043685689316 0.114094951876302 0.0703339295615981 0.0698842909370173 0.0995818857155735
"ufb101" 0.815818141245884 0.769353551476456 0.167702011054707 0.624391779781275 0.12266675846533 0.0774821807947411 0.0810659709786749 0.0919568889371886
"ufb102" 0.697828834975598 0.674954536764085 0.168071905723401 0.400433337044149 0.113841569854181 0.0792993057908497 0.107268624798181 0.0897424844977208
"ufb103" 0.687393113802808 0.677366890161518 0.171217270467266 0.336116402797167 0.113223961724814 0.075348077752197 0.114125056505564 0.0913970515972536
"ufb104" 0.598421107325278 0.651198687760831 0.174174810139237 0.217248364338551 0.108701553752808 0.0645594320834701 0.126138474665373 0.0927973834154124
"ufb105" 0.66276400474312 0.630269527944624 0.17105667403139 0.311546767919524 0.112947094391385 0.0685671019679282 0.100585613435856 0.0969095562175667
"ufb106" 0.627460251139871 0.621431710961995 0.170977204163526 0.241516215690751 0.110449734896228 0.0668544837467121 0.116603703336162 0.0904697694056343
"ufb107" 0.596664909452096 0.583006379923071 0.138179193844171 0.262498708831613 0.0880610926166671 0.0488383416533484 0.0786989041682802 0.0543523441928618
"ufb108" 0.637579559849606 0.659722708493803 0.172556121531356 0.266874374166908 0.110126744018731 0.0635367463376879 0.120688283423407 0.0925410660046102
"ufb109" 0.740407590998092 0.698136094674556 0.169631151584069 0.565924633201329 0.128348057544089 0.0649420884806963 0.0681594046297959 0.108478324951904
"ufb110" 0.695899753877943 0.6465789271146 0.160209669231413 0.412387222420499 0.109690960126962 0.0733591359528204 0.0889661162711333 0.0864050514556492
"ufb111" 0.694688005186337 0.601270682651343 0.144992991996721 0.469211582356759 0.10065279891227 0.0589890329754481 0.0653370219291744 0.0606855552557721
"ufb112" 0.572850389437782 0.611871501263003 0.159873683690802 0.154257060144111 0.0990490098136437 0.0492578172922489 0.116423108543311 0.0846420693509663
"ufb113" 0.661726943849792 0.587328177163156 0.140942538573861 0.383971417134569 0.0916446897054638 0.0500642239884147 0.0608852956726287 0.0685446288564574
"ufb114" 0.582534098064468 0.618243599412857 0.162166315019333 0.178307242850967 0.0999813761853812 0.0544917041918811 0.117218230476143 0.0844318364678197
"ufb115" 0.576699206630159 0.568109961061004 0.155264809370213 0.401262998441675 0.108582894202942 0.0526745202623144 0.051771543321495 0.0651839488543979
"ufb116" 0.647799509896867 0.605801643180389 0.155762323259603 0.300890579781564 0.108622537135569 0.0451323018251245 0.0773238845247557 0.0899734741739476
"ufb117" 0.586140344480481 0.596731131777296 0.152767761308233 0.180238346474073 0.093645682544599 0.0502235928014548 0.104979767857286 0.0789531055270764
"ufb118" 0.631888611878051 0.665940709637515 0.181080649467309 0.322967910998564 0.128288689678975 0.0764104143839221 0.104493167111907 0.116014610230994
"ufb119" 0.67992220355457 0.701074334240486 0.169508365088106 0.399567655321137 0.117049894977624 0.0743303211773832 0.0991469665612816 0.0971320271894525
"ufb120" 0.603067364027543 0.640069740856793 0.164143988810708 0.208922233485587 0.103285260428438 0.0588010551725639 0.115510592992982 0.0823150790693219
"ufb121" 0.626707319244569 0.544213913236436 0.131934436265558 0.502839020523177 0.09129536730362 0.0516060697693494 0.0263986927757162 0.0423936948709029
"ufb122" 0.57044408348805 0.612377490505787 0.160675638507973 0.154257060144111 0.0990640671346614 0.0543166818377457 0.117266539740131 0.0840799834787914
"ufb123" 0.68291450302853 0.641157277830181 0.159047495931197 0.358034209657649 0.103275531821853 0.0561871135669192 0.0875076980496462 0.0841675908315606
"ufb124" 0.734516435202329 0.649198286303079 0.15363514865046 0.476277970416766 0.103574470705271 0.0533996324330145 0.0651107836494833 0.0868562693807753
"ufb125" 0.66307438987444 0.636252965413909 0.156070038515683 0.378052607389798 0.107480949137344 0.0612457778792448 0.0773593325265257 0.0793831041407938
"ufb126" 0.658538881252117 0.670719409502027 0.159635295032432 0.368031366767733 0.110833834927338 0.0645553993808105 0.0937694642542299 0.085175190861777
"ufb127" 0.642291308476529 0.667396418655241 0.16405008720893 0.281253288842211 0.108948984836602 0.0601586845661998 0.106452219694491 0.0839648314095671
"ufb128" 0.759775141121969 0.710093832392574 0.163966762710148 0.467409537257481 0.108320895135595 0.0723851004388947 0.0984574318969833 0.0814382594517003
"ufb129" 0.620998588682904 0.644349100718977 0.174175213727436 0.226568409301877 0.110964169721531 0.0626381039440341 0.122372792329611 0.0961926298764605
"ufb130" 0.674698795180723 0.538011695906433 0.136830118855819 0.670415108860958 0.10286348312079 0.0430810167403798 0.00647307918281017 0.0453894742093849
"ufb131" 0.623632338996763 0.588282134387011 0.158912122273122 0.231278906445203 0.10072479504173 0.0512516679109645 0.0973742865232425 0.0884130048273496
"ufb132" 0.555555555555556 0.631553398058252 0.194966964339362 0.555180219868606 0.146228756145818 0.0620124822042468 0.0711302171252756 0.0958664394903751
"ufb133" 0.710843373493976 0.712887438825449 0.177758958938879 0.707097855543931 0.142058892478738 0.0653788821445305 0.0535830460023652 0.113623900192609
"ufb134" 0.595252632889163 0.578599592114208 0.137275462775059 0.262498708831613 0.0874347048401725 0.0473470561523951 0.0777328002887242 0.054286718364176
"ufb135" 0.725 0.672210245354686 0.148317463664434 0.72473173529094 0.11671592473706 0.0529271179063067 0.0157432185975207 0.0730005052275696
"ufb136" 0.771084337349398 0.600233644859813 0.123542672181188 0.770774785633867 0.0981625764357459 0.0445587193485322 -0.00882105499465867 0.0518074651250577
"ufb137" 0.713550888468246 0.625678820791311 0.133901083642133 0.592142436290048 0.100482776315864 0.0547299546427548 0.0286044368308603 0.0574363067761036
"ufb138" 0.604802200511474 0.56716123085027 0.146082604127227 0.237454960116544 0.0911240938628792 0.0435921989343192 0.0925376938706198 0.0677616147936941
"ufb139" 0.603223741351243 0.659290799788218 0.178085424007919 0.217595922920681 0.113843409124655 0.0702592467325 0.128573004475269 0.0970217568721706
"ufb140" 0.672766417633658 0.683909207647674 0.181811833014525 0.30682338713446 0.116895170232288 0.0815812075569191 0.128224014069966 0.102215464592427
"ufb141" 0.611159239007965 0.644923871180446 0.165660321700323 0.204596565839266 0.103329547271951 0.0566920895568727 0.118608487478132 0.0822656579650838
"ufb142" 0.691978693746132 0.666655502899788 0.16467682408768 0.431781895963674 0.11410169530397 0.0804740234249474 0.0992194166895826 0.0918095870899637
"ufb143" 0.615155672843074 0.599863490103032 0.156217049632576 0.451681985499515 0.113770084638227 0.057444444599672 0.0533479637868702 0.0742579981701362
"ufb144" 0.548911927081296 0.535045116504193 0.130624395559628 0.167824063713795 0.0803925356238328 0.0326428258349409 0.0829036345676048 0.0555715034242265
"ufb145" 0.570766442176981 0.637197054228967 0.172213482401784 0.119953326206261 0.108863730364954 0.0556279348174934 0.130817465226397 0.0949451559346166
"ufb146" 0.58192478309913 0.62627731781905 0.167616375538071 0.154213586762347 0.105929789078288 0.0541829631613623 0.125632407276021 0.0895120386275333
"ufb147" 0.761229391477278 0.745780523533533 0.173548090191678 0.567128449437458 0.123824112974339 0.0800454537766162 0.0875205835413241 0.110523989694325
"ufb148" 0.556062966538607 0.510544856303677 0.128730650168121 0.201176166703362 0.0774012261858098 0.0410445419565717 0.0650419409466529 0.0608726561822843
"ufb149" 0.582490917826153 0.551533076807075 0.138131259171852 0.204705507191572 0.0858386926356842 0.0375910559621799 0.0861825883239214 0.0601158098280884
"ufb150" 0.566099967079354 0.547988959675039 0.136458616309776 0.192826474622433 0.0836343513870468 0.0400826580007429 0.0862057609278844 0.0587131047443151
"ufb151" 0.592592592592593 0.687401450646484 0.194222250785542 0.581916266785638 0.145117462306443 0.0643067695620859 0.0700818901217762 0.10594457352592
"ufb152" 0.602248547276856 0.655240472803652 0.18641207564415 0.158283625284367 0.113491996399841 0.0619964863493868 0.141725109433681 0.107667365161639
"ufb153" 0.589730378994462 0.633312906708687 0.161022916897758 0.322480910459663 0.118005151976683 0.0704596722218052 0.0829420238698341 0.0869773547467724
"ufb154" 0.566299900323428 0.615007836449024 0.159828111388739 0.14420338416734 0.0992849119953416 0.0492072315211651 0.116972623178585 0.0858617543197171
"ufb155" 0.572873970306434 0.607107850303059 0.160569916513141 0.144394656193034 0.0991479747998505 0.0473201718604925 0.116418462819846 0.0864057613267608
"ufb156" 0.630377618684458 0.649485464404605 0.175114505124283 0.241874181125381 0.114800609559945 0.0643295724979938 0.121072110430038 0.0993943786684239
"ufb157" 0.5625 0.598479427549195 0.177400986415968 0.562274620655011 0.128877262417079 0.0545749769428375 0.0504068508818686 0.0671814760221223
"ufb158" 0.644475558350242 0.620921941241672 0.158538562355902 0.285834089497714 0.104790462360904 0.0579595497589747 0.0925072065370754 0.081603977145172
"ufb159" 0.69828851225447 0.72996064125948 0.192571402503497 0.577775397786189 0.150197317612982 0.0835501375784772 0.0941175983182544 0.135732234137624
"ufb160" 0.602530769137864 0.633463111612475 0.160774766754526 0.196674231992498 0.101038587121353 0.049339279203384 0.113439050973578 0.0793893722539124
"ufb161" 0.61586924319718 0.640094094250768 0.162110895096951 0.21205144727934 0.102022170473685 0.0601171854924116 0.111619469856915 0.0799610356936793
"ufb162" 0.577640517752865 0.617001800220027 0.162752781064971 0.154242195752194 0.101909776125328 0.0523264334597501 0.120047172680277 0.0859476914426534
"ufb163" 0.807228915662651 0.574122922711686 0.1135638881461 0.806977627713303 0.089052503040392 0.0423272369755685 -0.0203068479914424 0.0371449756973071
"ufb164" 0.636718173340673 0.571996793050572 0.142310255864279 0.322133878421167 0.0937734716736636 0.0484312300048437 0.0696348495196752 0.0707187802157014
"ufb165" 0.760290781784085 0.703810999042225 0.157413775095208 0.507971500231372 0.110445769755974 0.0714706486635244 0.0789778284237388 0.0774853140172258
"ufb166" 0.74390243902439 0.747219317425611 0.165234174468425 0.743500012064159 0.129029665332546 0.0586034776429156 0.0384447539327722 0.0967137536088043
"ufb167" 0.606070134588717 0.631945528433404 0.155176592714279 0.310297489167522 0.107476226332474 0.0688013564668511 0.0890716768150448 0.0790764336899399
"ufb168" 0.610277959993441 0.650652515380811 0.172057493727642 0.234640351404164 0.111072404348502 0.0674403936381165 0.120161806011983 0.0912608435138567
"ufb169" 0.554217913193514 0.536727035349686 0.13384693983436 0.161816544971716 0.081766357108875 0.0335606290125135 0.0873922520068541 0.058055488529561
"ufb170" 0.651713894731558 0.628216970130815 0.154864688379034 0.315362625031087 0.102047274874891 0.0518468808800449 0.0885050565072689 0.0766092762817125
"ufb171" 0.634125028132415 0.59728239081104 0.142002789952202 0.290960319081369 0.0914572266863679 0.0503389788607432 0.0827863934226415 0.0559337369912909
"ufb172" 0.624940318430472 0.647023417713691 0.182892527477545 0.144116403629845 0.112180546326289 0.0499065937324805 0.140629885485108 0.0987646227441489
"ufb173" 0.6 0.466375900192717 0.143879308785621 0.594528703650939 0.106877354667281 0.0460901658776999 0.0106142135398611 0.0414047481971892
"ufb174" 0.57635665501222 0.596625412553395 0.152232759766541 0.159811863123599 0.0956852673222912 0.0463863330614443 0.108384224958287 0.0779889833693896
"ufb175" 0.793165331580348 0.756141212801797 0.168415432696683 0.624454378613363 0.126074999986126 0.0730181431629783 0.0671089163950446 0.10000734136113
"ufb176" 0.785907706679849 0.74170434860858 0.16886346629618 0.536745111748574 0.118076688535122 0.0780127209566556 0.0916462113010184 0.0948381327259887
"ufb177" 0.694017078189471 0.654780293817991 0.14860729536184 0.548100439989957 0.104921540512825 0.0632053777168832 0.0451038068338104 0.0783335832417532
"ufb178" 0.720693999476701 0.711175212387781 0.172078374086823 0.486758611824589 0.118409829551196 0.0828781914591607 0.101911512605866 0.0960200813442655
"ufb179" 0.7 0.618712273641851 0.144459350533176 0.699696134859592 0.112816208763265 0.049897592731109 0.0112845454994471 0.0577777420308027
"ufb180" 0.627796783777208 0.643791892754548 0.166369131590799 0.259918590207817 0.10820238776079 0.0583901673300437 0.114116895609008 0.0854649931772161
"ufb181" 0.652988442073047 0.647193952324797 0.165607127376411 0.314061867864591 0.109722450745868 0.0626076489672083 0.108140732087164 0.0929431140979167
"ufb182" 0.645156940131441 0.651149293315198 0.169677900444336 0.266032159350745 0.110602605157114 0.0635015385639768 0.117627968697247 0.0870106926310706
"ufb183" 0.750450195563227 0.642489841418246 0.15391248971207 0.488536249452509 0.106448222609937 0.05297297399279 0.065381888012166 0.0815358746002453
"ufb184" 0.562524804592715 0.563846552480168 0.144008639004404 0.142312490445308 0.0862230383575748 0.0396456447319268 0.101201082428264 0.0716069717907545
"ufb185" 0.594646120032042 0.575058967577932 0.156247939988576 0.178638946145418 0.0965735549439218 0.0440010639044974 0.111868447935746 0.0787942552637964
"ufb186" 0.634146341463415 0.594049212395758 0.15518633685229 0.629147056101102 0.115051524675595 0.0502015126155206 0.0263395349831801 0.0546462015845461
"ufb187" 0.600415145523817 0.551852794520865 0.140203393372108 0.285440172509446 0.0925830482825354 0.0476873426274393 0.0729115638309934 0.0698627984627488
"ufb188" 0.580647173014047 0.563957401687336 0.146982864409348 0.192479701203464 0.0949688540213172 0.0517358430475615 0.0955795888804803 0.0736316435650242
"ufb189" 0.75606952770423 0.711675420421144 0.167295374268578 0.435844108718424 0.106983133933394 0.0717742199089123 0.106440928863399 0.0806017114451193
"ufb190" 0.604885618073349 0.621286120033438 0.169416686287137 0.108210041586898 0.103240048418379 0.0450142928205932 0.128281854539175 0.0927236265054271
"ufb191" 0.55611349864597 0.536086783199043 0.13390549561235 0.18970030775035 0.0818985913820158 0.0386376417842052 0.0817021191580613 0.0585634042689819
"ufb192" 0.596153162724556 0.583362572495924 0.156924862495822 0.180633227079258 0.0964359985637566 0.0474816759138138 0.113320736275259 0.077567681769975
"ufb193" 0.829607527811262 0.770354078026971 0.150737085912585 0.722444233117203 0.115636850436335 0.0685046381378804 0.0477800721950298 0.0908066558010356
"ufb194" 0.602325929109272 0.65061001027229 0.169766769829344 0.180603672121671 0.107190819138312 0.055753730458393 0.122946870219887 0.0864449065329169
"ufb195" 0.702361413874148 0.653304890473765 0.164102454125919 0.455615575848052 0.114596497612658 0.0753425893714235 0.0862933177011089 0.0952832162230866
"ufb196" 0.614623508725208 0.638592623674635 0.161977644603576 0.201734619068983 0.10384994178601 0.0492901255328601 0.113229005818699 0.0771240022219051
"ufb197" 0.584871955781698 0.537232036666377 0.139464799133651 0.215219155379294 0.0843842057958108 0.0455374740120309 0.0720043352080549 0.0719557040890382
"ufb198" 0.629334649374354 0.55408566312236 0.129841587454744 0.359767450116745 0.0818650024848627 0.0496549465921238 0.0559603841675864 0.0495832309662061
"ufb199" 0.573147212874585 0.622024463593777 0.161599485628132 0.153636795497269 0.0993557968919375 0.0557781515419146 0.118238205135724 0.0836065187150628
"ufb200" 0.61750252297096 0.65132482357577 0.170136324887838 0.262361303348672 0.110589046436947 0.0731451569709073 0.115792715897546 0.091167508057705
"ufb201" 0.619060308290337 0.648732637258501 0.160473375646914 0.285524111561367 0.107632353591999 0.0692899681595039 0.0991856922514222 0.0838293350269407
"ufb202" 0.719569172557297 0.672549950582353 0.155122517520281 0.435214135194101 0.10287905641945 0.0667414009964018 0.0933865468191261 0.0725627778871168
"ufb203" 0.602112603432115 0.649069875133363 0.172286386307074 0.20548701838528 0.109892673250686 0.0544427952264923 0.124140135590017 0.0912435992331641
"ufb204" 0.620213535200298 0.635492477731914 0.172855842086023 0.25775405154256 0.113630889161547 0.0681825238289911 0.115826088002763 0.0952479793126903
"ufb205" 0.654480534168368 0.67336326761765 0.17064878319502 0.310728971747952 0.112482105704095 0.0790632537051815 0.113571191153004 0.0899195329738664
"ufb206" 0.660382865096942 0.667005743297985 0.167142080112604 0.347414408269229 0.111817318546406 0.0826009629966769 0.106336757220344 0.08865521716217
"ufb207" 0.566066305765127 0.638828418276518 0.172927624776954 0.144088276954493 0.109563438280959 0.0511806088372448 0.13196516680602 0.0966408005992298
"ufb208" 0.677193673705747 0.545256894381508 0.126672277956176 0.528548412057408 0.0881171151217338 0.0493796471510494 0.0196211110440323 0.0430113799166796
"ufb209" 0.576154882594345 0.610404777665348 0.161874304677185 0.144376296843462 0.100347168572764 0.0492047854328613 0.118528145182278 0.0857974759723171
"ufb210" 0.690943385514374 0.595637418847138 0.142940161310562 0.464002505597989 0.0998547834842283 0.0571026096947915 0.0630929410916607 0.0585159897401017
"ufb211" 0.605214540144105 0.596942680895133 0.152774414216209 0.168106270565303 0.0934076940583531 0.0359254630981904 0.107334489672964 0.0740356316931968
"ufb212" 0.63104035006695 0.576193355213911 0.142584093640071 0.321718121272371 0.0967496094364579 0.0529474782872134 0.0698523039425852 0.0682738653220581
"ufb213" 0.745658474538183 0.69540145449203 0.148725889542329 0.610019179765731 0.105365454700617 0.0618076709001395 0.0448144456499456 0.0740666047277393
"ufb214" 0.664108887453231 0.634100629981166 0.16269119677251 0.346681798400491 0.115484289696411 0.0570631464963924 0.0845614229823913 0.0970135082038859
"ufb215" 0.635893636904425 0.581489165514062 0.144987218600727 0.314680609896883 0.0975007909712621 0.0528790833973217 0.0724592781413516 0.0712585086115702
"ufb216" 0.607487671026761 0.599713058261719 0.155007984054654 0.168106270565303 0.0941984459768663 0.0371441448216065 0.109687854341292 0.0759014199056367
"ufb217" 0.662650602409639 0.557811120917917 0.135960517023447 0.662166259395561 0.102660075262441 0.0426081027071513 0.00547214894911337 0.0409939044353171
"ufb218" 0.60457201159994 0.626477432364722 0.155783118985582 0.216525734112665 0.10074736536362 0.059556923551286 0.100495142975327 0.0775158569533591
"ufb219" 0.632259256412673 0.645825500168207 0.17382258225584 0.242490842683945 0.114800364235948 0.0621804772722427 0.116892662715827 0.103383430579317
"ufb220" 0.639891798045033 0.63918126451937 0.173811125651312 0.205500229615123 0.109795536219633 0.0617362614933314 0.121984199870762 0.0932929589704275
"ufb221" 0.637150449227689 0.595005599888002 0.160746638306714 0.273465523756069 0.103718822360539 0.0483721871804051 0.0993911528699141 0.0899011713189524
"ufb222" 0.570695563483828 0.644398260028999 0.174918935997091 0.15397963403158 0.110698993581177 0.048261552843739 0.134104524624797 0.0979662348579703
"ufb223" 0.695084899356205 0.596414482677811 0.129207267024989 0.613945931598729 0.0940058905085592 0.0547947596129041 0.0236401712918674 0.048410787574977
"ufb224" 0.605726706772524 0.648051728188615 0.17111830837625 0.18067513467479 0.107226808386246 0.0575274012553281 0.125614200359893 0.0861724931732636
"ufb225" 0.831325301204819 0.838170624450308 0.164499597848577 0.831053403629302 0.130864075539629 0.0631252168918512 0.0383212389307503 0.106033944224943
"ufb226" 0.62478407062304 0.649701821190701 0.183557642299831 0.145800045150849 0.11269738726106 0.0487814322306858 0.141332712679539 0.100004439848511
"ufb227" 0.599077423463996 0.612965315322293 0.152480491484496 0.180016567542677 0.0958322177286284 0.0445321993869246 0.104691813489238 0.0676945902828597
"ufb228" 0.601359709070716 0.63073472002521 0.159712728042353 0.179858182770142 0.100806359900864 0.0484058445878577 0.11083949235748 0.0771545359682478
"ufb229" 0.67282302903649 0.625616414230363 0.146974892115006 0.419399194701605 0.101785257387757 0.0549064013325567 0.0674625679789528 0.0732153653472615
"ufb230" 0.661065647800889 0.619150273432681 0.154275193225898 0.303103396571547 0.0992743386461764 0.0512838954116558 0.0877631964120209 0.0760660666755451
"ufb231" 0.597721060374426 0.644728581670672 0.17027731186799 0.195888061494917 0.106477987911882 0.0540089383519494 0.123488101791208 0.0876733800341276
"ufb232" 0.615535157286388 0.649062501853642 0.168946100459613 0.262361303348672 0.110003029515006 0.0714088948124524 0.114524549642394 0.0900850165684793
"ufb233" 0.600759061922877 0.599449891740477 0.164546806274322 0.167637826438399 0.101631789855637 0.0523649612731634 0.115936984793269 0.0911637446005454
"ufb234" 0.596174802097174 0.611355989112653 0.155396870600824 0.261118985973953 0.105081719733543 0.0585748344764018 0.0838001260827033 0.0777588167387914
"ufb235" 0.727291989334899 0.701949950207202 0.163559667406956 0.514135125273436 0.115541353064207 0.0722575868939064 0.0763677447830556 0.102048711487143
"ufb236" 0.596739221621548 0.538238564721975 0.136787878225325 0.255844481358993 0.0874909821486446 0.0509489077844952 0.0735613698660656 0.0598003089536213
"ufb237" 0.659318291990815 0.629627224314846 0.160540430697942 0.33875548940311 0.114517777246813 0.0562916273494818 0.082209967668401 0.0937186855054733
"ufb238" 0.608270234939401 0.647127080049495 0.165501453015792 0.249861336798968 0.109173099760458 0.068985147309557 0.113209316712479 0.0843843923264628
"ufb239" 0.564290223765422 0.626050473876098 0.166902227619282 0.166219188416441 0.103147405655877 0.0610958666366268 0.123814813936633 0.0883715661275031
"ufb240" 0.709468023803582 0.678912572176787 0.169036425280839 0.418000937087061 0.115432570508722 0.0606484525705179 0.091412620843738 0.100324910042328
"ufb241" 0.715001486934968 0.699096618195251 0.17326381811091 0.448566760794308 0.118049078619895 0.0643809336736545 0.0867551376244317 0.103230083157781
"ufb242" 0.696480388407174 0.684774777681 0.170347248767215 0.387835997423708 0.11563541087606 0.0628063979040516 0.0928458938682811 0.0981803413682508
"ufb243" 0.607800312896837 0.662374818930325 0.190617115650272 0.170575479010978 0.118329562158837 0.0698151653356494 0.146179956455333 0.10941715305565
"ufb244" 0.668156634828021 0.63675073698002 0.163005747598865 0.448998689939788 0.118944403023727 0.0559966314936303 0.059895200823954 0.0983971199647554
"ufb245" 0.570390123242756 0.513057626218186 0.120824005431724 0.284821037346515 0.0773340597989019 0.0473301450493464 0.0463102595012212 0.0425595802598755
"ufb246" 0.568511006025533 0.503895001319367 0.12591148904552 0.313861943258165 0.0819224318611071 0.0477245901659962 0.0448058256023802 0.047743496444773
"ufb247" 0.676976405388662 0.657020669992872 0.165814089595022 0.354118143849123 0.111397373400629 0.0637131944316487 0.0947783169811915 0.0795283330485034
"ufb248" 0.659895312112588 0.544579425973288 0.131850530177286 0.515024927231726 0.0962490736363459 0.0473437187155592 0.0263081272807123 0.0550189612354348
"ufb249" 0.556696857113048 0.63102761043154 0.166766547214228 0.0720576362364193 0.106076119012501 0.0405576188631243 0.125500300849496 0.0960048245555283
"ufb250" 0.61012432998295 0.60654123719552 0.158193155316878 0.182339115906333 0.0963915524239933 0.0429129584625906 0.113048790579515 0.0784236467344421
"ufb251" 0.653595483527189 0.658742754234903 0.16356171488818 0.376339009550089 0.11050537265134 0.0801168251532909 0.0980954824691322 0.0896230530332524
"ufb252" 0.675 0.636464702612562 0.152597755484431 0.67459886441036 0.114758376516937 0.0515613764069784 0.0206897873839849 0.0559632165439458
"ufb253" 0.583987083599809 0.537962908793073 0.140080429230593 0.21385468403898 0.0857721973614009 0.042142173483954 0.080813931788684 0.067108849834463
"ufb254" 0.575167485768822 0.611906079647426 0.16206928245143 0.144376296843462 0.100463307751274 0.0476253482509583 0.118733206811185 0.0861425892664529
"ufb255" 0.653645409646316 0.636337412947624 0.155299069009841 0.368185071630843 0.11095090983004 0.0662399458588747 0.0766406541600796 0.0846390945781245
"ufb256" 0.576375751193474 0.5943610264694 0.142839373781442 0.250490075832644 0.0978584406493795 0.0563967829274153 0.0701383372144067 0.0653652187232836
"ufb257" 0.623379847461952 0.689019256362204 0.185233760901505 0.461350535206851 0.134988971394041 0.0739766728650807 0.0850049515727756 0.109692799956121
"ufb258" 0.623911992966236 0.641510184595799 0.172832321275625 0.218148549502156 0.112219192530014 0.0622646291274762 0.11863736898692 0.0973379721787793
"ufb259" 0.603268613848275 0.646823989560774 0.182464635652806 0.182679824189234 0.113595825827445 0.0656152153883737 0.136354259947182 0.103876902212345
"ufb260" 0.585142432892116 0.553551151872475 0.141802622284336 0.20457257180302 0.0885729649078295 0.0412417008594644 0.0879910647842981 0.0656316941127514
"ufb261" 0.555611970931389 0.539630069987936 0.133220012323168 0.189865389453709 0.0818057052327834 0.0371022485586342 0.0827787632082794 0.0573087102049058
"ufb262" 0.624576687383858 0.644193947331097 0.181901315965551 0.14574267861355 0.11182539123244 0.0508027307285064 0.140181533740255 0.0977791046389368
"ufb263" 0.606312288994508 0.596015378173652 0.15340392247565 0.170065069426021 0.0922982443785787 0.0360534555699977 0.108889480369023 0.0727944731960432
"ufb264" 0.583384385312351 0.550409790935834 0.129219443167529 0.321871487807696 0.0836042376200049 0.0505684810856671 0.0552920781441815 0.0496346460550762
"ufb265" 0.610005301245482 0.601583675814425 0.14580650354052 0.266561649003953 0.0927861009686851 0.0530708985586995 0.0832656051957936 0.0635779263971347
"ufb266" 0.572164376182535 0.622486872761876 0.163952554273149 0.144196691481339 0.10259488119392 0.0524442613614311 0.121783210635398 0.0884933606767475
"ufb267" 0.673342213076319 0.618149331684019 0.143919014915494 0.523979405467513 0.102230767493829 0.0569571901846039 0.0398425517261502 0.0657402982319303
"ufb268" 0.527021644206469 0.493625470519239 0.121634360341193 0.177466313254926 0.0731360289787785 0.0413215823394363 0.061086515647273 0.0536867336675501
"ufb269" 0.677170886005467 0.675825118306477 0.164197981331866 0.396140537994069 0.114562800639763 0.0649769858104205 0.0861993853816553 0.0909623650911967
"ufb270" 0.625088133185801 0.655017968109262 0.186002064751845 0.144175263935236 0.114450483178276 0.0494625910229324 0.143184095303439 0.102466449780165
"ufb271" 0.799389796353952 0.737268128161889 0.158941821112348 0.556291938537481 0.112565455139315 0.0631107153836977 0.0711794473158259 0.0840081965484738
"ufb272" 0.671669332668381 0.637868422212012 0.147084365619404 0.417873144287259 0.100369554801393 0.0698330355887034 0.0802647534686996 0.0655416448120424
"ufb273" 0.679872909462225 0.65847598992038 0.154803769834559 0.394241227073917 0.100683203197803 0.0663986858107325 0.096560970780279 0.0706646133674001
"ufb274" 0.6850434973849 0.578324004218382 0.136815075147323 0.469200109977127 0.0927373623672653 0.0616760463032042 0.0635440539562094 0.0489257927597582
"ufb275" 0.682236466499904 0.641458610037458 0.15545539683684 0.431606953728176 0.110216515807926 0.07268608558416 0.0838085155162287 0.0826770833970911
"ufb276" 0.63855421686747 0.448248940441669 0.124930888112929 0.638031031342605 0.0881272264222321 0.0376518028148001 -0.0072231888848451 0.0167206895811152
"ufb277" 0.677560501783314 0.678213375189396 0.181291404058619 0.353472991435995 0.127065956647311 0.070307034499903 0.104897226481165 0.119382417676534
"ufb278" 0.60105911202739 0.550875537863273 0.140104544066635 0.285440172509446 0.0928846137611348 0.0490794307812077 0.0728049781020883 0.0711428768543173
"ufb279" 0.655142519818328 0.613316407753858 0.153007277063294 0.34564253937 0.103868064099723 0.0470787894548619 0.0742740241996131 0.0840627053057691
"ufb280" 0.779505147256724 0.712703901638199 0.146678744323157 0.637046175125459 0.110513680513122 0.0631081152169008 0.0427241892511538 0.0867747156454841
"ufb281" 0.610874534616894 0.622397233724443 0.169678920329239 0.0974588179655282 0.104242585696299 0.0400060905455978 0.128556812234651 0.0925422311883734
"ufb282" 0.60190876139952 0.570523705136336 0.150368667289741 0.178445588547803 0.093151002665402 0.0450207868857713 0.105679534165345 0.0725739738195141
"ufb283" 0.629584701719271 0.649637576932775 0.168864412905136 0.28455825060641 0.112078283558451 0.0765151463621137 0.111600113249883 0.0910732893663413
"ufb284" 0.575611042298259 0.56613557857157 0.135943389435 0.222524065882575 0.0838507071081978 0.0440908578505283 0.0817782428464958 0.0523726708411743
"ufb285" 0.571643396431096 0.619093386298591 0.160617868416541 0.153558311121364 0.098010944532046 0.0555549521970045 0.116467969483524 0.0824215997449221
"ufb286" 0.598032680328198 0.636588797855816 0.176440578501001 0.0854972726387863 0.108187450998853 0.0470559327807344 0.13550707701995 0.0992115900054463
"ufb287" 0.634990693875675 0.653112735339287 0.163061983237462 0.334132893319955 0.113514517032792 0.0723007108159823 0.0921150079328875 0.0888119757834528
"ufb288" 0.680145175005344 0.665392331944353 0.165558137496306 0.36124249684962 0.113046825810366 0.0792147534450932 0.104612939334532 0.0894888191731241
"ufb289" 0.677956984976304 0.687717742446317 0.172983718590117 0.448644492017279 0.122361137128548 0.0765660917649673 0.08668367268807 0.0995967951319571
"ufb290" 0.634146341463415 0.498865942461502 0.135691785759807 0.629231064734148 0.0991401372203841 0.0411246923128907 0.00426525069675563 0.0298449921223166
"ufb291" 0.590264159572265 0.542443865700007 0.146236059902109 0.378912969034012 0.0967216289365872 0.0468371708250683 0.04180578659024 0.0547895060116743
"ufb292" 0.576054500382482 0.594264267304143 0.153395363158672 0.160009567954343 0.0953600486512617 0.0453926179341124 0.108862829730194 0.0793905702580155
"ufb293" 0.574727992589775 0.530996490963287 0.130949501792942 0.32732544355887 0.0894249585689158 0.0501366161189954 0.0402922934680316 0.0437612854578501
"ufb294" 0.64430345769167 0.573594934113509 0.141498561399523 0.346281599142653 0.0926322286880598 0.0505753019282244 0.068754377008479 0.0665361435753366
"ufb295" 0.56539299740813 0.624001943684305 0.162550011498913 0.147120273240483 0.101596498354211 0.049810950261965 0.120669361968223 0.0894839762216226
"ufb296" 0.635510935255438 0.661604054583525 0.15950603333149 0.323019178467301 0.106381594465248 0.0652301281624361 0.0979924559863428 0.0827251859588653
"ufb297" 0.751093728042942 0.736543858386702 0.166407832984583 0.553444613884035 0.120645366186026 0.0740946647792857 0.0796370785819051 0.0894350005700649
"ufb298" 0.7103601044859 0.667649566576666 0.150762441398722 0.499105107208181 0.106892564014654 0.0672049570557539 0.0717911885413442 0.0749572052461475
"ufb299" 0.60993607718055 0.634776712615322 0.151642706547761 0.240903944263839 0.0981983017553811 0.0564829711567846 0.0931628118247479 0.0726618464304109
"ufb300" 0.602500753356521 0.630178591103082 0.162029474837849 0.212372971264925 0.102143565048258 0.053257084596787 0.113275799769425 0.0809505436902412
"ufb301" 0.621304891993642 0.651867448773939 0.170446725644345 0.322925772709734 0.114871308642917 0.0831701014213808 0.113291445542884 0.0942319013848658
"ufb302" 0.628587884713424 0.654200726928379 0.163371023416901 0.358501412975202 0.115074691586927 0.074769873246628 0.0924502453521938 0.0943486938406638
"ufb303" 0.585425274546092 0.609426039985832 0.160965518627211 0.0752260515996039 0.098643055007742 0.037429818945531 0.119412536913094 0.0889332890464545
"ufb304" 0.595244199651974 0.579259111046125 0.1537064348028 0.208459189882952 0.101330624863988 0.0563057357087693 0.100645228193382 0.0791837644914795
"ufb305" 0.572906429761759 0.557115082497182 0.134611620321222 0.216971551695767 0.0808055816966136 0.0457418078408682 0.0824592265755792 0.0521828752538686
"ufb306" 0.576428134670904 0.623732112208883 0.163593546340618 0.153636795497269 0.100518199155656 0.0567776475288853 0.120335396779539 0.084968642949207
"ufb307" 0.591826076927662 0.654506252695127 0.179238963449446 0.455301815294019 0.126236786334705 0.0720007416415011 0.078657613483749 0.0968363882871305
"ufb308" 0.705182340073018 0.688054925409011 0.165231042430555 0.381486658768878 0.111033888837214 0.0688915166421019 0.0943810944538432 0.0864547423279647
"ufb309" 0.570485464583256 0.596254818378019 0.146479784865254 0.213652811000202 0.0938837414016738 0.0550136008894338 0.0929974143806538 0.0715953069555363
"ufb310" 0.612173008009406 0.59845041905132 0.15403941366106 0.227673405615075 0.0966193944616813 0.0548584704133689 0.0986020052327107 0.0846665645890498
"ufb311" 0.589408199401367 0.564604722718522 0.13380259312806 0.225431078348356 0.0808992435948173 0.0451035498022954 0.07948153907793 0.0498733815295368
"ufb312" 0.544483768293489 0.523839859467379 0.125188072221966 0.178037596510289 0.0756592133949269 0.0313211274528906 0.0782656239892775 0.0463943163247615
"ufb313" 0.592885435319016 0.573760939236654 0.138058568801548 0.339063294639654 0.0927577389842053 0.0520211214517904 0.0577151347921178 0.0610888428466851
