0.1316197 NA NA NA NA
NA NA NA NA 0.3018332
0.0877445 NA 0.1706968 0.04152891 NA
NA 0.2568289 0.09480826 0.2750409 0.2751512
0.01282379 0.3260282 0.2996547 NA 0.05599849
0.0759559 0.05965335 0.1395106 0.2477999 0.2294655
0.08720519 0.0473728 0.07154769 0.2632684 0.09557747
0.05105192 0.09054458 0.1207134 -0.05046022 0.1432103
0.1175056 0.2023881 0.07500626 0.2587196 0.02377631
0.1961289 0.09651541 0.04060648 0.09664186 0.1587522
0.1477738 0.06361417 0.1143782 0.1766069 0.1100707
0.174016 0.008341004 0.0612107 0.2787663 0.1326807
0.1392258 0.1185697 0.2073116 0.1136242 0.07628178
0.118478 0.0666482 0.05609256 0.1247301 0.1170246
0.09079304 0.03071148 0.02813061 0.09759137 -0.01575311
0.05752385 0.05777532 0.06795013 0.05111943 0.08848804
0.06545321 0.04487273 0.02050993 0.06160006 0.0248717
0.04078131 0.07446162 0.06766888 0.04871446 0.04234116
0.03643375 0.06173566 0.02533311 0.08396093 0.08734552
0.01326233
