NA NA NA NA NA
NA NA 0.141892 NA 0.3020814
NA -0.01425212 0.1033973 NA NA
0.1294487 0.09896036 0.05150883 0.203952 0.09328461
0.2265861 0.3267752 0.02776264 -0.03868508 0.1217994
0.01265476 0.1236835 -0.003806871 0.1273911 -0.01067336
0.04560972 0.2870929 -0.00213381 0.08729631 0.1061789
0.1294933 0.08635821 0.2347734 0.2605828 0.1087905
0.1999629 0.08081875 0.1453934 0.1470315 0.04729613
0.2200456 0.2364704 0.1053753 0.004394717 0.1069758
0.122626 0.1270547 0.1458815 0.08827834 0.1547603
0.07787438 0.1365009 0.03684884 0.04040918 0.08223683
0.01678856 0.04083468 0.1190554 0.0752046 0.08929125
0.08671248 0.05945266 0.04333835 0.09865545 0.06946672
0.05613035 0.04740801 0.03591302 0.2456957 0.06475821
0.05797824 0.02165752 0.06381639 0.03629838 0.01481766
0.02079753 0.1679705 0.0412929 0.003815584 0.01003066
0.03674873 0.008423829 0.03097968 0.05269603 0.01995005
0.06813185 0.05862654 0.05245834 0.02248393 0.007393548
0.004516928
