NA NA 0.2762468 -0.0456046 NA
0.2819882 NA NA 0.2762468 NA
0.1521825 NA NA NA 0.1976736
NA 0.1476905 NA NA 0.1665958
0.06041002 0.05328893 0.1478519 0.09749768 NA
NA 0.03872922 0.1633155 -0.06227205 0.1413154
0.01358342 0.1517089 NA 0.1246181 0.2164919
0.092421 0.001510048 0.1308407 0.06265003 0.2698279
0.052231 0.1062698 0.01487566 0.1381905 0.08891404
0.07433892 0.2020837 0.07025522 0.0620095 0.06301394
0.07703597 0.0202374 0.02271329 0.1686876 0.02456188
0.07610001 0.2294212 0.2709823 0.04751729 0.1912075
0.07925402 0.1306845 0.09093585 0.02085365 0.09082577
0.09531634 0.04372251 0.06465085 0.03521245 0.1492941
0.02906754 0.04886509 0.07090499 0.09999032 0.07384169
0.02810609 0.07126224 0.0429482 0.0442502 0.1527235
0.0005681094 0.03748364 0.02426026 0.03620476 0.04738286
0.04391285 0.06943573 0.000538989 0.05564334 0.02930432
0.03019453 0.01146942 0.05961501 0.009428485 0.0132404
0.04087235
