NA NA 0.271049 0.1745949 0.206092
NA NA NA 0.2329282 0.2724962
NA 0.1033973 NA NA NA
NA 0.0816878 0.04029589 NA NA
0.0885631 0.1276655 0.1682943 0.2685741 0.1905815
0.2819882 0.285042 0.1803189 0.1329396 0.09798863
0.07692147 0.2301481 0.2240639 0.09532261 NA
0.03284583 0.2225489 0.2816635 0.1897664 0.08535341
0.2263051 0.05014842 0.1249676 0.1175865 0.09666934
0.07477842 0.06868394 0.1117036 0.04511114 0.02232828
0.01999388 0.05138279 0.08543756 0.09276195 0.08156692
0.08258164 0.1326728 0.03195443 0.02032582 0.02506943
0.2056491 0.1170989 0.08545555 0.06388376 0.1144393
0.09736384 0.04363463 0.09108646 0.02096417 0.0639939
0.0283176 0.1771396 0.1505455 0.09356756 0.02032325
0.08366066 0.1083477 0.07919086 0.0869859 0.01482672
0.01871038 0.02115253 0.007476548 0.007580863 0.0202561
0.02165699 0.05356424 0.02923008 0.05889205 0.03147236
0.02382917 0.006261141 0.1114044 0.03427905 0.006267397
0.04062514
