NA 0.3030108 NA NA NA
NA NA NA NA NA
NA NA NA NA NA
0.1939246 0.1503228 0.1496305 0.1031135 0.1928252
0.1892513 0.1507701 0.1796564 0.09793238 NA
0.03902894 0.2940434 0.07623604 0.2277806 0.2092634
0.07781235 0.2996547 0.03662346 0.02709751 0.166026
0.1355689 2.306814e-05 0.09619718 0.1435723 0.06133892
0.08440744 -0.01524341 0.07192896 0.173692 0.01918462
0.1768153 0.09210976 0.05872284 0.2321574 0.03611
0.0698067 0.05138072 0.1559143 0.08691652 0.1507523
0.1956669 0.248742 0.08635645 0.01016977 0.1398481
-0.01079934 0.08320107 0.06177431 0.1717052 0.124121
0.05971213 0.06808815 0.06911568 0.06259501 0.00622578
0.1100769 0.02060786 0.04879756 0.1157947 0.0737068
0.05229377 0.08220621 0.06841028 0.1009329 0.005650183
0.08560488 -4.710319e-05 -0.00220548 0.01508677 0.1288358
0.06960324 0.03836116 -0.003384333 0.04380524 0.0796879
-0.0007706178 0.05301967 0.08004901 0.01222689 0.01313495
0.04309663
