NA NA NA NA NA
0.2325258 NA NA NA NA
0.1939246 NA 0.1153433 NA 0.1708511
0.1924223 0.1664631 0.1819436 0.1706968 0.09925823
NA NA 0.1031953 0.03701154 0.2661649
0.08239288 NA 0.1473904 NA 0.05075175
0.08835198 0.01388635 0.1090064 0.122716 0.1890105
0.1183329 0.09039873 0.1404463 0.1426441 0.05646186
0.09514637 0.1596917 0.02358065 0.1244521 0.1252496
0.1561291 0.06337385 0.1761059 0.1723905 -0.0142399
0.0988212 0.02572723 0.06005462 0.01383985 0.02592002
0.1231776 0.04683023 0.07689158 0.1505702 0.1264203
0.1544342 0.1003363 0.07026191 0.120228 0.04652752
0.07354459 0.05629436 0.06028356 0.03632724 0.06260686
0.09603187 0.113545 0.0158893 0.07960646 0.007907746
0.138039 0.002466577 0.1217321 0.06242775 0.1808717
0.007207955 -0.01557472 0.04852799 0.02189225 0.1032649
0.03971468 0.116595 0.05816021 0.04037501 0.07897621
0.0520365 -0.005506237 0.009146724 0.01685219 0.07208832
-0.01075976
