NA NA NA NA NA
0.1820466 0.2596302 NA NA NA
0.2492951 NA 0.09487136 NA 0.1246181
NA 0.01438533 0.2035102 0.1318336 0.08150967
0.1123788 0.002380457 0.004409011 0.3359032 0.1920235
0.08903724 0.06388449 0.1199912 0.03564981 0.1735681
0.1289364 0.2452438 0.09692128 0.2020726 0.2015839
0.2357423 0.188635 0.1307849 0.1561146 0.08567567
0.06176732 -0.04813233 0.007628174 0.1598249 0.1388863
0.1549028 0.05949223 0.102938 0.03920364 0.08745143
0.1170197 0.1366644 0.06401609 0.1306637 0.1908986
0.1869554 0.06433997 0.02917091 0.1852135 0.1653481
0.09568253 0.06989666 0.2242317 0.2182456 0.0399995
0.06605886 0.05256791 0.1377817 0.1104949 0.02952028
0.06716749 0.09003615 0.07561694 0.03562204 0.04510066
0.0104419 0.08495637 0.09210388 0.153712 0.09870508
0.02132787 0.03806337 0.06351349 0.0202578 0.06384668
0.004147007 0.05458515 0.01695424 0.09959867 0.05696869
0.03917444 0.02520422 0.02902546 0.02245212 0.05362112
0.04781632
