NA 0.1279405 NA NA NA
NA NA NA NA NA
NA 0.1084809 NA NA NA
0.1099102 0.2683914 0.2350581 0.02687129 0.03156923
NA 0.3177384 0.2996547 NA 0.05158743
NA 0.06884679 0.0970179 0.1729155 0.1338148
0.2059761 0.1966617 0.1058567 0.1404565 0.02483563
0.05450362 0.08093843 0.1317733 0.1762128 0.03359026
0.09888005 0.2693564 0.1064788 0.04431577 0.1952857
0.114848 0.1133051 0.2501147 0.07524509 0.02711825
0.02465874 0.07209046 0.07781847 0.1122152 0.07236126
0.195473 0.1099118 0.157762 0.2208905 0.04699873
0.1085714 0.1250541 0.2709908 0.1756633 0.1837017
0.08023129 0.03880113 0.1201191 0.01673788 0.047513
0.03036866 0.08177801 0.04824532 0.1165903 0.1321388
0.06195657 0.1158209 0.1005106 0.03404661 0.1661343
0.09178655 0.03158521 0.09452887 0.01663004 0.07872584
0.04144484 0.05301153 0.04781281 0.04065381 0.02414902
0.007615085 0.04110177 0.04514426 0.06751829 0.02751302
0.0871483
