NA NA NA 0.1944882 NA
NA NA NA 0.08944328 0.08944328
NA 0.06136225 NA NA NA
NA -0.02572822 0.1821971 0.1343209 0.1281786
0.07167643 NA 0.01160665 0.09517122 0.02741939
NA 0.1986323 0.02890506 0.3045351 0.1836377
0.08342628 0.1706402 0.0754839 0.08083055 0.03899524
0.06120451 0.2722769 0.1325847 0.1284468 0.1142992
-0.01845174 0.09294607 0.2499428 0.0771521 -0.05937979
0.2182129 0.02565419 0.07294733 0.07280937 0.07963046
0.1172303 0.06282683 0.01147488 0.08311825 0.183172
0.04110768 0.151081 0.1666898 0.09385579 0.1424038
0.1330469 0.07100356 0.09352744 0.109869 0.0836354
0.04865187 0.09595179 0.05822614 0.1232186 0.1472435
0.04668456 0.03743626 0.1633991 0.03528114 0.04892959
0.06866838 0.03099332 0.05849 0.03619002 0.07040098
0.05945037 0.04393187 0.02369836 0.0186146 0.002170749
0.03519213 0.02999867 0.01022388 0.02155946 0.06582253
0.02263742 -0.001246197 0.06919286 0.05310529 0.006269837
0.008390401
