NA NA 0.1491424 0.1706968 NA
NA 0.1309624 NA NA 0.1279741
NA 0.1169545 NA NA 0.05550822
NA NA 0.2762468 0.07137928 0.1156726
0.1182227 0.1997305 NA 0.1492432 0.1016245
0.1755295 0.3268729 0.04465464 0.056973 0.04368815
0.3072357 0.1050717 0.08550809 0.2949317 0.05821142
0.1304248 0.2040048 0.1158918 0.1551128 0.07332603
0.04482713 0.2908554 0.01665379 0.2230132 0.1289183
0.1204133 0.03171024 0.0349854 0.06629761 0.1489958
0.01548071 0.117304 0.2557088 0.03373079 0.08932733
0.08066236 0.07607903 0.1161669 0.140417 0.08845515
0.1486618 0.1776488 0.04602393 0.03132044 0.1278577
0.1004098 0.007255335 0.06338617 0.1703849 0.1812078
0.01184045 0.09263391 0.04077836 0.2008546 0.05879334
0.09034053 0.04642109 0.1478313 0.1526269 0.0497862
0.03417242 0.04200894 0.01459869 0.06886941 0.1233405
-0.002583513 0.0214147 0.00314637 0.005988618 0.01315849
-0.01057498 0.118798 0.09926762 0.03597385 0.003263454
0.01093833
