NA -0.06936834 NA NA 0.2996547
NA NA 0.3014174 NA NA
NA NA 0.08944328 NA 0.105214
NA 0.1236156 0.1658121 NA 0.1246181
0.3151331 NA 0.1537958 0.0816878 0.1288257
NA 0.2522546 NA 0.1706968 0.2465305
0.135725 0.1221424 0.006976511 0.06720056 0.1373691
-0.03072096 0.07700937 0.05301935 0.05188025 0.03610546
0.04722293 0.1684449 0.2668359 0.168277 0.04429819
0.1534088 0.08336649 -0.04813233 0.07269692 0.07109682
0.05770265 0.1419195 0.03493612 0.2241144 0.01757542
0.282059 0.1466934 -0.01080987 0.09375897 0.0694816
0.1168833 0.1078015 0.04375034 0.1561023 0.1137228
0.008814077 0.01089811 0.04614951 0.06325287 0.08508917
0.0857938 0.04654435 0.1356808 0.03379458 0.09094919
0.0431615 0.1144848 0.1109125 -0.009337894 0.04743377
0.052045 0.05121811 0.06694297 0.005668328 -0.006024255
0.05202694 0.0130872 0.05252482 0.0281922 0.01655894
-0.01122561 0.03838151 -0.005933777 0.0580201 0.03770905
0.03443928
