NA NA NA 0.01643114 NA
0.3022467 0.1391642 0.1286192 NA NA
NA NA 0.1142537 0.1939246 0.3091187
0.1978993 0.2584512 0.3057671 0.2750409 0.09525624
0.2619824 NA 0.1459109 0.1434565 0.1110738
0.1562665 0.0681191 0.05183167 0.2580405 -0.05800417
0.05617785 0.07553423 0.0283387 0.03498336 0.09727809
0.127104 0.261152 0.05136486 0.08607808 0.1546737
0.2355348 -0.001036372 0.176399 0.03575948 0.1597718
0.01918563 0.2792388 0.1774163 0.1003526 0.05259112
0.01555759 0.1027012 0.1515963 0.2115173 0.1291601
0.1131243 0.1746704 0.1025022 0.1021276 0.1036225
0.1305177 0.01357342 0.09276847 0.05142941 0.1955211
0.06373813 0.08342454 0.08252638 0.09812742 0.05713183
0.2358103 0.1009996 0.1187533 0.06144253 0.06776781
0.1797404 0.1950866 0.1472603 0.05335209 0.187195
0.01705334 0.01100594 0.04612551 -0.002478742 0.07860195
0.03482548 -0.003881717 0.101869 0.1235813 0.07632513
0.01715407 0.05993597 0.01217248 0.02804054 -0.0189543
0.1178336
