NA 0.04682731 NA NA NA
0.2385159 0.0445619 NA NA NA
NA 0.1501498 NA NA NA
0.1033973 NA 0.1735644 0.2058747 0.05105395
0.2446233 0.3049819 -0.005443062 0.1199912 0.1167341
NA 0.1080802 0.275918 NA 0.1254529
0.09275702 0.1533019 0.05027209 0.2430073 0.1698867
0.2061812 0.0230983 0.09850337 0.03415311 0.06711304
0.1338178 0.05895373 0.1197786 0.07648765 0.07217607
-0.03939363 0.2680191 0.05616794 0.01858312 0.1422616
0.05927647 0.1690556 0.1780741 0.1124508 -0.0270187
0.09881878 0.09108939 0.03560347 0.0675887 0.07588236
0.08908736 0.1001454 0.09795372 0.04719298 0.03795338
0.2038194 0.00996205 0.02610285 0.1597075 0.104573
0.0585354 0.1727581 0.03181206 0.08260699 0.0414598
0.09743131 0.06256876 0.1369319 0.01779595 0.04491371
0.02549532 0.04861673 0.01461925 0.01102734 0.03198705
-0.00503975 0.02269467 0.07394206 0.05843599 0.07372022
0.01662979 0.01267356 0.07608192 0.02470316 0.04044855
0.02094539
