NA 0.1706968 NA NA 0.2381192
0.0241576 0.03667337 NA 0.0434001 NA
0.08500857 NA NA NA NA
NA NA 0.1612593 0.06007209 -0.01057761
0.03689899 0.2826873 0.2293544 0.04359701 0.2211618
0.1558014 NA 0.1251854 0.2021349 0.03603345
0.02872863 -0.03026168 0.08441484 NA 0.01955737
0.232076 0.06698927 0.1056574 0.2457143 0.05058288
0.1553852 0.05068649 0.0875437 0.1294991 0.192184
0.1294699 0.09741138 0.06823289 0.07349857 0.04239455
0.2519459 0.1088795 0.04656496 0.1698084 0.0467285
0.07043069 0.09834541 0.117087 0.03314882 0.115898
0.2195227 0.1140373 0.04976506 0.02730015 0.04502308
0.04246935 0.07274415 0.03098648 0.1843002 0.01493479
0.09376664 0.01730891 0.05946495 0.1054295 0.1388709
0.09621536 0.1154219 0.06370277 0.02790446 0.07424401
0.04831222 0.04929681 0.06544773 0.004673912 0.01731641
0.02385522 0.01320663 0.005909332 0.09036317 0.01969571
0.0325778 -2.009732e-05 0.01647694 0.03648007 0.01333699
0.0529256
