NA 0.03329881 0.2086557 -0.01817594 0.1995008
NA NA 0.1987224 NA NA
-0.007321185 NA NA 0.06929583 NA
0.2819882 0.09443168 0.2170672 0.2757422 NA
0.1241939 0.1976736 0.09032439 0.1278466 NA
0.03314983 0.1468962 0.09331762 0.327456 NA
0.1290752 0.2278838 0.1903808 0.1425236 0.1162677
0.09912394 0.07128042 0.1644224 0.1446258 0.1010357
0.1263043 0.05580094 -0.06539088 0.1077394 0.1152594
0.1420755 0.09548925 0.2653099 0.06626567 0.0396329
0.02864078 0.01365499 0.05858949 0.1096649 0.07264255
0.03968757 -0.003350402 0.1077209 0.03652028 0.1556849
0.2227072 0.2114882 0.2856385 0.2101692 0.1671037
0.0906435 0.0353137 0.08726225 0.001222942 0.05893954
0.05638368 0.06971638 0.1523269 0.09136021 0.04722581
0.05536082 0.02845814 0.0660994 0.08493513 0.1290968
0.05417352 -0.002245848 0.06677723 0.002886447 0.02758948
0.004609052 0.04449156 0.06200574 0.05209223 0.04130442
0.05148574 0.003873517 0.1089407 0.02944056 0.05767225
0.04175649
