NA NA NA 0.324778 NA
0.0549826 NA NA NA NA
0.1595398 0.08054418 -0.04071398 NA 0.19805
NA 0.1316197 0.2501924 0.06915771 0.1478858
0.3157241 0.08563803 0.05838192 NA NA
0.1706968 -0.02910273 NA 0.05856647 0.09158544
0.1069589 0.1385353 0.2620486 0.1886851 0.2280389
0.1797374 0.0460222 0.06324235 0.1247647 -0.005217868
0.05586636 0.1644368 0.09155934 0.06036819 -0.0004077274
0.3281571 0.06602512 0.07595927 0.04082319 0.09981918
0.1349185 0.07288888 0.1558247 0.06825834 0.05239158
0.05268531 0.1524278 0.1172892 0.1233517 0.1375316
0.1515106 0.1834175 0.0830165 0.1272552 0.1344105
0.09064919 0.09956695 0.08686122 0.05135219 0.0963879
0.115732 0.01367016 0.1125305 0.1134753 0.1121866
0.07090204 0.08312477 0.03802012 0.0284826 0.09183825
0.06744371 0.05664814 0.02230811 0.01703444 0.01637471
0.03403195 0.002268374 0.1507676 0.05783233 0.06750505
0.08787823 0.03594828 0.04123446 0.02919229 0.01316695
0.0584931
