0.1944882 NA 0.1246181 NA 0.3064563
0.1939246 0.1562104 0.1545058 NA 0.1511231
NA 0.08944328 0.141892 NA 0.2026031
0.04780741 0.05319992 0.06550071 0.2985731 0.1706968
0.03643674 0.1987224 0.1252021 0.179237 NA
0.2963627 0.1432454 0.2607763 0.1054466 0.2356851
0.1765782 0.008925015 0.05174475 0.1867796 0.1310704
-0.02260432 0.1642831 0.1514382 0.2468518 0.232988
0.1139742 0.1847635 0.01316059 0.1595805 0.0609529
NA 0.1526297 0.02292948 0.005497422 0.2376812
0.1389192 0.1267553 0.1353046 0.1056558 0.2386242
0.1170656 0.1040655 0.05295687 0.001973179 0.04469916
0.2753322 0.03503683 0.04682709 0.1362802 0.09691415
0.04737283 0.02579481 0.02537114 0.1213253 0.07785058
0.08168291 0.06728103 0.01539915 0.05289033 -0.0007847188
0.04029705 0.06092755 0.04384443 0.07158637 0.03035118
0.04891769 0.02926936 -0.0001225118 0.01632729 0.09971853
0.03737612 -0.005351597 0.1010168 -0.005354839 0.100252
0.01115796 0.04140343 0.03603665 0.05912882 0.04001097
0.007983947
