0.1516648 NA NA NA NA
NA NA NA 0.197395 0.08944328
NA 0.1067763 NA NA NA
0.1316197 NA 0.1602845 -0.01931628 0.1583615
0.1089999 0.04828949 NA 0.2455102 0.02828776
0.06159625 0.01758555 0.1829516 NA 0.03332065
0.1516339 0.01818749 -0.04097092 0.1124991 0.1034164
0.1753451 0.02179391 0.06128829 0.05649093 0.03454264
0.158692 0.09242659 0.1725343 0.1125025 0.1586107
-0.01648994 0.1290807 0.05752052 0.1293912 0.1130971
0.0614189 0.05432443 0.1592771 0.07968273 0.1662532
0.07809312 0.05530738 0.178857 0.04095867 0.02518065
0.1220129 0.18735 0.113371 0.1104976 0.03024952
0.05220032 0.1689482 0.1221079 0.1306306 0.1056857
0.09733761 0.08309559 -0.01578165 0.1430889 0.1139609
0.1251785 0.0736011 0.02572263 0.04691415 0.03908574
0.04583952 0.04752581 -0.01438809 0.01880421 0.04301961
0.007093356 0.01502154 0.06298088 0.05291664 0.05273598
0.02176726 0.009139031 0.06510849 -0.01185918 0.04091765
0.004131468
