NA NA NA 0.1563156 NA
0.1099102 NA 0.2940434 NA NA
NA 0.2079109 0.14897 NA -0.06702233
0.03701154 0.02076189 0.07822959 0.06215095 NA
0.02483563 NA 0.2963447 NA 0.2408408
0.09905009 0.1049329 NA NA 0.0434001
0.06792617 NA 0.2001159 0.1970848 -0.009130748
0.09756056 0.1470193 0.2222106 0.1558024 0.1217007
0.1090492 0.0398971 0.1071577 0.1004118 0.2713079
0.2328541 0.1735308 0.08556327 0.0633533 0.04597374
0.007006805 0.0401303 0.08085329 0.031011 0.0315122
0.06439963 0.1702827 0.1328235 0.0443284 0.235518
0.08429339 0.04657667 0.07591938 0.06007845 0.2084424
0.04354978 0.03166487 0.1476704 0.02933508 0.007986847
0.05636746 0.08058784 0.05554095 0.116864 0.04917723
0.03132213 0.0136622 0.05661367 0.1275512 -0.007083623
0.06149166 0.07656301 0.03420943 0.03123347 0.01798084
0.02551565 0.03573596 0.06052879 0.07916469 0.02569826
0.01498899 0.06022531 0.02542022 0.03527765 0.0008644342
0.047735
