"quartet" "wQuartet" "cluster" "phylo" "mutual" "shared" "clusterNorm" "wNrqs"
"mb49" 0.822784810126582 0.913960238786352 0.297145885460844 0.82256954371568 0.239739983961727 0.121151210705268 0.180406502868971 0.271985859792985
"mb50" 0.703202290653162 0.735778784062592 0.19477059342501 0.553267018235878 0.143064949299051 0.0859407276751486 0.0892858703004401 0.115987163639913
"mb51" 0.758938491054 0.809678516111972 0.256627013901232 0.414748710172739 0.181536221973031 0.110789280803125 0.174749248180945 0.194409141937764
"mb52" 0.722032511807182 0.755381940013927 0.218606277473306 0.417869335620139 0.155858162397096 0.114113337450657 0.160511012647758 0.138581250669653
"mb53" 0.77286238705144 0.806682997299165 0.221030116271411 0.528845017750742 0.164669695562512 0.108808277845001 0.135511258395018 0.157897758242495
"mb54" 0.765432098765432 0.838129496402878 0.218212197168973 0.765091243393974 0.166826943532148 0.082116486163194 0.0903015716782274 0.146858429444904
"mb55" 0.644824893633078 0.675053360211898 0.203831594811484 0.0616778809401113 0.129275940339553 0.0574367481677711 0.164111760939365 0.123138068034466
"mb56" 0.746368158398595 0.743498970133883 0.200386465135641 0.285507336108505 0.142722464647962 0.0931245845258718 0.112503107065856 0.117405415943497
"mb57" 0.9125 0.937028331065199 0.247581271486496 0.912420865487791 0.205435999802657 0.102316203492602 0.123254503904654 0.225327712379582
"mb58" 0.822986853690559 0.806706754160533 0.220952614436495 0.687534407702309 0.167442573513112 0.105097716972322 0.119246101778867 0.173887661946159
"mb59" 0.795054467944904 0.789694740309652 0.203441857834883 0.651801275306133 0.15262874821255 0.0968924328927655 0.0996693181999731 0.12547407811833
"mb60" 0.895218199756955 0.906432748538012 0.211536212334956 0.851629090584216 0.171116916190531 0.112334494304296 0.109133935454204 0.153057582634433
"mb61" 0.704079078755762 0.683855587967755 0.202584279613534 0.380035140559852 0.137566260416301 0.0983919849584334 0.133279245715677 0.13343452243492
"mb62" 0.791767890331686 0.802816773348851 0.210435927652336 0.59098951639741 0.15647391803647 0.117714168069396 0.133794969685436 0.142643690133354
"mb63" 0.901234567901235 0.922206738257234 0.19003181594593 0.901065396701653 0.15402679687079 0.0756455682113011 0.057510514545744 0.14187048955508
"mb64" 0.790123456790123 0.83950046253469 0.206443049366542 0.787144590784276 0.161781702784661 0.0783564939913623 0.0766068386320119 0.139137181209327
"mb65" 0.759493670886076 0.81525714712249 0.209052986352239 0.756118077405459 0.163091178478043 0.0798327654099653 0.077749523325292 0.146544939104017
"mb66" 0.762965491532909 0.735187538237093 0.191592570669503 0.504020124768421 0.136576854057736 0.0869087365968019 0.102806824812466 0.103519967187475
"mb67" 0.627624576373693 0.669939797629591 0.200144517799287 0.061701692663434 0.125976381755667 0.0645324238775302 0.159203960053722 0.122595803965959
"mb68" 0.648022614403997 0.646112975391499 0.17760346732989 0.0867942953900481 0.115689347851913 0.0769343280798929 0.125895344261438 0.0958764094726463
"mb69" 0.70598710502021 0.679941878964003 0.182966774626391 0.186062184773706 0.123095326711774 0.0781911665922298 0.104102881894706 0.103475946339891
"mb70" 0.812050145086344 0.825018830754968 0.199391778698076 0.688078556910058 0.150828725021748 0.0935063128443446 0.0942585189706209 0.136051375030439
"mb71" 0.636578976920559 0.640564606556296 0.176958612324803 0.0878702448382218 0.116608624454594 0.0670023038385194 0.127295893370462 0.0936928239154124
"mb72" 0.63351931539285 0.671367705267152 0.206976831225947 0.110861586368513 0.128654186601847 0.0735617389976764 0.164295259346896 0.129674429645921
"mb73" 0.732843206351047 0.755766287065603 0.208895338685081 0.461349929333655 0.151456775237987 0.114333768266951 0.145506079593388 0.134116104704038
"mb74" 0.656880655704485 0.713828893427781 0.216598134575747 0.193600224213742 0.142030820851318 0.0955551638150193 0.158537597127266 0.145363391629854
"mb75" 0.731213663131639 0.78615219019094 0.2584772524029 0.462064382831885 0.188478885755766 0.106946493063496 0.161124836803544 0.200478590011157
"mb76" 0.633727910568085 0.638150652618336 0.187565980065875 0.037314880133846 0.11898835721935 0.0576963951171683 0.147041187455396 0.103934911378878
"mb77" 0.756410256410256 0.737092670114093 0.181890208576299 0.756228814587826 0.142290904288195 0.0667029775765917 0.0445095886049625 0.12252232140595
"mb78" 0.803702868950545 0.798768632534025 0.2183670054221 0.639661803483383 0.168587653597798 0.100330505756151 0.116549823787595 0.167804837822216
"mb79" 0.772151898734177 0.830276655268884 0.202216068503465 0.776045059627833 0.154202689293703 0.0754314385157122 0.0698165212290418 0.140261974002468
"mb80" 0.808543063113101 0.811494252873563 0.204143841726589 0.621566531367793 0.151007878086928 0.103638249723785 0.116200937942575 0.141589170299922
"mb81" 0.748057046041891 0.765354139469929 0.202786827854363 0.338152076943142 0.147580347435479 0.0844016905450464 0.0992482186446765 0.125422801530523
"mb82" 0.691652605957082 0.654953780814887 0.1884266065254 0.3307656847927 0.124840992278441 0.0846484321227634 0.123762515888263 0.112402781421924
"mb83" 0.67948717948718 0.615341123256691 0.163175843436843 0.679125254372578 0.119499224541739 0.0553804195155905 0.0233074727644628 0.0726183920774736
"mb84" 0.617565750103998 0.618319125828721 0.168249831931582 0.0497044796204684 0.108207516744495 0.0572708221240797 0.121258982020357 0.0855570749941899
"mb85" 0.675 0.750845633456335 0.202771028448246 0.674766261627101 0.156093164097729 0.0742924980021372 0.0718514680648813 0.127257000822477
"mb86" 0.871208024254529 0.856102003642987 0.18834278103268 0.765110336324819 0.144477349743666 0.089390635880333 0.0829282413046211 0.119037776815729
"mb87" 0.651171968790835 0.626151186682052 0.168898219594933 0.123971028311893 0.112263394255915 0.0750908360139313 0.107360567412352 0.0943926895196553
"mb88" 0.810126582278481 0.822217330691907 0.208616667152205 0.809829018718759 0.166534883206685 0.0825237220955154 0.0771888817554421 0.165090949384616
"mb89" 0.633151869528886 0.667760535823352 0.198182669039286 0.0492404910608798 0.125723557117378 0.0536898594567321 0.157602113950772 0.120213375146147
"mb90" 0.759261120740193 0.789881171138062 0.2089957200079 0.602484737305559 0.157398508833949 0.0942792477527997 0.106006946940276 0.151545094498564
"mb91" 0.876543209876543 0.904434062781739 0.195894681918245 0.876392672104614 0.156992314171131 0.0772146646183769 0.0643326214411992 0.150654555808585
"mb92" 0.938271604938272 0.936799677549375 0.192502637791229 0.938165872938533 0.158734384578243 0.0792424868781157 0.0603855948951593 0.156610407191968
"mb93" 0.759493670886076 0.771292789782431 0.203512511743271 0.759179216621933 0.158222603330922 0.0790433674436161 0.0712370614869218 0.145784624834788
"mb94" 0.614464783680477 0.620792392641025 0.178138865243433 0.0251738078421326 0.112368659797527 0.0544568499162343 0.136905317767149 0.0963879683669374
"mb95" 0.636717781202887 0.667179788297653 0.196815939335008 0.0492364639305259 0.124461934563643 0.0470934887598559 0.156509370607939 0.11874362257415
"mb96" 0.657052483353458 0.617805339221727 0.164032270550303 0.136368131143082 0.110299994995486 0.0758631951053966 0.102134326659886 0.0829939865767357
"mb97" 0.633556089145096 0.668069544841863 0.197847284974891 0.0492364639305259 0.124515156636601 0.0476491227062169 0.157592472757882 0.120080328455358
"mb98" 0.628242324694386 0.664770952538506 0.194869187429366 0.0492404910608798 0.12237267444055 0.044059856102786 0.154120934639874 0.118398458690712
"mb99" 0.763157894736842 0.820961887477314 0.190854883878913 0.762932341506918 0.144911075581231 0.0694735436507454 0.0551844642966749 0.120966881119279
"mb100" 0.827160493827161 0.874896380215529 0.208339072139185 0.826986296682989 0.165355768662955 0.0803983806943762 0.0788130753244875 0.16497843325625
"mb101" 0.784855516074621 0.789356649068934 0.194901176877918 0.621566531367793 0.144950299850914 0.101652057755564 0.105794773482869 0.128646759919393
"mb102" 0.740740740740741 0.808519215264714 0.205137447798656 0.737122650407347 0.162250326742745 0.0785756360987022 0.0750876237120306 0.147739904130348
"mb103" 0.63267536417964 0.622848914393034 0.172232214522798 0.0628877273386906 0.110299857459386 0.0586450835260035 0.126690281706132 0.0864007928967376
"mb104" 0.7125 0.736258785366733 0.190614347720536 0.500836256978174 0.147028080699569 0.0693357240766473 0.058406558183228 0.102463571671695
"mb105" 0.925925925925926 0.918204964990452 0.159456491715048 0.925859973753788 0.131623499723815 0.063820802513203 0.0219326706633758 0.108558558619275
"mb106" 0.638079092098584 0.669096153759002 0.198942817574229 0.0492364639305259 0.126360836575895 0.0473611047782294 0.158742982992074 0.119901401137182
"mb107" 0.672401809209604 0.624417138777928 0.167535920032166 0.148797522979518 0.110980471606425 0.0712388127087691 0.095074819880441 0.0868069213072613
"mb108" 0.781010546892703 0.815787598850602 0.210898153084111 0.636942131189947 0.161162275416422 0.10142855613072 0.108413007819176 0.15194819062997
"mb109" 0.623899180948743 0.630804938310524 0.171737222524115 0.0644031990918055 0.112567628471696 0.0624389707858951 0.123508333190917 0.0902876287585918
"mb110" 0.851851851851852 0.862548133266365 0.187834838726587 0.851659021280028 0.150833750161677 0.0737497086322435 0.0549540833552627 0.138715560114421
"mb111" 0.644898364206536 0.620445308358367 0.166165793338158 0.099178082146697 0.108079504764786 0.0688086328483476 0.108169467179525 0.0888454570691154
"mb112" 0.742314502704684 0.736266274068301 0.196382955875262 0.514541186956907 0.143786837198515 0.0842599811155894 0.107994150964122 0.138108128102377
"mb113" 0.762654034455982 0.774452912427302 0.207024896707797 0.510459137140534 0.151260681144862 0.114490368307046 0.137634909035416 0.136332647906881
"mb114" 0.740752985021697 0.740311626048741 0.194887389757237 0.561939735331459 0.141702811222892 0.0798761511030281 0.0899511353137326 0.112776630183838
"mb115" 0.791680519430687 0.816356441448043 0.21415759108048 0.649824196128372 0.163016059924486 0.101842000363467 0.111840893729695 0.15872404865855
"mb116" 0.675142467793659 0.630882458201232 0.173786336002848 0.284958966096011 0.114300555048841 0.0770752191884012 0.112668163670745 0.0929329216746919
"tnt1" 0.816918451616266 0.805948878264068 0.195843765447004 0.641420939782801 0.145823561262725 0.0913065413665062 0.107721057493601 0.127853816932613
"tnt2" 0.758220520228726 0.753715216935974 0.199283074009119 0.480523855759962 0.138437389523991 0.0958442853683395 0.135515863929999 0.11895401600353
"tnt3" 0.660123022873693 0.600630071798879 0.160906819965365 0.241497552831511 0.103046840472663 0.0571630125783648 0.102524083877971 0.0820049381246645
"tnt4" 0.660642661120035 0.603043092491787 0.161619494314064 0.242062574396024 0.102151514692943 0.0620988779779788 0.106360153277503 0.0790130311109006
"tnt5" 0.649636128066285 0.60362591872056 0.158522739046788 0.220545087237152 0.101873684540902 0.0624817222877366 0.1055881129439 0.0741294999529967
"tnt6" 0.693441020723051 0.629635908079814 0.175633483361743 0.269848353524694 0.114694284350444 0.0667721597477969 0.114587690279377 0.096605409068878
"tnt7" 0.695668775405018 0.646258090921493 0.184602066054076 0.266395229954039 0.12322396501968 0.0721326259523759 0.119561409693393 0.112076486798735
"ufb1" 0.802469135802469 0.816019900497512 0.171924730971127 0.802254030663285 0.130757046856992 0.0615769414556035 0.0364408755933087 0.102891562567518
"ufb2" 0.831563417692246 0.875315649252867 0.266218708428878 0.589899882574587 0.193631776939318 0.113925071158378 0.17041885436479 0.213063933343413
"ufb3" 0.622301182802927 0.649342311216852 0.18991146134995 0.0498186773717689 0.119908919114334 0.0508161928911597 0.149639334548639 0.10968221901293
"ufb4" 0.608412195153417 0.60102855956782 0.165690128715781 0.110496090914016 0.100781525594334 0.0490540367701728 0.122412776302193 0.0836286037090183
"ufb5" 0.630170055988261 0.627143374036235 0.168086245400734 0.245998740632097 0.108753399536522 0.072659912199357 0.113278891521735 0.0900072130762655
"ufb6" 0.772225977277798 0.738633584924115 0.176098079430833 0.574677047143382 0.129445287083449 0.082971733707356 0.0855937045455044 0.0971997749919217
"ufb7" 0.701256834144964 0.719089179814255 0.192981665412887 0.361672976890633 0.132616911336425 0.0829581325508359 0.133238164074895 0.111765804391904
"ufb8" 0.678581966604188 0.697418709354677 0.186163930865158 0.310812209504331 0.126487877127214 0.0768872494478642 0.129623092626639 0.102078153395646
"ufb9" 0.688453059118924 0.622789777031485 0.17272025725129 0.25782441544444 0.109548140976457 0.0703946085844744 0.115163432875974 0.0888226146586518
"ufb10" 0.633796577779555 0.645909012048971 0.188814358062074 0.157782260295859 0.119998603921634 0.0658498518590839 0.146751872616851 0.104914290952081
"ufb11" 0.758439338208297 0.772016703082057 0.208821198338438 0.499423802712731 0.152557406557916 0.113768445362558 0.139623330686878 0.136957398264976
"ufb12" 0.624855914093833 0.674397814750435 0.205839901566635 0.171435653923174 0.13097105001441 0.0830921924708156 0.157770483149949 0.127835625001546
"ufb13" 0.629539574392471 0.666469318988624 0.19666584199081 0.0492404910608798 0.124126542936842 0.0443479596618071 0.156008519188224 0.119232672038295
"ufb14" 0.633317289834448 0.660847116626305 0.197408287467785 0.0616696954255994 0.126046370913889 0.0606133654949363 0.157509098044613 0.115852528103669
"ufb15" 0.6625 0.577474336625993 0.156169759464983 0.662265259943843 0.115886971949266 0.0515356232229217 0.0170065127020011 0.0587326985997706
"ufb16" 0.670540944769417 0.673482132008669 0.180622767621449 0.281228321986048 0.120927344121397 0.0755052953987319 0.126645582370108 0.0999018187421721
"ufb17" 0.777777777777778 0.793553944440457 0.203123721328584 0.771857282040683 0.158288962508762 0.078473203223371 0.0727444254704344 0.150394729625793
"ufb18" 0.642191201321725 0.633000315792496 0.182579854964956 0.160178371256564 0.115555642425922 0.0621151628942736 0.139488183782669 0.0995516370163142
"ufb19" 0.678535421832356 0.602896220527413 0.160551487502394 0.350215192762059 0.109981443598666 0.0594793663748721 0.0795536585648564 0.0763139970236681
"ufb20" 0.635448102106258 0.661683196238479 0.201375038686929 0.0984088910373356 0.126652236892888 0.0636931726302662 0.159228288061544 0.122333944929734
"ufb21" 0.659888192081878 0.593035041228079 0.165477527611244 0.208239967717219 0.101866753271997 0.0678565571363541 0.112991441150359 0.0767135457143723
"ufb22" 0.741273209113148 0.761796754652075 0.211922398673752 0.447503428946033 0.152108468103132 0.114744767518257 0.148764006056362 0.137385515832675
"ufb23" 0.725 0.768089887640449 0.201421566526788 0.724911572645807 0.15649934124846 0.0739129190032327 0.0702803998448376 0.141489843575854
"ufb24" 0.753246753246753 0.733833348577701 0.166806188297648 0.752929547051941 0.125861372477377 0.060732150887306 0.0283231270719156 0.0963092832371819
"ufb25" 0.802936884602382 0.797537359984812 0.194328149884046 0.649593820971091 0.142884516823908 0.0877568024274128 0.0895098321184283 0.137977082322452
"ufb26" 0.645569620253165 0.602484472049689 0.152492698651504 0.645139087431361 0.1095360598155 0.0484806681695397 0.0114054234219934 0.0510440684441007
"ufb27" 0.744391746493932 0.76234432612227 0.201665991045783 0.552742062349292 0.148961563630104 0.0881410104391198 0.097722887120766 0.142558594824396
"ufb28" 0.630515938195871 0.627955140082613 0.178666759079285 0.110232326832516 0.108553878775163 0.049863337129352 0.137114827127484 0.0970288976410999
"ufb29" 0.624342594579664 0.621251663389541 0.173304094928306 0.125707247109245 0.104394817162231 0.0501004797133583 0.131020788269084 0.0909060671318958
"ufb30" 0.634059683982292 0.634333569401592 0.175293511999248 0.19606619548063 0.112560822600439 0.0631614398537705 0.129940374319192 0.0912328486913899
"ufb31" 0.637171181082463 0.631260081746064 0.173914764730441 0.178946671226536 0.112919553283458 0.0619436551120686 0.12726746569538 0.0887027129099586
"ufb32" 0.684925085335133 0.648227307015338 0.183500656185275 0.27930571246207 0.120980006742769 0.0743845048784982 0.118451785521683 0.108364043337574
"ufb33" 0.608445391682954 0.626023247344602 0.17770085196458 0.0732437089134544 0.111790055089309 0.0485265360135608 0.136870536911457 0.0987975992173857
"ufb34" 0.609680234760597 0.607444697799757 0.168110027416399 0.0864529978536592 0.105032410789738 0.0427795182712263 0.126756622222151 0.0895155829575696
"ufb35" 0.58298950285695 0.542897366172824 0.142972919431521 0.122296293896053 0.0920468353393716 0.0445405708868243 0.0996139965264776 0.0664304940756007
"ufb36" 0.709134718062866 0.653175636950972 0.172261817641843 0.430847257652306 0.126041383516379 0.0812782186675428 0.0923098069150296 0.0784772526083719
"ufb37" 0.66295358537964 0.59109962329638 0.164553450916305 0.1960821981147 0.102897443394095 0.0640499752915158 0.111971119153525 0.076966184535035
"ufb38" 0.656628253251734 0.585880472344908 0.160666122661136 0.173514037932111 0.0991323470883745 0.0574390426939388 0.109973422503547 0.0740955644693972
"ufb39" 0.640905078344415 0.634186307153863 0.175619777619878 0.211047194412297 0.112287283293914 0.0644436360093676 0.129070317548133 0.0908838160183579
"ufb40" 0.75 0.695114485123056 0.147340728722544 0.749597668737778 0.109771302786631 0.0500614889400192 0.00645060062053982 0.0575268605224096
"ufb41" 0.646455895214465 0.634764856112475 0.175835495722561 0.214417527135883 0.114239030205247 0.0632230757483165 0.127846719770319 0.0905330705331585
"ufb42" 0.677969751246122 0.566789584587598 0.140248007666871 0.535110966282761 0.0983956629132585 0.0574772342571155 0.0276043177172368 0.0448227520920429
"ufb43" 0.803877608601232 0.777007840438832 0.192279696001093 0.592039974162549 0.14072503217108 0.0951417314673954 0.114502245848378 0.122886369186151
"ufb44" 0.625500890972715 0.627776986355614 0.181362924401212 0.12520168332418 0.11613256395735 0.0609065109678533 0.140296330467184 0.0981939023490329
"ufb45" 0.606900335301527 0.612408945638642 0.173816708864668 0.101520059300294 0.112121248751942 0.0619875084406697 0.132030328692825 0.0921328946007425
"ufb46" 0.611240945011452 0.671052484163778 0.195167851640092 0.121741765316447 0.127708695983399 0.081413512695878 0.144485098372613 0.121422150564866
"ufb47" 0.701939959617525 0.652573118702855 0.163913627403292 0.410662870035036 0.115835102021224 0.0776713321950232 0.0832970516067808 0.0717392380927247
"ufb48" 0.60508390916103 0.604118057910427 0.170332586594493 0.121366235775365 0.108674273889673 0.0530241761254799 0.128362283510326 0.089492291389169
"ufb49" 0.598843118901782 0.597319903034576 0.166819477304903 0.112570173390147 0.108392148720385 0.0597212778859297 0.124208967144939 0.0861099213584536
"ufb50" 0.6875 0.676691729323308 0.169107336787971 0.687411940751805 0.124431447196891 0.0577308389437097 0.032737247488261 0.0743497256007202
"ufb51" 0.628465585076602 0.597227682097159 0.15951772692827 0.261680313036926 0.105256869406623 0.0596901313824861 0.101054991165379 0.0834934715646853
"ufb52" 0.62758330780601 0.634027494867678 0.17353300873599 0.186634186053132 0.112299215961721 0.0643489107081892 0.125410097887867 0.0918136075072709
"ufb53" 0.788763377915839 0.790543462591899 0.197164171194971 0.607169217906114 0.144869119653482 0.102801160804871 0.108933831428012 0.134637686255985
"ufb54" 0.622436685134475 0.61864378963799 0.177115341351107 0.123326262292348 0.112449658062904 0.0525647539755654 0.135830032548517 0.0948581193569824
"ufb55" 0.727609311852653 0.696318123468316 0.170002531081529 0.628447086722937 0.129030525558491 0.0771309481483165 0.0608280173635532 0.10396053033502
"ufb56" 0.624400116743682 0.638966983727875 0.184417100487842 0.0851182108964199 0.115899877756115 0.0524322478196625 0.143875347305202 0.10492314299265
"ufb57" 0.622364069737976 0.612333378536842 0.16342926708836 0.197936331306073 0.103096707386586 0.0515589555199195 0.114691288950843 0.083166321166143
"ufb58" 0.625726506048793 0.619053345090809 0.167324567227806 0.178494668685571 0.106942942449626 0.056779654085149 0.117051143469312 0.0877368983370224
"ufb59" 0.631387856547779 0.628594920659315 0.174404694672219 0.163225741599388 0.110794489502542 0.0589312828044882 0.13001116609772 0.0901195729298433
"ufb60" 0.614049412531302 0.620124054442787 0.168464111537307 0.160762724039927 0.107640929758147 0.0573974714083937 0.12271546195239 0.0867423719582419
"ufb61" 0.658636373220886 0.590636586517167 0.163692434261528 0.183285210001191 0.098113789560093 0.0612171032787577 0.114972259412709 0.0755457968130199
"ufb62" 0.648107001984034 0.595178722995824 0.162606354426145 0.16073861722912 0.0983249712695092 0.0574668295658886 0.115305044520719 0.0744828123464012
"ufb63" 0.618122802987763 0.629211739270104 0.170836579830119 0.155078914695315 0.110681660575039 0.0636155672417176 0.124015804893047 0.0898339604495488
"ufb64" 0.630171764148669 0.629038136575992 0.168269446158893 0.193805874482847 0.109558000383424 0.059455520631744 0.118084516102261 0.088590852734397
"ufb65" 0.628391526685252 0.653653624474978 0.195638062369634 0.0859488212711594 0.122336248873833 0.0533974559224071 0.153188547716199 0.119026364934197
"ufb66" 0.636020629063196 0.60429992025129 0.156925482711401 0.395123524375944 0.110589396870003 0.0710278085216099 0.0639632537730282 0.0619156577502796
"ufb67" 0.759788132155749 0.763396911898274 0.195407901112933 0.528557858575177 0.142797524458082 0.0985437499870342 0.117206801879402 0.130448964526916
"ufb68" 0.615465563612067 0.609768452065229 0.17206470183721 0.114418945005662 0.111022837343527 0.0556281755875544 0.130189156515301 0.0900557574692432
"ufb69" 0.7 0.72209026128266 0.18585416326171 0.699498245813096 0.13623688392227 0.0654295630311607 0.0522326434497633 0.0950600037938643
"ufb70" 0.620253164556962 0.736950500674668 0.21445323007406 0.619947477520747 0.160813185880222 0.0754183379739313 0.0849302981831457 0.130230048558997
"ufb71" 0.603661997473883 0.599954503312397 0.168828917225892 0.135714321202936 0.10725138650745 0.0573274210024769 0.126322289930201 0.0858122192907746
"ufb72" 0.759305502544323 0.690167955046413 0.18077732813589 0.480617904790076 0.127065730403137 0.066342064201693 0.0906720803047591 0.122948074228944
"ufb73" 0.777777777777778 0.688432040903281 0.150134583000377 0.777642232293795 0.116719441732157 0.0551756880468421 0.0110855767639997 0.0707421789770659
"ufb74" 0.765432098765432 0.681956497238814 0.147536028872184 0.765214480653953 0.11083026529763 0.0529583957581738 0.00806186547333265 0.0616149886829867
"ufb75" 0.640099564296412 0.604754879709487 0.159512972473796 0.319130051554328 0.106322355190903 0.0716469515226398 0.0924699972547784 0.0807657393926146
"ufb76" 0.642701490287951 0.61136699352996 0.164490432928676 0.295731007403206 0.108446644023442 0.0712676566138457 0.0978444938886842 0.0903305303305619
"ufb77" 0.624933578375974 0.638178660792277 0.183811843893203 0.0857157663026958 0.112038928301165 0.0454849126028681 0.143239374351073 0.107301570389148
"ufb78" 0.612393556522727 0.614503901213494 0.172310001922472 0.133782855043964 0.105686626391895 0.052528409715166 0.129971852868487 0.093609777282348
"ufb79" 0.705614174546489 0.640910791597627 0.164778499840016 0.442678683971885 0.11602035085981 0.0791640814829726 0.0842157765737659 0.0716634943958023
"ufb80" 0.63230241317929 0.639772047027273 0.188181552928176 0.0856645771011555 0.114605562240378 0.0592040630897153 0.147453274892557 0.105997549727576
"ufb81" 0.62703862404017 0.659148663268479 0.198107360725046 0.0620400294855032 0.121470913355062 0.0614100080837039 0.158109297220556 0.116470524444424
"ufb82" 0.618631931678404 0.648210816108036 0.190544448955292 0.06078707538625 0.118108559674369 0.0546596211107182 0.15030773787729 0.110336234078323
"ufb83" 0.614831872842818 0.644582056539354 0.189793147302521 0.0367780192471155 0.118418922074283 0.0521794859676422 0.149563345164395 0.109488827459643
"ufb84" 0.605661749746631 0.641305961754781 0.187838289454587 0.0243396858428651 0.118226564608596 0.0560041755949128 0.147461699728164 0.110317557265855
"ufb85" 0.8375 0.826271546234185 0.177583429187981 0.837228216482094 0.138347168922414 0.0681333821176226 0.042233055027148 0.126205932503402
"ufb86" 0.621008323114422 0.612440306208154 0.174566327508268 0.137796789511302 0.109686735338936 0.0574799834833955 0.132818216954011 0.0905463818427416
"ufb87" 0.656024738010782 0.670165701119642 0.181319785889772 0.259947806629438 0.11941764405896 0.0746540704817857 0.129847120517771 0.0963920241963998
"ufb88" 0.775 0.769409217445097 0.185493262889199 0.774623684359822 0.145775961529744 0.0700344803481946 0.0518125103770404 0.12088238871965
"ufb89" 0.638254744629282 0.59135601687979 0.158591665673866 0.321296047477271 0.10909100910097 0.0575756643276926 0.0773749726911567 0.0744270338437853
"ufb90" 0.745084209754659 0.719400524099756 0.17515342173873 0.626004151242207 0.133212784121023 0.077028123880527 0.0669075944265973 0.111018170837623
"ufb91" 0.60069605159336 0.554635531102274 0.141055417255724 0.232436612763275 0.0913497715771757 0.0465561225928425 0.0844219673815395 0.0666810830886178
"ufb92" 0.683024739934528 0.698944088053442 0.186518808098362 0.305987632127321 0.12688637704273 0.0787706479946212 0.129999634299384 0.107100466674907
"ufb93" 0.683150314991802 0.634798171044447 0.169353334378285 0.333353691958035 0.112672657898821 0.061630219054985 0.0891754083146693 0.0861911375976109
"ufb94" 0.716049382716049 0.665904326281685 0.164981592127231 0.715563015517252 0.122759434148337 0.0588189369692119 0.028361749171741 0.080271770279628
"ufb95" 0.801542440604189 0.767195592650018 0.180426631414097 0.616598492049895 0.13078624946057 0.0859234837731095 0.0906144512642669 0.0999866997445469
"ufb96" 0.632635176140346 0.66946068735985 0.197329861472409 0.181699873189 0.128729727633894 0.0793021474004873 0.141448961757712 0.120217707907796
"ufb97" 0.601768230659971 0.647779288625194 0.184548630230262 0.109467691958651 0.120384221230385 0.0700697041720514 0.135274752894816 0.108231171244472
"ufb98" 0.604223098179458 0.586418828593458 0.160067282892628 0.148098958609824 0.102370900184188 0.0517800626575167 0.116516901377315 0.0808171740096125
"ufb99" 0.842086709655427 0.772918047271924 0.160281417760576 0.740510878940731 0.120926548475682 0.0779856678417389 0.0512223891715248 0.0832866512963135
"ufb100" 0.637130239074514 0.647810095058654 0.196597464837717 0.0859754225584264 0.12469185631752 0.0583486313432693 0.155477553204203 0.114700604980432
"ufb101" 0.622355315568156 0.604997410475923 0.167424142649939 0.135096024656933 0.100554619755353 0.0501288524559938 0.123528121556702 0.0813796187566095
"ufb102" 0.663288309755459 0.596300864619365 0.165761111780152 0.213365199702688 0.105858101601952 0.0666207800177928 0.110786509982562 0.0799572211581248
"ufb103" 0.62962962962963 0.702954755309326 0.196624551353121 0.629362179801371 0.144700832005849 0.0651686125973091 0.06518190698311 0.0925831319504976
"ufb104" 0.7151587767879 0.695480245586042 0.185557824249702 0.380830191665352 0.130266978775471 0.0742569801115592 0.107017420166947 0.119561916276766
"ufb105" 0.622498273521469 0.651441203385532 0.193433388610214 0.134090072503386 0.122755550721829 0.0593544017326946 0.146353542342213 0.114775390457659
"ufb106" 0.604389959990273 0.621730535502482 0.177644561297084 0.0852858078807431 0.112360973776999 0.049283509086618 0.133396834311543 0.101151753938331
"ufb107" 0.60500249098436 0.609887895200907 0.17191921375982 0.0853282986144786 0.106186228442884 0.0443169274953323 0.128228259161 0.0949798543646343
"ufb108" 0.675526693064902 0.613584337583127 0.15366046776729 0.398400949858345 0.108578540412279 0.0756751279096956 0.0800558356178374 0.0582364751791904
"ufb109" 0.642967536880228 0.601679447686792 0.160071537530387 0.274349174139485 0.107152799539348 0.0642492414468409 0.101647324034927 0.0782084936700574
"ufb110" 0.65385432607953 0.6095727737573 0.16029085884042 0.319130051554328 0.106544649248202 0.0732238930697913 0.0933099331411361 0.0824734982419339
"ufb111" 0.680313078058174 0.635210344713181 0.177114025277096 0.266667864478744 0.113138091601913 0.0749399445820651 0.116238434799609 0.0957160796477718
"ufb112" 0.67564749149629 0.616448431358364 0.166704381458321 0.23623160562944 0.106467428812354 0.0690271760041155 0.111787070677502 0.0806465199347603
"ufb113" 0.66714027270997 0.623252209609182 0.168661970766477 0.271533039197302 0.110816990466349 0.0663039694739472 0.107168914235707 0.0892432921015758
"ufb114" 0.643159202613284 0.566926719585732 0.142347330843811 0.496694801796291 0.100548708307617 0.0565266680430649 0.0296038060435104 0.0492848725028793
"ufb115" 0.609581778154898 0.589878958130504 0.16256593716444 0.148064980349473 0.101930496316161 0.0532376503196277 0.119146418242641 0.080854051221819
"ufb116" 0.635493888026908 0.620501986135992 0.175523201536644 0.147698696720878 0.109278374548747 0.0458324918927935 0.134158450256104 0.0936802862664076
"ufb117" 0.625748135050361 0.603108873903821 0.167839268502499 0.147660658790204 0.10534310247324 0.0443349060938638 0.125742918558271 0.0870112455808881
"ufb118" 0.721060909767493 0.752443980030187 0.208205111663106 0.436105905161613 0.149673449310299 0.109654215880568 0.144787857336041 0.132420150921577
"ufb119" 0.721518987341772 0.643269017520515 0.143943201607628 0.721145020365685 0.108206909873092 0.0490897850835046 0.00115655887526037 0.0588201938439786
"ufb120" 0.707409026443491 0.669832362677241 0.196157954790796 0.392036272948334 0.135077752288061 0.0877354860539496 0.118549047475521 0.142926279912763
"ufb121" 0.629277700325617 0.622588920753804 0.16771784719568 0.221510077319442 0.109956824053946 0.0623124805049433 0.115384580683751 0.0866793254314976
"ufb122" 0.609366489531232 0.536494603745399 0.153037393212738 0.222212385494349 0.0979675076174689 0.0596935485143049 0.0902676630856753 0.0663471193778573
"ufb123" 0.642951424957427 0.632839281085536 0.171059526299526 0.249024617995011 0.111205975291386 0.0757140469047377 0.116448055296006 0.0923044986570927
"ufb124" 0.74025974025974 0.693519188993483 0.164250684560944 0.73993950992828 0.124888315138605 0.0598735519011025 0.0230170420273392 0.0994521527006281
"ufb125" 0.67948717948718 0.694882677985105 0.18143924196189 0.679209265670846 0.138386906097358 0.0644327234464781 0.0444245644160875 0.0996892483869569
"ufb126" 0.625035767350698 0.66631404819614 0.199460921646242 0.0748661243853421 0.124892618922942 0.0655240339260515 0.157911219592665 0.124584696838687
"ufb127" 0.605216457991235 0.520349903943705 0.149037485590231 0.233838330989448 0.0986940610843625 0.0635202134968396 0.0810468156066511 0.0609363659072092
"ufb128" 0.633632687477645 0.649689307961213 0.194918606938276 0.085963838826885 0.122984308426317 0.0552110030847377 0.153134651832306 0.115521135412422
"ufb129" 0.683886047536527 0.677609279116947 0.18689633808202 0.28172731377563 0.128501000839056 0.0694956538565394 0.130129027286435 0.108838832880539
"ufb130" 0.630223865384406 0.626218538872494 0.168408828953859 0.245998740632097 0.110749670308645 0.0731184493166815 0.113622727218911 0.0899736579387343
"ufb131" 0.597740617327624 0.536699246395046 0.149419587994714 0.195421619969352 0.0952589156466164 0.05809088070844 0.0959104462643228 0.0691861663407394
"ufb132" 0.609143990481946 0.684676216729179 0.199637409311847 0.147469999805478 0.133315857887309 0.0849502951124045 0.143913331139953 0.128413371619602
"ufb133" 0.658520244891377 0.659365690303781 0.182324508062905 0.244219158283398 0.121155813457969 0.0733466391343458 0.12824604756482 0.106030163322008
"ufb134" 0.679178708109795 0.720334300002283 0.215592127369652 0.211363852725758 0.14100193170119 0.0913360090123809 0.153009493040202 0.150930685751423
"ufb135" 0.653521217528169 0.65142608964672 0.189840040841687 0.221964994914478 0.125845497499069 0.0791881033127504 0.140819817216429 0.114989271014849
"ufb136" 0.802469135802469 0.832570763861962 0.191644767816037 0.797325385335207 0.149982322530747 0.071873008143806 0.059387366264179 0.138191373620104
"ufb137" 0.801012343044085 0.808085332736079 0.191402603310721 0.691962216316284 0.143439504683941 0.0918987527173492 0.0861473725712288 0.129556641723233
"ufb138" 0.790123456790123 0.782430853135956 0.16698464642577 0.789887205250992 0.129581974788766 0.0600982263579863 0.0306925291361068 0.0980278812488949
"ufb139" 0.732863340661173 0.723227937129228 0.176799640137825 0.527130143748475 0.127841363065401 0.0835217096089772 0.0860894162378562 0.108820516310123
"ufb140" 0.735276992651592 0.731545508135977 0.18519725608739 0.509390297425487 0.13395036783601 0.0921142632113425 0.106300654671122 0.11464394984065
"ufb141" 0.61805348100262 0.619701811919171 0.168858666275665 0.167799427896804 0.108995564375921 0.0541787991760291 0.120435638521194 0.0870789937759218
"ufb142" 0.772949216055516 0.750097547798421 0.184881651363071 0.517613084765059 0.131194634032552 0.0790793339289899 0.106391824605221 0.11190941628797
"ufb143" 0.628980924460412 0.629581561022746 0.173969972350812 0.185558989991713 0.114858659160928 0.0696790958975495 0.121871994754576 0.0947305921948027
"ufb144" 0.745990923550966 0.745728257742832 0.189023002427088 0.523001182660752 0.139281748967267 0.0960172825144621 0.110103288546802 0.122959310837833
"ufb145" 0.628440198076168 0.620189131080774 0.164937470297666 0.246102522756876 0.106961416556014 0.0701267368574043 0.106855709620858 0.0891828162779366
"ufb146" 0.628920011817059 0.648630219496728 0.188284976852547 0.0624121003983733 0.118654939445004 0.0475337916899546 0.147932240884202 0.108815895683613
"ufb147" 0.71505752996036 0.697551747070317 0.183592208000718 0.353420796368504 0.123138235485701 0.0688824166096313 0.123163685963826 0.105550803762761
"ufb148" 0.705128205128205 0.699703743603555 0.169457931673052 0.704849517971378 0.123823733186331 0.0594408781231336 0.0307722705957423 0.0887074500794272
"ufb149" 0.813752403086381 0.814339513325608 0.196681502990021 0.670782395012938 0.146812182857405 0.0931714311076943 0.0913783311197029 0.136014782617249
"ufb150" 0.769475873861334 0.755916726293911 0.193650193675222 0.492969685128561 0.134469574288432 0.09047266574187 0.123600395138291 0.119627885904755
"ufb151" 0.65 0.555216659655027 0.151636743292278 0.649621780521595 0.108964843433476 0.0483042855129251 0.0117259181445457 0.0455039327482459
"ufb152" 0.654094015630017 0.633839849374239 0.173253285285127 0.226920011438346 0.111570772522608 0.0613088080803627 0.123370853497442 0.0897620031246206
"ufb153" 0.675 0.598509316770186 0.144909273910832 0.666221946327318 0.100828831545692 0.0462469860432067 0.00371008894673123 0.037779256759696
"ufb154" 0.618875272479282 0.648438500479947 0.190801175550339 0.06078707538625 0.11834898995105 0.050935741952308 0.150577225931342 0.110067010520313
"ufb155" 0.640359402692098 0.694713972032821 0.20691280837049 0.205223213652128 0.138533870116923 0.0842047356654333 0.143529455050843 0.137797865393127
"ufb156" 0.636562373470683 0.622038094044002 0.17798193227434 0.170199600236451 0.114370282937231 0.0598564519930781 0.133795357541052 0.0957199928682819
"ufb157" 0.646704225714903 0.615080792637228 0.161008005024723 0.331348327491703 0.108007360396795 0.0672952768874899 0.0879786882802126 0.0813298764448903
"ufb158" 0.601956272037355 0.648974222094262 0.184113957574621 0.109467691958651 0.11889743891647 0.0663268136649634 0.134813815022255 0.109905197415623
"ufb159" 0.601946878062334 0.640968925140292 0.18334334090823 0.109618542027596 0.11662716677968 0.0681482657220125 0.135729364540875 0.106931864659365
"ufb160" 0.61164855385158 0.621061272075137 0.174085240335646 0.0857091755385252 0.105025025202719 0.0424430580970119 0.132886614637439 0.0983612149275067
"ufb161" 0.627169502018602 0.615045293631803 0.172612718127905 0.112187495792911 0.104646310337053 0.049498094442399 0.130284221938542 0.0887781125152378
"ufb162" 0.780378431525206 0.762930768121614 0.193495273457741 0.554859695105782 0.140142238530583 0.100404271280175 0.123432016580598 0.116304977859387
"ufb163" 0.71633849407513 0.719012956985672 0.186032497821902 0.436926353958793 0.132946504373021 0.0910322598568708 0.121122381377952 0.10678902774507
"ufb164" 0.62774232536046 0.619533410480609 0.165308784645061 0.258499783025213 0.109452627000886 0.0714247304670858 0.107252850286995 0.0891852656308541
"ufb165" 0.751407208290694 0.726275225950229 0.176842118777591 0.537018063008613 0.131627836125247 0.074870590964898 0.0864194754846852 0.108912362099888
"ufb166" 0.675442554691688 0.613166384088572 0.165343542114419 0.22748729096782 0.107422869483043 0.0628472746505585 0.107278451893654 0.082554643966775
"ufb167" 0.624640580399317 0.616071535801929 0.174109028358714 0.111615932688966 0.104330919280016 0.0484009156769859 0.131858191720932 0.0912367548767498
"ufb168" 0.605446204009612 0.602090007197189 0.167205176633608 0.0870588570767075 0.100268701731882 0.0475577135688383 0.124007714008076 0.0857559626660762
"ufb169" 0.61272394787514 0.617715460397313 0.167497476155123 0.152806815705898 0.107257824153262 0.0547633356752992 0.120465697494152 0.0861630641013837
"ufb170" 0.649091682950268 0.609173037986788 0.165270851305541 0.240269865586517 0.106912165558352 0.0664526881693222 0.103447369431163 0.0894545150544519
"ufb171" 0.767685327481796 0.723606060606061 0.171923037703301 0.63732648173887 0.129169997258739 0.0759538502545926 0.0640214388160268 0.10118084282714
"ufb172" 0.718131350625483 0.649635968833823 0.174797953770605 0.456688201751519 0.126098523319296 0.0738592933684728 0.0840208348808534 0.0902091184236935
"ufb173" 0.678208436019326 0.596800820147898 0.155783848482018 0.338743343106698 0.108406756329331 0.0703605873232992 0.0822682635234902 0.0662297720698838
"ufb174" 0.673009423181212 0.63084157403721 0.168000124419721 0.343271253539795 0.11227797762727 0.0661053298900415 0.0876915801612747 0.0849947788545621
"ufb175" 0.715720890881116 0.726605732355074 0.190760234662081 0.473998384639559 0.137986406562106 0.0995210958367588 0.11984003681101 0.119757868510093
"ufb176" 0.687388716417228 0.658584083169385 0.170669124060407 0.386058511087224 0.117157324129956 0.0639574950319369 0.0906042522410099 0.106477868963817
"ufb177" 0.782051282051282 0.781783681214421 0.179648122435385 0.781831543347539 0.139030238806746 0.0673545531656884 0.0441401868779474 0.112373170597176
"ufb178" 0.634955348973425 0.633607920295084 0.170189723312793 0.21130062778966 0.110547341474353 0.0630194219783691 0.120121753694904 0.0897014020429297
"ufb179" 0.616284683918152 0.615386111575762 0.171338903552554 0.170700129455598 0.110247260480799 0.0576591485096404 0.128949752383405 0.0921304382294218
"ufb180" 0.666796585493279 0.688631706869021 0.184469868834328 0.284126848572163 0.124751480085607 0.0792043477662712 0.130792340377714 0.0999673001651601
"ufb181" 0.609507981305344 0.591118523896075 0.162534728121755 0.102555058742864 0.10242800160047 0.0439875181096564 0.119696003057089 0.0829334793533417
"ufb182" 0.6237614592224 0.623303831891224 0.170419402206012 0.232807515456493 0.11245903117814 0.0688312732680604 0.12213568270303 0.0925165121262567
"ufb183" 0.741306765046031 0.669809138230191 0.180595401049462 0.503086701690518 0.127166065580694 0.065141040099987 0.0738580096365651 0.124015290261217
"ufb184" 0.636521918770958 0.627670821961594 0.179246498654933 0.162780494720877 0.114731163251357 0.067147823114386 0.135145122785807 0.0963450401946413
"ufb185" 0.627783132136099 0.63895105165094 0.184180532342975 0.139465040313691 0.11813846496646 0.0682091088325391 0.141186900707491 0.0998219368822964
"ufb186" 0.636562028206942 0.581618035712918 0.149105947939047 0.348280804250328 0.101981118352319 0.0675270152104705 0.0749677605674156 0.0571287304875263
"ufb187" 0.578847977048163 0.525437234714643 0.134668612148223 0.17033647198016 0.0873301784724192 0.0422475054277241 0.0881381862452052 0.0591449347586454
"ufb188" 0.661560205076045 0.591008953304429 0.165035446147581 0.190600505339446 0.100066341391581 0.0643498657046626 0.114607740167336 0.0751477969449918
"ufb189" 0.666666666666667 0.733254385315669 0.190116038113974 0.661997211860621 0.145320017045444 0.0678505549207296 0.0576085165529661 0.112857797674945
"ufb190" 0.721702582799629 0.653168668963007 0.185681126334862 0.490597337037338 0.133899682913411 0.0670522883833067 0.0789914157342136 0.128485341025782
"ufb191" 0.803904286007531 0.777540664864608 0.182732225386444 0.604302207108764 0.134875495025463 0.0799784595926887 0.0931727015931212 0.1123959288371
"ufb192" 0.649202565251041 0.666510448375695 0.178744834411714 0.256200345277439 0.11633863369482 0.0748441043591898 0.12919156967015 0.0929514372606925
"ufb193" 0.623044566952428 0.613882565157808 0.17163871550786 0.127303385889977 0.102068861050238 0.0509560946709828 0.128682623232372 0.0873725291291378
"ufb194" 0.60457242105941 0.602112234477734 0.16559851108355 0.102143644618729 0.0983350909450326 0.0499029469895664 0.121607010507622 0.0832949336989287
"ufb195" 0.700632103075476 0.593500897666068 0.141550261426041 0.548199055299192 0.101059680872388 0.0571428323305575 0.0287381801261979 0.0572355074832355
"ufb196" 0.693407772712488 0.706180344478217 0.181846032257671 0.552883565653984 0.135094434941651 0.0828958769880323 0.0752100016692488 0.0890345604315674
"ufb197" 0.641706040054253 0.604690725157076 0.159571088712207 0.319130051554328 0.107333480761577 0.0706552717488695 0.0925327492405646 0.0796845972901514
"ufb198" 0.736191935423944 0.689454336414384 0.184653833329145 0.485268202701073 0.136040619379781 0.0803317417610985 0.0949240391936586 0.11832022164119
"ufb199" 0.715918727591749 0.699053590206544 0.172986643403124 0.424303791498837 0.121740983289827 0.0682889502420438 0.0931983955753028 0.103035012905597
"ufb200" 0.669972108761981 0.679380799577939 0.180927486269948 0.258859363523754 0.121020129459061 0.0668927375625376 0.123966986928488 0.101843152722093
"ufb201" 0.681989210883739 0.636300036500791 0.160201460476817 0.404876826358497 0.111837653398785 0.0761637115442229 0.0791006696327219 0.074255911974252
"ufb202" 0.620425396882564 0.612837135175739 0.165128129129497 0.159571008813093 0.105689175262236 0.0508481996199164 0.117986247552199 0.0816010914284178
"ufb203" 0.60579555523208 0.611612516253175 0.162776068186383 0.137128625402233 0.105472090172197 0.0493481328249626 0.114026810131972 0.0824160014742121
"ufb204" 0.6125 0.660471881060116 0.181265312896339 0.615076420212635 0.134384216530975 0.0596298954633245 0.0462407880315057 0.0848822608198051
"ufb205" 0.6114328183216 0.646000593688633 0.188579047922805 0.03645593987608 0.116829541490804 0.0466184498410832 0.148244639975105 0.110904131468621
"ufb206" 0.60636037230368 0.640215053763441 0.185402393117817 0.0243364168953431 0.116170140550016 0.0442926285794268 0.144954573603635 0.108423019322223
"ufb207" 0.633742757582016 0.665143961997245 0.193347702855684 0.156925835546541 0.125056433450519 0.0681802328635092 0.13718957019606 0.120250316816577
"ufb208" 0.59892436312315 0.635580674329141 0.179049441368302 0.109618542027596 0.115761217428861 0.0669412587266516 0.131185115445915 0.102545753128253
"ufb209" 0.751462069080249 0.682519843524275 0.16684328950955 0.492970774996712 0.117825845338045 0.0641167312925335 0.075395210690416 0.0958998103254068
"ufb210" 0.626351516473047 0.632068920774475 0.181989768107828 0.147593853583959 0.116182322802312 0.059266308993843 0.13886623135949 0.098990293621572
"ufb211" 0.726861494654169 0.700292099027698 0.171067524592155 0.461890954450483 0.121248212069017 0.0756566541482516 0.0910941248244297 0.0868870394031891
"ufb212" 0.642020439751883 0.576558886166388 0.154924042553464 0.299483452682033 0.101030663154416 0.0602389807624689 0.0874237458064143 0.0751446098879365
"ufb213" 0.635697859054252 0.604477694407302 0.1600718311662 0.295731007403206 0.107274693498082 0.0705372587638894 0.0930734343264299 0.0869566580529762
"ufb214" 0.706666666666667 0.679740913997841 0.17451004040024 0.706391272009111 0.131369543437913 0.0619611633906213 0.0343865619455601 0.0976538048022859
"ufb215" 0.716536875305204 0.68578058685231 0.173171032022471 0.579261830911927 0.126812300096893 0.0740906528423951 0.0636347769958384 0.105549877193171
"ufb216" 0.707444935661316 0.672388377501884 0.171607956341117 0.527943103565119 0.118359834231345 0.0668809353994442 0.0636882181156356 0.0817415728958247
"ufb217" 0.487179487179487 0.647202329424727 0.227271723484639 0.480200857764528 0.165270626370095 0.0757264278814353 0.0992889137371848 0.11080615262553
"ufb218" 0.620253164556962 0.548266060261512 0.160862894749993 0.619970335328377 0.114341949358159 0.0484390909168732 0.0219378823302984 0.0467269665208098
"ufb219" 0.631899100758376 0.618159113703547 0.175359871288482 0.162712909164721 0.113798719196154 0.0640866222460105 0.130028851946789 0.0937422281285991
"ufb220" 0.621259269278588 0.626302443135237 0.177999652965089 0.139394394392952 0.114905369266312 0.06077651190797 0.133830561158748 0.0949434516587463
"ufb221" 0.691389941035619 0.693423328941117 0.208250984366382 0.30381580213558 0.142001678160902 0.0819460120741957 0.131706224326343 0.132128059354946
"ufb222" 0.804379334424302 0.793598522736016 0.18806470339146 0.604460936790374 0.139234331354471 0.0828126412299829 0.0990895342069966 0.122046340036356
"ufb223" 0.715800045979104 0.675330409738181 0.174284501445384 0.418503699466979 0.121683686871667 0.0653397220564405 0.0947032614807418 0.109322708150405
"ufb224" 0.596943147197542 0.586967536136124 0.162849435024345 0.135742173578304 0.104384671624974 0.0547882850314082 0.119443512676189 0.081168318511317
"ufb225" 0.770829534292778 0.770528133544395 0.184944140463974 0.631853981391162 0.135805617144592 0.0833695664680884 0.0786634852834933 0.121783264452649
"ufb226" 0.6625 0.664665603601914 0.174851205264014 0.662120582502398 0.129802759928339 0.0582733970475626 0.0400686107317453 0.0807312993212287
"ufb227" 0.697350771128927 0.686086302727087 0.1717280547801 0.386653236657108 0.117365853216454 0.0691019023551509 0.099659011933814 0.0965616996449724
"ufb228" 0.6282989938883 0.602623823841793 0.1607272686747 0.249021504336993 0.105667587955845 0.0583273654244817 0.105431181846707 0.0823617995059702
"ufb229" 0.681871123554101 0.694912212767163 0.192970803048185 0.281961456266676 0.132920032612798 0.0757227226585767 0.136627584599985 0.116673615662839
"ufb230" 0.618986596420664 0.643419780287427 0.185361034457563 0.109152667308244 0.115983899891351 0.0573517925672806 0.143697358635424 0.104952756426671
"ufb231" 0.598699730709812 0.626649712543239 0.187171379337863 0.0613145148899814 0.11572524190112 0.0655365899739338 0.146028426040707 0.11051044546697
"ufb232" 0.606244965141742 0.596084375230388 0.166770419964135 0.17129369345489 0.105340612356897 0.0637345551344873 0.116349214343377 0.0884560586505064
"ufb233" 0.676536204708633 0.639205535622758 0.17713642680889 0.275670981288669 0.119520469740494 0.0695001749805015 0.111584739440111 0.10335823130087
"ufb234" 0.660401633771491 0.663542350500847 0.174985545637836 0.259947806629438 0.113903619647666 0.0732668341630432 0.123113016313556 0.0920476733625558
"ufb235" 0.7538343290613 0.758961262730378 0.178394219156314 0.652902754818454 0.133028656989693 0.0833417372984707 0.0702539538807963 0.105788491847728
"ufb236" 0.700702674748554 0.633642002399134 0.155001781838593 0.405047132807323 0.105986039884276 0.0606051132837307 0.0815180902887686 0.0847887436656662
"ufb237" 0.660076506280085 0.576445536445536 0.148929616186268 0.524473200301904 0.104947858701927 0.0622230023266523 0.038031886433699 0.056664215032737
"ufb238" 0.608414647042962 0.662243303123418 0.197694586678306 0.0750362827683064 0.124297950244421 0.0666499797343895 0.155352284070207 0.121754718055831
"ufb239" 0.586480014882386 0.586867625572637 0.159616572526266 0.121470122331041 0.0982911860956669 0.0476787940996651 0.115302567369978 0.0821632527608056
"ufb240" 0.61437080151277 0.6298535747632 0.178658944633677 0.0978972921993836 0.11062667332278 0.0470883841346149 0.13783001020226 0.101779327116733
"ufb241" 0.600045155536171 0.604868615723293 0.165494559045805 0.148172485560818 0.106883004104025 0.0561001797933412 0.122213013988465 0.0883903831143632
"ufb242" 0.725954105061985 0.68085008439466 0.178387041503663 0.447609128155451 0.12920369658212 0.0713890081671367 0.0879708956275152 0.114061470297784
"ufb243" 0.605940789344954 0.596830580800988 0.16315103454922 0.112242099363703 0.0981146615529953 0.0491560723977822 0.118160312243901 0.0793152384877381
"ufb244" 0.703338952606399 0.709791887917654 0.1839588401714 0.374260906514139 0.126578425839769 0.0795035740614265 0.118883359189925 0.107279235512739
"ufb245" 0.725 0.701677484616033 0.170944133496295 0.730611971331092 0.134617339455717 0.0607047752435437 0.034036092701127 0.101708967601967
"ufb246" 0.635449809120398 0.652065358761103 0.196869222913894 0.085963838826885 0.124644534602797 0.0555492515334375 0.155186505336274 0.116373676434283
"ufb247" 0.80165553160693 0.789636993523121 0.184347990058659 0.713849734684867 0.139901497318842 0.0882879845591511 0.077181754346869 0.118709060332728
"ufb248" 0.621509190046808 0.633630168880447 0.181928529443124 0.0981452932282654 0.113303827064832 0.0501163312277584 0.141308245884157 0.100425541113507
"ufb249" 0.644196932862379 0.592371619552477 0.148262862133867 0.382431453017221 0.102936625927041 0.0710178565329014 0.0660091402930909 0.0564021529087813
"ufb250" 0.650649257127165 0.602505784750832 0.158822646612332 0.319130051554328 0.106488631909829 0.0728297939936174 0.0917246062964027 0.0791485696850115
"ufb251" 0.668372041653613 0.623564990888551 0.16849672806735 0.244390278194097 0.107318230221966 0.0726205583071567 0.110702842409109 0.0839276229972949
"ufb252" 0.705170004303692 0.658633717961809 0.169704395901635 0.540306393610225 0.120013465476537 0.0706286466326308 0.0614858564494742 0.0757543849848075
"ufb253" 0.599594003095236 0.646793762919269 0.189712020087446 0.110851988076855 0.115094691330886 0.0562454760201708 0.145075076970379 0.118627069362932
"ufb254" 0.763581984897676 0.711497955643662 0.171196379865561 0.621190222609036 0.127265724091602 0.0768571907315998 0.0617995176703381 0.102162257430902
"ufb255" 0.645288232006836 0.589477967243169 0.160695369464403 0.186002765907917 0.0980457921796023 0.0633353928248611 0.110039116906919 0.0705998946116331
"ufb256" 0.716270509256133 0.663919215662017 0.176211396407177 0.403637717728714 0.122938587327587 0.0590757541656431 0.0854566405092538 0.120996194610757
"ufb257" 0.610377116315195 0.530855910406791 0.14479120700861 0.198156748932446 0.0918810652604792 0.0547527164652372 0.0931643872262511 0.0614082902470831
"ufb258" 0.622440638875769 0.623319837653321 0.179212974525067 0.0856484984728899 0.110022787708957 0.0566776009758823 0.137693863853619 0.0979833277365196
"ufb259" 0.615578923101348 0.619505398511478 0.169811447150776 0.122109071737559 0.106865634783254 0.0508750925402774 0.126035024854774 0.0889847579074975
"ufb260" 0.6625 0.558576480990274 0.145110239549947 0.662265259943843 0.105752630429793 0.0457880751302288 0.00385155402313915 0.0425272363551404
"ufb261" 0.634668160489246 0.666633263727503 0.204258120329519 0.113561606837658 0.129744365599989 0.0809170614870721 0.160435807776067 0.12990965445319
