"quartet" "wQuartet" "cluster" "phylo" "mutual" "shared" "clusterNorm" "wNrqs"
"mb49" 0.703703703703704 0.748759305210918 0.226966420758362 0.70362251875869 0.179552692747013 0.0862177849864734 0.0982416010536414 0.161751366739872
"mb50" 0.852569244356739 0.858705357142857 0.206989278314345 0.743633860119705 0.160523393899033 0.100935544674914 0.102620821537884 0.139713986697137
"mb51" 0.740197489320001 0.783365238305601 0.217319785284614 0.63732764320194 0.169424553067461 0.105079210200295 0.114073365390576 0.152706562533791
"mb52" 0.784482511084404 0.793616183214698 0.220163880466076 0.5335836522002 0.156251011818937 0.101466787933978 0.13258788430251 0.147516817014532
"mb53" 0.796756284906449 0.832874174701943 0.229831070114219 0.667180233930378 0.179957988616465 0.112445388694059 0.127898117606926 0.162823698554789
"mb54" 0.784200942011862 0.808744763217903 0.20927527178487 0.656576457200911 0.16137542142805 0.0975868791404178 0.104894535677418 0.133583341761813
"mb55" 0.695163963958082 0.772861119603521 0.241051052261253 0.339238741788179 0.174418358884237 0.121505944008901 0.184424005609611 0.16818960378747
"mb56" 0.646341463414634 0.770259840493954 0.232003942476422 0.476153297465795 0.178023840786659 0.0861619962067299 0.104422154558767 0.150638557966411
"mb57" 0.795161804038289 0.837182473172112 0.242598200863427 0.6405402875147 0.188294834773874 0.116283307314639 0.141900644887622 0.19391353430315
"mb58" 0.794871794871795 0.881022287468304 0.243173206031678 0.794740489189092 0.193187089119802 0.0951778281700731 0.114887738297083 0.198698118830933
"mb59" 0.62962962962963 0.727563013791698 0.211640449579067 0.629345482322083 0.161756601035314 0.0754962642051253 0.0800065439630002 0.15081749340811
"mb60" 0.639683224528105 0.685180167976158 0.187539608868185 0.147233135540865 0.132476147139556 0.070236657677598 0.13852852045179 0.106683398335864
"mb61" 0.775796622479198 0.821170040454751 0.238321635031072 0.535450371490755 0.180255111703047 0.128897156867291 0.163482325744201 0.170303078825004
"mb62" 0.685158940648204 0.738879757898307 0.220185791608951 0.296934044465836 0.15420184819086 0.0957089882798137 0.132776928509901 0.153711922868242
"mb63" 0.703963022582022 0.669760779257986 0.190126331468788 0.502371343885222 0.137793679588633 0.0747404031266027 0.083269565686641 0.116479918569724
"mb64" 0.785251276649801 0.809430563170674 0.225739821169023 0.60128823450608 0.164830801578105 0.0989870295593037 0.122542707980049 0.157610627215526
"mb65" 0.680894441038585 0.681263089584378 0.186438497211133 0.440312269027885 0.13807351707861 0.0779452619659157 0.0957625351981928 0.107583739675872
"mb66" 0.615063997231348 0.664238594660208 0.189141119966763 0.121607555083604 0.121324734917287 0.0490251291885455 0.148629927905315 0.114486188467764
"mb67" 0.753086419753086 0.805891874393007 0.227234690147878 0.752937580687228 0.182971520381706 0.0879547794944883 0.0982685955782962 0.178643627211548
"mb68" 0.825 0.917236566643405 0.242837607527315 0.820532273206554 0.1926099401572 0.094792309782087 0.115594425520305 0.193329687067249
"mb69" 0.602552254598007 0.654041446227471 0.183611755457769 0.110079829522662 0.122105513013456 0.0554789596383529 0.143067427315822 0.103561028979
"mb70" 0.78045687235144 0.82695458456606 0.237566009440847 0.584426819950652 0.183051597913696 0.126772138575964 0.152096330183967 0.177707587422605
"mb71" 0.635729226012127 0.670244768682331 0.194431217110646 0.133752843107798 0.125853332844588 0.046006610665916 0.153373803342236 0.121572978878797
"mb72" 0.802469135802469 0.850812660393499 0.192877642987861 0.802435308742047 0.1555771573319 0.0726486931678742 0.0585222498753906 0.134829692847263
"mb73" 0.670578572603409 0.710907473463289 0.19800568936644 0.246542929608507 0.136661157311399 0.0834456000735121 0.119216349720215 0.123065214537355
"mb74" 0.648307165391703 0.684847047664216 0.186969329696687 0.147296617083781 0.131528449001998 0.0719061504003131 0.135791422447351 0.108400117849466
"mb75" 0.763694754632948 0.738256784968685 0.167735219931226 0.595901342524718 0.126543158022212 0.0828169135090107 0.0749888388285921 0.0849721308985354
"mb76" 0.74390243902439 0.825560962422276 0.223413414443975 0.73740984146482 0.177665525829357 0.0858871212544465 0.0944045424745214 0.158123286206869
"mb77" 0.699318207538241 0.709760967990668 0.194892280167828 0.41221637597173 0.138801882971945 0.0885533714831941 0.124015124850788 0.115755748130945
"mb78" 0.878048780487805 0.876732796546858 0.186562939325176 0.877969559883528 0.151614622706227 0.0742788083138592 0.0514323568922185 0.127225833516705
"mb79" 0.740740740740741 0.780112570356473 0.202927780641959 0.740639259559474 0.157110181862425 0.0756352250616374 0.0704677089374364 0.127024190210315
"mb80" 0.926829268292683 0.950404312668464 0.207645040772769 0.926805795521045 0.17306713440396 0.0856243743770725 0.0760166796981065 0.16273343087841
"mb81" 0.749583488000732 0.761493967282196 0.192807312777185 0.465349557953378 0.141666592120584 0.0888239638124702 0.11366121573788 0.109301861395044
"mb82" 0.613119182252442 0.644652742210467 0.179795033860175 0.122373566457467 0.120045207737981 0.0580548136719104 0.138462482375091 0.100351913269614
"mb83" 0.612817975598079 0.649996502210377 0.182752063679656 0.122354343219254 0.121791352829396 0.0573232354073371 0.141919189990088 0.103132610748792
"mb84" 0.731707317073171 0.642557313529222 0.149299087745108 0.731460852970975 0.113988599883213 0.0534766620562723 0.00797812352215442 0.058376495937527
"mb85" 0.706267685941574 0.68453463212367 0.180836439601228 0.362960818713473 0.125983664526454 0.0764863760941182 0.1196646293449 0.0959724324824783
"mb86" 0.630366352702449 0.665113012013553 0.189612207897422 0.133812387411581 0.121857302266309 0.0414820895699045 0.148772246805325 0.116639393770565
"mb87" 0.725 0.809154714678059 0.236518031496951 0.721428116768675 0.18782850839536 0.0913993653816667 0.10837546174853 0.186935576510593
"mb88" 0.667472477194496 0.67852545582489 0.200290395916904 0.145280045529984 0.126859600949356 0.0580973288872666 0.157440308945967 0.122875321662952
"mb89" 0.789380795332655 0.735662591984431 0.165911420195588 0.691178296095334 0.129737357089348 0.080327286296305 0.0561366901591328 0.0907524422374783
"mb90" 0.693871332257465 0.766512829372229 0.233260699452728 0.338848737039297 0.168348841342945 0.117817559036123 0.171454786391782 0.165563429365239
"mb91" 0.65402961123913 0.689323421401612 0.184590096961384 0.196828202493097 0.123902064257111 0.0702844513465965 0.112657679537329 0.109579431748363
"mb92" 0.604488943710005 0.652734398647543 0.180863227958586 0.121661941641607 0.11551676697829 0.0467286504033948 0.140184014424281 0.105757560147749
"mb93" 0.664989742547528 0.656851579564674 0.173052256513759 0.3273548393112 0.12032223027027 0.067920166394058 0.111432039668355 0.0865393593215653
"mb94" 0.643012061314958 0.675118323191345 0.182851662402532 0.159660758544775 0.128243009061493 0.0736985528115498 0.128835385318397 0.105521971110849
"mb95" 0.620795822838816 0.662349281666886 0.176277625579969 0.110359520166623 0.12197043933718 0.0665315381983391 0.129892483413824 0.0979982527380217
"mb96" 0.711116392079241 0.740270035288702 0.196191061744644 0.533825423158547 0.144318568443544 0.0787064872047836 0.0901649171154205 0.144625485230172
"mb97" 0.691358024691358 0.619703491152559 0.144862817079001 0.691080642795895 0.109407176727375 0.0498363635512151 0.00187654516072312 0.0556006264710517
"mb98" 0.610120233765468 0.655985677847996 0.184297782921528 0.110065576810665 0.12133440064559 0.0458144855586586 0.143929733738702 0.10590157033555
"mb99" 0.654576890477025 0.618599971544137 0.159799623280542 0.391000554431523 0.116644829642633 0.0568697724698361 0.0776121404343168 0.0749008245372138
"mb100" 0.646101851650183 0.688607545175395 0.200899910596241 0.194002109650975 0.134393333772719 0.0704401425375778 0.150567909211564 0.133790990985377
"mb101" 0.753707500346992 0.800666486435787 0.232349149135163 0.498989665973194 0.175613450083698 0.128628025351029 0.164726564653966 0.161444688075237
"mb102" 0.772151898734177 0.846864727408051 0.234511527700478 0.772111599610456 0.189090116368713 0.0907379270422962 0.105240258772811 0.191630004101052
"mb103" 0.675225949924054 0.695617698674757 0.212603178572881 0.169086653073846 0.144099294941695 0.073055876011291 0.165048001063583 0.139264453731103
"mb104" 0.819647093104616 0.815231914487498 0.181073444134925 0.703539603681247 0.139478877696739 0.0870746792926233 0.0730564595290544 0.106290439353611
"mb105" 0.731707317073171 0.64923931417532 0.147138996012287 0.731581150925618 0.111441593452565 0.0493319253647946 0.00545919092987883 0.047866167476985
"mb106" 0.728395061728395 0.824125485841199 0.219721669098031 0.721365692635852 0.169930658287871 0.0811837395262056 0.0893315397509603 0.159424439577109
"mb107" 0.617878635331691 0.665416141566592 0.190979708363978 0.121550041418176 0.122930511529951 0.0508108579360881 0.150208663248148 0.11627271613175
"mb108" 0.734620065799443 0.734741966756063 0.186793239283121 0.415789611221561 0.13424412985121 0.0869438853486889 0.11515948476826 0.0995352693959546
"mb109" 0.672332979548763 0.669953632469747 0.179255772817509 0.351546131801098 0.126106036808547 0.0743005636971215 0.113194255490032 0.0951436400065936
"mb110" 0.768292682926829 0.787558294470353 0.184653777832732 0.768088029699113 0.144164361602171 0.0675184408536865 0.0492060398177325 0.109840792295547
"tnt1" 0.668602600720901 0.68331814695606 0.204369048285497 0.157201301280843 0.133272661440634 0.0709570907674488 0.159544016504522 0.129067069679804
"tnt2" 0.66912372579631 0.684883574230833 0.204947930041444 0.146869357972868 0.131373296025543 0.0679800507987597 0.161362823378104 0.12916265092359
"ufb1" 0.598387210483055 0.628118558258738 0.170180585441606 0.146337625415286 0.113381876828825 0.0598033481055785 0.127296768193695 0.0914654408245538
"ufb2" 0.605027343488771 0.580207987083907 0.159192661336752 0.293144169672116 0.112787355508828 0.0553865009066125 0.0769458061363526 0.0778350808899484
"ufb3" 0.792682926829268 0.624433516536496 0.142076092259927 0.792566296495194 0.114282835675902 0.0558618201453996 -0.000444777443130866 0.0556031186008435
"ufb4" 0.68317153693675 0.752888374429423 0.224936861403292 0.362887752181056 0.162133778654953 0.113199061452279 0.156588837274446 0.159306314817977
"ufb5" 0.620477268974095 0.647536310882477 0.181724394294588 0.121661941641607 0.115918912045015 0.0429743092621767 0.14108794720719 0.105857834383561
"ufb6" 0.612648544461375 0.6404234685085 0.176925435660152 0.121713965453872 0.112307973789417 0.0442841764311108 0.136193338151471 0.100930535844803
"ufb7" 0.691358024691358 0.72120527306968 0.19290203422324 0.691263308922176 0.149898392818488 0.0695810790833217 0.058139339468986 0.133404405926975
"ufb8" 0.865853658536585 0.872503355174864 0.184146473141152 0.865760500974148 0.15045411998793 0.0740304376559402 0.0486144601628423 0.133241200833912
"ufb9" 0.704535357242898 0.771812913393644 0.230152608482724 0.381310010333284 0.170241641270548 0.117794627369356 0.168096156027045 0.157027957576808
"ufb10" 0.720756812926426 0.699497665100246 0.185293900577195 0.484353509504389 0.139366946570722 0.0760567716372142 0.0942748828457286 0.10654897232028
"ufb11" 0.780487804878049 0.800924311126613 0.183092372558064 0.780236939631171 0.142422783114064 0.0675589675049949 0.0473852492576135 0.106078059677952
"ufb12" 0.770141123661948 0.742766379013902 0.179648310344371 0.572852478952563 0.134405538216314 0.0805294564126177 0.0883671554996362 0.100641212214051
"ufb13" 0.622565758619887 0.579333778290152 0.154534178700446 0.354357533222508 0.113288546029692 0.0552268280235611 0.0718316358184297 0.0670437499719616
"ufb14" 0.641737438525951 0.582469368520264 0.160480436345431 0.366797410442232 0.110773132655187 0.0574811122479747 0.0668864862341412 0.0752791323003111
"ufb15" 0.70565216891894 0.771313952849371 0.226281314017087 0.381015063220854 0.167195099434922 0.114073996841358 0.158051848848294 0.157850611389891
"ufb16" 0.617957570293913 0.647583994150493 0.180628766424028 0.122026225926965 0.119482600241551 0.0377932778737238 0.139936293956098 0.102059260022647
"ufb17" 0.73345385272109 0.739768598202333 0.183882023777671 0.50141927468539 0.137757513350306 0.078366310970039 0.092854634081095 0.0990684158098459
"ufb18" 0.708091385882559 0.727792322989542 0.180887328152724 0.379197218115948 0.131178083325042 0.0814604633199916 0.10873333375726 0.0908199369010109
"ufb19" 0.699264855143392 0.669735100345389 0.174739362494573 0.476992010072109 0.131234037929386 0.0630722431918668 0.0827594667390627 0.10389861422551
"ufb20" 0.607001815874984 0.652277559506252 0.1800876720159 0.134032850503174 0.118150071481518 0.0457521088982875 0.139511269882027 0.102662087348123
"ufb21" 0.614204545558526 0.660143470245772 0.174682660595483 0.182612155525828 0.122236768911804 0.0670353680465836 0.126692010101605 0.096134167010887
"ufb22" 0.662695433776827 0.546657581408693 0.135574437879834 0.548532242949759 0.0995858762584679 0.0574287592758487 0.0218070455237325 0.0405436864053592
"ufb23" 0.607566087923664 0.636166386577461 0.177210524385691 0.157825517503863 0.11539594050883 0.0560581208633444 0.132105734080868 0.104872782099397
"ufb24" 0.613540188369469 0.652203008436791 0.172518533404043 0.182555568745649 0.118903790077625 0.0607856429679844 0.127153699099295 0.0930209590345645
"ufb25" 0.63472266045567 0.660759769060417 0.174877087073668 0.218727981414219 0.123204701455104 0.0557731865760168 0.12510214114247 0.0982504541461642
"ufb26" 0.64946270849476 0.682748013922777 0.179446483393333 0.242658895493592 0.121239341894205 0.0672976717503357 0.118149479644051 0.102363049968628
"ufb27" 0.658536585365854 0.523559598787031 0.138395027815611 0.658206499514699 0.100940651909069 0.046769471709448 -0.00473735125477359 0.0271217762396538
"ufb28" 0.68534139009439 0.556333716035209 0.129783464688562 0.560535038682166 0.0907135218906006 0.0527491352259689 0.0152539200453868 0.0341494193529349
"ufb29" 0.7875 0.84936325898825 0.217456193004669 0.787462241297232 0.17181566534972 0.0830826977960125 0.086478740632615 0.15236189638985
"ufb30" 0.609756097560976 0.486350080293645 0.145316603562669 0.609550710809146 0.103804595658895 0.0472954374037712 0.00333405722953123 0.0188092975896677
"ufb31" 0.644510041853403 0.66408732172521 0.188813264995173 0.145507626238914 0.119853170686579 0.048467102997176 0.146900663762237 0.114040481798898
"ufb32" 0.824954195367595 0.840971926839643 0.224267354232278 0.651621008378903 0.166683968815864 0.101153393392203 0.121580495038997 0.163137305095105
"ufb33" 0.635858347716792 0.657328963589167 0.190582008772913 0.133405792537058 0.124589650713017 0.0593220583821774 0.146184277737329 0.122474015052082
"ufb34" 0.629998788281751 0.660628422245523 0.191222680670572 0.133582966754535 0.125678422053748 0.0569269503318378 0.148712903656405 0.120661738813701
"ufb35" 0.631235908031616 0.667207376312668 0.194040995846268 0.135292147162613 0.125537171447609 0.0521348870442876 0.152386151222618 0.123302806768624
"ufb36" 0.60849683878867 0.656800332931934 0.185546976951864 0.121550041418176 0.117315383806605 0.0433010219592902 0.144502146197039 0.112853105850633
"ufb37" 0.671059839471983 0.71170453697021 0.213630809157722 0.448479225947121 0.150175451267984 0.0853431399243688 0.109673099144885 0.137147331848385
"ufb38" 0.765432098765432 0.77250393081761 0.167078075069865 0.765357679232503 0.130860580554775 0.0604408315486768 0.0278063848388975 0.089686626693118
"ufb39" 0.719512195121951 0.626633535799742 0.147478525701291 0.719311943038918 0.113003270326636 0.0527564791536162 0.00585512430005971 0.0619468442904232
"ufb40" 0.690460906478083 0.641570002974267 0.165621067661209 0.399417148781147 0.118814837960555 0.0626474336124102 0.0838586333599603 0.0853356836970887
"ufb41" 0.729650236441023 0.688691479704319 0.150953093928668 0.644231515666792 0.114768860947845 0.0688586479026743 0.0389632140964174 0.0687429302038243
"ufb42" 0.595387084888245 0.631814112892913 0.172378740013318 0.146146157419664 0.113006630954153 0.0566039142046895 0.129608520082223 0.0943363639996981
"ufb43" 0.598150832484142 0.631899284436253 0.171622626298346 0.146166733265458 0.113431231065891 0.0572013680113885 0.128090062517453 0.0938334744792779
"ufb44" 0.670731707317073 0.715383500072495 0.205366017568031 0.678904099085661 0.160649752460196 0.0741532680962397 0.0733590583842792 0.1336542859236
"ufb45" 0.715345286420305 0.672030475189649 0.149698826982958 0.604578814412889 0.109280288119714 0.065224464860899 0.0375435084646656 0.0675717781211199
"ufb46" 0.603982112462177 0.631646538774897 0.172211017739451 0.170745745642881 0.115096228285409 0.0623433229814189 0.126814333348153 0.0939930608355524
"ufb47" 0.717607330546168 0.705940662215185 0.187042246665807 0.39865019258012 0.129457377031966 0.0811828506731675 0.115156753807654 0.106869029423898
"ufb48" 0.716304576991173 0.701805746262857 0.189286942918229 0.374739854881929 0.130451135589844 0.0871752243308002 0.123871419773233 0.105776097338806
"ufb49" 0.625317345485278 0.660369573190742 0.188079280545286 0.133752843107798 0.11974476986058 0.0429589407992935 0.146698127707867 0.117282296829262
"ufb50" 0.601613544932156 0.646241748576403 0.178057464993469 0.134051245398494 0.117823638221209 0.0524047178780861 0.136990030962226 0.0992832861245163
"ufb51" 0.597186222819298 0.555498822795223 0.144238337346039 0.280821352619952 0.102541765322308 0.0486552484295295 0.0690047402444135 0.0605510471959423
"ufb52" 0.638306691946867 0.655257572211417 0.166279578282645 0.256343786259882 0.114073523926573 0.069232706169326 0.104121828037636 0.0841939449385488
"ufb53" 0.630509053070877 0.637585834426356 0.160740645906609 0.317544518171052 0.114604899673197 0.06746326087791 0.0786124967942732 0.0803876358360811
"ufb54" 0.637509942850843 0.646943158786339 0.173110614352825 0.366797410442232 0.123428419761047 0.0737035428779494 0.0809033395939138 0.0921750496091788
"ufb55" 0.743750716733596 0.744750393142364 0.186855675531674 0.507599187271953 0.14034998470456 0.0834960400131707 0.0961599581728232 0.106027354895514
"ufb56" 0.704739839721822 0.709849069153641 0.177365748288396 0.366938278165051 0.127625497031224 0.0797926018476356 0.104901544977202 0.0912471846729549
"ufb57" 0.670886075949367 0.728665913857074 0.202332768086062 0.666540224157397 0.15218623458157 0.07078475718538 0.0666911991043642 0.109988315185934
"ufb58" 0.724230482996037 0.680186046511628 0.164493728668895 0.487403614070206 0.118075120493638 0.0739488562542561 0.0828738898509924 0.0801420974947846
"ufb59" 0.679940965818683 0.649128490219027 0.166666365556727 0.326618996140865 0.113813331443717 0.0636311851170257 0.1084417087237 0.0838029674750901
"ufb60" 0.65343622657002 0.663277981171548 0.19027017349845 0.145399847828972 0.119277473714316 0.0524118944637957 0.147727823404845 0.113431274608342
"ufb61" 0.594791209783405 0.645406644571408 0.177165450804638 0.109746808253357 0.113067903489516 0.0451930131701661 0.136445231102285 0.102247667550658
"ufb62" 0.625525838814191 0.591983657060456 0.149554368060633 0.280998514136399 0.0971337631378724 0.0582956157136343 0.0811068031251725 0.073252774683977
"ufb63" 0.721646226758145 0.791081165675502 0.233419660906498 0.393446895617646 0.172623012265478 0.120415694958269 0.165891378115469 0.166420500587781
"ufb64" 0.632911392405063 0.734782960148735 0.210780776795787 0.628105433149742 0.154912627151213 0.0699508523198815 0.0770946980732592 0.11223250016571
"ufb65" 0.61381587864226 0.547059661113484 0.143044002233436 0.317459521249831 0.0975648871915841 0.050896974438899 0.0591951117677591 0.0587505327275344
"ufb66" 0.666604553462454 0.683254979088633 0.204552093236621 0.146518102125829 0.136753697338577 0.0678131318005329 0.158279103611155 0.131259205216128
"ufb67" 0.60662658838096 0.646962103684266 0.168506693154766 0.182583989358098 0.117408775647484 0.0594503584817158 0.121683957186996 0.0901669817493884
"ufb68" 0.706062851510028 0.767572776143625 0.215343536496661 0.537022252310329 0.157090520369341 0.0902135773186226 0.110999151659582 0.151383121254838
"ufb69" 0.74390243902439 0.654750964896159 0.148647554877676 0.740639259559474 0.115598406684346 0.0549114405546509 0.00721835607812496 0.0662992919807304
"ufb70" 0.604828092630957 0.626909710030836 0.170844562818079 0.146146022207927 0.113504555617735 0.0532508777155623 0.128588543693162 0.0931019738179407
"ufb71" 0.605618991320466 0.620683617654932 0.167731401511292 0.170341297785699 0.112307650445824 0.0542589476442541 0.120828234262714 0.0929419033746891
"ufb72" 0.721870952399198 0.703921595298983 0.190731729136453 0.379826907837745 0.128389051508204 0.0834250001037963 0.119239579919728 0.114562070400036
"ufb73" 0.649871780316052 0.68242841465596 0.182206804461266 0.254786628938322 0.122197773974022 0.0667895958000293 0.116188883128981 0.107775006900426
"ufb74" 0.621951219512195 0.478208497590889 0.130782665803367 0.621639471763883 0.0919630645160495 0.0427023033839044 -0.0136143014719758 0.0100865740857696
"ufb75" 0.680136699326091 0.626459174721601 0.148266328406292 0.414163472366813 0.10260212423346 0.0646641222452885 0.0734706531891083 0.0624330159416096
"ufb76" 0.604548807679564 0.637014705183118 0.168208923757447 0.15852801230241 0.115171579379701 0.0555391219809478 0.125231697894864 0.0904287298404659
"ufb77" 0.792682926829268 0.646782688344401 0.137040458448402 0.792566296495194 0.109146421451668 0.0502655714505766 -0.00631694571167413 0.0514310134644344
"ufb78" 0.75 0.792232870833929 0.209174479913722 0.749984588284585 0.166111165669261 0.0788282388765771 0.0768108844628622 0.144556663772315
"ufb79" 0.643621775813335 0.658721211145112 0.180313518723431 0.463123179435895 0.133823509634187 0.0704858306843065 0.0724342546076624 0.0961023502312828
"ufb80" 0.621728092849865 0.646347521681802 0.182715441834911 0.121607555083604 0.116804740092498 0.0451320834452755 0.141883217486176 0.106521457088911
"ufb81" 0.595713681316964 0.629100158513658 0.16970723514629 0.146328029101557 0.112822134282334 0.0540488770342734 0.127393254705925 0.0921214426364279
"ufb82" 0.662934177261579 0.663772745482531 0.174334586598335 0.340775957239381 0.122609480813085 0.0706861461562688 0.107876964104447 0.0947584412869118
"ufb83" 0.616578155979957 0.639319309146134 0.176005240217354 0.122020897092305 0.115781987334646 0.036697907321031 0.134835269084038 0.0980586326405429
"ufb84" 0.709845808107844 0.676819490077883 0.178585132570138 0.367903715020132 0.121646911247022 0.074627727728235 0.112358045886198 0.100109037132874
"ufb85" 0.607601366003474 0.640478612899885 0.177211805874466 0.146328029101557 0.118547395526963 0.059203040791249 0.13528027879567 0.0984272979433204
"ufb86" 0.665059517243315 0.692572731441382 0.18584376381569 0.306965881430758 0.126856636419187 0.0711708048699983 0.113918254173744 0.109716724272351
"ufb87" 0.792682926829268 0.86396403379583 0.199413075976794 0.790015210196772 0.157618142100659 0.0748407712886952 0.0664171964409918 0.135847527380063
"ufb88" 0.622290209445939 0.570200319092359 0.174491390331027 0.416655134445214 0.122467478708598 0.065475755458107 0.0655717111488115 0.0834984798360459
"ufb89" 0.605456687247311 0.521772069078324 0.145857004664482 0.330039981149406 0.0970138322743795 0.0489783908164175 0.050632759329047 0.0570814014029671
"ufb90" 0.681052975458793 0.74092668393061 0.221067311158917 0.253649985293988 0.156639895439395 0.0827784507528506 0.166644417467538 0.154278660964667
"ufb91" 0.656654227891443 0.675890070802993 0.196658984122553 0.145399847828972 0.126162582728453 0.0518091936991847 0.154452295393217 0.120352668844534
"ufb92" 0.604638654469239 0.655052065646088 0.183969864802931 0.109713880671598 0.118121277165333 0.0461734609065068 0.143444930197222 0.109070115019981
"ufb93" 0.611044645761089 0.638180454886278 0.175335839977412 0.170718720319164 0.116911443625254 0.0631878085028276 0.131135836606187 0.0964809546954642
"ufb94" 0.670731707317073 0.519190814652816 0.133755557667031 0.6704757074014 0.10154882171714 0.0448397809677062 -0.0101475439751008 0.0314114542983939
"ufb95" 0.628884617849875 0.652900112211156 0.186539334508154 0.13513424308564 0.120617331225477 0.0515757253028011 0.142934525327024 0.117724567214879
"ufb96" 0.807904973727879 0.660541476823436 0.142003363095675 0.719350369977488 0.109523115863699 0.0656468686147808 0.0290820841465685 0.0580960061592384
"ufb97" 0.594528969648578 0.613680820185293 0.164050438047243 0.146078973859771 0.108130065638462 0.0538344374294925 0.12011994359071 0.0874874156247636
"ufb98" 0.716049382716049 0.750630337535584 0.193919891469881 0.715920839886445 0.148553545503945 0.0701539141159955 0.0599628592432603 0.110212247879176
"ufb99" 0.705419897687285 0.713397821897218 0.193380481982408 0.448414764068469 0.14189376067256 0.0878635455895915 0.114338247343099 0.120341468967496
"ufb100" 0.637644441874613 0.658594891054875 0.185804214095702 0.193491251176148 0.121654240633936 0.0692695418743226 0.136702979846066 0.110801145071898
"ufb101" 0.747863134867514 0.762573615091487 0.180352418105041 0.595200940179729 0.132608354821084 0.0752435816556885 0.0721693217322155 0.106758969319003
"ufb102" 0.727452656620278 0.704742141265083 0.186558401834135 0.438500314814141 0.131941371181928 0.071161707875225 0.0956806542642747 0.116814695349944
"ufb103" 0.683821742248612 0.635390149133746 0.163108288668552 0.389521088930538 0.114358994775918 0.0635309134292185 0.0810996222066654 0.0842077787692975
"ufb104" 0.597771145269994 0.627734211392058 0.163557770021061 0.158523176602954 0.111366171825563 0.0604241990330533 0.118738458941069 0.0873104096178014
"ufb105" 0.759797942538204 0.801597475594123 0.225463869122603 0.535098550501872 0.169540374037102 0.110272864649317 0.138637526778649 0.166215518583108
"ufb106" 0.681520306743063 0.75618684899574 0.228388306705818 0.351134523947294 0.163263422158719 0.114378664104229 0.166189636051386 0.159807036301073
"ufb107" 0.644929560185824 0.635777702352668 0.163647751469212 0.291902839792044 0.113475248504742 0.0630628859935806 0.105280800946022 0.0795420526056042
"ufb108" 0.609756097560976 0.390928483215449 0.13546214595255 0.609610859786468 0.0986611989666693 0.0412062440498919 -0.00815745217081733 0.00834080455589154
"ufb109" 0.611050120755621 0.64046426458574 0.178135809244256 0.109746808253357 0.11374775114668 0.0408998581459856 0.137463610385084 0.102560382195247
"ufb110" 0.603953073114813 0.635157921171706 0.174287147554191 0.1217643094172 0.111148314525414 0.0430802924789665 0.133471646174554 0.098473679581099
"ufb111" 0.752498223699023 0.73006298792077 0.184489032062533 0.513516374619125 0.137991303191335 0.0790385620365988 0.0935293462780194 0.101536551344756
"ufb112" 0.607494869919396 0.638256644159251 0.16913435245225 0.158525692360547 0.115198468665261 0.0595092360265702 0.125481145602865 0.0921327442756442
"ufb113" 0.697360738926987 0.662042395319709 0.177429673049555 0.391302363304116 0.123372477442283 0.0600531118633704 0.0857496273936994 0.106654666762751
"ufb114" 0.6690152387416 0.610846125245658 0.156623242444291 0.390915557510302 0.109062126248764 0.0579325043287117 0.0741250494951828 0.0761002672633833
"ufb115" 0.640285439898875 0.621550444064663 0.174657196037095 0.379049886873174 0.126768019959257 0.0628220965000175 0.0826681423721314 0.107985715147031
"ufb116" 0.655787224128652 0.61062177244711 0.162600553989364 0.329872187802351 0.112951783789766 0.0549294088674436 0.0806870551247738 0.0839495790228075
"ufb117" 0.628385484024922 0.665621609024637 0.177396026165554 0.20714282245591 0.125532753400007 0.0629858279531775 0.129563152774516 0.097505957286727
"ufb118" 0.677282428110276 0.677389416724344 0.179651565975997 0.351546131801098 0.125285800651082 0.0718002693644675 0.113621905950384 0.0963537488670167
"ufb119" 0.647642619897639 0.675548791076335 0.181262473249302 0.218727981414219 0.128286179600095 0.0646903179257892 0.131872721143972 0.104414108862152
"ufb120" 0.759075358163991 0.774561513014169 0.194341397345471 0.51992402777682 0.144779560740225 0.0841442203453493 0.104286011122613 0.114517234916029
"ufb121" 0.732145130943391 0.727945636515278 0.19394635333021 0.40398546833405 0.133091384007149 0.0755987811333527 0.114629583756356 0.120935915580746
"ufb122" 0.643937823601343 0.652971894123797 0.171169857413961 0.302439703262849 0.116460224183112 0.0607945377213154 0.104457506583368 0.0887471843140088
"ufb123" 0.624075787452883 0.65338418498685 0.17074472789914 0.194230152707364 0.119198318403207 0.0584299458458311 0.122525094027988 0.0954258232561107
"ufb124" 0.635896901412561 0.663276387468696 0.190844722160148 0.133688738910273 0.122331261594327 0.0470449151555408 0.149024682677846 0.117784165097452
"ufb125" 0.628792059242054 0.655368483960801 0.184534689127677 0.133752843107798 0.117168309866588 0.0407691327534455 0.14297287914519 0.111411088519933
"ufb126" 0.654813341950789 0.688326795617476 0.19043534810662 0.315135594491278 0.128960870999107 0.0698936200262322 0.110902284744592 0.118547269039893
"ufb127" 0.60272123956981 0.547886477365719 0.145762241207773 0.244200485161177 0.0993084418550838 0.0463920519093793 0.0706626168863721 0.0686411969605121
"ufb128" 0.595463156947246 0.538595782409122 0.136647707185953 0.244103913317374 0.0941395850135379 0.0449983989749521 0.0672322347411383 0.0545951600532922
"ufb129" 0.653098084398895 0.700403897586996 0.204405888706054 0.217477848329255 0.139053104111595 0.0813163905798836 0.151854921222926 0.13272800390147
"ufb130" 0.642234772136881 0.66329111326572 0.171995041180867 0.293151171274731 0.118392477166855 0.0734182316171317 0.105310564733108 0.0875122911765609
"ufb131" 0.664109891783543 0.722928115820632 0.211865194350622 0.207326870420353 0.148876720799752 0.0741714198066536 0.156806330657124 0.141791207625093
"ufb132" 0.6673367236157 0.681717037256159 0.203469783758204 0.144991366510811 0.133151482189732 0.0673988751028865 0.158599214398763 0.12983209353735
"ufb133" 0.586700491880637 0.596019256248389 0.158980261661815 0.133549143851738 0.105418123755136 0.0434731690443964 0.117215016174267 0.0817886252877377
"ufb134" 0.584520675513233 0.602599113219512 0.159499593081258 0.133638322566437 0.106505061628641 0.0519951623085105 0.116671673704307 0.0825818920771938
"ufb135" 0.638368622391497 0.669625064462936 0.184652212456576 0.255416677773842 0.129803032832732 0.0792732670861774 0.127608426580035 0.107268689233378
"ufb136" 0.731537378192842 0.725768389824795 0.195273358902828 0.416378744491066 0.138007435974401 0.0818441944751127 0.115994996426378 0.119675551068262
"ufb137" 0.665906770649676 0.643367797430858 0.183214126421901 0.478030651466396 0.134874945990642 0.0733069314508397 0.0754686951698424 0.10454970591349
"ufb138" 0.715964750962909 0.697549576859922 0.164903800650325 0.588297067714876 0.123609271369079 0.0722172071943553 0.0546816824980833 0.0882076997385847
"ufb139" 0.706963396742702 0.708318747414314 0.179248134624791 0.342158439815996 0.126104534874508 0.0817767301265511 0.113147795667736 0.0923263578130502
"ufb140" 0.646213241451057 0.639444767243147 0.165413125405879 0.304096592503356 0.116050946881366 0.0657907041692862 0.103223676805403 0.0840814198649489
"ufb141" 0.609251317124311 0.607233407157245 0.15479797998002 0.205855835288314 0.102415744668322 0.0505800860005398 0.101605650506794 0.0798224439027823
"ufb142" 0.628177060669169 0.650902694071442 0.180411787288693 0.134269311872035 0.117251044308333 0.0365444320481123 0.139852047867333 0.1046043054993
"ufb143" 0.617811040022663 0.643114378733817 0.175149911730917 0.146281385169814 0.114338979305149 0.037517619952038 0.134377057322731 0.0984341461430907
"ufb144" 0.658536585365854 0.422598515731159 0.121600599380154 0.658386946446664 0.0897460948153171 0.0413151438139383 -0.0243217200627895 0.0135230681160492
"ufb145" 0.632240480144036 0.674213001052549 0.183818310294445 0.231768297398353 0.129249564680524 0.0718185342273641 0.132442055572376 0.101947594188626
"ufb146" 0.627580918518365 0.664701107844138 0.180722714173901 0.231826081139276 0.125791414272181 0.0747788524471052 0.126565706389935 0.100741951306185
"ufb147" 0.652018119789148 0.681216642016591 0.189105471616753 0.266871427973525 0.126435999232491 0.0756494973146251 0.117468113051307 0.11998673508504
"ufb148" 0.617739181710246 0.619661635104351 0.160955860553893 0.205664684704635 0.107556831203008 0.0537269722991446 0.105539213909187 0.0843318476804551
"ufb149" 0.638451722146712 0.584251661206339 0.155441156963052 0.354357533222508 0.103529942930763 0.0628524663325045 0.0728052665483917 0.0826576400675771
"ufb150" 0.651141976413962 0.660174057757395 0.191875867002174 0.133582966754535 0.119837131274389 0.0540443849494387 0.149417878349809 0.112996840143678
"ufb151" 0.583291672127573 0.535194832487197 0.138535454553065 0.268474695409402 0.0975483191475689 0.0525937124923405 0.0692717612561545 0.0522118127680839
"ufb152" 0.668621901686582 0.72792528985794 0.216020459240628 0.34973146881627 0.15418252154808 0.0997446204164339 0.13889202257346 0.156026037945417
"ufb153" 0.641404794345682 0.680292374812789 0.184419926977101 0.20714282245591 0.130388739094591 0.0707059837470518 0.136995480203143 0.105200160369953
"ufb154" 0.655441177573683 0.629712259024083 0.175419522556648 0.46779605720926 0.125740804924163 0.0638998821331442 0.0657660032530056 0.0976708284866445
"ufb155" 0.632934322001433 0.672142989824771 0.180377641705766 0.219493579308038 0.12655304929524 0.0678469012239289 0.128784806940239 0.100809275124925
"ufb156" 0.667308451645087 0.655108951935977 0.189032299771622 0.229387824977193 0.131141659505944 0.0692429645013576 0.13225299646354 0.118824707075025
"ufb157" 0.657908484466776 0.670403532387286 0.198480995264331 0.168836908254099 0.13474137708721 0.0671991106199593 0.147961004099624 0.129963741362137
"ufb158" 0.599745670421969 0.645182916543055 0.16809109561872 0.170268608430264 0.115287861285581 0.0593448099509137 0.123514694954901 0.087441729276066
"ufb159" 0.64237845139475 0.59518809256805 0.154701749858822 0.340608665160667 0.104964043648904 0.0580334900684588 0.0718693101082157 0.0770604405953852
"ufb160" 0.602773619607 0.631139410314304 0.17255955900626 0.14617584422496 0.113919923445636 0.0500674761891328 0.130862390566555 0.0950712804235025
"ufb161" 0.597748278667838 0.613197320987886 0.163750571645594 0.170373470464439 0.10805251067208 0.0503628313297568 0.117889908862021 0.0898840900852421
"ufb162" 0.607468908040807 0.645345019877318 0.177431498694915 0.109768254087617 0.116390162917052 0.0362943959476912 0.136580240167983 0.0999911463239201
"ufb163" 0.617763097796826 0.543716964159598 0.14150317271752 0.329771913437009 0.101318617782587 0.0507975327274389 0.066029115821247 0.0513465635977894
"ufb164" 0.731707317073171 0.699685384688722 0.159700994040081 0.731581150925618 0.123288444595203 0.0565148055561329 0.0201080254101563 0.0778122516140468
"ufb165" 0.626556674477866 0.620027049338696 0.161732698990344 0.242209590660952 0.108464911646289 0.0595969990681951 0.103232101701117 0.0711703143085232
"ufb166" 0.65718365773524 0.691087747880763 0.185931237870369 0.484864685801366 0.135965255707026 0.0748775077374847 0.0785517746623235 0.125227140203169
"ufb167" 0.6222310552258 0.656440270255284 0.186716571877876 0.121907847590132 0.121184320683742 0.0440998613282201 0.145730683535236 0.113190829828821
"ufb168" 0.610752063209212 0.637088747517464 0.177920975882494 0.109713880671598 0.113590931339516 0.0432842231517779 0.13709564694407 0.102600241759506
"ufb169" 0.631842285176575 0.656301446212431 0.176079870720039 0.242782715831881 0.122593268659733 0.0679143887664647 0.118489022402839 0.096434849204764
"ufb170" 0.629104778817719 0.658636862668049 0.189506482646041 0.133618872975448 0.12213478724864 0.0522893082195575 0.146909006520408 0.120764341567841
"ufb171" 0.709389173725228 0.785865458543804 0.234400360126326 0.381310010333284 0.172784330728898 0.121592030902176 0.172742984095899 0.162160698656716
"ufb172" 0.715026945016248 0.690352459266958 0.181267028710357 0.422892794198268 0.132218380558314 0.0655437994144885 0.0897981285954027 0.105960033738505
"ufb173" 0.639418491572683 0.64407607387282 0.158133220585299 0.292874886516182 0.110878463455372 0.0663220733159393 0.0840979751941474 0.078577052966412
"ufb174" 0.621457176361547 0.564331219933768 0.145211674703559 0.317442220078727 0.0988623124969611 0.0531695030711006 0.0700636477715207 0.0625508088753396
"ufb175" 0.619656628451247 0.650396627982686 0.180562602059849 0.133812387411581 0.11582779050903 0.0392952081631312 0.139266580851958 0.106583598200871
"ufb176" 0.65557339383162 0.725681777596367 0.216503849340342 0.450010256965922 0.157047941124278 0.0850980580940501 0.112313764041372 0.153540185533331
"ufb177" 0.695121951219512 0.653300431832202 0.151937234082154 0.694893825220159 0.116587967912235 0.0501169633501196 0.0110545265705091 0.0588881625840952
"ufb178" 0.624355444623592 0.585101908933316 0.152487477688799 0.34211486051243 0.109560666642644 0.0499266019277792 0.0695847287500527 0.0683225610875014
"ufb179" 0.723019495802743 0.692850749720929 0.185541477873856 0.38662732486223 0.123907658593624 0.0695576525190464 0.105397657181725 0.113243668037858
"ufb180" 0.670731707317073 0.526284420073906 0.13384387881757 0.670596005356043 0.0960866263775811 0.0424417842777075 -0.0100445506525028 0.021566956740564
"ufb181" 0.637571156033589 0.581509788756957 0.147789739501118 0.329679860282991 0.102371469792971 0.0535425217347703 0.0728683610586607 0.0642556944296379
"ufb182" 0.622561043773803 0.567448212390431 0.146454251613901 0.354155140691519 0.105410441547266 0.059232656790172 0.0714154648298158 0.0580116474589889
"ufb183" 0.615254844484293 0.64090297197279 0.165566866820967 0.194260383162747 0.114834201938359 0.0540654233266708 0.118578584466851 0.0895873169424525
"ufb184" 0.650745357348532 0.66024920819713 0.172017935196905 0.266719201144716 0.111881069338624 0.0627217976452123 0.105259225283902 0.0973794237354278
"ufb185" 0.658634160109269 0.664168519385931 0.177240217943486 0.303310600744317 0.117264176680183 0.0636409929789273 0.104659421632247 0.104205673288814
"ufb186" 0.625577845084426 0.579179958441863 0.154409206656973 0.354272536301287 0.111329397774066 0.0580737905875247 0.0716944391462087 0.0777757292522309
"ufb187" 0.602061426266862 0.642059745157188 0.173353867185029 0.121784308895493 0.113277518207475 0.0354197834476425 0.132300101050859 0.0972855929705948
"ufb188" 0.614893199582797 0.655849429323968 0.18254561143038 0.134022847293507 0.119101918983403 0.0450433106551972 0.142138331071808 0.105906877639783
"ufb189" 0.664548804285025 0.6594013006886 0.185606311307613 0.402265239155978 0.127450198691723 0.0831015887462342 0.105439999726692 0.106788602209976
"ufb190" 0.641281590174962 0.674791546769811 0.18456169157644 0.243187717066539 0.130245627818098 0.0732511072146693 0.130658453221542 0.104966111382412
"ufb191" 0.709346037670359 0.706221275213316 0.190412079990091 0.38662732486223 0.128122633551596 0.0743317660869156 0.110747533137035 0.117360965643277
"ufb192" 0.59136996901096 0.631059083407715 0.170149682403606 0.158407467655407 0.111538867370854 0.0557787232854922 0.127264268133246 0.0905042713178732
"ufb193" 0.614944177115403 0.654612362391567 0.171358669848118 0.194815318327062 0.120605546029101 0.0583506193176085 0.125930248598943 0.0905103142065848
"ufb194" 0.630920392811288 0.664915168397063 0.177125383695795 0.207108327172904 0.125796034063585 0.064239621877956 0.130787980163378 0.0972224612174796
"ufb195" 0.634146341463415 0.458786139019889 0.136403501424212 0.633968828627905 0.101033637388617 0.0430114582594101 -0.00705971593005537 0.0238571621203799
"ufb196" 0.595864935030367 0.635692630943147 0.165827236358009 0.146272185162608 0.112003145900967 0.0529963194182724 0.122726952770687 0.0885069484035945
"ufb197" 0.636117104883465 0.603504620645375 0.153734903798707 0.291644127521526 0.102511317395978 0.0578368974160902 0.0792477790106949 0.077355099635162
"ufb198" 0.707317073170732 0.769733260751225 0.190548122285428 0.707283331061503 0.146854815205437 0.0689450321122324 0.0560795702916472 0.115782987277621
"ufb199" 0.605870223170818 0.634813054524978 0.173664931256482 0.170693223360959 0.114896550323632 0.057152934824784 0.130239693887044 0.0949472487623362
"ufb200" 0.6610912231244 0.607662875969816 0.153162058403531 0.35284661390247 0.103000049962562 0.0592399635531568 0.0786112090744424 0.0742739512917748
"ufb201" 0.578501483808751 0.535497909377933 0.142362765531171 0.268583712415688 0.100927405779332 0.0489284418792963 0.0669642790445537 0.0588760920915462
"ufb202" 0.687533272392461 0.739941789412748 0.211263359315551 0.368103713430491 0.153691711862577 0.0931108933709377 0.133666915945128 0.149534000103384
"ufb203" 0.670640622022035 0.700254014415094 0.197284624854799 0.319041156940714 0.135226778198095 0.0774634981916885 0.118287032452519 0.127482637937765
"ufb204" 0.71809029725517 0.730774740702539 0.194265649836594 0.471905486924213 0.145284740336463 0.0799576231810858 0.104248956508372 0.120289712571126
"ufb205" 0.62181896496854 0.645349286725166 0.181022214123909 0.110042388273141 0.117745165004955 0.0404501321347319 0.140492683474453 0.10443881667488
"ufb206" 0.614150531663704 0.637941589988917 0.176636115727413 0.109773826518036 0.115163152653222 0.0349193982436614 0.135888900530766 0.0993160245847333
"ufb207" 0.680817784478335 0.662936764436856 0.172426084932496 0.422814854438792 0.125507150700155 0.060312228884264 0.0799694740110926 0.0951909170672514
"ufb208" 0.615078364056576 0.618209580286049 0.16162073309189 0.205421762203811 0.10687091682335 0.0533537132180967 0.10298707039513 0.0857028681809127
"ufb209" 0.605691777087696 0.653910325286132 0.184466346725508 0.109680261158483 0.118981271311143 0.0480997489158905 0.14372159905866 0.109899633805587
"ufb210" 0.59469787704821 0.456202255365588 0.120095916705826 0.499687363987922 0.0843249148907049 0.0492394391307228 0.00429139001605587 0.014454906647654
"ufb211" 0.646114093870246 0.664736613546341 0.169105198847556 0.243981032158863 0.116424541876517 0.0691063065568448 0.111091729435006 0.0860531757051048
"ufb212" 0.682926829268293 0.508148893360161 0.138582867236437 0.682865213242744 0.109291746242328 0.0477894525328651 -0.00451830739101459 0.0368317206364299
"ufb213" 0.58980253616391 0.615127314498263 0.163835279495922 0.145898084279398 0.10649948190489 0.0469299707633926 0.119893478111344 0.089425986248399
"ufb214" 0.678530322192054 0.631762171111984 0.163047748854745 0.377250387229345 0.111852667528611 0.0648003671392177 0.0810331499773125 0.0878821341823983
"ufb215" 0.630229856364646 0.656975498392927 0.182951667461655 0.169687084259184 0.121583276949097 0.05434749661651 0.13363599603785 0.11414772496453
"ufb216" 0.605885117840077 0.637463901959922 0.173460567784768 0.157498995456604 0.115378263815366 0.0499777253210895 0.125397868657895 0.100274913650707
"ufb217" 0.6252092999665 0.66028466862854 0.185955210339148 0.171770019196366 0.123311149019796 0.0615369145962928 0.13682935438163 0.115805767971332
"ufb218" 0.652767243255374 0.646868608581455 0.167060321747362 0.31634387222117 0.116135065037327 0.0676731772383751 0.104993614392084 0.0857692154909423
"ufb219" 0.602219453308692 0.628883901365278 0.172350693092862 0.109746808253357 0.1102543103526 0.0436047154835409 0.131392201927517 0.0967920505640494
"ufb220" 0.643547825063685 0.633944868978746 0.163424235834011 0.377753192617662 0.116708824644794 0.0652953962531345 0.0703378159105702 0.0814927372970278
"ufb221" 0.639038398106849 0.559843954849231 0.156096346947877 0.35454493401129 0.10491598788357 0.0539330971497443 0.0620136360475333 0.0846926180831853
"ufb222" 0.623689822606982 0.652474532702866 0.184937136685722 0.169687084259184 0.121635194856585 0.0595432501971796 0.135741304865006 0.117343680569544
"ufb223" 0.654072800589568 0.70100604644073 0.205811756964949 0.435717691693519 0.145455791059497 0.0814400231295509 0.100675466034775 0.128565842706626
"ufb224" 0.654320987654321 0.630112900240607 0.175164156702917 0.654185679412632 0.132484908591339 0.059570690248458 0.0378132730342287 0.0777572118769614
"ufb225" 0.67021645093903 0.686120367439694 0.206219538629503 0.15894659309087 0.137220599662223 0.0704383735842466 0.160037037285635 0.133211212489215
"ufb226" 0.599830684889304 0.62270476700492 0.167658020897278 0.1217643094172 0.106697484985703 0.0352728235783153 0.126514837651712 0.0941059821800415
"ufb227" 0.67187121807338 0.73902287844212 0.220234735402517 0.242553502283857 0.156363862466656 0.0851802694468654 0.165753670854361 0.148854004555286
"ufb228" 0.659236109559866 0.70038835456425 0.210592212881002 0.136723666047681 0.141418683010524 0.075026233267201 0.160873623642736 0.141810271589209
"ufb229" 0.655806967212079 0.679130535583521 0.199711277791965 0.145280045529984 0.128878126507905 0.0624966942315518 0.156830160479648 0.1252207146614
"ufb230" 0.619082600597711 0.65406153522963 0.170707266568759 0.194189125490741 0.12013462998901 0.0579345888601407 0.12068077921637 0.095292130667302
"ufb231" 0.708438080598102 0.654033663497386 0.155953557757287 0.462974071118319 0.111766478517965 0.0701007062715069 0.0734994375016486 0.07105179024026
"ufb232" 0.780487804878049 0.76211006847578 0.171819395846904 0.780417386563136 0.136791207008711 0.0652959657918197 0.0342395721466612 0.109106369126693
"ufb233" 0.611696836359187 0.582952542594164 0.154939017450622 0.228892276615301 0.099929795634158 0.052135314096262 0.0867225158677036 0.0881504018712277
"ufb234" 0.644875239615951 0.696977035552513 0.205940760752081 0.193906378961897 0.138912592733935 0.0752566360381507 0.153445965250814 0.139487791123545
"ufb235" 0.76649923697941 0.805366449129067 0.21795146791347 0.607502756995494 0.16856672314144 0.101023695851399 0.11441493465495 0.162403107774372
"ufb236" 0.827533305371995 0.813258558633967 0.185129608052468 0.719350369977488 0.144784666211206 0.0879204155236992 0.0778841913705652 0.127965638421892
"ufb237" 0.689965935985581 0.696969696969697 0.17725337203575 0.580207842146328 0.134828876163364 0.0810701435846816 0.0687292578860867 0.109890419717832
"ufb238" 0.626635072293475 0.625325209251334 0.163236254324546 0.266436848652461 0.110232749956882 0.0623008454908587 0.100884595633852 0.0755989797227621
"ufb239" 0.594494570005935 0.620104005813425 0.165074421463296 0.121778987069412 0.105145814236191 0.036900980296146 0.123754856124675 0.0913092219178954
"ufb240" 0.604938271604938 0.529677613739078 0.163803753952592 0.604931506192854 0.121847124725871 0.0538012142312518 0.0242517285554945 0.0488693203109724
"ufb241" 0.612223992978132 0.636212413055724 0.176144590399841 0.121661941641607 0.112227444391774 0.044787925885147 0.135231044246864 0.0996934329676996
"ufb242" 0.585365853658537 0.560043372187585 0.170530450364037 0.592267852812539 0.125148167134972 0.0548642527230237 0.0327365032088342 0.0675929944212385
"ufb243" 0.616112635494801 0.628560710539606 0.176442067991434 0.121907847590132 0.113245911524785 0.048636678270321 0.134945740851775 0.100092039000729
"ufb244" 0.721438734540931 0.726752667257802 0.19710576768988 0.518653740631882 0.144275453756681 0.0809466971250841 0.0900251746585628 0.127879165486759
"ufb245" 0.716735600333055 0.78407300776794 0.229582270997172 0.430358355421265 0.169527864140542 0.116265900186677 0.153884268595221 0.167106160539866
"ufb246" 0.548780487804878 0.349351273426237 0.133124467025883 0.548565565239571 0.0926442052607129 0.0401448577878001 -0.0108834732694524 -0.00394480607008975
"ufb247" 0.610091209720786 0.632824161861897 0.170571011034315 0.122026225926965 0.111946991628496 0.0299922367987803 0.129379039783033 0.0925989762337322
"ufb248" 0.750267630149374 0.713228880091257 0.171634942268005 0.536290722353708 0.12721410273631 0.0719042111078483 0.0794621338782966 0.094825015794465
"ufb249" 0.647171006760694 0.659195386156597 0.182004291784246 0.255878504810276 0.122331598708119 0.0690803789477024 0.124838491689628 0.118635510755069
"ufb250" 0.624564526446438 0.59124199743918 0.1515628444366 0.321345145516775 0.101663315883694 0.0649897157818918 0.0768845378812218 0.0762357126584873
"ufb251" 0.702846790889491 0.76375645609853 0.223881489078377 0.429688059394618 0.165253509833767 0.102777377605889 0.136877760211108 0.169515777168757
"ufb252" 0.673169738991539 0.742152108989631 0.220846366872919 0.3265629501313 0.157315082405887 0.103338503123952 0.158039749713997 0.154944126051326
"ufb253" 0.582589197457289 0.630208627112451 0.169796423502751 0.133865407339239 0.110470373283675 0.0544488316049067 0.127486988343919 0.0912249636946517
"ufb254" 0.614945063404661 0.636265843209962 0.163824140724023 0.194189125490741 0.114175515261107 0.0591732667034833 0.113382433758419 0.0899697010291213
"ufb255" 0.706116927274485 0.591874825022553 0.152935439461293 0.524318227476893 0.108894119149384 0.0607999684340203 0.041452935434695 0.0710132810339936
"ufb256" 0.695663950092946 0.602909650285565 0.147313032080882 0.499883842466366 0.103661664353993 0.0678147240741809 0.0524339062935188 0.0633782944613775
"ufb257" 0.679855912682759 0.626417556469236 0.148894312800184 0.431907999869733 0.106300300661703 0.0675013133618618 0.0656549980335087 0.0629621760126847
"ufb258" 0.603693434193545 0.631903566893874 0.174051720661331 0.121316426313132 0.112344199690957 0.0465726963601651 0.130639428623971 0.102159400624357
"ufb259" 0.590999608086483 0.605603272996015 0.165915637300815 0.133567750788186 0.104047600601515 0.0499128885641164 0.124492119658974 0.0887706844172587
"ufb260" 0.740740740740741 0.751238750126403 0.16580759871681 0.740578370850714 0.127414603837502 0.0578723005101776 0.0263234739421082 0.0836647180764495
"ufb261" 0.597827339734999 0.621752443797657 0.16797800272997 0.145776805539803 0.108402161044751 0.0479295495307565 0.123397319665432 0.0961749550642489
"ufb262" 0.598668868794757 0.599725747922206 0.157910985694624 0.1700857207235 0.101467111204323 0.0478010146767954 0.104885708789738 0.0872451556634206
"ufb263" 0.751034594129641 0.761217506484905 0.19672424259849 0.574434738931415 0.145198498056911 0.0839235726832487 0.0899038458271811 0.129046773243751
"ufb264" 0.638720882803211 0.668558179860986 0.17489124979742 0.257572280708929 0.116284892393123 0.0650560644050926 0.108364210090885 0.0968740008969054
"ufb265" 0.62260100363908 0.649335467152712 0.181150579614628 0.134296537075464 0.11889246363655 0.0377763033111196 0.140674341963177 0.103439505134165
"ufb266" 0.618801416210152 0.65380560559847 0.183425687960492 0.121941071631088 0.11816816057199 0.0393753881696104 0.14262894810593 0.10952502361873
"ufb267" 0.666506589409718 0.680048723544638 0.183147478331924 0.32906049915135 0.127560723775862 0.0824161863625437 0.117111284517854 0.101641487836203
"ufb268" 0.692882148985518 0.706203341033109 0.174699707103372 0.545929709149129 0.126502769188239 0.0719007081909459 0.065441410146887 0.0860462733922341
"ufb269" 0.730230615769618 0.723682463825833 0.178860540535911 0.490828385094736 0.12966011488857 0.0754900062412668 0.0870747258977767 0.100463868685583
"ufb270" 0.616729158741938 0.648772287913183 0.178388873991255 0.13386836555621 0.114304531304919 0.0396851410974855 0.137340490671831 0.104525348973761
"ufb271" 0.735686863745693 0.690674193169027 0.166160121551433 0.499651527399097 0.118529215294438 0.0662607363257601 0.0733781257072731 0.0887043621522536
"ufb272" 0.748808419587024 0.770797918920311 0.198570859737181 0.585072335756201 0.146044005246307 0.0863928742783009 0.0926512884127405 0.136410548458946
