NA 0.14897 0.09281333 NA 0.1080377
NA NA NA NA NA
NA NA 0.0816878 0.119437 NA
NA NA 0.1864383 0.007731236 0.1522542
0.2885807 0.07511414 0.1939246 NA 0.07979337
0.1099102 NA 0.1594645 0.1671425 NA
0.09525771 0.02183218 0.176929 0.06991358 0.1759832
0.1903108 0.1149466 -0.01451335 0.04595061 0.1196558
0.01562562 0.1143917 0.106156 0.06984314 0.05979951
0.1590028 0.2022637 0.16169 0.2019883 0.1682409
0.05099406 0.1404985 0.1260302 0.08062233 0.06592897
0.07987936 0.04066866 0.07718223 0.1707924 0.03920663
0.2030346 0.05931359 0.03392889 0.03208292 0.04315993
0.05598901 0.009282826 0.1160427 0.09316685 0.009092294
0.08137561 0.03799375 0.1360182 0.07140666 0.08370899
0.01668309 0.07443589 0.08015335 0.0526672 0.07113124
0.009767079 0.02946856 -0.0002674787 0.009366409 0.008243141
-0.0167876 0.09601611 0.0346277 0.04071132 0.06530574
0.03050302 0.01657143 0.04448991 0.1380634 0.03361779
0.03151619
