NA 0.1522437 0.0434001 0.1939246 NA
NA NA 0.3011636 NA NA
0.0816878 NA 0.08916649 NA 0.1309624
0.1046555 NA 0.05574123 NA NA
-0.01871868 0.2728999 0.1010198 0.2688544 0.1066723
0.07690817 0.1967197 NA 0.1334439 NA
0.2185242 0.1209246 0.02769909 0.04407303 0.03392946
0.1788357 0.2342365 0.04803888 0.09215742 0.1015757
0.2292063 0.1540616 0.1070426 0.08522614 0.09973371
0.2082198 0.1350283 0.251503 0.04991418 0.05302904
0.1091035 0.1285152 0.1493436 0.03337318 0.1031799
0.1295122 0.08846995 0.1529549 0.2106561 0.07021385
0.06177901 0.07516347 0.0422362 0.03099517 0.01879765
0.08804993 0.1581409 0.05407687 0.1844564 0.08554347
0.1199689 0.146496 0.0680891 0.05370116 0.03639
0.04478052 0.06418037 0.1427176 0.03966794 0.04945801
0.07763271 0.08838871 0.05879804 0.02250742 0.001829705
0.0150058 0.03016459 0.02944233 -0.002289286 0.002399958
0.08781296 0.03440409 0.08276574 0.0001810729 0.0003476385
0.04380435
