NA 0.1944882 0.1013876 NA 0.1738249
0.1898271 NA NA NA NA
NA NA NA 0.1316197 NA
NA 0.1403978 0.2592107 0.1294487 NA
0.07466346 0.124924 0.0557009 0.1973746 0.141892
0.1246181 0.1569555 0.08029433 0.1294487 NA
NA 0.08030983 0.1130738 0.02493303 0.1681644
0.1627356 0.1425334 0.1703264 0.08390014 0.2325216
-0.003475282 0.1466214 0.120329 0.1533257 0.2637918
0.02913444 -0.04720821 0.1512838 0.1274885 0.009200222
0.03937741 0.0255637 0.07699214 0.2652508 0.0654536
0.07674541 0.2238166 0.05875581 0.04459657 0.03079985
0.07967695 0.1081117 -0.003118134 0.1330493 0.05519477
0.09917689 0.05986503 0.135273 0.1140207 0.1092127
-0.005975897 0.04456494 0.06062919 0.04368004 0.1674936
0.0722605 0.1079542 0.09598982 0.04908302 0.04608016
0.03107347 0.02606884 -0.0157102 0.04198356 0.02880542
-0.003744831 0.02830387 0.02254263 0.01649865 -0.002432119
0.0556324 0.02802956 0.07254907 0.04333368 0.02935082
0.002600517
