NA 0.09756056 0.1567001 0.2940434 0.141892
0.1978993 NA 0.08684103 0.1316197 0.1944882
NA 0.1522437 0.02483563 0.1365821 0.08054418
0.08547865 0.0419511 0.04592278 NA 0.07738061
0.01833787 0.06571639 0.2032798 0.06379475 0.1099102
NA 0.2961012 0.1662693 0.2248344 0.09820482
0.2057609 0.06011454 0.02095661 0.03994539 0.05716394
NA NA 0.1570247 0.04383852 0.1106922
0.1388314 0.06684211 0.01056517 0.2460216 0.2298609
0.07391113 0.05447201 0.1235256 0.01127592 0.1209417
0.125318 0.1330866 0.01121773 0.187769 0.256264
0.1203578 0.1352374 0.2106651 -0.003044544 0.2541356
0.09173031 0.05280367 0.06826596 0.1088872 0.05652367
0.07705752 0.2458993 0.04041272 0.03618999 0.08142011
-0.0001328841 0.06250577 0.1905875 0.04906922 0.01469506
0.1090473 0.0971041 0.07643647 0.08269842 0.1077727
0.03242815 0.01294787 0.01394357 0.02424286 0.03817305
0.05712821 0.01112847 0.06730628 0.005558121 0.05515197
0.04537614 0.04501945 0.03834096 0.103763 0.05415499
0.02313114
