0.307826 -0.05942401 0.1142537 0.160138 NA
NA NA NA 0.1317775 0.1263012
0.1263012 NA NA NA NA
NA 0.06206551 0.06405705 0.2437564 0.08054418
NA NA NA 0.07733467 0.124959
NA 0.2272988 0.2219749 0.1824488 0.1607724
0.3071162 0.2531486 0.1194615 0.06912858 0.03773425
0.2788042 0.1623328 0.2717304 0.1416312 0.1380278
0.237373 0.0008973226 0.03772343 0.01416899 0.2073705
-0.02199967 0.1081118 0.1257958 0.2685485 0.1751165
0.07623366 0.0313388 0.1310152 0.09154561 0.1844157
0.01101136 0.03860637 0.04960325 0.2241139 0.07041795
0.2528421 0.1181846 0.1891165 0.1569786 0.04945636
0.2546195 0.1474144 0.02807353 0.04029118 0.0263163
0.06519677 0.02844329 0.1022553 0.04654779 0.1178507
0.03676715 0.08122483 0.1861659 0.05142545 0.1729967
0.06750891 0.0174686 0.02664589 0.04259191 0.04091424
-0.007585749 0.003575232 0.01117575 0.02083483 0.01019884
0.05422495 0.03148352 0.0280459 0.001921375 0.03364605
0.1147985
