NA 0.07948627 0.1420223 NA NA
NA NA NA 0.197395 NA
NA NA 0.1099102 NA NA
NA 0.1788925 0.05666893 0.2302371 0.1571704
NA NA 0.1124332 0.1798364 0.2466201
0.09575487 0.1027222 0.03915948 0.1280273 0.2303392
0.2523704 0.1949277 0.260549 0.1700774 0.2673823
0.2480984 0.0315948 0.2102136 0.1340503 0.0462008
-0.04930921 0.0815966 0.0745628 0.1103325 0.09496905
0.03934554 0.07120561 0.1673374 0.1015944 0.194574
0.0756489 0.2000229 0.166678 0.05683052 0.1681043
0.08471673 0.2286527 0.1558449 0.08380775 -0.00398731
0.1143262 0.1066328 0.09467832 0.02533122 0.07351323
0.0714716 0.0784123 0.04818984 0.0124323 0.1994617
0.1381771 0.1376003 0.0103519 0.05042894 0.0698543
0.0488499 0.06823992 0.1405145 0.1199294 0.02032981
0.008095147 0.04897921 0.07277453 0.04234714 0.01196894
0.0317865 0.02256361 0.02780713 0.001046127 0.04785459
0.03164828 0.05711923 0.05362938 0.01247242 0.02801456
0.01312072
