"quartet" "wQuartet" "cluster" "phylo" "mutual" "shared" "clusterNorm" "wNrqs"
"mb49" 0.649402854187884 0.6955143921934 0.212381097799769 0.148798987473732 0.136364612913094 0.0612980946362341 0.173401828918833 0.134230129458247
"mb50" 0.84693494570782 0.87962804982085 0.236978734366331 0.755925732975866 0.198746504124453 0.128435604068374 0.139825044806039 0.191410502565438
"mb51" 0.670348597352602 0.740172032743206 0.224498943579012 0.253803162684209 0.1691951898839 0.107428001866939 0.150998865475418 0.158763076312209
"mb52" 0.744186046511628 0.822767589922185 0.241770462797785 0.743979004042597 0.20226437689182 0.0994926924659228 0.121029949866782 0.202235270484528
"mb53" 0.728756919467003 0.773167678828056 0.214657143990027 0.621586811219219 0.176259580772402 0.106379816758212 0.114436334143971 0.160877047705984
"mb54" 0.69376363940274 0.709264786501797 0.207135049443879 0.446122724153497 0.15460559049071 0.0977915408330964 0.121867290613951 0.13817918102483
"mb55" 0.919540229885057 0.947801683816651 0.220428307531132 0.919510152989669 0.194767561256225 0.095840667126607 0.0971857113044468 0.200561805364178
"mb56" 0.715087572127951 0.804299964054637 0.250265878922528 0.346356306766954 0.193792469438709 0.13216301525137 0.169517970325453 0.191807522897379
"mb57" 0.756570133574473 0.772205588822355 0.202602405860369 0.551320718120464 0.157189162360043 0.106152335111309 0.116962595921645 0.133413936916988
"mb58" 0.816091954022989 0.835850094760653 0.213925463065304 0.815950321633007 0.185143310397365 0.0902718523190238 0.0896548312614295 0.178552676000965
"mb59" 0.735175130175181 0.691592360436715 0.192211753090728 0.551494670259481 0.148373303689971 0.087891164909276 0.0898583968194242 0.115001818010096
"mb60" 0.724822491570792 0.71653647657525 0.198574162745445 0.366943495872479 0.145403646490593 0.0944132154004084 0.139848893310652 0.12268136846718
"mb61" 0.793103448275862 0.865972824515756 0.241594563928496 0.598345692282941 0.204722301312105 0.101184719017245 0.121698144090732 0.20813170437544
"mb62" 0.747126436781609 0.779854038014275 0.204267537654631 0.74702381104049 0.168776163167282 0.0811596946370322 0.0784700830924733 0.13773021045876
"mb63" 0.835294117647059 0.883719555450461 0.23129992272212 0.83513145264061 0.200603130665092 0.0992110512902175 0.108200448858907 0.209024223141923
"mb64" 0.636849857057653 0.703274469135401 0.210716634357048 0.148633510565304 0.139715646224609 0.0581212847948516 0.171661074124942 0.137838154808875
"mb65" 0.643472112284217 0.701374347100151 0.209479588304968 0.173685276616736 0.138934556645043 0.0628491352843477 0.170130676644231 0.136419487278167
"mb66" 0.776470588235294 0.800498983552024 0.176873314760347 0.776423879810549 0.143332306848133 0.066404579121661 0.0450728794233716 0.104544960621094
"mb67" 0.781981136764071 0.771303469181543 0.192591115418548 0.631987675807978 0.153420235083536 0.0911369165767071 0.0902858274468804 0.127286883632321
"mb68" 0.717726360234168 0.729560235366987 0.171873561272045 0.515561827406337 0.132195112433546 0.0878165249265078 0.0822745301370238 0.0884354057990249
"mb69" 0.651144173910341 0.700979227076104 0.202717876438843 0.198226709790585 0.146575212522113 0.0809798863890957 0.134423283178446 0.133429230013846
"mb70" 0.732558139534884 0.850667669738574 0.235009092494664 0.732339079449613 0.195240279684429 0.0907002441657249 0.113428267369205 0.187620871298837
"mb71" 0.760034535028936 0.744489590449822 0.191959815136252 0.52625670253923 0.148499628066618 0.0972594846803482 0.115393008101679 0.120015556722509
"mb72" 0.636038979378375 0.688975354062555 0.19944525495058 0.171699529435672 0.131306465932284 0.0580854613816042 0.158816519010621 0.129302153120668
"mb73" 0.652865392348326 0.657574846947494 0.190213661288251 0.354592486172237 0.140792610447905 0.0976234053550997 0.120763777866597 0.116603746183668
"mb74" 0.64410332438336 0.682750177543644 0.204601722935155 0.137516166052859 0.130624817953903 0.0532146115866288 0.16500138110974 0.127461788649971
"mb75" 0.69047619047619 0.690258118234804 0.172452496809805 0.690243752953646 0.13732429914181 0.0655864215721579 0.040773827324318 0.0845066733546484
"mb76" 0.642988575939352 0.6477616987055 0.183958389746937 0.331774586456242 0.13621199765383 0.0901608812833207 0.11957732583422 0.109340456909068
"mb77" 0.677015004450534 0.716473968821413 0.206161589909754 0.514454968929044 0.160460410137483 0.0956919565923478 0.105369497217472 0.135726822110254
"mb78" 0.732558139534884 0.704763536668951 0.161951368289298 0.732396424537844 0.13039012465703 0.0616144361090115 0.0280764372481435 0.0928792268000967
"mb79" 0.633134702628554 0.674496341851341 0.188506420331141 0.206114761802592 0.128176950525904 0.0594049166944894 0.14512620636268 0.115108251360567
"mb80" 0.610841295162308 0.648590201729107 0.182084917525568 0.127093807397816 0.122020762289031 0.0735381968291803 0.130823967101916 0.101233950827448
"mb81" 0.839077058738032 0.816678100464974 0.201315552329793 0.686002903696648 0.164876721243881 0.0975485595461238 0.10018748305252 0.155353872328102
"mb82" 0.78686240968083 0.796686131579294 0.207259723160659 0.573284341716212 0.166332005305551 0.101157796537405 0.122030349630456 0.146351134672808
"mb83" 0.737172182244332 0.730212667739516 0.192953561767753 0.42503539220031 0.145277640438782 0.098327160041208 0.123925813401677 0.118320550593008
"mb84" 0.640583619669571 0.695006256106131 0.205023608233079 0.171710455752708 0.136200827022385 0.0598939683977385 0.165119503206065 0.131847921803269
"mb85" 0.798412022560397 0.803001606290906 0.209974576929658 0.66638243107018 0.168815946383463 0.103737843263824 0.109871915247841 0.152420153394333
"mb86" 0.689655172413793 0.730610335957596 0.189140093049217 0.6894905713979 0.152684391273643 0.0711095310681543 0.0609511386860055 0.115324883097044
"mb87" 0.784642941199786 0.767975212737569 0.190507294491563 0.562976892735 0.148217440375733 0.0944000662282427 0.103568480083269 0.120130108209378
"mb88" 0.777135086032136 0.754047711000862 0.174241933647511 0.64971962863355 0.137857784791352 0.0845657545413542 0.0685781849087585 0.0999441954216215
"mb89" 0.662661153086101 0.683748665468844 0.188740862301928 0.240501761321839 0.131093202624601 0.0731665946605236 0.139927336060567 0.11273495833446
"mb90" 0.717647058823529 0.768295196866625 0.203180268718344 0.717442987336845 0.171739127469916 0.0802254590304096 0.0763717740629024 0.153441070302093
"mb91" 0.606932764085247 0.644756052985704 0.178252681076575 0.129989915371624 0.118342232521658 0.066319114586616 0.128745511073344 0.0957772517525516
"mb92" 0.730637010590295 0.722250473856965 0.187297452731933 0.459510085312365 0.142216797923984 0.0970319624550233 0.110435443992697 0.115176964945887
"mb93" 0.61829339434908 0.654825118508237 0.18212259182604 0.137765312393666 0.122108894878163 0.0675792291587012 0.136068033817416 0.0973836013693942
"mb94" 0.779069767441861 0.794036481120011 0.205828594042726 0.776263104181943 0.174096781000129 0.0839961661374581 0.0796079968525891 0.158602116073704
"mb95" 0.758620689655172 0.838841894130985 0.196008128504142 0.758530458969008 0.161454627766465 0.0755463644012903 0.0689049428118798 0.134248141061229
"mb96" 0.63448472259575 0.648002292127727 0.176636602557318 0.239981557519686 0.124777906982026 0.0573219704655928 0.127201451913584 0.106172563191367
"mb97" 0.770114942528736 0.779775638475615 0.175468138049511 0.769923729918934 0.14572480097167 0.0684532262543033 0.0451177824374647 0.121877235703581
"mb98" 0.637305324969954 0.692152597629291 0.200290046441427 0.171710455752708 0.132391942554915 0.0565319431627487 0.160148338702129 0.130497818873046
"mb99" 0.770114942528736 0.756527072016821 0.162206916575831 0.770037106897526 0.136561110136651 0.0634151678809353 0.0297600926346471 0.0981039454777688
"mb100" 0.665353161625244 0.664536352293131 0.161880190150431 0.526412238342605 0.125111779111176 0.0732136180783697 0.0546346365077094 0.075667309274555
"mb101" 0.636228696158233 0.645283120770934 0.170316433276145 0.343617498013273 0.122142570827507 0.0788139193560991 0.109336772233086 0.0840212718424879
"mb102" 0.779647748809058 0.75561067029678 0.191492223131006 0.50547519501407 0.147597036305642 0.0969399862774944 0.115026938236374 0.119341690382341
"mb103" 0.709302325581395 0.726705547267055 0.198179792456196 0.717442987336845 0.166916263799976 0.0795714312997793 0.0712621018765476 0.139136005671153
"mb104" 0.637032366580271 0.6384952609719 0.178869920437643 0.315758873420132 0.130590467485949 0.0866465150932235 0.118425605327468 0.102563653737202
"mb105" 0.619709820273111 0.65082163672608 0.190231204449724 0.11502464239219 0.121145466466329 0.0537056779146137 0.149095880638326 0.116214110844848
"mb106" 0.61866621053701 0.650678772408192 0.179788417222147 0.140789668451546 0.119918644795374 0.0663701951486897 0.13218308644681 0.0952943109461863
"mb107" 0.811764705882353 0.766513632530685 0.156686987967387 0.811636820093461 0.130669306106921 0.0637508880323447 0.0216245281581294 0.0985428984739146
"mb108" 0.682893366937938 0.667400315964299 0.184443593534096 0.441338987901588 0.142357221334682 0.0838753184411173 0.0964473583780711 0.116445049049701
"mb109" 0.747126436781609 0.675243147656941 0.156576432404182 0.74702509952494 0.128670839618751 0.0609683713584378 0.0232394844448598 0.0878617853898911
"mb110" 0.617225128563614 0.609939257649328 0.165072521064325 0.227062714813467 0.116314733216633 0.0622345992121856 0.107308389421643 0.0873453103947391
"mb111" 0.715449510985107 0.689915916451258 0.178850155919834 0.4710428673415 0.135613226587947 0.0854240829778528 0.0906593749404719 0.109461633287
"mb112" 0.712526301864055 0.694480422680463 0.185855390422654 0.378336366700844 0.136400981912486 0.0875896132068012 0.121784385718496 0.11359413135273
"mb113" 0.719829313843311 0.728468113083498 0.215603187632094 0.537585560847997 0.168371738682398 0.0952594189138965 0.116009875926845 0.154396617530478
"mb114" 0.758620689655172 0.712466195585798 0.162061121822705 0.758475058964162 0.132655383286703 0.0628468963549404 0.0295912491689206 0.0974657224744878
"tnt1" 0.667332170180174 0.644309433465664 0.174783763974978 0.249478897736829 0.117143836245982 0.0680298836590434 0.1251006080745 0.0933706985661241
"tnt2" 0.691308569814527 0.649421337241623 0.162262261544561 0.376119061586787 0.117368264777839 0.0695023095205433 0.0960986758237126 0.0815250431352594
"tnt3" 0.698599806354959 0.650177381386559 0.164275298239278 0.384812488051123 0.118496945250886 0.0719733281279341 0.092649975445422 0.0891000981241681
"tnt4" 0.79346741049629 0.743295182781004 0.186161930789746 0.57319324037987 0.147366983750856 0.0886600496651745 0.0988046995961718 0.127760791013443
"tnt5" 0.626728980796054 0.670526827963163 0.195866103044589 0.11463907453263 0.125460296020195 0.0626004800322982 0.154444178901431 0.116488539372016
"tnt6" 0.86046511627907 0.782194447290237 0.157905148882404 0.86037824997243 0.135553688582228 0.0648810109128157 0.0242038095998418 0.0973938235186886
"tnt7" 0.801229346977 0.691526775678909 0.154558531830698 0.664871129309519 0.116966685916992 0.0708713637395714 0.0471933898036249 0.0777726242066491
"tnt8" 0.67816091954023 0.624835338543954 0.160983767916389 0.678211965911015 0.127909341873694 0.0587111590738712 0.0283435762351797 0.0783166681180644
"tnt9" 0.740656787645435 0.670923979467123 0.158617321700281 0.609168473048853 0.12262290494329 0.073475133453708 0.052007277097604 0.0916327336157374
"tnt10" 0.777710463193801 0.721908495511893 0.170546845954852 0.597655187880136 0.13117747100647 0.0878436775396263 0.0814642966876371 0.10434884774204
"tnt11" 0.721444719412094 0.709424299192092 0.191920389677384 0.371971100803124 0.141123778995507 0.092601250363039 0.128306511454078 0.1173447998768
"ufb1" 0.719622686420951 0.639442709584434 0.154208041188901 0.558077230785333 0.116110854988561 0.0681478571642563 0.0471152987994472 0.0839325215333757
"ufb2" 0.691373155707866 0.701903177888095 0.193085113568262 0.320601094768957 0.138818981278488 0.0852766993288969 0.137237779721095 0.116456297518971
"ufb3" 0.684701255091595 0.693090290228147 0.187723584738024 0.309536277842662 0.134170373270217 0.0776261718029723 0.134383695442534 0.112685142762518
"ufb4" 0.681901084134289 0.68641790942219 0.188099956633386 0.274954924801718 0.132088104171591 0.0703320037087181 0.137210335995436 0.113774218165861
"ufb5" 0.627031473186965 0.615242423698062 0.174659553751775 0.182798388633145 0.112403500086081 0.0590903994738839 0.126682830358349 0.0990340753627675
"ufb6" 0.623224478400017 0.614603092113811 0.17277789177795 0.182858667776865 0.111344173006906 0.0569223446214924 0.12618131765397 0.0960982486536655
"ufb7" 0.746867477576615 0.745648357160772 0.189573457088962 0.585887919778622 0.149016864574224 0.0866283757025917 0.0868858072058717 0.130654185479114
"ufb8" 0.728502884078446 0.72426396134893 0.1938608447643 0.360323436330126 0.143228622513283 0.0859411490326423 0.130419847919615 0.118084135162076
"ufb9" 0.621697780952369 0.658739536076154 0.193815475104852 0.126504574283157 0.123319079803636 0.0544727582856407 0.153330020370642 0.119474766771019
"ufb10" 0.61368258015326 0.634713701431493 0.179371132046825 0.217650959171559 0.120741267251009 0.0734411087837966 0.122630440951906 0.10147556744701
"ufb11" 0.733104947099063 0.698937857005433 0.17858949801676 0.444407359522661 0.132210489623689 0.0862688592909323 0.107980150001757 0.101420453475844
"ufb12" 0.62799171004689 0.656574110285491 0.183083728963537 0.25266396018451 0.125024587129992 0.075326879681405 0.123098850617845 0.104282479260838
"ufb13" 0.719320538369425 0.675766754520541 0.172694620488967 0.410869706104827 0.125458378733145 0.0767940022505391 0.101813733286492 0.0975453414203219
"ufb14" 0.717084650283134 0.688980258526008 0.177212797955222 0.436566549932262 0.134722342881261 0.0891175139178444 0.0993970247345206 0.105711957681589
"ufb15" 0.614071085205233 0.663957479263991 0.187098798545012 0.24754372162449 0.13133882421769 0.0774087852130575 0.122973412072514 0.112904003040198
"ufb16" 0.720930232558139 0.602713987473904 0.145964848439158 0.720815148441514 0.117190311201505 0.0522274753456582 0.0103677201506664 0.0573261757476448
"ufb17" 0.735632183908046 0.718821603927987 0.174265290445671 0.735460474622676 0.143080790170409 0.0665643758244353 0.0437247764902749 0.113205809199945
"ufb18" 0.634232591351565 0.659359523931851 0.190611495920598 0.1050046101541 0.120316357121745 0.0435731830859547 0.149965852904867 0.115422801940627
"ufb19" 0.64072844971758 0.629667681172565 0.175903697827747 0.170912836771867 0.113908934648888 0.0517911717820304 0.130733878534069 0.0980746794148001
"ufb20" 0.749752347532284 0.695600435196518 0.156572843812483 0.607678060711531 0.118760327986187 0.0690401487883717 0.048424813260625 0.0750848531935569
"ufb21" 0.732558139534884 0.655444316470276 0.155605338768354 0.732339079449613 0.1260839944693 0.0581875684237969 0.0207166547869107 0.0844627063487152
"ufb22" 0.619085982334503 0.644323059536379 0.181572929773724 0.208848261953112 0.123378995493599 0.0695199363860218 0.127840070361953 0.105287329208519
"ufb23" 0.615226183741918 0.639096997030576 0.181012185258969 0.210949990193432 0.124660936175573 0.0696369684598087 0.124383188012899 0.107748324969091
"ufb24" 0.779069767441861 0.763193374422188 0.158627626855922 0.779013467998007 0.131501937282875 0.0619374671010361 0.0244928842030074 0.0879958927030064
"ufb25" 0.615069605179883 0.617815846460714 0.167276819039931 0.297337654349811 0.122610151588901 0.0731355742937683 0.106131380705948 0.0888912786185779
"ufb26" 0.622330125392562 0.637757406421027 0.177670545626328 0.229413557356736 0.120823738334393 0.0678646207175556 0.120774220381807 0.104135548343179
"ufb27" 0.682020219749467 0.727686920700309 0.208730578042262 0.341500532832886 0.153469633793412 0.0768010780528649 0.133660930601131 0.147997076208622
"ufb28" 0.621757389029595 0.618384958052416 0.166739249217644 0.232564707815084 0.117292252064171 0.0618851248364346 0.111937888262833 0.0868541241566977
"ufb29" 0.703707002067004 0.626700383676317 0.160041810826563 0.459386692726964 0.117230712543489 0.0670217624193359 0.0698310298987585 0.076158664131508
"ufb30" 0.626858560409313 0.678696633615232 0.190835440559004 0.171683848671681 0.126324309002075 0.0560416573025372 0.14918114807522 0.120085102963096
"ufb31" 0.61364992897126 0.656878391792531 0.182961409575067 0.171055270977163 0.120702427367103 0.0663933716976662 0.138190501692626 0.100221226364916
"ufb32" 0.65117301051561 0.667994847104986 0.189650247603573 0.194628632914405 0.12115552060384 0.0627314433518629 0.145285691303836 0.119007230763138
"ufb33" 0.75 0.759888095697473 0.163309327711647 0.749823551423881 0.132464883029894 0.0617698338837792 0.0301758047741405 0.0886589161113277
"ufb34" 0.711734108874812 0.712703268394783 0.162081224097153 0.571166370794983 0.122947592708722 0.0746738123814332 0.0548613946965547 0.0823944633996344
"ufb35" 0.628463099954282 0.690085676991626 0.199054889475126 0.150326727787086 0.132221163502317 0.0459446444243753 0.15918768572667 0.129424251099309
"ufb36" 0.821751972400372 0.75691924676219 0.186481351269757 0.639369517503705 0.147982356021683 0.0806142194576403 0.0834019063713854 0.141129216413725
"ufb37" 0.689655172413793 0.676279618854878 0.16482819533238 0.690419867950237 0.135397462217075 0.0600500285476336 0.0327957697108276 0.088034887305366
"ufb38" 0.732269909861255 0.745803633019085 0.168760407968833 0.666575740656587 0.139243933473605 0.086184484987633 0.0634355750865641 0.0943233480807937
"ufb39" 0.811766744002681 0.75604152992422 0.169653889339212 0.712483692842598 0.135141700719673 0.0861492612859351 0.0644422678305604 0.109342236665207
"ufb40" 0.664425566369979 0.66422646803945 0.191682828010679 0.371340567960096 0.140516982544824 0.0967190796431171 0.114935486874815 0.124287153748503
"ufb41" 0.703171259613227 0.611533265788585 0.16298108973478 0.436439252639087 0.119015128400874 0.0663500161363904 0.0730859848121545 0.0808315537436362
"ufb42" 0.754383706946337 0.708602396763606 0.177297818034483 0.499851488475951 0.138455326156116 0.0811287202580393 0.0889891145805382 0.107240777340271
"ufb43" 0.763980700492889 0.734155046245018 0.184998853060682 0.476547653655052 0.141601974885539 0.088269378076192 0.107953978080745 0.113040142280535
"ufb44" 0.763080140401806 0.720354089247409 0.179086400389738 0.517009030731007 0.13773205622815 0.0854252194175648 0.0909209918615224 0.109548162048031
"ufb45" 0.635203894943379 0.654062602629221 0.178464042380768 0.217467875520536 0.121278561482183 0.0515969968736082 0.132260610169271 0.107308610364473
"ufb46" 0.641664336336457 0.665956296319858 0.18407852310398 0.217487988546512 0.125344908676337 0.0582340784501579 0.139418091585634 0.112093965566418
"ufb47" 0.631727588392211 0.679508234498 0.200170433936069 0.137037948041004 0.127398267606304 0.0627134105262608 0.159556678269376 0.120832341271114
"ufb48" 0.885057471264368 0.856051961730887 0.165788281629679 0.884990209204115 0.143518217876636 0.0706451632156689 0.0339076361830913 0.12325625632512
"ufb49" 0.730133742740882 0.816330157037827 0.244151249275924 0.557810767868119 0.193631757939914 0.115741073911516 0.148004574009859 0.190773754837013
"ufb50" 0.604048075991392 0.63861458591116 0.178992808236255 0.213350127217083 0.12011843367416 0.074170401702039 0.125122068797739 0.100266568741601
"ufb51" 0.709286831287801 0.687462287168455 0.180513741606195 0.383625978434316 0.133683716966359 0.0886629154620396 0.110421998982599 0.108495354291267
"ufb52" 0.694117647058824 0.623027408637874 0.144188656584344 0.68654586703588 0.111881673435793 0.0493208186546874 0.00819566662904988 0.0544369976486945
"ufb53" 0.599294453201613 0.649250238142507 0.17909399056086 0.186989272660073 0.119406456778478 0.0668581640486868 0.131392347082656 0.0949793924919226
"ufb54" 0.614726537072128 0.617121404072552 0.166695781338552 0.292366056402181 0.121652521790254 0.0746041971371782 0.108960745082934 0.0871867357739028
"ufb55" 0.621820502849227 0.676416791747938 0.200565280127652 0.106177971613323 0.126939531959306 0.047085947639167 0.160764107726569 0.125346388450033
"ufb56" 0.622398956341363 0.615199118092876 0.171095794201333 0.285912842522135 0.119640147560414 0.0705737811402242 0.105883930695541 0.0967593371820432
"ufb57" 0.618280754830326 0.638868395323868 0.173773629117688 0.194188566076376 0.116315622575696 0.0501924161432686 0.128603833764572 0.10700808027678
"ufb58" 0.666666666666667 0.676346037507562 0.184402098850354 0.666478564025313 0.147518129110558 0.0697752440294751 0.0554641143317182 0.0905664125244769
"ufb59" 0.63383429819152 0.673686359144394 0.189320390672338 0.206130656883854 0.13075264798014 0.0605458462535567 0.146858721519518 0.114209923172941
"ufb60" 0.678561325451558 0.649092847981785 0.179390185872237 0.252011097840592 0.117897027253326 0.0618073846425103 0.128063399992798 0.1099013160718
"ufb61" 0.665501426817644 0.63381267251538 0.169537966045107 0.243626182569099 0.113191868613001 0.0668868360403025 0.117507499027846 0.0887678479179448
"ufb62" 0.647107838369954 0.618092041774785 0.162236696402013 0.320220525153836 0.114976258708426 0.0738898687145498 0.0960287871377495 0.0816047737786099
"ufb63" 0.703359730718643 0.676947867392282 0.178968762599629 0.366806754886812 0.131270102942062 0.0812545774394984 0.114355798692579 0.10720332413299
"ufb64" 0.686046511627907 0.609144280377157 0.154184705540321 0.685951416342371 0.1226384082767 0.0571430192343883 0.0190690810589578 0.0749522949176117
"ufb65" 0.65090602400811 0.668041911510785 0.192091122493266 0.194670806554393 0.123577830472547 0.0646079948073708 0.148894930699203 0.117773790242333
"ufb66" 0.666781211548216 0.6568405665959 0.17187604305815 0.378766256033882 0.130516809497228 0.0750794077784937 0.0935555418740423 0.0944671211093576
"ufb67" 0.626241131473457 0.59026002861795 0.165928572392796 0.275326024059965 0.116509562095687 0.0660929312303368 0.10026855876597 0.0875737827752001
"ufb68" 0.735632183908046 0.664023334244827 0.155905813745173 0.735630540090564 0.126427713930187 0.0597151845962079 0.022462847589689 0.0846392780410564
"ufb69" 0.738997265888454 0.700840894738591 0.181240928328718 0.435623969373681 0.134350690318404 0.0863019879748542 0.111237541386238 0.110094338173034
"ufb70" 0.627096344897441 0.669614867634364 0.188675047593866 0.171537979026489 0.127911161941449 0.0467315478379126 0.147500803979942 0.114871570180145
"ufb71" 0.69128040833571 0.654217750533049 0.16990745071134 0.378139327095358 0.124634811140583 0.079145960382327 0.0989350585431423 0.0995476760128466
"ufb72" 0.728260900885119 0.677666602527099 0.156811951847729 0.593474057673697 0.119297314544306 0.0702897739614737 0.0494347775460284 0.0776064850168744
"ufb73" 0.659085719721841 0.673331433580181 0.185261096551431 0.229017009398335 0.128230843615156 0.0607908198241882 0.137971901347945 0.108136314603904
"ufb74" 0.666954655397444 0.763283722809617 0.225239325337981 0.507884512916754 0.174045819769489 0.103448054271693 0.126686985436265 0.163014601139494
"ufb75" 0.795095574054113 0.795379048522956 0.186835352149932 0.666513385077318 0.150357402468869 0.0901143940592505 0.0838007620490238 0.124333943575994
"ufb76" 0.72403613805896 0.707707467774582 0.181646648181616 0.413695409597025 0.133028628804828 0.089118774716933 0.11165180455454 0.110765165372898
"ufb77" 0.725383484172589 0.711483818682269 0.187620350639029 0.395266429749121 0.137559107049408 0.0887882511821334 0.123688243586461 0.117060703085908
"ufb78" 0.630183647296301 0.691382157981665 0.201936873653309 0.150326727787086 0.133912666578042 0.0469126761636175 0.162213121246177 0.129180944490807
"ufb79" 0.603129882919146 0.601244242707429 0.157924250758861 0.204314049261844 0.109689876062546 0.052405773257993 0.102644393005795 0.0773552593913129
"ufb80" 0.642146175073373 0.635068802685197 0.177608440769086 0.171047928454842 0.116536071499757 0.0511364094843673 0.133592733465688 0.099191489226899
"ufb81" 0.608098679849949 0.568606168984857 0.158226488671967 0.230047799964698 0.105788112876806 0.0517499906139588 0.0917942531308616 0.0874991442365691
"ufb82" 0.722592056624491 0.654329702837166 0.147279601203115 0.605162767496183 0.11294439300506 0.065084882700885 0.0386885139683326 0.0638866398667653
"ufb83" 0.707640604287005 0.673132880698351 0.17270699378611 0.386708709538615 0.125755668153492 0.0820795043884899 0.107426464578105 0.0888379609505039
"ufb84" 0.630779921211891 0.68293442766244 0.195470275417449 0.171699529435672 0.13125742676641 0.0578838371713714 0.154639806373268 0.121479494704471
"ufb85" 0.718552696583385 0.641755671150235 0.148899674525166 0.616219934920318 0.118915089942887 0.0736199403998856 0.0411347957578398 0.0744622122388368
"ufb86" 0.69926450792607 0.664969020276189 0.171611549667967 0.349236032517746 0.121315856435138 0.0814023343993227 0.110619468418645 0.0864076441731579
"ufb87" 0.718209042320864 0.708510749117804 0.184867911428039 0.395184640835698 0.137576922814517 0.0869158194428593 0.115174629265 0.110959486526037
"ufb88" 0.699748987414021 0.694659555700649 0.186030816494904 0.332427474252753 0.134527845935422 0.0775015208323711 0.129853926799041 0.108679049028392
"ufb89" 0.630605239360843 0.673328698444402 0.199480657555796 0.106177971613323 0.128233165932755 0.0528836384208812 0.159625354228225 0.12431537452097
"ufb90" 0.602287231416403 0.63665338499042 0.174581415305889 0.194145673234528 0.115824391469357 0.0628359836798196 0.126617552702102 0.0909441292351011
"ufb91" 0.600233385119942 0.634014888972548 0.178911423691525 0.14880468638156 0.114697685510862 0.0674266630825576 0.133960412673883 0.103275951028122
"ufb92" 0.603994486751201 0.64187144770184 0.1763091290018 0.176107429044516 0.118181388068105 0.0691029458371793 0.126743484011167 0.0941587680743179
"ufb93" 0.627252012463017 0.642035815268615 0.184603946952876 0.220055887561467 0.128123191331377 0.0684673177548909 0.124727897283372 0.113166842852103
"ufb94" 0.666666666666667 0.58989487234499 0.144953123385269 0.666363898562271 0.110670289523782 0.0491943252042291 0.00977864490236055 0.0423626357275999
"ufb95" 0.609150884614312 0.6126246750613 0.161446648153316 0.209249541277517 0.112269218301918 0.053397695792548 0.108815937565982 0.0795270718817651
"ufb96" 0.680383344985533 0.681892917200245 0.185588864887587 0.286428920300845 0.131535443431145 0.0705845040564738 0.132108794591689 0.110998034492387
"ufb97" 0.618162615256589 0.666102459690505 0.195395851824561 0.106209970178474 0.12332311734747 0.0467324276465341 0.154989761389929 0.120617247775452
"ufb98" 0.620660732379361 0.637335849810347 0.174523361659975 0.185868419671937 0.116791528098521 0.0604988596937909 0.12485130942875 0.093289023827827
"ufb99" 0.640975240093577 0.689874046831291 0.204511832078521 0.126025833515319 0.132412756445102 0.0526301150956748 0.165331833688143 0.130871957539671
"ufb100" 0.635393800939127 0.675951824018315 0.18868130878297 0.194584617760406 0.129052154031487 0.0559863059912498 0.146186165883635 0.118381331886102
"ufb101" 0.672974719477558 0.680691304033654 0.182802008147468 0.297981826086887 0.131480370213624 0.0737338745092015 0.126402279044342 0.105098215594974
"ufb102" 0.613559133428928 0.641547614229633 0.170634968442243 0.217129951800322 0.119587733095049 0.0530786217051455 0.122587177090916 0.0994012001553436
"ufb103" 0.629340871879658 0.682275803504799 0.199430050979208 0.137317434823462 0.131837919003651 0.0423664371282267 0.159954753928633 0.127026821350222
"ufb104" 0.622333956398693 0.639561826644098 0.171145673172035 0.216805429072146 0.122903684952836 0.0577769562935291 0.119321777623386 0.102227950482316
"ufb105" 0.612884289066627 0.658582712043812 0.177631747145628 0.182997112019655 0.123589676717056 0.0535613189735181 0.132618443685122 0.106061453949429
"ufb106" 0.739608697034389 0.671800352024139 0.157922625217232 0.546426722546506 0.121206107783619 0.0794725678291679 0.06753419206964 0.0896169603193836
"ufb107" 0.759647863324602 0.785131207795538 0.229750213642594 0.60431168418889 0.182047273366882 0.112928006513738 0.132153286350594 0.180935716000831
"ufb108" 0.666129346009304 0.657517243324823 0.17243158284628 0.436113781848826 0.133586708980615 0.0695952297780789 0.0830899308118893 0.100113236832683
"ufb109" 0.594857944637234 0.636453424561135 0.175337585676574 0.115057540091397 0.1128187721796 0.0416801997925135 0.132834283849845 0.100795083127498
"ufb110" 0.597530154210722 0.630094489252634 0.172118113854955 0.192199671771651 0.11454114037244 0.0669567620592297 0.120181698537047 0.0909041394967561
"ufb111" 0.750603455556691 0.691871062796913 0.172283472653085 0.528085883258357 0.133085016337127 0.0875874554970117 0.0937188855830397 0.101355474817619
"ufb112" 0.61293815370515 0.622252012618772 0.167640389790674 0.251733914446615 0.114141146935822 0.0649495194479256 0.115477709164484 0.0856893426088159
"ufb113" 0.747126436781609 0.683214059244497 0.154535735521962 0.747137188019082 0.125964488687661 0.0594489252638061 0.0208761735114804 0.0858615477635845
"ufb114" 0.61672843588818 0.615811959851792 0.167263580203081 0.297096105115382 0.122209994572121 0.0716522857983955 0.101565390316946 0.091347995390603
"ufb115" 0.608604407749871 0.634265711040406 0.18107395744827 0.103426745105155 0.113176081977862 0.0493289715994897 0.138146767504682 0.101703944581188
"ufb116" 0.632183908045977 0.57394398321321 0.17338969633609 0.632015308729055 0.135689574409872 0.0639168593501372 0.0427107595873221 0.0687075193491862
"ufb117" 0.746987951807229 0.624042372079826 0.143332577376766 0.746836932187084 0.116880076858342 0.0551688297284235 0.00536961501369837 0.0714615510925875
"ufb118" 0.711163064717687 0.680675231082563 0.174785338526574 0.407176211606606 0.130816601894357 0.0855318442523624 0.103975551442687 0.0930935905549423
"ufb119" 0.706504850260068 0.729975227085054 0.182094141157545 0.574379350022175 0.140692273069559 0.0842218078453396 0.0784588009718004 0.116215214806238
"ufb120" 0.623368672211722 0.603874913380497 0.170863108353313 0.186657666881307 0.109881846396058 0.0574098595825793 0.120958231001745 0.0945094052250687
"ufb121" 0.777119133795034 0.69480239838341 0.151759082356749 0.672096731768868 0.120930839418603 0.0722810421688489 0.0433660569270058 0.082356691659712
"ufb122" 0.632287001525644 0.657410405938905 0.193167618538535 0.103472750351769 0.119345154791335 0.0493056893130474 0.151597096645626 0.112825199303855
"ufb123" 0.633897226572751 0.656442477328299 0.181774768332911 0.217248739491878 0.120126774274656 0.0756886955989594 0.13041865852032 0.0948624464320156
"ufb124" 0.637542921833058 0.658379177986832 0.186246372408038 0.25669283959129 0.129234398490097 0.0687673450625666 0.122046418950749 0.113526634154147
"ufb125" 0.621766939841887 0.59315148130516 0.167460436516093 0.18238159815752 0.107590114478115 0.0557828982520847 0.115261179402699 0.0903144893364484
"ufb126" 0.752941176470588 0.684727567348592 0.147585493079637 0.752711851990568 0.11937718622875 0.0555383751755363 0.0121322785724459 0.0727271163723664
"ufb127" 0.610259976330635 0.636812097680597 0.174104892606099 0.187243207805033 0.115588906258539 0.0673016512387731 0.124429992398226 0.0906698570413232
"ufb128" 0.604618039302182 0.644421786607025 0.182505879556069 0.140721266690943 0.115529257520043 0.0639152313608253 0.138765995749172 0.105859126250674
"ufb129" 0.656650214769942 0.628353572437165 0.166618002799982 0.382954791086354 0.124584286196926 0.0717614753039907 0.0875262804328039 0.094478034910781
"ufb130" 0.618540345447406 0.63878666912359 0.174360301219139 0.166678204158468 0.116961525258863 0.0605839745197478 0.126387086887399 0.0929725937206671
"ufb131" 0.663424696952853 0.636128884704781 0.172574791266586 0.261208362114598 0.113394795737308 0.0700363644639538 0.1182124781528 0.0956527885857859
"ufb132" 0.64646849761893 0.663450834263796 0.182431884948397 0.194577595461029 0.119387992298498 0.0607370496461977 0.136440702085723 0.112326930292441
"ufb133" 0.743765457403608 0.71662536065695 0.181481075548736 0.454741386288698 0.136455649980992 0.0834061401780473 0.103683701617663 0.110457129540985
"ufb134" 0.689532055923576 0.692127392725703 0.16339343994569 0.388565957702295 0.118979270361943 0.0703495934305224 0.0838123375463495 0.0804820313296609
"ufb135" 0.699528770785548 0.682940548192809 0.186694185465876 0.286347472703049 0.13071661264318 0.0679219052047797 0.130563078836824 0.11160459984838
"ufb136" 0.625013384038096 0.638393261721353 0.171110853048022 0.216994432961198 0.118377314421787 0.0532480156714527 0.123090631226848 0.102835917519131
"ufb137" 0.639947098963308 0.673584279644237 0.198070835267609 0.117639174357724 0.125766764367378 0.0469448931181389 0.158150657939233 0.120305192183142
"ufb138" 0.673344700524949 0.681548252922237 0.183145070768506 0.296727585066825 0.131113339792231 0.0706162300271699 0.126769018472084 0.108344301220737
"ufb139" 0.643334625549971 0.663827721753338 0.177007846095935 0.263592539735078 0.124757235726061 0.0707890450370834 0.123095866214404 0.102997147920354
"ufb140" 0.647909833317758 0.671981190908636 0.181259752076605 0.24925420958767 0.126461999516825 0.0712170821563601 0.130049902191114 0.106840565517807
"ufb141" 0.712992021239268 0.660232350312779 0.167568365835499 0.523150344169821 0.128206403556069 0.0692383288734967 0.0621672850783323 0.0952840581897186
"ufb142" 0.709281602662143 0.683847252340403 0.176289574965548 0.371979711265385 0.130948979941178 0.0801531062540752 0.105862850416971 0.103184033349613
"ufb143" 0.614058738252367 0.669019332463922 0.186613668354825 0.14859226247716 0.122410754143839 0.0527137473675134 0.144742046859111 0.119180118886603
"ufb144" 0.789226624058143 0.77255879050739 0.185706109505639 0.597507525609173 0.14665544983801 0.0986909825917696 0.0982516519944589 0.120410151777745
"ufb145" 0.740301046256736 0.732697078869571 0.182797286440335 0.482533542906256 0.13937037723388 0.0955257173273348 0.105509670789941 0.111796362461926
"ufb146" 0.8 0.847259956265324 0.205337090477513 0.799802478206455 0.175402667718768 0.0845542512787581 0.0780799339448416 0.167094211462883
"ufb147" 0.745129409894292 0.676501868789693 0.160389075278645 0.620677042805299 0.124751365383824 0.0759692351293857 0.0540035262983359 0.0923304058872311
"ufb148" 0.63706576142397 0.673556451462921 0.19566087438853 0.137591327303057 0.126721546757986 0.0474448057162892 0.15599663126266 0.121435156754942
"ufb149" 0.694117647058824 0.58047138047138 0.142447336034825 0.693931589055232 0.111493352877054 0.0498322494082046 0.00510429666685238 0.0592234405621883
"ufb150" 0.71414104289801 0.696196754233254 0.176841143269759 0.420722170556474 0.130926018012014 0.0829306858082007 0.106315516918702 0.0969988541022047
"ufb151" 0.700003400141418 0.674977832413043 0.171199360981566 0.370865898308882 0.123763246168425 0.0793700751273372 0.105672127712786 0.0888140456830189
"ufb152" 0.670588235294118 0.550412421154779 0.138666043211721 0.670552990659326 0.109295787021484 0.0477803266719281 0.000747795011369702 0.0455064900863863
"ufb153" 0.653172589266441 0.571503713522271 0.148420875635267 0.342981625531079 0.102232403845535 0.0651654936730445 0.067918158039595 0.0742001532097287
"ufb154" 0.604293520167169 0.62030591919088 0.160946678903384 0.216964734006985 0.107014218085591 0.0589036279990134 0.11225949954962 0.082844702152637
"ufb155" 0.612099867739507 0.630649478458874 0.164286954917884 0.206062432194201 0.108131072779946 0.054527590973406 0.117286198994049 0.0892645757749393
"ufb156" 0.621457319744819 0.635764916001563 0.16824902043443 0.206092408779824 0.10955659123476 0.0563064822031422 0.122722142278802 0.0959921124714424
"ufb157" 0.630492840119677 0.652009813172297 0.175744678631499 0.206114761802592 0.114806840178899 0.0573718832653908 0.131682257065331 0.104312026585596
"ufb158" 0.628489467304347 0.673512342261507 0.186876654874742 0.171683848671681 0.122790484300988 0.0517073008698434 0.145018571437872 0.117795829958322
"ufb159" 0.613081035477781 0.634620592670995 0.183272454774743 0.129463469000717 0.116980355264519 0.0535884771472685 0.141203897433868 0.108489373322172
"ufb160" 0.691948589233938 0.653159936116815 0.165988022414886 0.459605638211681 0.125692850471776 0.0808875730663792 0.0764158594538553 0.0934417254748709
"ufb161" 0.804597701149425 0.782537067545305 0.166681075960559 0.797546095198931 0.140019014690566 0.0663437043019137 0.0349415724926974 0.108142466967195
"ufb162" 0.676793513731971 0.646817521533646 0.152286666788707 0.379302224452345 0.11043276037883 0.0598180302639452 0.071649047151592 0.0681051600166864
"ufb163" 0.626491975704801 0.66279126574717 0.194077282831436 0.106209970178474 0.12416284195795 0.052115651448896 0.153604830155967 0.119498857189647
"ufb164" 0.689679977458874 0.657016184685095 0.170552527786855 0.328650817093156 0.118365061342136 0.0762133088897133 0.113064030728393 0.0849371350715347
"ufb165" 0.71125679239337 0.603375374941274 0.142729377362781 0.569386320746247 0.105458111354945 0.0602090854583593 0.0338620156110734 0.0550797203790448
"ufb166" 0.689655172413793 0.558651026392962 0.133041527499332 0.689433882908604 0.105009421126833 0.0490523014193418 -0.00401605681767557 0.0438513353530952
"ufb167" 0.721908904695889 0.684165807979464 0.173749578058757 0.432092984294608 0.131045009440028 0.0747969635871611 0.0955354590045388 0.104719737828122
"ufb168" 0.70537817116775 0.655919978087306 0.166384880004675 0.373804620432366 0.117124648150124 0.0712370120614711 0.100477000772091 0.0876629369209521
"ufb169" 0.689655172413793 0.710396421409841 0.181287653404818 0.689433882908604 0.145385326213628 0.0695422566140979 0.0518573057767692 0.101937544445955
"ufb170" 0.655172413793103 0.583458765745068 0.16131171963671 0.655085293075387 0.130929516341804 0.0587603929074697 0.0287233738881325 0.0826759828605878
"ufb171" 0.620086204235499 0.656152608922498 0.187340676516684 0.128858846527474 0.120650910799746 0.0635629414608865 0.144768551270639 0.108205797630639
"ufb172" 0.609666775279717 0.599231862411582 0.159192965422022 0.274517065671302 0.109910574832485 0.0650775469259711 0.0975987797647919 0.0804472280005618
"ufb173" 0.629039462376443 0.672248967939732 0.182534751198653 0.19437991589703 0.125998185982194 0.0652051955021773 0.135087313057418 0.109577604183261
"ufb174" 0.725097253683766 0.621498542083019 0.164206314260187 0.482376268974169 0.115713907087318 0.0530921243544365 0.0583044405783803 0.0880065273847566
"ufb175" 0.637590073142491 0.603021624492791 0.15175265380615 0.298309708537558 0.1067835644008 0.0665439653790091 0.0847161972207892 0.0683475585655312
"ufb176" 0.645796543342547 0.661382104551017 0.184366914637174 0.194628632914405 0.121150226042488 0.0630685479694778 0.139713109501185 0.109672731993618
"ufb177" 0.634581918122422 0.613244807738245 0.168839078445665 0.17450307912673 0.107979275196864 0.050219043097908 0.122070371223644 0.0899945204925482
"ufb178" 0.765799893748113 0.714427639955245 0.172851598710807 0.534773811081852 0.130971780389162 0.0897080249498082 0.0946584017975202 0.104169647251576
"ufb179" 0.611838953918618 0.631469840513218 0.181235910360759 0.116545893441416 0.114153984209556 0.0504940863201795 0.13904054066717 0.108795444800104
"ufb180" 0.706835947728423 0.682912297805772 0.18522577925709 0.343986272017335 0.132918746475592 0.0748043203101696 0.128993329118613 0.10630186337787
"ufb181" 0.629256483698949 0.692958450143003 0.205254693696682 0.148624665909349 0.135847114553044 0.0528935594241471 0.166066603906093 0.133078830639061
"ufb182" 0.646212104399147 0.693640413327367 0.209531722687178 0.126039170874684 0.135255359745267 0.0546035939596801 0.17055149042409 0.132864227544507
"ufb183" 0.717112692335356 0.661506887772389 0.167598026487118 0.435351891606593 0.123420412752172 0.0768260303319893 0.0889081912357233 0.0978025715021841
"ufb184" 0.686690220578839 0.624056658539417 0.154116448094805 0.574577286775943 0.119974932028385 0.0739164218609824 0.0469361061135321 0.0839187819399696
"ufb185" 0.731263823696347 0.698516677960997 0.16783019712326 0.551541362219665 0.129756023052207 0.0890555170579315 0.0784558821279848 0.100236922318557
"ufb186" 0.679407522494373 0.669273336245813 0.177342441061987 0.433159591076337 0.134245189393425 0.0743079578937056 0.0880326748146522 0.104460971582219
"ufb187" 0.576020101960537 0.605463936811152 0.167290151815697 0.138360533702086 0.109447164931805 0.0494461841006453 0.121623252796774 0.0919785357811578
"ufb188" 0.612877609425512 0.624490736769877 0.168736203093934 0.21138945771004 0.114175571981095 0.06066646030492 0.114065836937926 0.0927299064248605
"ufb189" 0.628111792301926 0.650113527810713 0.18075511948078 0.276227963436535 0.128386856568426 0.0711391201525501 0.116181758560843 0.10611991930095
"ufb190" 0.748696728213344 0.720041454238254 0.191831915312335 0.424265927964223 0.140906943326045 0.0892177013526931 0.128231247142763 0.118079704379241
"ufb191" 0.597374115976511 0.639643463497453 0.174269800714399 0.194009770313958 0.114550603306692 0.0659406082818328 0.126287830644014 0.0934654009201486
"ufb192" 0.63841256115639 0.667448201865165 0.197621650781466 0.10346678936222 0.122715984482611 0.0467273508623963 0.156863306399061 0.117872683995825
"ufb193" 0.648932257122163 0.627170326763436 0.161010532614049 0.398219339008506 0.116965081993002 0.0709767949443667 0.0809989319525628 0.0837460224576878
"ufb194" 0.652815605362982 0.683042750297815 0.202433321192328 0.150849566744848 0.13066343798416 0.0559838894032195 0.163103242779806 0.126193581150797
"ufb195" 0.613420586045679 0.634257469795813 0.183795224792613 0.126624180240927 0.115684729529778 0.0543456076623257 0.141730520925333 0.108348079580629
"ufb196" 0.704707786669765 0.665387322339073 0.169969649146986 0.386437382128838 0.119091264775047 0.0792305536516642 0.10434519151514 0.090746025935889
"ufb197" 0.768677467712613 0.69639124554285 0.155514864406574 0.651077540254005 0.12241821537192 0.0731418325911947 0.0485875897550672 0.0873295502807517
"ufb198" 0.780281629160775 0.699847374847375 0.159103519944602 0.639435752439791 0.121622153524119 0.07395740361719 0.0526306347668366 0.0944345223732268
"ufb199" 0.617914037082279 0.62027916282414 0.167109091045601 0.246181781676063 0.11919498226741 0.0651881012397891 0.10940269073156 0.0890923965733825
"ufb200" 0.612217298694535 0.635169896201008 0.174459560197849 0.190176511969517 0.116376693673772 0.0602010326426586 0.122643441659104 0.0958733208513523
"ufb201" 0.596793786612076 0.624433629020592 0.170553903959964 0.182906041606254 0.112582152791115 0.0658369422518487 0.118567918891229 0.0876785195821886
"ufb202" 0.748255631214106 0.680005618591294 0.161480776443994 0.546426722546506 0.122426643921153 0.0810506849113369 0.0714742746057102 0.0945953226545504
"ufb203" 0.638093007019162 0.656617102520971 0.180644529560658 0.223742914927679 0.121633153353986 0.073647594973688 0.126851869606959 0.0957897074620895
"ufb204" 0.603678624902295 0.635631052026916 0.175729835843372 0.176218294530421 0.116713908860941 0.0650272723345813 0.126135352299372 0.0934784985249242
"ufb205" 0.733758682744967 0.649451855765421 0.150232118701866 0.590213643133118 0.112571631360836 0.0631840285255491 0.0418392340478045 0.0698271871769001
"ufb206" 0.785737537278111 0.762373816284662 0.194748043179469 0.537799860196674 0.152959221731218 0.0892965363321147 0.10806884270565 0.131723299805482
"ufb207" 0.609195402298851 0.643844902386117 0.198663089724212 0.604414599103257 0.159999609026932 0.0726039922744102 0.0719796272168781 0.109465741443315
"ufb208" 0.660259840663612 0.656848563622006 0.15664874623127 0.354335945410198 0.114894606695098 0.0682707305262255 0.0841772089838049 0.074779533340115
"ufb209" 0.632903232593834 0.674228315254119 0.183487639791568 0.194433971209343 0.126248693115857 0.0665956085365617 0.137555846982343 0.11219106593852
"ufb210" 0.604316372243255 0.602544555839894 0.173626453888854 0.126463968822935 0.107707491460514 0.0569194010030253 0.127142087692837 0.0945305804599376
"ufb211" 0.715533493682504 0.816689193680619 0.235468880432511 0.600341080850214 0.187801429997063 0.114187701155125 0.138217776672084 0.179023965561433
"ufb212" 0.645079115973845 0.628088529449857 0.159950142703257 0.342853048191571 0.11493212030898 0.0754878477477251 0.0877623037088256 0.0800183247293415
"ufb213" 0.694977850021541 0.648707873658758 0.165145477024096 0.364223460636152 0.119141331102961 0.07576087256904 0.10382120644067 0.0800494641975148
"ufb214" 0.611274664763006 0.629818608639665 0.181123948537741 0.103424114930969 0.111683316700198 0.0525129878551093 0.137309118343394 0.100846195325819
"ufb215" 0.722744202318947 0.728451758875182 0.189232933916399 0.456013827635383 0.146308737675018 0.085945116395213 0.102065457833648 0.122630365010673
"ufb216" 0.696946492849566 0.689874456118706 0.17444520192703 0.387953297742731 0.128577126032899 0.0850529401094712 0.103714298960755 0.0934516464061736
"ufb217" 0.721927524059525 0.658869596097415 0.161968987679457 0.458264717908893 0.121662795569398 0.0703538564526139 0.0827470199361973 0.0928467698231222
"ufb218" 0.705397088961202 0.663229383229383 0.16976988096344 0.401709791413985 0.125890267856368 0.0621141232051829 0.0912501877749835 0.0983732571111537
"ufb219" 0.642955337174742 0.664756342815354 0.189493893935163 0.150830470663577 0.123173310329926 0.04625883610001 0.149574220442111 0.115796356629946
"ufb220" 0.655341947794312 0.670650718166583 0.181366410547948 0.24925420958767 0.126808214392058 0.0718880626119441 0.130054733514466 0.106541680941328
"ufb221" 0.735543497084549 0.667581579749924 0.16355293204897 0.49244997254607 0.125455033019652 0.066347569663262 0.0737688550186442 0.10299703037708
"ufb222" 0.591448514120234 0.624641147692365 0.171548681224272 0.126638696771697 0.112271509336781 0.0440777519463603 0.128093866632996 0.0945062204948776
"ufb223" 0.622569717990359 0.657666945053415 0.179139605955825 0.19454476039974 0.122026305930269 0.0514588248784024 0.134208836938938 0.107078517429138
"ufb224" 0.658917770278077 0.646092333708324 0.148643212647143 0.353360750871194 0.107769355635919 0.066447118502681 0.0755110710240694 0.0662722731668179
"ufb225" 0.617879656245275 0.624911129782833 0.156074515453229 0.285547883327294 0.109741596898978 0.0648991227182739 0.100679065755696 0.0718999319231078
"ufb226" 0.655110222694464 0.678627213315506 0.18947968985535 0.299945739193468 0.134680519403051 0.0749945223965718 0.119977697468882 0.123581253626016
"ufb227" 0.706658183551932 0.68394577700516 0.173345855053723 0.403845505739828 0.127105716104569 0.0790097201894771 0.094968763470419 0.10058323112624
"ufb228" 0.620689655172414 0.482118728042519 0.144740131218855 0.620620749294679 0.112646172421801 0.0486923561736498 0.0095319807750234 0.0399937600252423
"ufb229" 0.654336500916027 0.703129265205847 0.200944438918014 0.317968425192099 0.147591433338588 0.0722817833607721 0.125211922937076 0.139858093146654
"ufb230" 0.699722355623408 0.686200206148063 0.157684615356462 0.425486887320678 0.11699699347087 0.0719381447951714 0.077560468501212 0.0740006950311222
"ufb231" 0.663040531589898 0.678183242408933 0.180967523504731 0.240425238417519 0.125428589929186 0.0717717716106972 0.129630844366035 0.103866766425839
"ufb232" 0.617787632383946 0.643524542078924 0.176957885045392 0.211558574408155 0.11902154338638 0.0742832168059623 0.119935928658499 0.095779698984825
"ufb233" 0.781609195402299 0.75644527915315 0.165066535038316 0.781430377847452 0.138095137877537 0.0655461764123977 0.0330717885736998 0.10984912408118
"ufb234" 0.810166103096638 0.74503199730549 0.165768659889099 0.701104571350228 0.131100557100509 0.0816783321585488 0.060064748135294 0.104512898668731
"ufb235" 0.614118289854614 0.61541025114763 0.162902371254155 0.198199301294899 0.112536436040197 0.0499379329319929 0.112470705653321 0.0803303897372639
"ufb236" 0.618247640659506 0.650981703292811 0.189756064221669 0.105836955309138 0.11879743896841 0.0494174488050856 0.148009768405109 0.109778499471635
"ufb237" 0.604632819463016 0.616053747466675 0.176939392803457 0.105703947511582 0.109899375289956 0.0537025909128164 0.13188118366958 0.0966644337167089
"ufb238" 0.571999960705411 0.596836817513765 0.166055090813375 0.141480340106078 0.109297589612317 0.054222087931442 0.119099924648849 0.0903075338086594
"ufb239" 0.582580813368003 0.598695216330425 0.174868922836425 0.149831054091997 0.11425254599076 0.0636444961513973 0.117755239336197 0.0997775259609927
"ufb240" 0.624106840099595 0.663247767014945 0.190390637793158 0.117237730453647 0.121355401529047 0.0564518051878542 0.148707684223555 0.111268617851932
"ufb241" 0.670489872736313 0.627488271200121 0.154708740927495 0.330286452647193 0.111332236864236 0.0605199314317832 0.0881326615644045 0.07458065055926
"ufb242" 0.660207920840289 0.67469219016806 0.186345102394907 0.217471311564567 0.125759658851636 0.0649944637537418 0.13911882521794 0.11344120286677
"ufb243" 0.608044943438565 0.638140522523477 0.173460811980847 0.167950808934474 0.115743562527958 0.067277617222503 0.125454260020696 0.089887869602555
"ufb244" 0.616279069767442 0.651644157369348 0.184512429198074 0.61605452369624 0.14804282621015 0.0685287750918899 0.0546541438682806 0.101604512140385
"ufb245" 0.684117481537711 0.596860821990926 0.161882506708885 0.371702212086676 0.113841150272193 0.0646154091196055 0.0718694149222017 0.0869613441359939
"ufb246" 0.691369862979137 0.684551127546472 0.172583962744232 0.375659054110781 0.125109213245865 0.0817159862778075 0.101768457401071 0.0937357230669514
"ufb247" 0.68804055593824 0.680395428422545 0.170760156065266 0.354895439843113 0.123139585604556 0.0819242530394673 0.105386637602084 0.0874019060662617
"ufb248" 0.599278270601129 0.641345052931955 0.179027069144519 0.116367321912399 0.114449996834943 0.0437976819203084 0.137322458110669 0.105776968368364
"ufb249" 0.700047941901839 0.651574476327513 0.168644813776274 0.383098259116888 0.120912445579509 0.0669725455608711 0.097461954129539 0.0925336617765706
"ufb250" 0.606805405329176 0.675353711898525 0.195800887571158 0.10582145212466 0.127825938134275 0.0387244713567426 0.15614658828816 0.125177677728812
"ufb251" 0.656323828601461 0.633548293601913 0.163237048615929 0.436040356715131 0.126781483146304 0.063875204268924 0.0729027839336895 0.0898765088102791
"ufb252" 0.623297894124687 0.620546364464848 0.171902468870548 0.246072291589959 0.122234529168527 0.0724029769830637 0.11449147944041 0.0956037972621245
