NA NA NA NA NA
NA NA NA NA NA
NA 0.1638736 0.1703988 0.1976736 NA
-0.04477009 0.07754653 NA 0.03603721 NA
0.04557315 0.09689796 -0.06539088 0.03760662 0.1138716
0.1462551 0.1471145 0.07263866 0.141892 -0.03455049
0.3498258 0.098429 0.1034306 0.1733036 0.06567772
0.186125 0.1850885 0.1537953 0.1670733 0.1237176
0.009354566 0.0621899 -0.0001885556 0.07273792 0.1043582
NA 0.04828869 0.2253676 0.06074668 0.08189313
0.1219462 0.1873674 0.0529412 -0.0215739 0.02671927
0.1083608 0.08703456 0.08661437 0.184704 0.1886344
0.2343225 0.1707011 0.06401771 0.1810971 0.07390476
0.0448298 0.05025158 0.05245005 0.02525839 0.06324885
0.01836604 0.04482902 0.05022884 0.1207796 0.04892797
0.06849027 0.1480338 0.1873978 0.00507097 0.10947
0.04141593 0.00802437 0.04150905 0.01876218 0.01999738
0.03724414 0.006734705 0.05327897 0.07007266 0.05714191
0.01196141 0.03873987 0.02375496 0.0604948 0.1065676
0.05182865
