-0.03486016 NA NA NA NA
0.1217007 NA NA NA NA
NA 0.06996254 -0.006713886 NA 0.1272034
NA 0.1557399 0.1716278 NA 0.2166467
NA 0.1331785 0.2082511 NA 0.2182693
0.1101415 0.1010145 0.2053591 0.3151222 NA
0.1886684 0.2101812 0.108611 0.1677541 0.001800315
0.1837565 0.1999697 0.2946965 0.14897 0.1425687
0.06744999 0.2604475 0.1443084 0.2231347 0.01811741
0.1496334 0.1948969 0.09330013 0.1275082 -0.007808431
0.05643903 0.03894066 0.174397 -0.01453962 0.04233613
0.001859918 0.1342605 0.118144 0.1581062 0.07843434
0.0510666 0.06692101 0.1075208 0.05870171 0.09343019
0.04232064 0.1140282 0.08652678 0.09117918 0.09308912
0.07049828 0.01264359 0.04107894 0.03493254 0.02560771
0.03600349 0.1597116 0.09989552 0.04919741 0.144327
0.06204767 0.02805515 0.01226799 0.0391055 -0.009778438
0.01287244 0.03536578 -0.006626306 0.05709536 0.1046522
0.06399227 0.0227753 0.04039049 0.03813213 0.04619148
0.05189688
