NA NA 0.06318927 NA 0.2948123
0.1158676 0.1251068 NA NA NA
0.1944882 NA 0.1976736 NA 0.1944882
0.03256521 0.1738945 0.2352428 0.108422 0.160138
0.05766518 NA 0.07695465 0.1750965 0.228886
NA 0.03525657 0.01167781 0.04749532 0.08325467
0.1939246 0.1511582 -0.002391061 0.06404378 0.2633134
0.05396089 0.05900772 0.1557338 0.1419685 0.1209847
NA 0.1159522 0.114 0.10982 0.09268403
0.1302553 0.07996764 0.06633306 0.1654171 0.1157139
0.1052385 0.03918688 0.1418861 0.1221703 0.1124355
0.1893344 0.1238129 0.2575797 0.1223445 0.08330274
0.08200185 0.1798311 0.1057152 0.06421719 0.08150191
0.09948802 0.08656771 0.03566754 0.04699366 0.1505537
0.05263794 0.1456419 0.1237016 0.09369241 0.07876886
0.009131738 0.04935032 0.06417552 0.0460111 0.09075842
0.01212856 0.01648682 0.04260848 0.05113885 0.04385241
-0.004604682 0.032446 -0.01513876 -0.004660749 0.05722565
0.01252349 0.06939357 0.09357902 0.0983348 0.05470801
-0.0129058
