NA NA NA 0.2114667 NA
0.1017565 NA NA 0.1738249 NA
NA NA NA NA NA
NA 0.1099102 0.054791 0.1397318 NA
0.1079183 0.1032127 0.003440519 0.1325425 0.1898908
0.09847132 0.1620156 NA NA NA
0.07286283 0.1594409 0.1273548 0.1833432 0.05094674
0.2628825 0.1494466 0.06694119 0.1512656 0.2055105
0.03941211 0.3299084 0.03237314 0.0539473 0.2593423
0.165599 0.06864252 0.1181958 0.09124215 0.03306569
0.06265561 0.09559589 0.08451797 0.09110858 0.1279405
0.1631864 0.1320696 0.06923878 0.06260043 0.1779849
0.1821373 0.2686538 0.02814894 0.110426 0.06177561
0.06251572 0.1739887 0.04145227 0.07073354 0.0758376
0.114389 0.08268342 0.0485029 0.02113652 0.03986884
0.1288619 0.08508374 0.04861767 0.1116357 0.07111922
0.003552253 0.01116978 0.04277625 0.08243014 0.004055301
0.04084439 0.03268388 0.006137969 0.03121279 0.007108879
0.007401745 0.04224727 0.02843102 0.01142521 0.02571934
0.0870913
