NA NA NA NA NA
0.1976736 NA NA NA 0.3011636
NA NA NA NA NA
0.1939246 0.135223 0.0250786 0.02834542 0.01162031
0.1661323 0.08944328 0.05873243 0.2439717 0.1952442
0.1246181 0.08222949 NA 0.06087113 0.1217371
0.265423 0.1563777 0.1296299 0.08872157 0.1594487
0.08036139 0.06558082 0.02605567 0.1126115 0.08425012
0.04772698 0.08400505 0.2428145 0.01925084 0.03798601
0.0680604 0.1532865 0.02520869 0.01006445 0.1783772
0.1431272 0.04329901 0.1015298 0.01593553 0.08111262
0.0994301 0.0673952 0.01774536 0.04455585 0.1430737
0.07550775 0.09606222 0.03417617 0.1616274 0.02962248
0.1374128 0.06994758 0.04340003 0.1196414 0.05111935
0.1277902 0.04270282 0.1446459 0.115149 0.1180666
0.1317184 0.02387038 0.06246944 0.02069498 0.253521
0.008048297 0.09979208 0.02094218 0.009863442 0.0261296
0.03039954 0.002392789 0.03805179 0.08834666 0.02494049
0.05288437 -0.006576513 -0.003198172 0.04560193 0.112939
0.05261721
