0.06003485 0.3030108 NA NA 0.05183722
0.1779754 0.1944882 NA 0.0383721 NA
NA NA 0.1944882 0.2329282 NA
NA 0.2042539 0.0468823 0.04465542 0.1035042
0.0436063 0.2735676 0.194585 -0.02848796 0.0360903
0.2964382 0.09733668 0.1486915 0.01328705 0.03475874
-0.0244898 0.2092771 0.1146978 0.0712812 0.04660916
-0.0615177 0.01172201 0.165884 0.2815214 0.1414187
0.2365449 0.03059478 0.03920189 0.05016655 NA
0.1537532 0.1614412 0.1310704 0.1133745 0.07597797
0.08278622 0.1119722 0.06413025 0.02687091 0.05843097
0.03191559 0.0317618 0.148972 0.1773071 0.08954934
0.1476581 0.05607044 0.2041614 0.1096057 0.05361893
0.1851613 0.1583266 0.05347527 0.05291543 0.0552669
0.07552976 0.1148201 0.09822634 0.04765987 0.1324976
0.0558698 0.03199632 0.007399251 0.05113494 0.1174732
0.03944734 0.05729218 0.005225771 0.02704457 0.005412681
0.07225364 0.07226677 0.02597527 0.0169911 -0.007186504
0.04549737 0.03573426 -0.001238206 0.01525815 0.007855574
0.0583951
