NA NA 0.1351802 0.2996547 0.141892
NA 0.2967243 NA NA 0.1926489
0.197395 0.200011 NA 0.06929583 0.1706968
NA 0.0584385 0.206079 0.3926509 0.1819821
NA NA 0.1392684 0.1389797 0.1161985
0.05928376 0.0768244 -0.05116042 0.04046694 0.157915
0.1246181 0.2153093 0.3063286 0.2062869 0.05145158
0.2940434 0.1295247 0.001064877 0.2047578 0.06217341
0.1472608 0.1565621 0.2105257 0.1124365 0.2271964
0.1024126 0.0694051 0.07687623 0.05315078 0.2210471
0.0877956 -0.02788577 0.07400815 -0.003996198 0.06720496
0.04260655 0.08609099 0.1815589 0.1106049 0.1369914
0.1296074 0.1163825 0.1196636 0.09504605 0.04501288
0.08559995 0.0535855 0.04729347 0.07611047 0.1699761
0.0474879 0.1682654 0.03805654 0.05732791 0.07666935
0.1413924 0.04838902 0.1528138 0.06087491 0.1361009
0.04392855 0.02174211 0.07544271 0.06572591 0.007411529
0.05894998 0.02664024 0.04950017 -0.009335457 0.002401634
0.08107349 0.01106482 0.0295163 0.07639835 0.0133125
0.04209082
