NA NA NA NA NA
NA 0.1732946 0.1949723 NA NA
NA NA NA NA NA
0.08944328 0.09406019 0.06446154 0.08497545 0.2538997
0.05046813 0.134595 -0.03174438 -0.06616112 0.1640461
0.1025682 0.1375836 0.3097557 0.07386415 0.06973307
0.1815244 0.04391445 0.02552247 0.135814 0.186692
0.1931803 0.08711749 0.0721798 0.03568697 0.1692129
0.03184594 0.0432197 0.1596618 0.09837894 0.08374742
0.1124921 0.178754 0.1331568 0.1247027 0.1285224
0.008142529 0.2209427 0.05907259 0.1400647 0.2325648
0.008952713 0.157087 0.1260478 0.07995639 0.03332414
0.05955859 0.2070593 0.05552177 0.07318881 0.1559518
0.04568778 0.0842679 0.08129286 0.09635661 0.03026717
0.1196538 0.02175051 0.1260303 0.0465576 0.04529657
0.115845 0.04702549 0.0760219 0.09521572 0.08700809
0.001108028 0.02911803 0.02933098 0.03361271 0.001853939
0.01905567 0.02834293 0.02629029 0.01815619 0.008205216
0.02410793 0.01391479 0.03190925 -0.0009052883 0.02789005
0.02319861
