NA 0.1033973 0.3011636 NA NA
NA NA NA NA 0.1503228
NA NA 0.08715612 NA 0.1286583
-0.01595674 0.2041931 0.07360694 0.2716719 0.2996547
NA 0.177091 0.08782428 0.2417416 NA
0.04540977 0.2244341 NA 0.1077044 0.2242448
0.0272678 0.0390892 0.09558728 0.003412573 0.05395649
0.0293289 0.2501011 0.1037314 0.1221447 0.1021346
-0.02607413 0.1704693 NA 0.07100479 0.2309049
0.1816149 0.07317935 0.1451284 0.04191088 0.3153337
0.03726701 0.1743417 0.073449 0.1764897 0.03087969
0.03567868 0.1161448 0.11599 0.1667112 0.08930048
0.2062553 0.04545164 0.2804019 0.1836289 0.08917004
0.151355 0.1165079 0.173754 0.07407008 0.02183828
0.009632484 0.03462172 0.1374246 0.1047549 0.06196515
0.09313577 0.04128387 0.08973494 0.1799453 0.1301126
0.02761031 0.02021714 0.01756447 0.06520477 -0.006720594
0.02832005 0.07169696 0.05520694 0.03375008 0.03927506
0.004933236 0.08498579 0.05416675 0.04665221 0.01281106
0.03940424
