0.1120161 0.04313694 NA 0.106481 NA
NA NA NA 0.1251068 NA
NA NA NA 0.1503228 0.1705166
NA 0.04298083 0.2198582 0.1750798 0.08301682
0.1246181 0.06484677 0.1494807 0.1182703 0.05097683
0.09629292 0.1705166 0.1066525 NA 0.3043535
NA 0.1147215 -0.01654773 0.03078205 0.09000129
0.04721376 0.1330362 0.1697853 0.06363859 0.1329161
0.2411706 0.2495732 0.03423889 0.2419855 0.1294787
0.06424337 0.01107981 0.01549078 0.06564098 0.03526339
0.01257868 0.1618033 0.0964002 0.04975417 0.11122
-0.007910148 0.1809457 0.0619257 0.1966058 0.06488857
-0.06417041 0.2293199 0.1512456 0.085528 0.06846585
0.09258495 0.1568642 0.08491121 0.08241372 0.08699207
0.05582882 0.1590541 0.02249422 0.2099341 0.03061941
0.01110008 0.1451911 0.1372494 0.06470358 0.0968993
0.03299376 0.03073535 -0.003293571 -0.001326211 0.1675647
0.02900287 0.05021192 0.03605594 0.08740681 0.05486629
0.02267902 0.03956566 0.04506705 0.08846139 0.007423877
0.06062681
