"quartet" "wQuartet" "cluster" "phylo" "mutual" "shared" "clusterNorm" "wNrqs"
"mb49" 0.876543209876543 0.913371101699576 0.257621173801396 0.876483660903713 0.212576005744052 0.108187054498513 0.137424615832649 0.209371041920364
"mb50" 0.76563412204291 0.759267329033757 0.207469401764371 0.557784799185316 0.154540153615583 0.100868357781171 0.121771509793548 0.135669748067298
"mb51" 0.841841988836053 0.818522424511545 0.179785465162662 0.765719407021148 0.145687477198671 0.0915702207751137 0.0752303036731837 0.119586315013821
"mb52" 0.707037491045846 0.68151523932457 0.176741965257022 0.597154554726134 0.13594825647111 0.086890693754011 0.0719467450753237 0.0975443893227558
"mb53" 0.834758948223857 0.821218846811856 0.227459737962232 0.668967104521717 0.180768051692717 0.107214700504929 0.128807820990035 0.165778575433061
"mb54" 0.791412826931558 0.846217887725975 0.240481730385523 0.680961199379037 0.186624921619747 0.119090483408429 0.143469878749184 0.196782445502747
"mb55" 0.804878048780488 0.785317215212212 0.171512969312758 0.804858712694437 0.137117010729868 0.0647343313993285 0.0384056632738606 0.0972650731380556
"mb56" 0.800052194215381 0.851449275362319 0.256240662753246 0.570152976496456 0.194560769304325 0.134996965697926 0.175561552853046 0.176303356748561
"mb57" 0.764336830665373 0.764003016950498 0.216756731468535 0.394398043735163 0.161238733573278 0.0947927764633703 0.131693407425548 0.153507750505719
"mb58" 0.721652852727132 0.756050938961073 0.197720958416866 0.560595391635964 0.14880667248331 0.0858604866037742 0.0955962232041517 0.126713672315313
"mb59" 0.731707317073171 0.811913451511992 0.22180286480156 0.73149278675296 0.174729022169416 0.0848589885640958 0.096775289961278 0.160509249739805
"mb60" 0.810126582278481 0.844523655217109 0.227824842893161 0.810097351133497 0.186620081226043 0.0916657083537708 0.101751067537408 0.178861175467987
"mb61" 0.768292682926829 0.886830644666626 0.263477132141988 0.768175749723699 0.209084378328461 0.103361076450575 0.145145074855225 0.206142295624249
"mb62" 0.787209263021934 0.808238717816389 0.246621961633145 0.49724145707361 0.183302773076628 0.122920310536181 0.17456321287007 0.196941506353284
"mb63" 0.81523802077238 0.820359017333392 0.214814169788235 0.630339785020485 0.160434241604564 0.114564205376335 0.129550899534859 0.138309405669495
"mb64" 0.802688892588607 0.840342970915981 0.251921125531616 0.578425651676839 0.190732423707703 0.128909384213194 0.170922343451402 0.205622859400776
"mb65" 0.794462734393184 0.806726230613621 0.20872170336629 0.667015834675998 0.160724258281725 0.0989639973013338 0.107416618671461 0.13839390039136
"mb66" 0.66886282358059 0.716853091700392 0.229916592264686 0.120976824358561 0.14257373538209 0.0795031310850727 0.190093246662104 0.158359554937951
"mb67" 0.753086419753086 0.746533555185801 0.185792882234501 0.752967321807426 0.145100771137815 0.069338244357492 0.0546480308144269 0.113205340857795
"mb68" 0.715711899809943 0.721083641767511 0.209743575618898 0.31539528161912 0.147319806540568 0.0884710298156403 0.151385580285439 0.144315372869727
"mb69" 0.629108640298589 0.675413154194999 0.203318306564143 0.0966692122052657 0.131143714399509 0.0564044596687029 0.163159413968227 0.12189822583684
"mb70" 0.658283189422639 0.699513994897216 0.214329269960913 0.108686082302426 0.134794574658478 0.0459993541701901 0.174718971380717 0.140492383984276
"mb71" 0.658274071142998 0.67015730594222 0.191831056012359 0.170878177796698 0.124148728558429 0.0700762719822958 0.145775340517129 0.0961120708027928
"mb72" 0.731463953164339 0.711377784306884 0.201470985082985 0.294945398653059 0.143924920886201 0.0882644139617397 0.125048873227419 0.130557948904138
"mb73" 0.666336429850814 0.707386768598503 0.218158493454861 0.108703862843877 0.13670871812186 0.0348811613162644 0.178508645034644 0.146512481405058
"mb74" 0.8 0.859630365052696 0.222158092509144 0.799814801752436 0.180321796345787 0.0863716950077072 0.094653686777995 0.164625151380842
"mb75" 0.621780569406985 0.663495764481231 0.197235585293436 0.108920136735903 0.127344728672029 0.0584734880993182 0.156534662167021 0.113623472369394
"mb76" 0.671784725696075 0.715667175449871 0.226001013560055 0.120969354023091 0.14055756430203 0.0541590408379453 0.186415617508451 0.153834635550932
"mb77" 0.75609756097561 0.821004833748352 0.206602703721276 0.585965138338135 0.161461654743295 0.0781674941204859 0.0791330236725691 0.137680745045025
"mb78" 0.760134681603179 0.721437643356776 0.172136568339571 0.534132542136141 0.126926032338939 0.091091460310778 0.0932243105147258 0.0933615035840897
"mb79" 0.710257260257948 0.681148975599712 0.187961212054411 0.282205359521214 0.130303117679368 0.0794988417371249 0.117864040845328 0.10984309241188
"mb80" 0.769635415893238 0.852809927216323 0.252726487711217 0.58734358838311 0.190882824779006 0.117493088059534 0.157305969203508 0.180495109203958
"mb81" 0.695121951219512 0.645742275810098 0.176184468126582 0.694869965606827 0.137895404807773 0.0644107236473208 0.0438276996329205 0.0939378412502645
"mb82" 0.670771061645009 0.666127972066033 0.182081703760743 0.183132787163214 0.11953360972056 0.0671984004319152 0.132467096983164 0.0866841052300318
"mb83" 0.692628180256364 0.636000776860279 0.181574804690081 0.327698655674683 0.126351052582704 0.0798032558064043 0.111092960189428 0.102914120563765
"mb84" 0.671163672968965 0.714877209326398 0.224792517755349 0.133053628833032 0.13886578058719 0.079876402252058 0.182663810034101 0.154087410712243
"mb85" 0.753086419753086 0.833440214539731 0.225129158251191 0.752845559049346 0.179196637257858 0.086783426885648 0.100827566728546 0.185320704430401
"mb86" 0.864197530864197 0.849244232299125 0.181089728291893 0.862434315553084 0.14897648661895 0.071296936518481 0.0480480395122242 0.133019483935454
"mb87" 0.71711839642494 0.7261726030234 0.212404048496927 0.32742861364525 0.149695905100594 0.0877110146439112 0.149892264963143 0.150823279290285
"mb88" 0.682129202522323 0.66258407333828 0.179800613523452 0.21008435583901 0.118957010233075 0.0686229854861589 0.128127477825351 0.0856711352715337
"mb89" 0.829268292682927 0.793777777777778 0.156990650579691 0.829153643142649 0.125280125807174 0.0601449833124171 0.0215501435944941 0.0901380059838543
"mb90" 0.765432098765432 0.789646942638466 0.195474171101147 0.765325043854958 0.153357596380823 0.0727892680292499 0.0653141573056563 0.129076831019984
"mb91" 0.8375 0.864215728778288 0.191514971995466 0.837421414784977 0.153030186197507 0.0732161033569147 0.0592184586913799 0.130028264641489
"mb92" 0.8125 0.803016930113135 0.171925993584068 0.812449655339478 0.139434630001365 0.0654578474056195 0.036528889234718 0.121362052118094
"mb93" 0.767917960299831 0.771271468629513 0.227616014113498 0.399790169766316 0.166507892672608 0.0997135468751119 0.160985034910796 0.174789883869408
"mb94" 0.625258145649242 0.651818452377451 0.190700539699325 0.108915101910854 0.121534208192385 0.055771476426809 0.14932341588511 0.104271249516569
"mb95" 0.661112950295209 0.685430835489318 0.20643058231657 0.182929541342333 0.132327130618302 0.0764697524590038 0.158220280708358 0.135147043343075
"mb96" 0.741030429006223 0.757163335319793 0.22473608828529 0.27802323112348 0.14863357130644 0.0983148818100648 0.167584994719486 0.146976931123231
"mb97" 0.782872439668459 0.746316848634118 0.171507459893876 0.619313974727031 0.130975227350466 0.0882215487815199 0.0819735192888181 0.0994346792516218
"mb98" 0.658678974784659 0.599657148979483 0.162587849615367 0.303541394605834 0.11229526625524 0.0671709282862778 0.0962886682127644 0.07835710583711
"mb99" 0.792682926829268 0.87102494384679 0.233128828580981 0.789979606570984 0.188870560594011 0.090055685280024 0.109920918347546 0.2031300918564
"mb100" 0.650440688760793 0.672021045778306 0.193106021743334 0.158629086269727 0.1249756179952 0.0712623407391016 0.14829172121074 0.0984937035239292
"mb101" 0.771647901202301 0.723019181414945 0.163950065596354 0.606945797415891 0.126554817584071 0.0839903674994738 0.0735994087755089 0.0932992678645172
"mb102" 0.695174868376407 0.646065811216059 0.179931840919234 0.301524318986193 0.123194757936633 0.0757958134166156 0.115083249390758 0.106787430366932
"mb103" 0.831462568604764 0.840142740496568 0.199216300419181 0.700293640325281 0.149560656773314 0.0964144910156947 0.0964542763678746 0.126600339529581
"mb104" 0.672518831630864 0.652202675811846 0.17463305371034 0.248143602330005 0.119142437583845 0.0715081346735955 0.109139805440736 0.0911952434699635
"mb105" 0.791184463720096 0.795540201005025 0.198427391215661 0.66056710141161 0.149642765572846 0.0963483740652229 0.0958620364399235 0.123995219285474
"mb106" 0.826053151454651 0.804428575542054 0.199439311425529 0.685654613372558 0.151839724437786 0.0961811459739506 0.097020366342893 0.130704695643249
"mb107" 0.682745889409943 0.684379306689282 0.204129045177143 0.180889502006013 0.128713780215012 0.0748504229214715 0.153979146674338 0.129611200865278
"mb108" 0.820288336653078 0.811368124118477 0.199121879299136 0.712926496140988 0.155370428440742 0.099511993360631 0.0965691156905499 0.131141547401345
"mb109" 0.703664638736133 0.698344264738003 0.203865136409578 0.217956454250684 0.132766714723195 0.0758843465574083 0.1555388893784 0.135733847858609
"mb110" 0.75 0.81747520771911 0.195509308886019 0.746692447436838 0.14934259545077 0.0705139579795224 0.0642161133662076 0.119704425169372
"mb111" 0.719512195121951 0.666562377786469 0.169920024452639 0.719225037879644 0.133913559304227 0.0628968670411349 0.0365567909325069 0.0890020083694983
"mb112" 0.732902335744949 0.676926691729323 0.155263815494731 0.617274650398084 0.118374892398648 0.0687113601249527 0.0473720670047732 0.0724636668238979
"mb113" 0.731707317073171 0.710544884359075 0.17093672884408 0.73149278675296 0.134668677428555 0.0642643510740973 0.0377368422172256 0.101520761759613
"mb114" 0.814814814814815 0.784683595324466 0.186693291345533 0.810097351133497 0.150820791048599 0.0744570152760252 0.0547644721138404 0.123911603114872
"mb115" 0.7875 0.865587918015102 0.220239314951051 0.787426505558532 0.175866607649145 0.0840773264524443 0.0937514243861887 0.167423855475559
"mb116" 0.72358736326392 0.694825071388952 0.168360983624623 0.42971525125394 0.118641145017089 0.0815632221819799 0.0966830667046148 0.0860063617710024
"mb117" 0.740740740740741 0.816280850562526 0.22249497395311 0.740548718380853 0.178637023072538 0.0841507748685298 0.0977708174261131 0.186237380569514
"mb118" 0.793142981221884 0.846954259700845 0.241299601075489 0.624741308801814 0.187220495789118 0.113911389572056 0.14441500820774 0.17176271793018
"mb119" 0.616829025176934 0.634377669084348 0.17674597631542 0.0851349544986753 0.112976671129179 0.054919602160563 0.132899782332776 0.0883641876642863
"tnt1" 0.756291921138294 0.698380081509641 0.15824697687181 0.621782035589647 0.118430426920819 0.0671300336894713 0.0510974688504657 0.0795486773469005
"tnt2" 0.67628229745303 0.661264170481796 0.179997346967117 0.248398728239565 0.124854448615702 0.0737504137510666 0.10908279092895 0.103036547319862
"tnt3" 0.637484812213076 0.626424825327131 0.167374471507287 0.232799013101785 0.111219277039912 0.0709305523833124 0.109482909090068 0.0800217661568377
"ufb1" 0.646408320093333 0.65493292776577 0.182976306493804 0.219486705238583 0.119485801002463 0.0675142101340734 0.135033457054966 0.0888030884392282
"ufb2" 0.66255797986705 0.654561033167234 0.176272660823163 0.256120761996999 0.116974327427559 0.0688646128028041 0.124335506504041 0.0838747530873385
"ufb3" 0.67690597003504 0.6540507404879 0.175773100038953 0.283986049438036 0.117631419992346 0.0693893943272431 0.121469024999648 0.0848663325188938
"ufb4" 0.74390243902439 0.821959979476655 0.219261414279707 0.743700393801671 0.174310956298751 0.0843318167007295 0.093825522085182 0.168812001444961
"ufb5" 0.813611885878003 0.846424234677574 0.238090416395657 0.654001823709902 0.184550984439588 0.1156968381503 0.141104442129046 0.195434000709412
"ufb6" 0.66484197875855 0.645593301595442 0.184440687687711 0.206612504610534 0.124068663819678 0.0667946022520796 0.132963822055166 0.119834186595763
"ufb7" 0.750626795854401 0.746560873821423 0.212356205717379 0.541452411466685 0.157576675542082 0.0919997107013319 0.111292422470414 0.13817882838592
"ufb8" 0.707317073170732 0.653324154209284 0.164037111270156 0.707137714480143 0.125444146088295 0.0568894638411936 0.0297287106002968 0.0741880583240926
"ufb9" 0.692025712911998 0.652738353920743 0.170379394525361 0.3174393448697 0.114284738442311 0.0716398047314882 0.112781013247955 0.0811643634263089
"ufb10" 0.682292155321662 0.641428305834978 0.165068922429332 0.329740633038036 0.112358353541082 0.0689771818367452 0.103474418685782 0.0831964744843587
"ufb11" 0.700594172605798 0.670045672273588 0.17811622476418 0.378129079980477 0.124970478584088 0.069094288320796 0.0994589779641076 0.107926575323804
"ufb12" 0.725 0.753621923546867 0.19431104837082 0.724868631106168 0.151451481181837 0.0724616244141122 0.0622419351071594 0.113250708347701
"ufb13" 0.673484859670033 0.650388132268847 0.168680627722058 0.283986049438036 0.111167263918928 0.0634719936246165 0.113858158073377 0.0780359012937768
"ufb14" 0.679533045912404 0.67025400966925 0.20018451476611 0.206110819644727 0.127456732405857 0.0721055301759911 0.155743507748439 0.129197448015132
"ufb15" 0.71136274085901 0.653619324207793 0.173057802127783 0.448252090400183 0.124554376232578 0.0733600917944019 0.0943478435314915 0.100329589293603
"ufb16" 0.743024305476696 0.649339429065121 0.147502807451064 0.597432415238933 0.108239744555933 0.0641242004998031 0.0389856388025531 0.0570256737048668
"ufb17" 0.68899160197945 0.614197703203231 0.141116323095185 0.481378935114967 0.101203857139188 0.0637727819186233 0.0481271467469082 0.0507828713744589
"ufb18" 0.576580527227159 0.550572806308247 0.142288888562109 0.194434253428128 0.0981839003579967 0.0564151690146551 0.0857670936365529 0.0510625022249611
"ufb19" 0.613668710075085 0.643358738236129 0.181243503554964 0.0972107839424972 0.116436280921935 0.0556027571510084 0.138343153272443 0.0940922591354939
"ufb20" 0.759526458915798 0.710406253406207 0.163492454587465 0.564838646004738 0.123301971253061 0.0766566130113376 0.0728436893830343 0.0934979595898208
"ufb21" 0.691168868091704 0.660509703062895 0.17728639021395 0.329007771799697 0.121846776828333 0.0725606746629432 0.112102945237678 0.0931257521462773
"ufb22" 0.630049182951704 0.660556725614129 0.194058190490085 0.0966688990829526 0.123508623946438 0.0503586143488662 0.153196170410113 0.11003639795833
"ufb23" 0.657193536786023 0.628786427808351 0.169037395178166 0.320740177080429 0.11415133667987 0.0707750113716186 0.10775990416433 0.0828325477933393
"ufb24" 0.662192115630923 0.595382325972913 0.154554513555781 0.365559805812376 0.10901966216352 0.0545870753487961 0.0632707503199927 0.0837644345219166
"ufb25" 0.695412236371815 0.654029358600004 0.170252537345708 0.329847105909756 0.114612005836481 0.0702647478655458 0.109040439044893 0.0856993057692892
"ufb26" 0.695510027277813 0.657255966743795 0.171258970488989 0.36682166084643 0.117375703419448 0.0723308336543006 0.105568115011623 0.0946067201116052
"ufb27" 0.753008875541221 0.686744958735894 0.178934783232686 0.473847627960359 0.135236715964539 0.0708437893155168 0.090075953234514 0.104146515144116
"ufb28" 0.792682926829268 0.661854027680972 0.1411975971408 0.792530821996516 0.11074427153744 0.0528975275112695 0.00321972901473475 0.0667854880833475
"ufb29" 0.639979479387977 0.639408694346047 0.172410189545814 0.219944640385346 0.112401444896301 0.0697383704690391 0.120208555549622 0.081565436839262
"ufb30" 0.665485787652777 0.645220027191254 0.169593667501922 0.256761016937528 0.112077404626094 0.0665432263546789 0.111856403408551 0.0800357129971517
"ufb31" 0.690274344281428 0.652155305742821 0.172461235998911 0.30822348198433 0.115645294091584 0.0692475942985153 0.111436228519122 0.0855070470647195
"ufb32" 0.620337563688155 0.651391665575213 0.184732691296206 0.0849625864876432 0.117978560351479 0.0508657806581891 0.14259126553548 0.0993775141856549
"ufb33" 0.621304598643042 0.63912011604584 0.17819112123734 0.0970194765338521 0.112700396217845 0.0503853105749116 0.135130835404762 0.0907104379621383
"ufb34" 0.658380604033857 0.667756357266418 0.190234457357976 0.182656254432039 0.12190970007941 0.0666489693747742 0.145260672242733 0.0946915437103008
"ufb35" 0.7247903567321 0.699204013882601 0.188001947381328 0.415018597478909 0.133646690130723 0.0769144112215534 0.110290799953361 0.117052896283062
"ufb36" 0.69983726973015 0.610917273293464 0.166590405242048 0.362281282799121 0.114039732605695 0.0693540495310701 0.0947795506259849 0.0930761887323672
"ufb37" 0.621518820984954 0.560360710433402 0.153726444199087 0.216707891411346 0.0991858057918962 0.0620948096886333 0.0950648603960813 0.0705885630606513
"ufb38" 0.576108703947469 0.554476230127861 0.14619128047209 0.157334667505342 0.0958408273442285 0.0554810769701254 0.0944630462810505 0.0545183154186873
"ufb39" 0.648054697507757 0.658982580165949 0.181640216727787 0.207225033889906 0.118021361144286 0.0664727423638668 0.133618965706475 0.0867849017726653
"ufb40" 0.780487804878049 0.747508654148746 0.157765766044426 0.780323214947805 0.123499803960345 0.0553315454335085 0.0224497915232969 0.0853855685774503
"ufb41" 0.74401285095239 0.709701383119105 0.168285700664213 0.521863906173862 0.12367158776995 0.0815606342012044 0.0890063766648934 0.0900131410205657
"ufb42" 0.639614806229752 0.554547637191144 0.138741937307207 0.353149545234277 0.0962567471156757 0.0624104163578915 0.0567013238332413 0.0535387470917811
"ufb43" 0.757346510729171 0.767235895679405 0.207891497036753 0.590922138212812 0.159317304122598 0.0911013252766215 0.106254840171491 0.144825273065585
"ufb44" 0.787444837303313 0.659154828008942 0.13493905782926 0.694830896641786 0.102103316114755 0.0623557635878669 0.0248226082112828 0.0598834315958631
"ufb45" 0.68181003969607 0.649910623829756 0.173460771349199 0.31664234468422 0.117241632411307 0.0700270950595354 0.107974223307894 0.0912740904206651
"ufb46" 0.692851264555089 0.626623153555479 0.146019983772388 0.597224019854334 0.110613870077108 0.068541778366411 0.0373140616257759 0.0554123319185349
"ufb47" 0.672716828202945 0.592699264330738 0.146225024734697 0.438517274379769 0.105580724821019 0.063108569372654 0.0540419166001423 0.0607689456254447
"ufb48" 0.673162341934509 0.614386608397066 0.166507222282854 0.327275994045227 0.114134489525137 0.0655014256051263 0.0870260153747625 0.0986206337009075
"ufb49" 0.71797621009882 0.688598548087565 0.185059875615627 0.378214450647676 0.131001990668251 0.0732215193767984 0.107067161289819 0.113648679994438
"ufb50" 0.689837312705021 0.671175778258613 0.166194464756202 0.388123983392938 0.11751030939963 0.0831991117885219 0.100238133007286 0.0750687518954699
"ufb51" 0.672147356749071 0.582561265524673 0.152030379532215 0.363526008417972 0.102884434043594 0.0630627167865578 0.085013287501796 0.0751824637871899
"ufb52" 0.660988908240143 0.649525004009162 0.173065265117603 0.243849333878808 0.113071553184262 0.0647099208270765 0.120925880038617 0.0810975984198539
"ufb53" 0.633612048674119 0.633067272801641 0.169590895166054 0.244574660116043 0.112135298664188 0.0691180778459842 0.11480222118787 0.078680251973422
"ufb54" 0.723733407371971 0.756733223075322 0.222938360211816 0.379991362101003 0.162554424856708 0.100066620417985 0.15581527226686 0.164041110190957
"ufb55" 0.631357361301086 0.63085264538697 0.165407080402738 0.220056876081096 0.108229580015065 0.0662449728262722 0.110342366986018 0.0753950898105948
"ufb56" 0.700546331320044 0.644295543011448 0.15778884493588 0.399020939432222 0.108637522656009 0.0732689366263758 0.0851997287290693 0.075251662647241
"ufb57" 0.64380796041542 0.560091717850552 0.141547025517072 0.289479811629003 0.0928387359442763 0.0583828683411966 0.0676932343871761 0.0660203782637888
"ufb58" 0.603867297588679 0.556937516977512 0.148770092717021 0.20488289929702 0.097279898024618 0.0623412440374978 0.0927544565535471 0.0612505678907459
"ufb59" 0.804475830737818 0.767316131297174 0.157888187402939 0.731459524860156 0.125001875759699 0.0741333700021403 0.050693007891245 0.0803008724102725
"ufb60" 0.827160493827161 0.772025586353945 0.158208236871858 0.824899590881666 0.128361196283479 0.0613623931563851 0.0221149894902065 0.106273878733843
"ufb61" 0.623364464147515 0.625769863457932 0.175395331124437 0.145044154906128 0.110637614442133 0.0516761535414731 0.132187431373302 0.0847850988060121
"ufb62" 0.657169491870008 0.642618064855219 0.181299952778118 0.206187495517213 0.115789695027646 0.063553554935871 0.135827973710436 0.0857068627759283
"ufb63" 0.701025230391304 0.701196666726232 0.198241061769782 0.255350529649298 0.134491227975511 0.0791678516703011 0.142492636010287 0.133358292866637
"ufb64" 0.698529753858928 0.68852094822404 0.193114267405869 0.221530603985658 0.127936696542661 0.0701215456534218 0.139884265446615 0.130569123854465
"ufb65" 0.697363743363108 0.691325706826068 0.196643306881062 0.211301106870471 0.128886562944355 0.069015685020393 0.14594878498639 0.132702246576835
"ufb66" 0.659797038591637 0.623016578514601 0.150550801071522 0.437441541616457 0.106238540524835 0.0739014358141821 0.0694546312661318 0.061150180129772
"ufb67" 0.663004716640183 0.584844629640122 0.169852684416338 0.277279234920001 0.115768160265086 0.0586141135450482 0.104157447779861 0.0913794089004589
"ufb68" 0.676524823424941 0.676597495334976 0.195029502101464 0.242711469898656 0.135426684276993 0.0817325745976925 0.131223831191347 0.118775616978426
"ufb69" 0.6547073307909 0.636097866417333 0.167365640124866 0.272141127724747 0.111580549976106 0.0675382967038297 0.105886273332747 0.0814274949910156
"ufb70" 0.725407949366858 0.655634738494987 0.176325119591231 0.487617593168064 0.126016177769143 0.0629580435622473 0.0714768377551241 0.106967486942689
"ufb71" 0.707862359690488 0.66481769361221 0.150277202638693 0.548418036253316 0.113838634324112 0.075879602029528 0.0585316130127926 0.0593317776805343
"ufb72" 0.657402110776433 0.571685087149005 0.144081083295846 0.401806260584845 0.103294518712742 0.0592903373202116 0.0516664912326003 0.0694342279539288
"ufb73" 0.648710548362901 0.593577143805976 0.163696019178093 0.266744863029009 0.110018955415427 0.062086373161124 0.0974845732290899 0.0840092292367683
"ufb74" 0.62809349300352 0.577348030794408 0.153724134739767 0.254766125896204 0.10458874872795 0.0600594748800172 0.0913609074231294 0.0677594919094206
"ufb75" 0.769501720140831 0.762663923887889 0.200680142007589 0.593058351087575 0.15242767091146 0.0861562884064025 0.0983455193385889 0.130905333623646
"ufb76" 0.732990604544362 0.694353790613718 0.192022040956671 0.50956588994472 0.139512257269673 0.0736088438781787 0.0883491498429243 0.118728039182593
"ufb77" 0.695780531918998 0.682499419279907 0.181632486627968 0.360315565891288 0.128398601057347 0.0688400746682884 0.103136184340822 0.11340979852359
"ufb78" 0.749131977264299 0.75811726131412 0.218947043286923 0.426089060561777 0.159602228643272 0.0941586894798826 0.144273940893239 0.136555873701504
"ufb79" 0.675639233545607 0.670498642247102 0.195860566884208 0.18105274637945 0.122620905621658 0.0599311649725197 0.147108078474011 0.12011510743095
"ufb80" 0.740591733912661 0.752713862774632 0.201960858303859 0.556835191561281 0.152711586236356 0.0863952960790892 0.0998403797510538 0.131562414991423
"ufb81" 0.565942818583562 0.566154128749321 0.149482970739486 0.133585767975781 0.0966596031656665 0.0494565471900507 0.10328676240471 0.0630904898375668
"ufb82" 0.576917667946732 0.56246796630756 0.149674861695594 0.145683421428906 0.0970733215502414 0.0487978015609712 0.102437004377951 0.0630019007771983
"ufb83" 0.61677307996434 0.58726060678278 0.158617387496558 0.207010617704995 0.104006934904018 0.0598761177132187 0.107559110797662 0.0685129606050664
"ufb84" 0.684750389505707 0.650033080737462 0.175637966291572 0.328926995089691 0.121843193485026 0.0677390923189116 0.104477022414344 0.0994957486054818
"ufb85" 0.685394802023318 0.644522113366926 0.17943444175335 0.325365884992339 0.123569852764015 0.0771179822265666 0.108732288310358 0.103766795836584
"ufb86" 0.676655360967896 0.668399405917971 0.16894707667099 0.318910024748033 0.115351895863251 0.0790937136303313 0.107672895563517 0.0762414435649827
"ufb87" 0.66117454175758 0.645864324836027 0.170306744858641 0.284657822820846 0.115087691415718 0.0688864286151079 0.109044540923852 0.0818843577595109
"ufb88" 0.691202363971049 0.609724507298631 0.146003613317841 0.585153407371277 0.110275555788222 0.0654043203406941 0.0372956073222827 0.0557386433039113
"ufb89" 0.694331326539331 0.625956103909997 0.152378171948006 0.481222180078033 0.106953484030331 0.0687898418672769 0.0608594264984264 0.0662377221058977
"ufb90" 0.706458825252093 0.652763489488038 0.170584782415548 0.353575008849631 0.116833516874047 0.068777735087964 0.0989876353660503 0.094686924056357
"ufb91" 0.744296350711911 0.71221798246509 0.17331461020803 0.497843821443927 0.125751869772717 0.0904000459080442 0.102193824419376 0.0876632961421658
"ufb92" 0.706636243977477 0.658733337147434 0.175381989342429 0.502660809887239 0.129550316293677 0.066034029330367 0.0695739876853543 0.10030095082359
"ufb93" 0.74390243902439 0.773158840133436 0.187303719672371 0.737380205996641 0.144851034413069 0.0694698036721796 0.0567334047544542 0.113583918059037
"ufb94" 0.693042276887975 0.631334247122597 0.14878758051746 0.400161156354855 0.103661708100756 0.0649053397795023 0.0755567034580584 0.0721212582973849
"ufb95" 0.71430976618724 0.649802332476774 0.155249938662841 0.436326170239915 0.109133659276672 0.0659964259030165 0.074728040861304 0.0854533580282452
"ufb96" 0.652756010396944 0.673605663918376 0.194288418309807 0.170550391897282 0.124960497667836 0.0680565221214489 0.150534684290806 0.0992642580358134
"ufb97" 0.607306364170371 0.560507038080761 0.14655785503827 0.222269230426441 0.100974229705356 0.0598213983260306 0.0873772529149914 0.0557875333323789
"ufb98" 0.682441493138684 0.708816807028252 0.220901654781346 0.156916699235892 0.139349427373654 0.0878391121841572 0.176482411821141 0.149335868702849
"ufb99" 0.671650789480369 0.645534453555762 0.166176890289666 0.29649326252753 0.110259234683155 0.0637089170168168 0.108223697299369 0.0787113108996192
"ufb100" 0.66629796040651 0.64010609910802 0.163902791354952 0.321368646118178 0.110988651889656 0.0646000741052922 0.102143227999019 0.0829511081833841
"ufb101" 0.690449520018675 0.625417594654788 0.169558209514974 0.374725451802198 0.115455971491493 0.0647735154789409 0.0905151529217889 0.0986283353697322
"ufb102" 0.675192611820281 0.594055906221821 0.157255833107078 0.363112246960133 0.107592979641885 0.0637244852276655 0.0848345326106823 0.0820219064198284
"ufb103" 0.632176075462029 0.672430954870186 0.20047879827524 0.0846702266019421 0.129050041008843 0.0484307606972868 0.16031553228087 0.121756062653136
"ufb104" 0.670036821703161 0.629936703218329 0.166368032148509 0.369971528467825 0.118094046247991 0.0637800076650791 0.0763597886848305 0.0939220920177539
"ufb105" 0.719512195121951 0.657379743053481 0.174507530063967 0.719345321528854 0.140316499372268 0.066762704053911 0.0418813394796258 0.104760908772443
"ufb106" 0.612529379896033 0.571472412019027 0.155791029924227 0.156713000974593 0.0966369325212351 0.0512075839653234 0.107692775842378 0.0660971972842292
"ufb107" 0.627230545069749 0.633457429950138 0.170380490705205 0.195482770144732 0.109810425207543 0.0665555374224249 0.120039133939713 0.0789656312506522
"ufb108" 0.625825776895196 0.569755269010692 0.154076604509671 0.243875886042698 0.105935746018766 0.0620236024910967 0.0917393511730146 0.0682008467073706
"ufb109" 0.638231255715811 0.530898258661709 0.13643960857366 0.353319123235558 0.0943157121149037 0.0541239945042059 0.0541796828286096 0.0658585594494182
"ufb110" 0.74446665235211 0.688600385804832 0.164154032721954 0.582983414349713 0.119205332424923 0.0670047212189185 0.0574997048880486 0.0915754865850621
"ufb111" 0.633749210884294 0.615457440033963 0.164265015637626 0.281623429036602 0.109166819565728 0.0683929827807862 0.102556707500637 0.0793753160283594
"ufb112" 0.682082502216725 0.605550706929656 0.147185596674354 0.567625337544267 0.107405209283798 0.0636453414744282 0.0382620785393861 0.0572309303875082
"ufb113" 0.632904441866122 0.583592707870164 0.165791354411098 0.426498816886542 0.119938876856254 0.0601193567187871 0.0596021949949278 0.0855580029012984
"ufb114" 0.645314156709318 0.581644979281029 0.162888522105844 0.370049905986292 0.116322601074075 0.0689730159389609 0.0723749496181909 0.08317739882572
"ufb115" 0.585365853658537 0.430588862243538 0.138866782096911 0.585302211291452 0.101470862411611 0.0447162678431303 0.000514437968354795 0.0279485610604553
"ufb116" 0.668879190802294 0.707798373698331 0.218905472329377 0.133043688083879 0.135289165722915 0.0580118185699904 0.177956550824266 0.150188867103235
"ufb117" 0.719449386042172 0.729943653835376 0.209840438949956 0.33099775221406 0.151204616913927 0.0878195195591589 0.147198387295627 0.149108286099765
"ufb118" 0.701438754757679 0.651908834240354 0.171663170437424 0.41390560177519 0.123209616421689 0.0710231530269736 0.0928204680981148 0.0943088222012149
"ufb119" 0.674751464781883 0.603512554462561 0.157982133186041 0.401714756741658 0.109932211851902 0.070658480627725 0.0856232473563199 0.0736859022658367
"ufb120" 0.618527974638843 0.545555329063359 0.149459406552112 0.242497094074559 0.0983774862056574 0.0568095789648296 0.0904945491480672 0.0596724837967744
"ufb121" 0.641079775993741 0.671048776027725 0.203209402310787 0.121397775069788 0.125962481879137 0.0582952856604971 0.163183203224509 0.120225849937297
"ufb122" 0.720905320564437 0.73915598867737 0.214811143261448 0.343297473862316 0.15329849910364 0.0951317892053924 0.152490411734189 0.152466968054653
"ufb123" 0.748234598125662 0.656703241266238 0.143745827529961 0.616993375182335 0.106424897985389 0.0669075360309998 0.0345155173096669 0.0722925159257486
"ufb124" 0.780487804878049 0.73423808506091 0.148964164496115 0.780263073123199 0.117216850036304 0.0532487792998087 0.0122340972643831 0.0760509256537645
"ufb125" 0.730633048682381 0.697912257734293 0.164405901960679 0.491213026299766 0.119150887382267 0.0766452253588722 0.0845788318755173 0.0873831466216452
"ufb126" 0.703158075648726 0.685750798722045 0.182355738066863 0.382889971847463 0.129923469061903 0.0732365174984518 0.104014604145613 0.112866024302371
"ufb127" 0.577483257686842 0.588526150967682 0.15597935472734 0.0974886974965926 0.099424536763353 0.0523858533434568 0.109093768353301 0.0706060704399977
"ufb128" 0.65309297848252 0.641856763925729 0.170967906390284 0.280639493566567 0.114542011264938 0.0708978424976871 0.116296274397442 0.0830457917435345
"ufb129" 0.716049382716049 0.56258090212088 0.136462082182721 0.715894155664827 0.107874568080955 0.048646408832954 -0.00211091708732031 0.0566731456962568
"ufb130" 0.804878048780488 0.700496894409938 0.13630472292405 0.804738429045227 0.107663860093204 0.0492026316913684 -0.00245924960879011 0.0552319084281429
"ufb131" 0.765432098765432 0.784380924602596 0.199890054567271 0.765325043854958 0.160620744762935 0.0767580023328557 0.0710389799604669 0.146636940930922
"ufb132" 0.673379201892271 0.698580849407581 0.219708999804357 0.13274787901327 0.137250703921185 0.0755507040778966 0.178139328648601 0.147942772508198
"ufb133" 0.716049382716049 0.615218797154559 0.145790441106927 0.715894155664827 0.111051238619935 0.0506084663846329 0.00871437514777239 0.0592997347540256
"ufb134" 0.721176672673039 0.697174772083761 0.173302934614036 0.405297881976525 0.120976915968644 0.0837981346762007 0.107809431090081 0.0839043784604992
"ufb135" 0.736475635928567 0.654078750114729 0.158140913438733 0.454039392148996 0.112402547967143 0.0717143426974998 0.0778945844546546 0.0805901938542489
"ufb136" 0.705358967750283 0.647054109019506 0.170562410391479 0.448337267575876 0.12262920718892 0.070882764934607 0.0916149355809334 0.0958492392699074
"ufb137" 0.643550393913036 0.665216497976613 0.196684005403399 0.158095526498852 0.124104449802354 0.071572737111066 0.154591596430813 0.104617172092081
"ufb138" 0.673416610305281 0.662573295511188 0.180980262341451 0.230957538966152 0.124754914149108 0.0547094378152989 0.124031647410877 0.118014143836836
"ufb139" 0.668943420094964 0.643791198242208 0.173227023538932 0.329007771799697 0.117998541670138 0.0716187374369041 0.107721955702466 0.0900184315444438
"ufb140" 0.669478444580868 0.667466138353069 0.176661572893967 0.241507242409778 0.118548429088415 0.0733739225619332 0.122434474669524 0.0806988292166343
"ufb141" 0.6625 0.684228561637968 0.18675247612155 0.662372396002089 0.142513077440338 0.0661320880578859 0.0534443562505855 0.0914176639372081
"ufb142" 0.680284140379998 0.623308399084606 0.169621364902113 0.285950982835294 0.116540477446645 0.0690590657403672 0.0980552070204835 0.102154890243859
"ufb143" 0.695531411280873 0.638161078465261 0.151926246436054 0.585083942243077 0.112965070270998 0.0672712147982274 0.0439721518698235 0.0625476831189431
"ufb144" 0.682236976368715 0.658431147416256 0.160413213201618 0.41223126937186 0.114416435780352 0.0774801457844103 0.0881825039714748 0.0755556982475118
"ufb145" 0.663331232336109 0.701537195591328 0.214446843107848 0.134626937941139 0.132869091799467 0.0757818451982382 0.170780470893788 0.146416322905555
"ufb146" 0.678114351241525 0.622410590091394 0.180895119461455 0.36399984575099 0.128051808904314 0.0849396777523204 0.102723929887453 0.104620367749095
"ufb147" 0.753086419753086 0.763524083985179 0.186794307126951 0.746817272326228 0.146258783740335 0.0687507982704208 0.0550191639404181 0.114685399998245
"ufb148" 0.598558185360987 0.63605752061674 0.181830830606833 0.0968781192684621 0.11605605276883 0.0540257514790301 0.140000224405295 0.0975095568441545
"ufb149" 0.598061622025259 0.611892284696416 0.165489064374342 0.109282184840184 0.105220332924516 0.0478011949218925 0.120171396932207 0.0781000187358569
"ufb150" 0.633035252470964 0.637124849112282 0.174000780259805 0.243918579148864 0.115389923229535 0.070185180349779 0.123895987795291 0.0836330400589194
"ufb151" 0.748298259808185 0.677196112204724 0.156661737771971 0.62287243657254 0.119501806046251 0.0704397559175427 0.0490284043634861 0.0868423738771515
"ufb152" 0.618784365860722 0.611291783920653 0.16104344029427 0.256833552133516 0.107179819136166 0.0691534754121932 0.105690822934941 0.0715557113578842
"ufb153" 0.654320987654321 0.46378390153578 0.128411267213651 0.654227308185244 0.0980102414439915 0.0418351214240457 -0.0114536563064008 0.0257595344698956
"ufb154" 0.704677389504613 0.666768258893938 0.162435637205255 0.375553346565678 0.11415836185159 0.0761867733413784 0.0903789196605977 0.0780855737907001
"ufb155" 0.633553115504396 0.58150289017341 0.160269811389215 0.257838850326801 0.10989699935616 0.0639495511795327 0.0936859856614879 0.0778400308418753
"ufb156" 0.63108710392339 0.562942315137437 0.144429708029161 0.369893150949359 0.100528186296276 0.0615292527600061 0.051799263537386 0.0619477253863598
"ufb157" 0.72221983788634 0.648035604665439 0.148633516100441 0.588075155386011 0.11180571195996 0.0621258382649214 0.0397401807050176 0.083257210380206
"ufb158" 0.731843082110684 0.638059701492537 0.144858727450465 0.597362950110734 0.107617119972975 0.0618189559200998 0.0360049851711514 0.0614504740487723
"ufb159" 0.597560975609756 0.648613149965232 0.17979868321106 0.597209109217138 0.134021758851496 0.0608945009839186 0.0480225857665777 0.0843853964626881
"ufb160" 0.616997959898679 0.549952241500562 0.136429414480961 0.244096820879583 0.0879715528430692 0.054467912507534 0.0680146764179087 0.0553516471897888
"ufb161" 0.595093988772451 0.552585210533472 0.149206207803496 0.194998684826814 0.0971866140310452 0.0597072979337146 0.0931670913483568 0.0637973236610445
"ufb162" 0.558926090927106 0.559986655623937 0.148676187735293 0.134727135944653 0.0984899406689392 0.0578690557600939 0.0987449075624288 0.0572251745873303
"ufb163" 0.6941627669059 0.689465358485045 0.196337589411605 0.221171664607864 0.12969340485829 0.0719546278946416 0.145611203936919 0.130787238643574
"ufb164" 0.659280144701633 0.69993627820788 0.214002187715767 0.135166936592267 0.134668622847028 0.0775301540523994 0.170304527810739 0.144328558713422
"ufb165" 0.740740740740741 0.636037556704294 0.143751911952585 0.740731362517972 0.114096445078547 0.0501238016504198 0.00634872069506433 0.0641175338375367
"ufb166" 0.662128143096255 0.668645927696891 0.186173571603116 0.219342646230525 0.121515352297218 0.0693168892079338 0.138418337286054 0.0909176517851708
"ufb167" 0.704963193283207 0.642987972403688 0.163745503943024 0.515776943818332 0.117572146921651 0.0639400364636355 0.0566796534504524 0.0906348921476057
"ufb168" 0.677041021349907 0.647913172887907 0.172215324551266 0.283986049438036 0.114478170835066 0.0665909311673464 0.117676845967178 0.0815054432081632
"ufb169" 0.675513534117113 0.643651190214458 0.170365830721792 0.317454478221386 0.116825030497183 0.0684890302182249 0.109162090295615 0.0893792663724536
"ufb170" 0.620281238038635 0.530953704620399 0.124939508041741 0.328678586344337 0.0851377661025663 0.0514275860589409 0.0496972122654544 0.0337823854127279
"ufb171" 0.656660531768834 0.642172479553428 0.169350909596071 0.256203363885436 0.112024040352266 0.0662221550926853 0.114572642583488 0.0800496244457584
"ufb172" 0.682590982132421 0.634106061532815 0.169317463041437 0.35761034495558 0.119637190225485 0.063723285938411 0.0794990266578262 0.0911676556782394
"ufb173" 0.658759802080251 0.706041311102359 0.221955404009781 0.120978575749535 0.136189704297339 0.0745693394124586 0.181166375332686 0.152877314137682
"ufb174" 0.585089379492796 0.584041178474299 0.154290515579342 0.109619775270057 0.0985894599722581 0.0503630088604616 0.10608401248337 0.0694557671660789
"ufb175" 0.708366953201016 0.6704535085318 0.19103660446186 0.38735606839353 0.136562310232133 0.0724823090612347 0.103179972661376 0.11508307614918
"ufb176" 0.66696669560663 0.656783733685246 0.178474378429188 0.219198587222468 0.115166870922495 0.0580677318839378 0.130267356407472 0.0818508094012721
"ufb177" 0.618742950543605 0.614237109864773 0.164222912700945 0.145727843762908 0.103786039192085 0.0495123909319661 0.117804465447938 0.0739507713201896
"ufb178" 0.599314726028131 0.55151477496695 0.135950709869757 0.204451929924489 0.0928883747855743 0.055553736066272 0.0759956422888898 0.0482804696339904
"ufb179" 0.646387448578358 0.678779004893343 0.201936796256504 0.120914174005282 0.127291848743551 0.0403771367558781 0.16184352287132 0.125119155510172
"ufb180" 0.694073827174043 0.685189588008914 0.190212918978762 0.236934772027975 0.128400371541848 0.0693341242662691 0.136776628023859 0.125264026954288
"ufb181" 0.629987701762391 0.606790388408901 0.168819911798333 0.206295016378317 0.107045516980959 0.0533354755849568 0.123683667207248 0.0758163651518664
"ufb182" 0.669897133944582 0.646004875065964 0.171928106504992 0.268146792240081 0.114612212716435 0.0659726960865239 0.117370704599743 0.0834039449991288
"ufb183" 0.653145217176204 0.619429293957545 0.16200516951028 0.318765476015905 0.108117078463574 0.0666674400839442 0.0955098927989599 0.0822178056032579
"ufb184" 0.650852420869932 0.658761822128159 0.193426266640371 0.170144119735225 0.121736114169644 0.0707513242272444 0.150467106603578 0.0998434337113376
"ufb185" 0.65059688188523 0.634589819460526 0.166597666769719 0.283951099776636 0.112332530374796 0.0677171469111241 0.108673718999746 0.0820576197589944
"ufb186" 0.74390243902439 0.589542190305206 0.135976126112525 0.743760535626277 0.106620579454762 0.0492423989619036 -0.00284063980721774 0.0491116420986154
"ufb187" 0.699078360434447 0.621342829951187 0.161665511514888 0.413132276628008 0.116256566077069 0.0688173395919865 0.0816591462949592 0.0815778066906931
"ufb188" 0.627392938498321 0.624018253591183 0.165633236842614 0.232195132051884 0.108502606478283 0.0691468530124746 0.110583444759705 0.0781932655055737
"ufb189" 0.687778871192326 0.634934802315041 0.169723521474852 0.382888702823671 0.116937523750834 0.0675770367505353 0.0980520282777174 0.0941772170617101
"ufb190" 0.652103394207541 0.666176494093953 0.194905897588612 0.146056444267606 0.123104983944035 0.0517181068442819 0.147601906994502 0.125312106645583
"ufb191" 0.688467913983645 0.660000221640211 0.195478068118213 0.217446338978415 0.124839137093167 0.0712546138446847 0.148269516788665 0.124789116850734
"ufb192" 0.62962962962963 0.5262 0.147720152465946 0.629390101332098 0.111726051014053 0.0472741650773894 0.0109537496787583 0.0479783075123643
"ufb193" 0.66792720308559 0.705771687376611 0.216641802410846 0.133052077707625 0.134013606521516 0.0554080485069575 0.17489380820806 0.146792974049351
"ufb194" 0.63150951396559 0.626571437058356 0.17291954380696 0.183001264911913 0.119010116054402 0.0653688111635108 0.1154648470502 0.101288227926055
"ufb195" 0.730564963298868 0.707921481648157 0.206441813510297 0.253254040792355 0.139514839259722 0.084366481695318 0.154136432370481 0.143114168744179
"ufb196" 0.66791212308223 0.604803283110477 0.160207064466807 0.312271916299173 0.110635037913599 0.063582193747568 0.0800700969900618 0.0925958204258952
"ufb197" 0.65603732576758 0.639196664923043 0.169141293269447 0.281816605755637 0.115621431135723 0.0672002570649461 0.103212271273249 0.0859437342430623
"ufb198" 0.659487283773213 0.605537589022017 0.166335587089393 0.229785340547445 0.108861445348356 0.0638498716565313 0.113789625267877 0.076509326777531
"ufb199" 0.62900916542127 0.623525279710219 0.163800274597042 0.281623429036602 0.110500520752057 0.0673673597302091 0.102057651295708 0.0775463037516353
"ufb200" 0.652406259555931 0.634848621684366 0.169991194520934 0.320743340868756 0.116093320366889 0.0690008461121272 0.104229752558358 0.0861807258764088
"ufb201" 0.716049382716049 0.62124166239097 0.1451812186797 0.715955037043867 0.114129494852065 0.0494511860978337 0.00800739004305197 0.0622763244342663
"ufb202" 0.669520578637747 0.600448857453754 0.158740333766629 0.34529410333342 0.109507790171951 0.061790967876753 0.0786338081428389 0.0902753073291456
"ufb203" 0.686258842085647 0.66040260532478 0.172622810995498 0.383471919627693 0.119562815876717 0.0720083828928411 0.101162929515815 0.100449294194831
"ufb204" 0.68080796891184 0.657477852496033 0.191214165178783 0.27943470661489 0.132042226482472 0.0802172541578419 0.131550090506296 0.130637089233934
"ufb205" 0.661772283350057 0.641478868907253 0.182668355902077 0.206594403158461 0.12343639012856 0.0655637509477654 0.128731117949155 0.119416787903111
"ufb206" 0.688600793829964 0.620635273520544 0.16572398844739 0.33755135868141 0.115483655939826 0.0706020032822016 0.0938405051719814 0.0947790827500859
"ufb207" 0.64700808152525 0.671806764083134 0.19975338203482 0.145865203868113 0.125345133827267 0.0678545380547281 0.15838751534717 0.109128183256664
"ufb208" 0.604916133346447 0.539450950278364 0.13278406565731 0.283534527613579 0.0912032064396976 0.0608026727221794 0.0580799856973959 0.0465710822703182
"ufb209" 0.592442695773296 0.554702091733003 0.147108748951699 0.197509052191325 0.10154086192699 0.0572807708917255 0.0879020589094926 0.059128501323862
"ufb210" 0.657428077885355 0.700373957753368 0.215610315443316 0.108715885030806 0.132804071966872 0.0402625605281326 0.175493497636115 0.14471313672534
"ufb211" 0.703762572749055 0.663234001327616 0.151886503258597 0.543106475157726 0.112307660128179 0.072591837961177 0.0600633872389165 0.0646665262283459
"ufb212" 0.632579812920012 0.684168575197549 0.203231280415392 0.0844161564667411 0.128897948408034 0.0430128337331766 0.163203039607868 0.13019164949424
"ufb213" 0.622653212433513 0.666180339319403 0.193826366865797 0.0846765615600758 0.123147708724126 0.0440144546228604 0.153374227387285 0.118013775465518
"ufb214" 0.678163321282595 0.64696864859706 0.185155128355506 0.242981551168233 0.127334218397497 0.0694639795796312 0.128549885871093 0.122220758028369
"ufb215" 0.633200929223776 0.583703496008146 0.161725336663224 0.205127867607868 0.102573002398434 0.0645519005000752 0.108943736647149 0.0725951201293269
"ufb216" 0.654320987654321 0.559086794729961 0.14801335796939 0.654288189564283 0.114998325002543 0.0472306288673105 0.0112940062325109 0.0538677825927547
"ufb217" 0.642780383816791 0.591549698407707 0.1715703864027 0.431810494936628 0.127665676797691 0.0658088689328726 0.0658916795543874 0.0846798699641474
