0.1522437 0.2257584 0.04626225 0.1217007 NA
NA NA NA 0.1281267 NA
NA NA NA NA NA
NA 0.2996547 0.1611366 NA 0.0534329
-0.05833853 0.1099102 0.06642555 NA 0.238091
NA 0.1511582 0.1298132 0.1354213 0.03175593
0.04139032 0.1939246 0.1819089 0.2174663 0.2743285
0.1969532 0.05617713 0.1686075 0.05977864 0.01458724
0.03040509 0.1004015 0.1546414 0.1184898 0.05334409
0.1852426 0.09865686 0.2375667 0.1256526 0.04470995
0.07547494 0.0841476 -0.001123219 0.1793506 0.1016126
0.01633293 NA 0.1567902 -0.02101392 0.08650091
0.01616015 0.06054051 0.03410977 -0.03959801 0.04697772
0.0677913 0.1183486 0.1009964 0.06386334 0.08035244
0.1213504 0.02647847 0.02093902 0.0280722 0.06850793
0.07839898 0.0361116 0.08871518 0.2718088 0.09104599
0.04255863 -0.001361246 0.01429429 0.03131223 0.02676942
-0.003598214 0.04045235 0.0672249 0.0120956 0.02349222
0.0103122 0.02330626 0.05924865 0.02275473 0.04392557
0.02909803
