NA NA NA 0.1987224 0.1341912
NA NA NA NA 0.1521985
NA NA 0.1987224 NA NA
NA 0.09105607 0.2106005 0.2722244 0.09117249
0.1379364 0.1321827 0.2110286 0.1589147 NA
0.08224721 0.01604167 0.01467789 0.1516278 0.3214029
0.17601 0.2528369 -0.006625235 0.1060115 0.09450365
0.06790049 0.006871736 -0.004619745 0.1701576 0.08719339
0.2598548 0.2137847 0.01953783 0.1161337 0.2332623
0.07399012 0.1250331 0.04043973 0.1116295 0.1006001
0.08150477 0.0954374 0.1373117 0.03927605 0.04508457
0.1525857 0.03147893 0.01654923 0.105305 0.06003272
0.1101758 0.1182172 0.06548033 0.1464734 0.03266031
0.05252008 0.04384703 0.1777886 0.1396637 0.07196822
0.05580768 0.05057901 0.03841217 0.06823407 0.04706364
0.09638021 0.06591757 0.1218727 0.2147705 0.07756439
0.1074303 0.01130491 0.00806157 0.004461469 0.01587643
0.006363215 0.07966345 0.02011161 0.03800118 0.03184232
0.007273581 0.0427421 0.04800573 0.04889064 0.1140986
0.02016742
