0.141892 0.141892 NA NA NA
NA NA NA NA NA
0.1706968 NA 0.1309624 NA NA
0.1944882 0.1139879 0.1974715 0.2294121 0.2508751
0.1020351 0.1488621 0.09723727 -0.02605876 0.2805694
0.07010115 -0.04493538 0.141892 NA 0.08795426
0.06311517 0.1402656 0.03099859 0.07127785 0.1683528
NA 0.07984492 0.1849444 NA 0.02214208
0.07224788 0.1274688 0.3461747 0.09627329 0.06233879
0.0516637 0.07144873 NA -0.01964502 0.08147452
0.3221965 0.08801955 0.1922276 0.09547031 0.0367015
0.01695195 0.002931925 0.2895727 0.2301388 0.04659946
0.1087762 0.1039864 0.07934453 0.07763099 0.1925143
0.1178774 0.1058003 0.08456143 0.05114833 0.07736053
0.1621728 0.0992874 0.1142245 0.04123442 0.06698182
0.05767398 0.0535107 0.1109047 0.03964168 0.08266146
0.01648151 0.03726463 -0.004932697 0.005362442 0.01847207
0.04384534 0.007784307 0.02426986 0.06772159 0.05083605
0.0146045 0.01360401 0.009868111 -0.0002757389 0.06862603
0.01989641
