"quartet" "wQuartet" "cluster" "phylo" "mutual" "shared" "clusterNorm" "wNrqs"
"mb49" 0.679970541560373 0.719415271075788 0.191744086794877 0.34680763955911 0.134006399205711 0.086756791074663 0.133937556519279 0.127990212478529
"mb50" 0.809326527880066 0.862430105618177 0.242031968637119 0.65071212370276 0.193270640264778 0.117124752115394 0.148896020447152 0.211646987974797
"mb51" 0.953488372093023 0.977216508267153 0.236260608166769 0.953529464933355 0.20909942371481 0.104272361582498 0.118892745171393 0.211050576059454
"mb52" 0.703703703703704 0.760977198697068 0.208196896284656 0.469737079027394 0.166355591120153 0.0813272503558943 0.0831751155160942 0.159979197604007
"mb53" 0.805701830462547 0.861261149396743 0.229223911373552 0.685947987552872 0.185584727820918 0.119537666402003 0.134055811775427 0.199330117790115
"mb54" 0.759328692061705 0.798447369083268 0.223088959132825 0.517043971129407 0.169942101861642 0.110247193121594 0.142220025188006 0.17660227022377
"mb55" 0.823529411764706 0.909972032018517 0.271811330944952 0.823309935502401 0.231322974867027 0.117415997428453 0.159074434796059 0.26951474828796
"mb56" 0.749618370667146 0.781293828892006 0.207311165974527 0.621994471668377 0.167896125275472 0.099291380174408 0.109010015611017 0.134501941827858
"mb57" 0.741176470588235 0.76734693877551 0.176326367815008 0.740827481610635 0.140847366502902 0.0673982553069081 0.0493705400320585 0.110274894994968
"mb58" 0.728977366089902 0.756675279931094 0.217047262619354 0.462726695148191 0.164677073940327 0.0989948484151978 0.13532578065709 0.170207330432763
"mb59" 0.907733049684808 0.906880145004154 0.222665399203143 0.802090087173233 0.182164987711954 0.116842306476832 0.127149767790682 0.188631565302794
"mb60" 0.622727289606033 0.7127272013119 0.213282242238793 0.172861630348462 0.144581221334758 0.0772891867226173 0.174870719336787 0.14252444303095
"mb61" 0.624775701621533 0.709318230599621 0.210612362203349 0.172849624827389 0.141837219188854 0.0663588627134653 0.172299834703646 0.138891436463082
"mb62" 0.790697674418605 0.895411938825851 0.244452432421692 0.790532454176734 0.205588830554302 0.0992188003746733 0.128343450292113 0.225374995364823
"mb63" 0.676348787534796 0.660238301680978 0.176796488817586 0.227065642599088 0.127811257826195 0.0803227202921534 0.0903718247254509 0.114051925727965
"mb64" 0.792992335998176 0.815365236383807 0.214156834330888 0.556578302754629 0.167472349525355 0.102753507415236 0.132215538280583 0.176482804038793
"mb65" 0.779709631862179 0.737124885336129 0.16311088048597 0.637194978042181 0.124600210317309 0.0702562361478553 0.0600568491514149 0.0953054729778116
"mb66" 0.753216333721164 0.789516031701332 0.233206951686253 0.543666716029374 0.183739057868697 0.100605088848362 0.138709289217198 0.205735603014095
"mb67" 0.610856257840564 0.708773576227866 0.211035267340186 0.18420452171773 0.142557636828223 0.0767338264145788 0.171760939746581 0.139766276400286
"mb68" 0.830649409003494 0.818008842128826 0.207172224633868 0.662429484154833 0.164691194914918 0.0940633789744705 0.10975285659364 0.146830337942253
"mb69" 0.767041328107884 0.786658690717222 0.207637988647595 0.486519385180713 0.155989125118982 0.0977682102586056 0.134800037163971 0.164472378107856
"mb70" 0.682352941176471 0.764905514847667 0.211158695907956 0.674530611135469 0.171658184185585 0.0803223697060211 0.0891671775730015 0.144616878092998
"mb71" 0.636346398422922 0.681381789441206 0.196319782392225 0.13906182785676 0.129594907012804 0.0641850197922286 0.157311364839529 0.12044085233568
"mb72" 0.618418970652714 0.699924457776066 0.202719229387069 0.207244229259847 0.138852571928084 0.075539218539264 0.160960135732749 0.132004411179813
"mb73" 0.638465237187402 0.642892976445469 0.173898107969509 0.117389629557301 0.114891432927181 0.0620348291015984 0.128357144732097 0.0931739373024098
"mb74" 0.738095238095238 0.704541241890639 0.158694881553395 0.737885815524036 0.128519752008956 0.0595796430191686 0.0283255564143697 0.0887724570609839
"mb75" 0.618354990177501 0.710306317163804 0.211741565375022 0.172864756892765 0.144069556986923 0.0838139902206421 0.172929311226035 0.140816748364697
"mb76" 0.86046511627907 0.894903498190591 0.201320516242271 0.860354969451156 0.172107762033596 0.0848213112007316 0.0785832249237122 0.174367589374323
"mb77" 0.799566229632059 0.809480572341025 0.183925735314032 0.638827663258108 0.140795483337415 0.0973885659872729 0.0985437866248468 0.119987263299316
"mb78" 0.726190476190476 0.759790100250627 0.183381484607879 0.722588292587796 0.149370305873845 0.0700468087877036 0.0555084750941376 0.13325471241648
"mb79" 0.69141587559527 0.716861847633692 0.197720147172991 0.369584679562344 0.135605404063835 0.100475340864263 0.140234041421033 0.127414158588888
"mb80" 0.63947873450673 0.621043735858315 0.162103901002982 0.144055479607596 0.112255720747884 0.0636761278895366 0.0848532803743857 0.0964964256030457
"mb81" 0.720892357167556 0.751581116481975 0.197477811251234 0.416544330328221 0.1433221655663 0.0934783300044146 0.130630044095952 0.142412608452791
"mb82" 0.823672658722002 0.778635803989165 0.190965352755085 0.568174114955802 0.138358841355829 0.0884623178156422 0.116547426166068 0.139470419327694
"mb83" 0.710843373493976 0.736177446774063 0.176423085451415 0.710471532913441 0.138362238955044 0.0646324192881096 0.046252414053427 0.116896075453679
"mb84" 0.67456300585479 0.674710736520616 0.183509825699607 0.360267148487531 0.131110626362479 0.0829086616121626 0.115281907820679 0.101889301072346
"mb85" 0.761904761904762 0.78545352429093 0.17501794332089 0.761717417812306 0.140729916398288 0.065582200812196 0.0476451883575984 0.119578674007884
"mb86" 0.894117647058824 0.883353032093827 0.167385996072903 0.894009181695344 0.143857094340684 0.0704045020643377 0.0384277207073849 0.135177915408262
"mb87" 0.796809048588161 0.748478673612029 0.186114116722605 0.528245408171166 0.136026882505752 0.0843437546840187 0.118305437542977 0.123870165966397
"mb88" 0.882352941176471 0.90832537546662 0.174820667344958 0.882167923011763 0.146393883963566 0.0715174087666798 0.0466847137349223 0.142234418638928
"mb89" 0.63308097880132 0.609197466014164 0.161848156568176 0.117521301328162 0.108933642167161 0.058725816039225 0.110478223556719 0.0873723576158485
"mb90" 0.641580913641651 0.649193713969833 0.176655756186433 0.117327198411694 0.116352362541791 0.0603356926493946 0.132490429996054 0.0944863377970873
"mb91" 0.639503114031232 0.618906288115791 0.164626518408705 0.117424837641882 0.110516618156242 0.0601897230369191 0.115429471350844 0.0861065335575109
"mb92" 0.783132530120482 0.849269550272128 0.223536552377795 0.782868510932172 0.189440370868607 0.0924899569706227 0.101836834479945 0.201095917754898
"mb93" 0.790697674418605 0.873434878017297 0.210727947627432 0.794934673935294 0.176602779581719 0.0868040603337072 0.0894363459377675 0.17828109444269
"mb94" 0.640936516736131 0.671353299538068 0.191843693779051 0.162533642185776 0.126723187815418 0.0643315022096725 0.152382168712592 0.114038368989988
"mb95" 0.642161268672695 0.639592151700503 0.168452795694251 0.313488024593441 0.11768371651521 0.0715855581840818 0.1045354609255 0.0833129127182743
"mb96" 0.622125846302444 0.594021619677503 0.149165231648703 0.143443447480302 0.10473493805328 0.0604578063301922 0.0781436795732699 0.0751836799145174
"mb97" 0.759036144578313 0.840628507295174 0.211127286309463 0.758795629914295 0.175878281646505 0.0851980520510839 0.0874825905965463 0.177506888175999
"mb98" 0.631168266923942 0.666298825662086 0.187388090838427 0.139097366445384 0.123989380244796 0.061037353884095 0.147709002800828 0.111513101431539
"mb99" 0.826675466417897 0.79118203949148 0.190583379089498 0.587700409207533 0.14413701102836 0.0812395525044858 0.106282589322366 0.144818997377623
"mb100" 0.781533137845749 0.788650510284685 0.172641157185964 0.683893084683375 0.135004847612132 0.0848179245247722 0.0703665102656071 0.110976855285611
"mb101" 0.739695697341572 0.680004234148407 0.147697686807146 0.623689183641071 0.113571673835169 0.0686967318278135 0.0423460611523097 0.070237248759356
"mb102" 0.629799496028871 0.627933724306781 0.168140864171352 0.117466578750728 0.110141168946184 0.0608404933620867 0.120826651630405 0.0898212713527543
"mb103" 0.833497818839227 0.790002821544721 0.191495966372695 0.623395532454601 0.15006868621758 0.0815737875364833 0.107123253611686 0.146262540350317
"mb104" 0.764039920156584 0.77134315478025 0.171208661845703 0.671987398371263 0.133389954072638 0.0844784450867028 0.0686816392927815 0.109308042899557
"mb105" 0.698429049512431 0.733289110922245 0.19407900483878 0.383365231327021 0.137202178583365 0.0894951134329197 0.132277424341077 0.135789192256242
"mb106" 0.84142243415052 0.808508711011806 0.192292670026854 0.611277470749344 0.147678350954401 0.084799166726074 0.107993870734352 0.148866814351738
"mb107" 0.630946282400795 0.647987102392412 0.175200726199404 0.093821194033476 0.115084376855769 0.0605130332373628 0.131988268109016 0.093428902215057
"mb108" 0.636575835768042 0.658198654067916 0.184487883593085 0.16257265230654 0.121782388923974 0.0612242393735266 0.14432206195987 0.107289155710613
"mb109" 0.834310633901051 0.824816561844864 0.174387982477553 0.688344166316526 0.131193185130116 0.082386522769381 0.0723292708088478 0.118471807505865
"mb110" 0.69777247749246 0.721999805120254 0.188271338900732 0.358311701951364 0.132911908265711 0.0823669192890621 0.126056621604891 0.132817318410061
"mb111" 0.611715595255275 0.642906870078955 0.173390820616471 0.116185293802237 0.114854332172024 0.0556510493056563 0.130942961164893 0.0950882332980527
"mb112" 0.62622944120282 0.638315229874588 0.170518754717453 0.0938617587293554 0.111584155771184 0.0589236473875148 0.126024231263907 0.0897265977989196
"mb113" 0.709027784708734 0.671633506218668 0.1732405250146 0.454145330493034 0.129048182783373 0.0704827550686228 0.0865640330817063 0.0917280200670704
"mb114" 0.636368711657756 0.602430242423028 0.153650968110284 0.142010028000231 0.105000552276007 0.0638574103473052 0.0829783522735022 0.0782866278765445
"tnt1" 0.638043915184805 0.600139400413252 0.151929025350751 0.118022577653501 0.101752587680634 0.063332372660395 0.0910687533235111 0.0702165193551964
"ufb1" 0.717647058823529 0.593425060392816 0.13979864474861 0.717377168182503 0.110600192282057 0.0492674139894975 0.00779688761567345 0.0566175393858467
"ufb2" 0.645737101200796 0.685803713152719 0.184317658896144 0.276477884965957 0.126608646704682 0.0763642831365525 0.136266553941978 0.11459791809628
"ufb3" 0.640312242316223 0.626642887900647 0.166401690959544 0.258646091560306 0.110839969017793 0.059869490431837 0.119017363178627 0.0868229136202469
"ufb4" 0.630428297903019 0.588616142767302 0.148153289163063 0.281072892163623 0.0991248553378843 0.0612490518406268 0.082703031827587 0.0707538311523778
"ufb5" 0.62232481906655 0.585750285756302 0.149118561378816 0.28866633377427 0.101473227507592 0.0589354553424697 0.0780975214877597 0.0784361686930348
"ufb6" 0.616280233183088 0.653698159408212 0.178300209148499 0.19632944274908 0.117590181412591 0.0559027323940392 0.136813376449131 0.0988544553770847
"ufb7" 0.630830298664914 0.606551429237826 0.166777286088822 0.421345566619323 0.120649862559328 0.0615598669929881 0.0623088074904166 0.102770252271826
"ufb8" 0.733887797147694 0.757397440998471 0.213216971911601 0.531959030814373 0.168152522045442 0.0880390413219668 0.116255794201163 0.177990376797414
"ufb9" 0.638807947223128 0.624520485767309 0.163827013671906 0.255737748035513 0.108045676874659 0.0605791662401976 0.116266765794454 0.0852830009586131
"ufb10" 0.721542700431632 0.693458150999834 0.16092438714262 0.562583692220285 0.11853501272063 0.0704808778561373 0.0573264593370004 0.102538722089285
"ufb11" 0.650992684816568 0.654511364926376 0.180532618207119 0.218627943684388 0.119730176589392 0.0610793730485743 0.139717834946057 0.100869307677903
"ufb12" 0.598570581707795 0.635783814792447 0.170963274873153 0.184505270959576 0.117169269301851 0.0482369356942808 0.129681881904784 0.0948019687512642
"ufb13" 0.640628461994505 0.615942684851536 0.156970782404993 0.273603584170832 0.101927363048198 0.0626594641811073 0.10287954888314 0.0745558121730534
"ufb14" 0.675097400295995 0.622807277908047 0.155089000008692 0.470154580132157 0.110379400945238 0.0595214825414788 0.0504057348093082 0.0940286678570112
"ufb15" 0.614307106583154 0.689847454687883 0.196668244658486 0.161615640870922 0.131092912094614 0.0551207156765311 0.157815359095932 0.125854718227064
"ufb16" 0.694649356146278 0.677946908248183 0.184496062815445 0.493437092170569 0.137419519775721 0.0724480361261856 0.0822456858709639 0.12175345307357
"ufb17" 0.728878171629341 0.697962877225472 0.1745438032852 0.439972073679786 0.122366359373575 0.0774245378637062 0.115470556741414 0.10013759783878
"ufb18" 0.652281156753008 0.683730169582545 0.18718500792445 0.298371841500834 0.124483975615166 0.0855429550020141 0.135076790435899 0.119678217165059
"ufb19" 0.710084438203873 0.692424835288021 0.189313172993408 0.383717587536101 0.132921248785617 0.0846785918907466 0.114488328997453 0.116253198068877
"ufb20" 0.762155271281587 0.711401013114982 0.175921986247278 0.474741057554445 0.126236585356016 0.0784917548303886 0.112789061647679 0.104782536785957
"ufb21" 0.738978796106143 0.682919802047319 0.171124263566279 0.49955671328112 0.126996099706764 0.0742784138827318 0.0847968057466281 0.0921370129743995
"ufb22" 0.602960043592337 0.645285881251113 0.173343705699613 0.172888911687058 0.113868580900862 0.0561921371924448 0.131606623904836 0.0959302134362042
"ufb23" 0.837209302325581 0.864069715477432 0.196020326061877 0.837061671620955 0.165392671087705 0.0809787467042067 0.0724685265464198 0.16420336388128
"ufb24" 0.756397917004396 0.720126685595094 0.177501028181717 0.480951440098863 0.127531016753367 0.0788053601602811 0.108974732497869 0.115286020851708
"ufb25" 0.742409119328337 0.715146649428104 0.179913843593383 0.463137088996394 0.130388380136742 0.0839577671677006 0.117098394430581 0.10914023183732
"ufb26" 0.718223008997022 0.698436794072468 0.186424676115795 0.405229250046028 0.137836661718449 0.077745182138261 0.111749084188685 0.12452578928379
"ufb27" 0.86046511627907 0.864460086865359 0.177479808361101 0.860297591234975 0.15272710502106 0.0733640794290937 0.0510787896425533 0.14722178156133
"ufb28" 0.652233561273712 0.609673822662333 0.155277437644871 0.359033040558976 0.109567206190131 0.0615547381950029 0.0773690116339756 0.0852352029990467
"ufb29" 0.651709163114359 0.680702826859889 0.187731138636063 0.277019353138932 0.128029261356721 0.0800618680740355 0.137906384971623 0.115162130191371
"ufb30" 0.634921089767013 0.630948414232211 0.168247064907904 0.24678112980283 0.112453778782535 0.0609952212414505 0.120935209918647 0.0891244348408367
"ufb31" 0.657476168654868 0.648586474465449 0.17821419973609 0.241935737359346 0.117430008128236 0.0603038774401722 0.136713660759263 0.097641600102911
"ufb32" 0.579733307176877 0.653694584475439 0.175754069373015 0.127634570049372 0.115259609183999 0.0442191780567449 0.135747697710725 0.105107544269888
"ufb33" 0.699242243163859 0.681212088092245 0.175660334414841 0.381705689608579 0.12783286293649 0.0676039948425562 0.0999967164689635 0.110796338961853
"ufb34" 0.717647058823529 0.686195763445941 0.15693365117086 0.710471532913441 0.125863343869296 0.0599859560691043 0.0262924530736448 0.0937362124536688
"ufb35" 0.747140213743952 0.767089042402962 0.181782953429913 0.533444759259238 0.134929274693271 0.0959766747861716 0.10637477303678 0.113134481403696
"ufb36" 0.734939759036145 0.78662847936991 0.190368662710872 0.734679434370551 0.152904674031442 0.0710008276985119 0.0636215428738231 0.127151820227783
"ufb37" 0.684853907268717 0.635230358029517 0.159623933649951 0.431618122754547 0.113602835674058 0.0730806714655654 0.0823228632513929 0.0781862325295642
"ufb38" 0.733572613421054 0.751488026220182 0.192728811760202 0.439677373820962 0.142677770086232 0.0847367600992027 0.118520332806525 0.144844137892175
"ufb39" 0.605672146715067 0.661367401489974 0.179815343869463 0.207173816821028 0.119179669286392 0.0704118596578926 0.12959201968222 0.117101364560306
"ufb40" 0.608790221182742 0.658463934918538 0.179605520584733 0.172943534764787 0.117375359160217 0.0563234732411302 0.138752270732717 0.10128946129365
"ufb41" 0.648180198976721 0.686245420106723 0.189266205192048 0.275427607935157 0.127546900918734 0.0822133684731519 0.13958081298115 0.122727247150646
"ufb42" 0.721286532209328 0.745786361931655 0.194666083613575 0.407322211951018 0.139757372872318 0.0864731240588615 0.127596955076939 0.144084944083137
"ufb43" 0.62406591412192 0.609055915917663 0.158919580237788 0.240322590568968 0.10488513084269 0.0568898437746734 0.111106223839718 0.079455337441723
"ufb44" 0.647456186720032 0.65208488093708 0.162649307814959 0.276358452291552 0.1117883075055 0.0611531450118352 0.111342126886562 0.0899712377680885
"ufb45" 0.639850500110038 0.619642038342256 0.164383563694064 0.263792321267376 0.108778024306259 0.0587792237358455 0.116880821337422 0.0823758113141241
"ufb46" 0.726190476190476 0.657840541335687 0.147103337348602 0.725963524931231 0.119571461799307 0.0534170372222919 0.0136521749331937 0.0751788567566094
"ufb47" 0.647459891484547 0.593095773050837 0.148578692058865 0.299361934884805 0.0998925751583128 0.0574387193575103 0.0830528845547121 0.0714134904143147
"ufb48" 0.693424692538897 0.618526166136348 0.14134625842895 0.486102514608688 0.105041632149919 0.0621977775616006 0.051774863027009 0.0640790201893127
"ufb49" 0.67785279439023 0.635037601956968 0.157858116096705 0.334346703569288 0.110305963894253 0.0613885048687384 0.0975429985307534 0.0961485172234971
"ufb50" 0.6584730675587 0.640374670878605 0.15846081097593 0.299564718163377 0.107652968224951 0.0578197271439977 0.101667132617555 0.0921364423241539
"ufb51" 0.641564871744979 0.601254546438889 0.15683878528983 0.254732929652225 0.10336950242147 0.0540667239268571 0.105160008193778 0.0804521423107999
"ufb52" 0.636947724283134 0.593863082071352 0.156289556389939 0.254279238249086 0.10372114345513 0.0522644863361972 0.102197346684769 0.0847987523208672
"ufb53" 0.731406768223146 0.679120477322209 0.168030001948202 0.487904672007458 0.12365992532815 0.0737504354409631 0.0813802765948593 0.0906219259819852
"ufb54" 0.684290324969453 0.619608453145486 0.152375332956608 0.417934151734488 0.108573231035411 0.0689428454820752 0.0745381446965981 0.0687301051974882
"ufb55" 0.693860428290233 0.642612456747405 0.159769227256129 0.46590533760279 0.121177851677141 0.0635013121784299 0.0716804202947227 0.0766836731483667
"ufb56" 0.667025078847817 0.695621450134085 0.18994828042691 0.286559645001608 0.127608401060078 0.0838982948843278 0.135279642651209 0.122141988284485
"ufb57" 0.631600005173759 0.610899530225994 0.160572755516202 0.243021883864287 0.103563231398059 0.0558813392497335 0.111106511088242 0.0846898264053209
"ufb58" 0.707052766810613 0.712012614678899 0.193867170195757 0.397917733979279 0.141603495251666 0.0897954420070776 0.119745699964388 0.138210821437213
"ufb59" 0.624124273564663 0.696167173711778 0.200241741871036 0.140547249466841 0.133735410928609 0.0564294215893988 0.161562083320463 0.130906346618372
"ufb60" 0.61301087299415 0.707609216385357 0.208527016739757 0.172864756892765 0.140887878122331 0.0708077362070166 0.169556484704831 0.1387864329829
"ufb61" 0.637078499852912 0.62605460802169 0.161541957715011 0.254449576898377 0.10483976864535 0.0611728289115578 0.110118560260044 0.077772056960775
"ufb62" 0.752941176470588 0.675979482702172 0.139794873770808 0.7496318975511 0.11264572800893 0.0514400664548783 0.00631950166415372 0.0704902785132399
"ufb63" 0.662295418133407 0.632633788037775 0.173545206833584 0.451158416404506 0.127271776800745 0.0680416546424456 0.069923943292979 0.106633888400303
"ufb64" 0.627003083102829 0.592860335712194 0.148594774489922 0.301592904474021 0.102662188580341 0.0622553748894138 0.0831737794735643 0.069883440569846
"ufb65" 0.720334572995976 0.593536227837498 0.13207110918279 0.600292628631126 0.0982071873924411 0.0579555694759575 0.0248335846458117 0.059772933458093
"ufb66" 0.727776320074659 0.691365824688207 0.173211200565569 0.451085286180735 0.123869377072533 0.0793367647473394 0.114111595435669 0.0971155434489401
"ufb67" 0.746813058671317 0.770685781272896 0.195788680647217 0.486090991004511 0.151695101894415 0.0857182170581908 0.111932103807253 0.153496368020116
"ufb68" 0.636937390127305 0.634841742313273 0.169955493168869 0.247041245646795 0.11231114548734 0.0596563574754761 0.124194431469609 0.0888036001389329
"ufb69" 0.641364902219762 0.580931961217319 0.153787816606059 0.266965379619268 0.102717553462199 0.0596200564429244 0.0966628758843121 0.0868472203939586
"ufb70" 0.750255789335411 0.710135101940555 0.174794200538202 0.480812603317361 0.127529013181435 0.0745525356034201 0.0990710968089644 0.115371897543062
"ufb71" 0.68412588679447 0.719938373982371 0.185413179440945 0.359208718438769 0.133646538588863 0.0801147565474847 0.122971942253781 0.123572283177277
"ufb72" 0.61534487824753 0.668195272364588 0.184280334453393 0.218963244915426 0.123471062943774 0.0687805090578499 0.136281220430712 0.117442184708699
"ufb73" 0.720930232558139 0.688429217840983 0.147817383649379 0.717261066212988 0.110979872390455 0.0524830775939307 0.016857983581246 0.0601391986770583
"ufb74" 0.70961873951731 0.582282079528091 0.139153770183594 0.541327262159433 0.100196530835733 0.057297522038665 0.0327460456635811 0.0559157267387527
"ufb75" 0.698455265085537 0.605373414748708 0.136571384288283 0.496104101425606 0.0998564271705131 0.0646487490726581 0.0464636772605571 0.0519563918606272
"ufb76" 0.692121535525713 0.656350224502886 0.158701987249333 0.358461728305548 0.106453781553523 0.0656142796944224 0.101958995204683 0.0789305623684752
"ufb77" 0.6442508796587 0.630096629072896 0.163287010564678 0.336897483519581 0.112535191813405 0.068976860140115 0.0989726048710776 0.0773080677210175
"ufb78" 0.634271321916257 0.640621647861358 0.174682151426896 0.187766300425607 0.114836072128897 0.058410153212364 0.133576705267589 0.0979115500203844
"ufb79" 0.613012030764593 0.585117083697455 0.155355774232098 0.185351314196264 0.101432681184895 0.0576408346537612 0.108776135315382 0.0726178540443589
"ufb80" 0.660939676686552 0.638177375147226 0.171449018710277 0.340854806913112 0.12149111306058 0.074397282259799 0.107668620930944 0.0862395322957439
"ufb81" 0.639760257501541 0.612722158012953 0.159430785855838 0.317464508179253 0.111952015904844 0.066569692950796 0.0991571619875573 0.0720213189302872
"ufb82" 0.628662452084504 0.60471903778156 0.154732728981928 0.290584107593888 0.107467846166814 0.0672674528510793 0.0976328266828983 0.0656812861596094
"ufb83" 0.701048536999476 0.708634879469162 0.190645255069772 0.392462140642191 0.136851531300823 0.0934312311497097 0.123218866506264 0.126408433851509
"ufb84" 0.692633382469689 0.700277205071792 0.187329430617612 0.378296953973209 0.130857202844721 0.0952008247576023 0.124821729541108 0.118314197176837
"ufb85" 0.605709723208048 0.645495943228312 0.177022794452169 0.184579228622891 0.120711260929309 0.0549972417289282 0.136497219905989 0.100374400299034
"ufb86" 0.731682290453738 0.629363449691992 0.142170061020023 0.521166243799434 0.104448749296674 0.0620183094809959 0.0526846014779591 0.0678139153881172
"ufb87" 0.635718350078957 0.593301367611469 0.156255471837358 0.2587177858944 0.105428863279972 0.060966918477898 0.102159583897509 0.0858584555034093
"ufb88" 0.706947107185462 0.638823963587157 0.151741569565107 0.547851709476514 0.115893226031434 0.0624912874387009 0.0469331630443649 0.0857029734071712
"ufb89" 0.62868116816766 0.591627773094558 0.150312693498175 0.275642102379835 0.101620853221623 0.0608763887249779 0.0849324937225137 0.0753097717967404
"ufb90" 0.74167855950094 0.641445029156592 0.139743211682062 0.621169725019905 0.106340001532638 0.0612772394062016 0.0334083470136892 0.0624719026689533
"ufb91" 0.649675747466883 0.600951321492961 0.148399297342563 0.360958612271309 0.101224320619323 0.0637481741810761 0.0774295845611551 0.0621661765855546
"ufb92" 0.779069767441861 0.654826958105647 0.141159276669253 0.778771048829272 0.114083923296919 0.0539158868160234 0.00917669016317027 0.0753510165628804
"ufb93" 0.730466385122334 0.676732026143791 0.168812837702817 0.511359252832525 0.126278382242281 0.073076818899608 0.0822940060906529 0.0919775438882612
"ufb94" 0.639130078993603 0.624538897337384 0.164484069841231 0.24336898846403 0.106658544324566 0.0573150411387633 0.116961649674527 0.0853133357237569
"ufb95" 0.665789136895862 0.64812523586821 0.173869324662725 0.312490518738028 0.122837765461435 0.0743784990352255 0.110418941884686 0.103836380201462
"ufb96" 0.632166558449597 0.61305856888536 0.161660645654695 0.258345790123542 0.107848497293014 0.058595374209133 0.112293861201462 0.0854690967634505
"ufb97" 0.642857142857143 0.627040013254908 0.15793332449658 0.638133999883076 0.122695965917956 0.0543766863327784 0.0259850355587028 0.0787380934385897
"ufb98" 0.637583972435978 0.593201630250198 0.149585278644919 0.338361586951636 0.10597750810666 0.0546447520306973 0.0710209404795981 0.0821377048402059
"ufb99" 0.623103155041677 0.61309779386207 0.172653744217276 0.242446282621133 0.115039398540483 0.0674669441333258 0.109080432826138 0.101562785197682
"ufb100" 0.728682925911274 0.688821089137163 0.152240399815012 0.519452178868937 0.111512472871877 0.0805877184884984 0.0741292621739393 0.0760345471714797
"ufb101" 0.739612251724007 0.719772565742715 0.16637254756812 0.574342110135002 0.122762313406985 0.073247546826324 0.063447286351525 0.111771359189056
"ufb102" 0.700111269104289 0.701018086396173 0.189885000604377 0.39068553794672 0.139280492564983 0.0876209859777184 0.115057884213924 0.127701811852633
"ufb103" 0.692676905370248 0.698970901771145 0.189100378371508 0.391541880512367 0.136758994418382 0.0907458259294382 0.121291795593786 0.128889730318108
"ufb104" 0.718480808701625 0.685154947638384 0.167247936251163 0.428562571566135 0.116209640391461 0.0766499628588129 0.107644926785844 0.0913530852283928
"ufb105" 0.66105369194106 0.620345044437541 0.152221009429697 0.384348696210197 0.103802031010527 0.0719020177670064 0.0815697860627654 0.0650229267252203
"ufb106" 0.649060252237699 0.642580497888476 0.161796067463154 0.301337738136529 0.108640927570805 0.0724144345573699 0.110451201016504 0.0785873806411126
"ufb107" 0.618297628526952 0.693182271605981 0.197010589953498 0.196027287408397 0.135296284696615 0.0635111198209202 0.155786307856731 0.127596310121807
"ufb108" 0.761968121394783 0.725721448309261 0.176649841677803 0.492584367390315 0.126069443767564 0.0767193183077713 0.107914971931558 0.113906068575357
"ufb109" 0.729300990012437 0.692365716270337 0.166756735303102 0.434382241048487 0.117944781555098 0.0735255220147755 0.102816595076531 0.0946053874841921
"ufb110" 0.611684015102881 0.603689769478878 0.150828393552323 0.281614250002226 0.104040367250526 0.0575007594272956 0.0900135720420471 0.0612177871477962
"ufb111" 0.622527792436942 0.602260017462459 0.154145951362486 0.28188645105443 0.105611859411103 0.0602946841631447 0.0970064107787498 0.0658616888791011
"ufb112" 0.615016110591205 0.599619559474026 0.151578864978644 0.255358205922251 0.103736588273565 0.0601236688729532 0.0971866507294676 0.0616290132918945
"ufb113" 0.622604676324944 0.636031421747763 0.165937271635948 0.231500343132145 0.110100145133786 0.0667156791597324 0.121224332542487 0.0830766391646807
"ufb114" 0.672497099413002 0.60196474086661 0.141742238494894 0.405620486200549 0.10064194053453 0.0660644992174342 0.0628688809753165 0.0662029012832862
"ufb115" 0.645278861075822 0.559952344481321 0.150495398218345 0.445659652171291 0.111521633223215 0.0515364301782303 0.0439819139939415 0.0802975833475488
"ufb116" 0.605565959457696 0.626425619834711 0.165846517017452 0.198332827624187 0.109451817003597 0.0544406118319347 0.122142465789332 0.0882524416161911
"ufb117" 0.709877168748646 0.673549207176963 0.173391218050113 0.463801175323772 0.12691826295736 0.0725741707692945 0.0870768179108773 0.0945550769662384
"ufb118" 0.702316463354256 0.665573664223167 0.161015335323055 0.404342748570707 0.110205006208957 0.0714060873204378 0.0964987360416472 0.0919542807768589
"ufb119" 0.774156857203868 0.71682182135625 0.172730827497539 0.498384154625247 0.123065128311042 0.0757213109223549 0.103789189215675 0.109888309574286
"ufb120" 0.638575401816872 0.627717239452361 0.162792467050488 0.325192754056511 0.114095540384253 0.0717619858088526 0.0984400479967429 0.0752701682875431
"ufb121" 0.788235294117647 0.785120461486257 0.168146067458103 0.795054915049516 0.137253547720572 0.0650762550507493 0.0389736649361485 0.119785661749403
"ufb122" 0.690131364310598 0.702641097386201 0.190363171599521 0.374552783730433 0.134117676635317 0.0961172896793265 0.128088814982118 0.126049333726228
"ufb123" 0.64425859612677 0.689937752697058 0.179121775239289 0.300324962826413 0.12519696780174 0.073172674171436 0.123789523894573 0.116155501138707
"ufb124" 0.630935964337443 0.671159233370473 0.172962033902387 0.271695979615768 0.119032779161965 0.0708674463632523 0.119901044266447 0.107805644866383
"ufb125" 0.697809525157136 0.712061449034669 0.192561435062168 0.38610093893316 0.141030008984928 0.0884197182742383 0.118285246336486 0.132868100755603
"ufb126" 0.66695948898813 0.691154081472944 0.17577032284321 0.31172327753982 0.121139722618769 0.0657731506638477 0.120212162952311 0.107226211639667
"ufb127" 0.651202035958428 0.681270931420878 0.186009570096566 0.276898405515329 0.127284196496023 0.0761196487763743 0.1337712939672 0.115057076031431
"ufb128" 0.737447264553876 0.721719599299223 0.193442634560274 0.405065162018523 0.141980180158416 0.0812143571855146 0.119411199585293 0.126509581965537
"ufb129" 0.572688042153363 0.57868260383524 0.15636083333797 0.174096430076668 0.101278223667188 0.0556228466245255 0.104705039659044 0.0754935877311257
"ufb130" 0.694910569200577 0.716321066999591 0.196280465897624 0.378493005613802 0.136944345288028 0.0976689220271024 0.134635089701928 0.131209201088435
"ufb131" 0.732117693719917 0.71410057024365 0.164620047555083 0.506215979595583 0.118085092991804 0.0762420115035591 0.0773181059753495 0.1086389120501
"ufb132" 0.624575478546588 0.574577047334568 0.14237095721069 0.296906797921674 0.0943569094940618 0.0586453185540799 0.0808967454550518 0.0589719453516399
"ufb133" 0.611942651448057 0.562234579321364 0.138586396833914 0.295948778524782 0.0931964303978406 0.055930161861085 0.0723963696280208 0.0600556227557485
"ufb134" 0.617293964698862 0.702305534896641 0.204070134197717 0.172861630348462 0.138166353416574 0.0665337170918729 0.165208829788296 0.132803455419929
"ufb135" 0.610158149211344 0.624726877605735 0.164234732947464 0.199132710322575 0.108322446399366 0.0553102261762035 0.120448333724466 0.0865006538935343
"ufb136" 0.605358885093909 0.582194948731623 0.152645661377819 0.208240574920959 0.099901540224077 0.061862709053695 0.100675856527229 0.0679209474223452
"ufb137" 0.848837209302326 0.729991575400168 0.140583088052268 0.848593564103694 0.119741398510846 0.0586785276025578 0.008511955600565 0.0857489480545135
"ufb138" 0.627960282894269 0.689884331466879 0.179323949468435 0.265143376232486 0.122739547988404 0.0756464002886064 0.124005325912745 0.115919139932266
"ufb139" 0.669915259551286 0.636972452435758 0.163056955983021 0.302123911847592 0.10812659777112 0.062676232078939 0.109489878005861 0.087903242847601
"ufb140" 0.64960325459138 0.649648474953176 0.16928933133292 0.279021668101093 0.111903426830019 0.0654493848505523 0.120402159241576 0.0898575083209249
"ufb141" 0.717647058823529 0.605823511934238 0.147902554596581 0.717436538620152 0.117995783267657 0.0528107677109935 0.0157859934412348 0.072299305342537
"ufb142" 0.80734947367174 0.755886630763788 0.181557226177741 0.571203209804717 0.139053506721315 0.0827222048067977 0.106301538318412 0.123607350231754
"ufb143" 0.598347399011025 0.578201055543697 0.152766723009684 0.242664782720049 0.101949724786918 0.0584204120952265 0.0920956383875498 0.0759116993594454
"ufb144" 0.719515398284877 0.69585569841468 0.175599851276632 0.433427811481189 0.126822346458098 0.0807663703001082 0.116670989042516 0.0996680654361495
"ufb145" 0.711238341845516 0.683541155745916 0.172795473114876 0.427947426165503 0.122774780508536 0.0789948095541926 0.117063263051398 0.090484819131807
"ufb146" 0.713523452030191 0.733462410860523 0.18891925236286 0.383137338391413 0.137447072942428 0.0799425685120097 0.1214025128176 0.136437089710709
"ufb147" 0.67918160678565 0.668684283909913 0.175921358059967 0.442536190240775 0.132402284375953 0.0750496077275907 0.0895259215136292 0.0968111563115291
"ufb148" 0.629638265411848 0.564880636604774 0.144772470814296 0.355860935576277 0.102008731545231 0.0535980603508924 0.0547556793836038 0.0766369738388288
"ufb149" 0.680831091080749 0.631298035866781 0.144256497730924 0.514191202701275 0.108615127931794 0.0729989193226487 0.054775249080412 0.0622341362946988
"ufb150" 0.617780103799969 0.690583915474514 0.194654638783551 0.196027287408397 0.132887625716528 0.0588480237013249 0.153309405657517 0.125604000419043
"ufb151" 0.619176740189776 0.688303516863617 0.193923659707157 0.196047967442519 0.132177701827863 0.0585499641346845 0.153235054018822 0.12498241531996
"ufb152" 0.771254519415093 0.738793116359878 0.18303502944158 0.487731467352188 0.135076904708165 0.0701302411046044 0.0977812967894946 0.135846200095433
"ufb153" 0.756225623359632 0.71657077327639 0.173404208297605 0.475722915310553 0.126239169992379 0.0737167481221357 0.0973986088798033 0.116114447877384
"ufb154" 0.626012625601955 0.604629379072043 0.16624888390846 0.242664782720049 0.11093907966596 0.0643850952847796 0.106543268121172 0.0874215661717751
"ufb155" 0.636307983428651 0.674499655300419 0.176257032194053 0.268294609484955 0.120636707716443 0.0725674047224146 0.125740329277415 0.107988371635231
"ufb156" 0.640645908628122 0.607842627045874 0.1561633932427 0.246904991559059 0.101651453410231 0.0556337530947529 0.106435737604829 0.0794282205274577
"ufb157" 0.643023451816692 0.584945661241421 0.150590408387551 0.267315958458068 0.0993858335539144 0.053362672289765 0.0961281089616033 0.0778916966078497
"ufb158" 0.599582445006101 0.625656601998173 0.163346506549297 0.175429136361908 0.107687653452426 0.0559391108405355 0.120383570128277 0.0862669992903606
"ufb159" 0.612527003011337 0.576320376580514 0.150527955507144 0.211150390999444 0.096921431869304 0.0575638753169611 0.0960217019345241 0.066274138023718
"ufb160" 0.771044242256398 0.712790996234166 0.176090942278977 0.486159176948328 0.123946541999726 0.0770325021506282 0.112987356273538 0.10959509708759
"ufb161" 0.747397943216741 0.695744816586922 0.172625547413254 0.445206440121567 0.120725761067642 0.0783604186845748 0.113488439318648 0.0985466753427119
"ufb162" 0.66968440296112 0.685539403213466 0.178082177521139 0.429939990118403 0.132046166972541 0.0775573540911144 0.0924793868585165 0.0946904980588011
"ufb163" 0.634850122186987 0.6 0.150468128401175 0.276736487870285 0.0985480392934845 0.0599237343230753 0.0931359351530135 0.0709892180397491
"ufb164" 0.599913918054782 0.654274954426338 0.17495778966302 0.18413989259503 0.118384861058762 0.0581239065303933 0.130728331119807 0.10531954217648
"ufb165" 0.647872902013631 0.644189084097051 0.169689508090492 0.264178716266863 0.113534902982378 0.0591116060505669 0.120754927906889 0.0896049557636043
"ufb166" 0.656444713280604 0.627018695590124 0.163288234028839 0.268152817781522 0.111853065421915 0.0579694067896256 0.109636415937659 0.0873162193384419
"ufb167" 0.659398108517598 0.627838350160655 0.164949540082476 0.279776366906966 0.112992028229075 0.059345280115699 0.108574047735378 0.0930977087568352
"ufb168" 0.614704736382713 0.573655193562795 0.152511766297969 0.262503449140517 0.101432073729095 0.0592951235421902 0.0953137466080988 0.0810504020275914
"ufb169" 0.595184270003671 0.578169477548625 0.151629321761262 0.16430258565589 0.0977327179713767 0.0528134843323283 0.103355419232237 0.069373574262245
"ufb170" 0.643128005728657 0.590964865638676 0.150921923505379 0.297959732351074 0.101431500925255 0.0544048373981905 0.0799086137590458 0.0831417503760986
"ufb171" 0.63822156186464 0.614393195943736 0.158216220964388 0.316528712237697 0.109814275514621 0.0588183578440816 0.080413933632712 0.0928076901569153
"ufb172" 0.658950982623808 0.566983399878259 0.139102846502397 0.347935142868922 0.095683804420268 0.0528228941785177 0.0595047004259994 0.0637758325417215
"ufb173" 0.588702262608703 0.668178202068417 0.184016789503618 0.127587133304062 0.120387771718343 0.0500328096669713 0.144551020576763 0.113395506369416
"ufb174" 0.582556887488591 0.650846184236945 0.176280042885715 0.127634570049372 0.11466252227644 0.0484443426757916 0.136299200365944 0.105404326146059
"ufb175" 0.618955822904028 0.689031508737818 0.197445439306765 0.161615640870922 0.132400921894232 0.0582102420623068 0.15863014251688 0.126565074254263
"ufb176" 0.682352941176471 0.528457938839917 0.134045493040426 0.678098153994272 0.102690549609667 0.0458905678553352 -0.000321992713277242 0.0409695496042139
"ufb177" 0.731643906526465 0.71989972354614 0.168624948446496 0.450167677768428 0.120664172182015 0.079299642159529 0.0920677465884767 0.100525292585232
"ufb178" 0.61184377140188 0.57736923527628 0.142537076323752 0.270159596716711 0.0971513083426244 0.0565885460675038 0.0766722789112368 0.0664379365879118
"ufb179" 0.623918086398514 0.589891643875358 0.155415089428489 0.254396282892523 0.103614502962067 0.0576614808466868 0.101269998690241 0.0815568774809197
"ufb180" 0.632827908029023 0.631326427172517 0.165663458815133 0.26629342345977 0.111885997715056 0.0733123090795824 0.114565598123696 0.0853207984869705
"ufb181" 0.613564947454214 0.623511470133353 0.163834892534633 0.208040155263807 0.107445662415379 0.0705188312162109 0.11633485652838 0.0828495318750498
"ufb182" 0.641046112039145 0.581649849019486 0.145098120927452 0.321350160058614 0.0994290310503789 0.0571524869878979 0.0737229071586659 0.0711303887874588
"ufb183" 0.726772961857842 0.695275912068132 0.174187887909493 0.426769496300923 0.123239063255736 0.0770176125052311 0.115170172323229 0.101532016958201
"ufb184" 0.637149391019939 0.597963644336643 0.149531380420933 0.293345808248788 0.102432044701082 0.0547152268871679 0.0783716888777099 0.0762999493926081
"ufb185" 0.764705882352941 0.587613612344113 0.12592726088624 0.761731731736677 0.101159904879632 0.0479424249259668 -0.00960463267397442 0.0514919431104713
"ufb186" 0.635971437114688 0.613322489764044 0.159383423835942 0.247597372722203 0.106510685606479 0.0593809681908203 0.109841451705293 0.0826088835867287
"ufb187" 0.655522330963691 0.622001524896874 0.16535430876899 0.277554546181634 0.112522303828268 0.0673918855047844 0.105620004711794 0.0934814725982132
"ufb188" 0.678517362734856 0.686668679400053 0.17622847523101 0.362401251469104 0.122936702854333 0.0775653719004286 0.123451263010266 0.0930607415286298
"ufb189" 0.631391961038679 0.605884622721676 0.159626811683143 0.263454257385088 0.105574847692778 0.0575855028552682 0.110135320508401 0.0810255019908651
"ufb190" 0.628121521749025 0.572362333980003 0.140690911160068 0.284913043918346 0.0948207986465486 0.0562143609634476 0.0790160748544615 0.0577328809167482
"ufb191" 0.741176470588235 0.707959534262264 0.160397626993247 0.740885532595393 0.128925328257932 0.0595844778617508 0.0309866441615654 0.0923413461123359
"ufb192" 0.702539853176934 0.719877594879542 0.196890582793616 0.390853522767696 0.146867565695813 0.0883424072829163 0.123012631912751 0.141984001766738
"ufb193" 0.696471185217091 0.708188083157883 0.192333847686596 0.383813889623633 0.138745035324361 0.0934631141956943 0.125048133781044 0.133573408643864
"ufb194" 0.635322657612038 0.578772566119239 0.145733896417172 0.33127714409462 0.0997640358699817 0.0587149988378433 0.0742806285615651 0.0766197191225914
"ufb195" 0.626811536754452 0.620382410178988 0.162552020499763 0.234891755370028 0.106352211664552 0.0571318787384208 0.116409930209631 0.0825505197218377
"ufb196" 0.639865349212838 0.581687314288085 0.143072898368678 0.332283703929401 0.0964914389870063 0.0565900662003339 0.0772024197983418 0.0675843650106188
"ufb197" 0.628669429811833 0.601133407718161 0.1512595690431 0.26567222121342 0.099799108256431 0.061592120004761 0.0939275269659426 0.0669687756628969
"ufb198" 0.813953488372093 0.879796397807361 0.216298321926577 0.813653617358392 0.181234392959709 0.0880930559182624 0.0958627490532421 0.190951588280842
"ufb199" 0.686046511627907 0.483501326259947 0.126104302469668 0.685597857508468 0.0973104538696774 0.0443267766625645 -0.00819186137464101 0.0319016921629431
"ufb200" 0.776183576892605 0.632520848992448 0.138228243619459 0.673878679672565 0.105885254349946 0.0645529667341678 0.0323373269411932 0.0660726234022443
"ufb201" 0.724764360745834 0.741972548288926 0.190276088464598 0.432908195942473 0.140377325489624 0.0874882704463412 0.115722417833073 0.142746696234584
"ufb202" 0.71210275426546 0.690310774765833 0.173641710878965 0.395864520164556 0.120347123287464 0.0778208462894117 0.117911178116292 0.0928301891544936
"ufb203" 0.748809884162488 0.68702457417191 0.168034567230076 0.427983894214447 0.118467099890159 0.0685409369040776 0.104297384511964 0.0982295007167044
"ufb204" 0.603311427647572 0.624883663836687 0.164117686580232 0.18647872505673 0.107986665301612 0.0546562516726754 0.121207889640129 0.086134110801936
"ufb205" 0.603312176402056 0.567273164663913 0.147842844148607 0.222270450477903 0.0972533820085172 0.0608467400814238 0.0932179741552078 0.0629764066796552
"ufb206" 0.616451574241609 0.620994378991699 0.163620628447754 0.228776324887375 0.105816498051242 0.0583425468141177 0.117513093070042 0.0848345918564148
"ufb207" 0.595342984867852 0.624940119265904 0.166833928466283 0.184419022134724 0.11381634749243 0.0489087241970995 0.124770943104999 0.0911998343552994
"ufb208" 0.62746153097789 0.618826439759871 0.164213991008253 0.246465660178058 0.109602688143464 0.0596303239758909 0.114958268509932 0.0882346342981465
"ufb209" 0.670336271772394 0.623458859462882 0.163021834684596 0.29559359487267 0.111647257645362 0.0559781882350308 0.102997791930225 0.0943831385950388
"ufb210" 0.740625257884089 0.700830995035614 0.170828128686072 0.451654961652302 0.119257478608323 0.0753693886676478 0.107216935643507 0.102544155343226
"ufb211" 0.719359636647579 0.735681038706516 0.185055089444658 0.45088461894481 0.140852759218585 0.0746310630151825 0.100079301529463 0.142052504953866
"ufb212" 0.78748978592309 0.725439571213805 0.156425095649128 0.668662267528873 0.121835472362759 0.0717120327433294 0.0521877397977089 0.0987641625190441
"ufb213" 0.647058823529412 0.536048125867654 0.142671324913883 0.642471566787649 0.109538200348346 0.05035103101153 0.0096422828452177 0.0511570977380128
"ufb214" 0.701826528997081 0.63509813730078 0.153101381513837 0.362947485874662 0.103301913687455 0.0583540250373004 0.0882250754798468 0.0842604785983091
"ufb215" 0.629278693036012 0.580109010160824 0.145512106371168 0.326451678611228 0.102850595502915 0.0554762923685783 0.0665662208127918 0.0743875659389038
"ufb216" 0.596746467204256 0.654403577716189 0.175348674845136 0.149966670890449 0.116321422291658 0.0542910456354346 0.134738949542493 0.101368239250499
"ufb217" 0.591176115508752 0.640582399318752 0.168402334283483 0.149895742341166 0.111891619758709 0.0513661500763565 0.126991198462475 0.0949749781394449
"ufb218" 0.598581681526666 0.635851559429771 0.167117449208475 0.173254950178253 0.111943595492057 0.0511026078180394 0.125066009707554 0.0928062364485208
"ufb219" 0.786581872973402 0.722001964397095 0.17414819036437 0.504504040567469 0.121564908815389 0.0738392660895303 0.105347521998148 0.117367497747235
"ufb220" 0.623018446809362 0.599800545566539 0.149158991526193 0.337920414964707 0.105595474552664 0.0654974783549534 0.0782525892585569 0.0608823166965692
"ufb221" 0.603091447646238 0.647469305364296 0.172745949589679 0.173331124621064 0.115244259945199 0.0539621533732131 0.131551113129305 0.0973827637615553
"ufb222" 0.614750977485076 0.59140167694985 0.145626198117026 0.306240138128884 0.096976561985069 0.0681168910528344 0.0800897706439163 0.0573740755763516
"ufb223" 0.669311828225377 0.582904159683072 0.141629759184559 0.520749662484934 0.107098729985851 0.0550222288898987 0.0349505864717921 0.0729311902449454
"ufb224" 0.634983763086633 0.596085918383456 0.154006858692734 0.255476863442402 0.0996540147207249 0.0540869426403895 0.102116635458183 0.0811271961057177
"ufb225" 0.623461868738679 0.681656192882682 0.189621331517879 0.218709591097852 0.127388580516551 0.0721341944746302 0.145005618878911 0.12024600589094
"ufb226" 0.609463881619727 0.610554244333751 0.160492046959027 0.209961051496417 0.10628378630938 0.0534020264750277 0.115478143757956 0.0811599251421138
"ufb227" 0.682352941176471 0.506673306772908 0.131059578751125 0.678334433775624 0.103338725325476 0.0454605377504597 -0.0036684631219813 0.042296752735257
"ufb228" 0.631716091163625 0.610968228491869 0.159735918017058 0.247038188470511 0.104906954333845 0.0593322062588764 0.110219664365931 0.0841252953702094
"ufb229" 0.672119676874918 0.668308487296738 0.164704540786665 0.369584679562344 0.114339207104983 0.0760682668613691 0.10479859961888 0.0936385896250688
"ufb230" 0.748582717892068 0.737106304859159 0.171439558994025 0.544594286632338 0.125068610184897 0.0822403714871454 0.0848502950258412 0.116848550646662
"ufb231" 0.808889193851555 0.733568075117371 0.151183006371954 0.707441089332184 0.120574859449907 0.0736048768764953 0.0465857266582752 0.0931538890337503
"ufb232" 0.590778846990531 0.660314481583147 0.179923682061126 0.129108540761892 0.11771436912898 0.048766204833127 0.140118870870065 0.109224280438704
"ufb233" 0.584794399378308 0.644574266492432 0.173281512870042 0.129153066546012 0.112635088470784 0.0472321938914532 0.132912715851142 0.102525991912692
"ufb234" 0.573868198950041 0.634190151821546 0.167742802833097 0.127709937282248 0.109724637124061 0.0444200697398469 0.126758528477207 0.0974218948662797
"ufb235" 0.61709208474043 0.647589808001887 0.176427995352404 0.207992697289477 0.115262771780161 0.0569516137991416 0.1341361002544 0.0973924299378918
"ufb236" 0.675147692092036 0.611095830754773 0.149423989367245 0.418579813507545 0.107700273670181 0.0632626289773596 0.0709174499958098 0.0634160793490498
"ufb237" 0.772001363966368 0.709226779388691 0.174060128571236 0.50405864696667 0.126243086995828 0.0802944222830454 0.110784566359281 0.101878991880202
"ufb238" 0.729984862299159 0.691246245221191 0.171719745462253 0.45707351231811 0.121508208128068 0.0790967941344269 0.112432271527535 0.0952324482808631
"ufb239" 0.635044947306187 0.673374232608981 0.17570054209657 0.268294609484955 0.120948100414497 0.0725925696008341 0.125159233638221 0.108182457821724
"ufb240" 0.660146130877593 0.698550474854691 0.18949433571918 0.288186939469482 0.128660949258876 0.081690061976924 0.134776602114778 0.119583345499759
"ufb241" 0.69538836052076 0.699129024591424 0.185813468023068 0.380901927520499 0.127431279176655 0.0882388644484371 0.123189164549143 0.121618216243321
"ufb242" 0.678571428571429 0.565993561603746 0.143992555777032 0.678334433775624 0.115991596231956 0.0516446108540591 0.00995999703596206 0.0601484420509849
"ufb243" 0.607393791487219 0.565237313375845 0.148919428272274 0.233648243093007 0.0963782037155494 0.0606491863406929 0.0914716163759775 0.0636009594547636
"ufb244" 0.664295961910224 0.691895068731378 0.182038002924529 0.323119696127044 0.126331194881274 0.0819263036629087 0.129664336134904 0.113461337702903
"ufb245" 0.644809663054018 0.613544220630418 0.169567980734208 0.352877930506991 0.124597285627264 0.0678498589870794 0.0825564565176702 0.0946356497818692
"ufb246" 0.60494708400255 0.629404146230174 0.170095495024332 0.184593411854764 0.113747699558608 0.0526607221969686 0.128194414194436 0.0942813049873087
"ufb247" 0.596388409740976 0.624287680364708 0.166623511903308 0.174998578273688 0.112412149392695 0.0471680543400272 0.123828139048436 0.0919588895504597
"ufb248" 0.602115489089488 0.605593090333596 0.161035107496637 0.173212396782555 0.105644876206789 0.0578287280765717 0.117954564369056 0.0844367416933753
"ufb249" 0.759627647560656 0.683085708423806 0.164979983681382 0.522860795828443 0.123896214832517 0.070196052487505 0.0780125987420432 0.0865840330790798
"ufb250" 0.629567071463428 0.590133011129295 0.148488438364855 0.30059514587915 0.100157953747907 0.062001011080627 0.0830464105391367 0.0766094826501239
"ufb251" 0.626306329529612 0.687663873618691 0.186732585778971 0.253292024652747 0.128642521732598 0.0768405381216471 0.14049135856592 0.117721700959489
"ufb252" 0.703364187869769 0.689627536519268 0.184868729741592 0.358182129171131 0.135454398472916 0.0745078628445503 0.109884889861985 0.12595979840536
"ufb253" 0.654045420840543 0.680464769214369 0.178632069336737 0.295045999942094 0.122981335947925 0.079435593875928 0.128270505291755 0.108770777788804
"ufb254" 0.6748959630749 0.643701246301444 0.164560143984401 0.323890278613768 0.108088381080318 0.0729703672119362 0.111074716230586 0.0830728412617066
"ufb255" 0.70296788857307 0.570503432090487 0.132834756505044 0.486102514608688 0.0940587011981486 0.0531226434303355 0.0423754745577122 0.0569783390758877
"ufb256" 0.636329120699673 0.598913131640847 0.145075349403324 0.325592638732591 0.0975021431504686 0.0649389975078989 0.0794844981637136 0.0541512552299617
"ufb257" 0.746987951807229 0.774551488126102 0.162082331588438 0.74661057693444 0.126050529721967 0.0594024495699051 0.0313236747505513 0.0945763914660284
"ufb258" 0.714285714285714 0.760376668495155 0.190276736417451 0.710726899550728 0.15598045983186 0.0717486298842301 0.064341888146395 0.116118357556274
"ufb259" 0.616789934284227 0.690501074521049 0.196983003021714 0.162114926185114 0.132314270611488 0.05789340766322 0.158145340647569 0.127289933915073
"ufb260" 0.607637565323134 0.650058703905784 0.176098871056901 0.184609177218069 0.113879763232064 0.0563612701045478 0.134500894913007 0.0979755779236152
"ufb261" 0.566341815617811 0.575890867461527 0.158431569159022 0.17407101255744 0.102424953416117 0.0590290121093695 0.104533172733402 0.0824775904339592
"ufb262" 0.646006007016564 0.641897653346474 0.173853738586357 0.218479586195796 0.115630427518105 0.0579455893265814 0.132132994432168 0.0949052398916732
"ufb263" 0.608055012756833 0.674537542099052 0.18689907853362 0.195495992744907 0.124086319889322 0.0700533039585435 0.142083999604682 0.117758759875958
"ufb264" 0.598482743866543 0.60946254223011 0.158757500633488 0.18625502453951 0.104307102392041 0.054036346333632 0.1146992777432 0.0801036728224782
"ufb265" 0.643060144708168 0.600541468478799 0.148940133077259 0.264816732490205 0.0952855608211684 0.0553240375031763 0.0914382834103827 0.0680954592526081
"ufb266" 0.7151614439968 0.705644939115103 0.168670250553986 0.426352919946194 0.12024291039331 0.0823010190726309 0.0993275060756075 0.101281800274446
"ufb267" 0.631786383455798 0.674966326606318 0.191039533538975 0.150147879714279 0.12690623811778 0.0457406200087989 0.151913293580572 0.117093358729675
"ufb268" 0.779069767441861 0.760380271390266 0.164963355630562 0.785563431456943 0.135548164520891 0.0638523707826766 0.0366388675650428 0.118156629682551
"ufb269" 0.617336881504544 0.583718112731185 0.152247525637348 0.254396282892523 0.101333847789548 0.0564257656856654 0.0979009373868295 0.0779626141804004
"ufb270" 0.651576135567878 0.688613808023303 0.187655357110258 0.250641865339447 0.125860174105112 0.0798270690558576 0.135576904178456 0.120414311247264
"ufb271" 0.617254833378479 0.584832806800665 0.144923278810723 0.287695561368932 0.0992101909428137 0.0580690872705079 0.0792241803092287 0.0690794216847916
"ufb272" 0.745164214465806 0.691842429074019 0.150131278886787 0.577012572497417 0.1137375501544 0.0750874698366675 0.0612525769161864 0.0818482966135806
"ufb273" 0.650173321302988 0.622580397237563 0.159255170668051 0.383634226616946 0.116090935114978 0.0659136926265498 0.0816560305322055 0.0765766695393102
"ufb274" 0.651162790697674 0.520946385934448 0.141172820642004 0.650888727789285 0.105673572035056 0.045386521527287 0.0091923155096927 0.0359561892689785
"ufb275" 0.60359900899914 0.645819150237353 0.175226376553401 0.140248351953426 0.11460069005276 0.0551371758262273 0.134604972510394 0.0997747716885992
"ufb276" 0.639952776475252 0.600721936442053 0.156210243964709 0.262119459284875 0.105065348294685 0.0584878359465405 0.104491913732347 0.0803661836117598
"ufb277" 0.623203756305129 0.588382435829394 0.146264811099643 0.261851948738507 0.0980434587123384 0.0587536831505426 0.0850855153138165 0.0646370904901155
"ufb278" 0.690367158302613 0.680954069809482 0.171770889228682 0.391104945763204 0.120639969803369 0.0753857251166094 0.11591018525446 0.0918154783007134
"ufb279" 0.664756807161467 0.697812529820209 0.181189552184654 0.31560681451595 0.125168573952934 0.0778827663445838 0.125996681749572 0.114254062740561
"ufb280" 0.631655148847188 0.61934975347428 0.158579435676401 0.320908380044308 0.11144453212917 0.0652326059941601 0.093919985110428 0.0706745443145715
"ufb281" 0.607825209536364 0.698077862012188 0.200544185882841 0.172864756892765 0.135406326036426 0.061139648685263 0.161180595370597 0.130492353370095
"ufb282" 0.625642618433202 0.654189836843116 0.180050133809872 0.173482413709721 0.120344475102179 0.055381710422195 0.140252852084616 0.106065336877469
