0.1589816 0.1521985 0.04844687 NA 0.05632526
NA 0.1321815 NA 0.1976736 NA
0.3011636 NA NA 0.01330285 0.1783706
0.1501498 0.2996547 0.2250513 NA 0.1729759
NA 0.214807 0.05129449 0.08485162 0.06026656
0.160138 -0.06593686 0.09254529 0.2372004 NA
0.2532234 0.08673692 0.01343315 0.07263443 0.1349069
0.1106249 0.2604197 0.09288588 0.08060085 0.1679848
0.02350519 0.1693266 0.225481 0.05735521 0.02340111
0.1266655 0.01917032 0.1181217 0.07660846 0.1565366
0.09231129 0.0651171 0.06168614 0.1597197 0.08076964
0.03818466 0.0146164 0.06520669 0.1622051 0.2668257
0.05754347 0.1309384 0.09473474 0.0916899 0.1354761
0.06196327 0.04585204 0.0908858 0.1054809 0.2062876
-0.01145507 0.1108064 0.08564812 0.09125131 0.1992053
0.1014732 0.07884117 0.1295079 0.1057093 0.05867029
0.02966831 0.09175027 0.01035875 -0.005700014 0.0689176
0.07478811 0.03737626 -0.0002640497 0.009990932 0.06485978
-0.008980086 0.01925491 -0.004981554 0.04745272 0.05788642
0.04570538
