NA 0.2392248 0.1572244 NA NA
0.1246181 0.1323468 NA 0.1316197 -0.04477009
NA NA NA 0.01131726 NA
NA 0.06379498 0.1195996 0.09090534 0.2285377
0.1347906 0.1127362 0.2160053 0.01825152 NA
0.06210489 0.268433 NA 0.3030108 NA
0.1353825 -0.02913623 0.04653518 0.01384559 0.1862094
0.1539573 0.1033875 0.1393044 0.04269506 0.2506495
0.1383093 0.1009596 0.08876833 0.2659054 0.2856325
0.03088612 0.1572907 0.04382156 0.2066149 0.08255511
0.1687951 0.05098505 0.1040601 0.1776268 0.2444411
0.1337142 0.09509505 0.1735 0.0463115 0.06063404
0.01876838 0.2117498 0.02139394 -0.006116811 0.07077409
0.0833432 0.002028935 0.0382974 0.09107074 0.0396766
0.08156545 0.01483373 0.05839387 0.07351141 0.09721462
0.02733415 0.04304804 0.02301669 0.05403865 0.08207972
0.01703889 0.03000342 0.03817381 0.0710433 0.06546876
0.04253842 0.05773039 -0.007670827 -0.007187016 0.04374632
0.07697101 -0.007290629 0.01098717 0.07430388 0.03269822
0.02403742
