NA 0.14897 NA 0.07730284 0.1278419
0.147655 0.07570094 -0.02336837 NA NA
0.2318591 NA NA NA NA
0.2293544 0.09778649 0.1910986 0.1978993 -0.06430864
NA 0.139622 -0.01266609 0.1867799 NA
0.1279851 0.2755328 0.0836742 0.1254529 0.0197265
0.08519137 0.1440353 0.05671744 0.2246782 0.2031003
0.2331177 0.05336603 0.06380008 0.02471232 0.2401968
0.07146414 0.09255792 0.07826459 0.04568083 0.06697743
0.0254737 0.2260008 0.05300333 0.07175824 0.01572479
0.03216837 0.2952319 0.06287889 0.0167062 0.05857121
0.05458576 0.1451098 0.06861441 0.04813784 0.09564331
0.1793967 0.05023773 0.04594698 0.114075 0.1180549
0.04948247 0.02258679 0.07440304 0.0601295 0.09127566
0.04356946 -0.002152234 0.0151892 0.07080296 0.06140194
0.08648382 0.03027539 0.06118511 0.0646963 0.07238821
0.01530797 0.07624078 0.02717485 0.01895818 0.02385994
0.0247346 -0.01067622 0.006874191 -2.049848e-05 0.02472676
0.08439257 0.007239557 0.02340874 -0.003444821 0.002633158
-0.001844911
