NA 0.1099102 0.1246181 0.1099102 0.200011
NA NA NA 0.1351867 NA
0.1251068 NA NA 0.1235203 0.08944328
0.1406513 NA 0.1287362 -0.004900207 0.09820482
0.01996505 0.0883279 0.1621584 0.3058366 0.3167598
0.1925463 0.2371298 0.3429782 0.2631398 0.1604381
0.2093202 0.2762468 -0.03830704 0.1111009 NA
0.2570761 0.01904872 0.0530839 0.1377523 0.187847
0.04445361 0.2407365 0.06513963 0.07426848 0.2672227
0.1228621 0.1186379 0.1709348 0.06489743 0.02937154
0.06089398 0.07521716 0.04053516 0.1333716 0.0582286
0.2639323 0.1195443 0.07766531 0.05312075 0.05487261
0.07497292 0.03741761 0.06577634 0.06427959 0.1747758
0.05286179 0.08061044 0.05554264 0.04216679 0.02909998
0.08014293 0.09278348 0.1037676 0.02570723 0.06454719
0.09312585 0.02140045 0.01432095 0.09072063 0.02580199
0.03227119 0.05988329 0.02841201 0.07516467 0.02736031
0.001687745 0.04365824 0.05188203 3.832696e-05 0.02511205
0.06549383 0.06185821 0.01816753 0.06141105 0.06206802
0.04702408
