NA 0.146576 0.1278466 NA 0.01164506
NA NA 0.1099102 NA NA
NA 0.1217007 NA NA NA
NA NA 0.1978105 0.1604918 0.02143697
0.1230034 0.2210666 0.08845254 0.1416609 0.1991116
0.0551395 0.1944882 -0.01817594 0.1546837 -0.0244936
NA NA -0.06059737 0.06191125 0.2854373
0.2985594 0.05546878 0.06761753 0.1672861 -0.004297851
0.1611659 0.1338593 0.06717889 0.2705871 0.0833694
0.02387457 0.1508053 0.03981602 0.1544496 0.08090958
0.03470869 0.04388298 0.1871311 0.1356182 0.03999079
0.1204531 0.02801696 0.06969675 0.1268151 0.07870807
0.1206831 0.09817737 0.04163905 0.07563578 0.01963024
0.04423158 0.1061681 0.03346999 0.1108443 0.01264416
0.003232576 0.01211741 0.1566532 0.128272 0.1562554
0.1096629 0.06548343 0.04420008 0.08515776 0.03014555
0.04274896 0.01573575 0.02326803 0.0291701 0.0383905
0.01904883 0.02824718 0.02461327 0.04311306 0.05069002
0.001509809 0.06440142 0.05885689 0.01974141 0.02719153
0.09097462
