NA NA NA NA 0.141892
NA NA NA 0.1246181 0.1246181
0.2008895 NA 0.06865448 NA 0.1903021
NA 0.02515428 -0.06322317 0.1261126 0.1570712
0.01390158 0.3759358 0.1158584 0.1595695 0.02958864
0.2671105 NA 0.1286192 0.02536213 0.3046778
0.1705182 0.0649123 0.3087571 0.1985228 0.262511
0.07137911 0.1161855 0.1200293 0.169194 0.1455001
0.1437291 0.1939877 0.02093319 0.05641569 0.01828791
0.2191113 0.1108192 0.03306739 0.1633303 0.1467904
0.03213943 0.09587169 0.1380565 0.05694259 0.0296421
0.07250917 0.06848318 0.1770849 0.1018001 0.1265066
0.1580045 0.1297107 0.1685019 0.145341 0.05299531
0.06733732 0.08846165 0.08256973 0.07798342 -0.004736578
0.07683858 0.1985017 0.003010923 0.08227915 0.1488944
0.01911815 0.09156207 0.06242031 0.1009942 0.1002143
0.05866123 0.02547295 0.01839562 0.03692573 0.08132119
0.04973997 0.031454 0.02044905 0.0148413 0.03398779
0.002981375 0.05325378 0.05510097 0.04305 0.02164817
0.05813194
