0.1251068 NA NA NA NA
0.03160771 0.1246181 NA 0.2623943 NA
NA NA NA NA NA
0.09756056 0.2535827 0.05788502 NA 0.2778565
0.01336017 0.08252299 0.1245964 0.2336275 0.1069697
0.06259127 0.08333124 0.08410714 0.05520087 0.2711286
NA 0.05470101 0.06242424 0.180581 0.1299715
0.009147778 0.2111787 0.06556016 0.1130773 0.1350362
0.07931963 0.1869614 0.2602966 0.08085013 0.04983662
0.03066261 0.1695599 -0.01281076 0.1280884 0.1187377
0.0003841311 0.2789206 0.08336642 0.02482739 0.1394014
0.1713371 0.0937808 0.02901606 0.2135915 0.005801769
0.1356001 0.1367918 0.1156171 0.1053506 0.1217082
0.05014008 0.04249118 0.01227094 0.01636944 0.02468521
0.05428272 0.05627323 0.08033184 0.09897163 0.1042675
0.08524628 0.1271191 0.09240797 0.1492376 0.03546159
0.02559668 0.008451774 0.01092228 0.03593152 0.06407769
0.03714966 0.04707219 0.04293341 0.1123121 0.05483764
0.02474888 -0.001709571 0.07298107 0.01568287 0.0445408
0.03738813
