0.02782862 NA NA 0.1503228 NA
NA NA NA NA 0.1724687
0.1107537 NA NA NA NA
0.1987224 0.2314383 0.06999462 0.1850463 0.07775118
0.1202898 0.1316197 -0.05004925 0.1847514 0.2353872
0.2470881 0.1298132 0.04534058 0.109475 0.2805847
0.142147 0.1008596 0.2932665 0.1638524 0.07699942
0.05429095 0.0538822 0.03445793 0.005089978 0.1164217
0.03617188 0.1250803 0.1754127 0.01917428 -0.01001983
0.1269492 0.1681157 0.1708382 0.05491835 0.1589973
-0.002265949 0.06113264 0.04313928 0.01898721 0.08831719
0.1212879 0.07820317 0.06096178 0.1783062 0.3113288
0.085979 0.01040582 0.1297371 -0.009811097 0.08393561
0.104771 0.0877323 0.03306309 0.05550088 0.1075817
0.04413814 0.1824295 0.01226245 0.2074139 0.0781448
0.06881926 0.1005818 0.133251 0.01396794 0.07828478
0.06416717 0.01391529 0.01630293 0.02522708 0.0207278
0.002415806 0.007440974 0.01306045 0.01734354 0.04805058
0.01638183 0.02815236 -0.01419199 0.04558505 0.01164217
0.06283565
