"quartet" "wQuartet" "cluster" "phylo" "mutual" "shared" "clusterNorm" "wNrqs"
"mb49" 0.637138899893787 0.714155206154866 0.220982291696838 0.119927851684946 0.148393193420604 0.0666827080921675 0.180673754357472 0.145156495191175
"mb50" 0.756330711530619 0.81206291825361 0.249435717409122 0.61425703978128 0.192043607090042 0.121368552642136 0.148474444262163 0.192776494285011
"mb51" 0.7875 0.848077544426494 0.253168641802863 0.787549784255102 0.211132005295821 0.104296876313065 0.124250847546168 0.202753815125889
"mb52" 0.697399704714108 0.764347148944361 0.227998535063426 0.300660620708079 0.15891748226902 0.107015186487543 0.165016369069204 0.154911362483535
"mb53" 0.647835957710432 0.729848834022811 0.236249327991431 0.108419631491574 0.154543906332516 0.0716488245613559 0.197741263150224 0.158365989694685
"mb54" 0.842224218632013 0.856929826457176 0.247992462533721 0.721321952726289 0.200500959249816 0.12408298371832 0.146574801735019 0.202596556961385
"mb55" 0.698634877121327 0.726439664319475 0.221061231054066 0.347852354463305 0.15694921765784 0.103092574761431 0.157448440731263 0.14968550346318
"mb56" 0.658536585365854 0.804932295414404 0.249578231169065 0.500511888997157 0.197066408653783 0.0927696643309247 0.121570052814693 0.176706817521311
"mb57" 0.869962172846055 0.866909656152011 0.210049606076153 0.758875347463055 0.165528859659239 0.102308597029236 0.103790356411103 0.152937823507838
"mb58" 0.714328438088016 0.729447176758311 0.192514696971281 0.539923631486926 0.140587531013572 0.0825258683198191 0.0829698797484777 0.124341867950327
"mb59" 0.739793463474782 0.796760993886807 0.224449449501574 0.601917837940988 0.170751376375703 0.102910960540784 0.120127177866345 0.164339041481893
"mb60" 0.653858932171935 0.695860051749353 0.209554516697334 0.254168524857766 0.152607954959796 0.100103079583971 0.120053503616729 0.125960304619821
"mb61" 0.819277108433735 0.904617005090994 0.264701668522832 0.819142990329447 0.217003717587567 0.108047089697452 0.139205742908926 0.231507945078129
"mb62" 0.716313719210349 0.717209655638082 0.203535802284214 0.43290048766635 0.147294682742518 0.0863172530603332 0.113216094853738 0.144509109042165
"mb63" 0.927710843373494 0.955904211395541 0.263220484866594 0.926814499532338 0.223324087835745 0.111992095413642 0.137471760482465 0.243857987616963
"mb64" 0.683883909621984 0.733345664984277 0.223181157103169 0.444931052423546 0.168080262160557 0.103237999469762 0.134641788069511 0.139796196741173
"mb65" 0.783132530120482 0.835494602484894 0.218894905951261 0.787427906572084 0.176556351687271 0.0854063637282352 0.0855809807279354 0.166756705857556
"mb66" 0.773669306654858 0.807078246255746 0.240789932576892 0.578715736528692 0.185264321682693 0.107302847805628 0.137700059705862 0.181710575652017
"mb67" 0.701981799012182 0.766028541349042 0.224941103545584 0.27648023860288 0.154778509944829 0.0920174085662924 0.166373453691089 0.146971753579551
"mb68" 0.639479850421232 0.713391651500029 0.225881517972681 0.0841679099731129 0.145382323598936 0.0731822712512701 0.186624222071086 0.14922013892652
"mb69" 0.762166444019668 0.81251205865329 0.241971235478973 0.505727299171275 0.180870752116488 0.114496665012594 0.156374035265904 0.180497788934201
"mb70" 0.686746987951807 0.80153452685422 0.228777387945414 0.68641152186632 0.17258208387899 0.0833251761860832 0.0971501403223585 0.162297673833847
"mb71" 0.638014287001667 0.718958404599954 0.224840569733286 0.108050570379439 0.148783729345207 0.0629546250626422 0.185181612073844 0.149717462840567
"mb72" 0.64832597396976 0.726813929071999 0.234784900453927 0.0841817252139734 0.151997231953929 0.0764093008695034 0.19620962566241 0.159246054506318
"mb73" 0.746987951807229 0.759576331926415 0.198589811969756 0.746776418452444 0.160146493494205 0.0774374267496287 0.0618103456798981 0.130826874719966
"mb74" 0.647971358926064 0.72577753978411 0.230308111830309 0.121630954310416 0.152143162944172 0.0629562981713472 0.191266232503421 0.153711969532068
"mb75" 0.628219718935834 0.651079442926323 0.188210039844854 0.108911945246304 0.122441725845585 0.0646497176643907 0.141765538730625 0.106969891762903
"mb76" 0.817073170731707 0.787407476810644 0.169176619236446 0.817006177918543 0.137562165854347 0.0660522104458942 0.0269573865069301 0.10032152946633
"mb77" 0.688972218068373 0.676793326931345 0.188316856913004 0.312514388330546 0.12609723084613 0.0832920607327545 0.126822764324107 0.112649853027779
"mb78" 0.631071958923932 0.618942619688069 0.172398114270885 0.13318691117785 0.114109715336414 0.0631975359980322 0.119534694314542 0.0901002250729956
"mb79" 0.731739784814178 0.741595507346719 0.217725840651822 0.456428137876277 0.154372632998155 0.0838007398820857 0.112190391646768 0.160318948233734
"mb80" 0.650410340650532 0.642673414913163 0.183283593675941 0.169531621351765 0.129160926996449 0.0761042370602919 0.110254155082714 0.093701849435817
"mb81" 0.658445046613644 0.672242228961334 0.19706811361449 0.208090478745658 0.142566446343978 0.0871546001791872 0.117142786979157 0.107421890108623
"mb82" 0.819057259549883 0.778116793418037 0.186653805326774 0.602167454127694 0.141896051740149 0.0826548794612767 0.094810117690497 0.119620038304838
"mb83" 0.62905707685226 0.629840011958575 0.175650698838937 0.121049715727681 0.115734772848784 0.0615423896262803 0.125181114327046 0.0937877617201134
"mb84" 0.642498428888758 0.707636133819019 0.20518981905678 0.17981550844692 0.140678359375054 0.0755080759369993 0.154379025764557 0.121723244714695
"mb85" 0.831325301204819 0.868812260536398 0.201044227902443 0.831204085642281 0.162954387322092 0.0789779856889102 0.0646836653229951 0.150127664252741
"mb86" 0.761852582260535 0.713535753447255 0.177668485214209 0.506052052423396 0.132326267801004 0.084266998831591 0.0961431473479527 0.100960231803152
"mb87" 0.725553805096353 0.771366002430691 0.230306626856296 0.34897071396278 0.16089810566 0.109959262490202 0.161670985736928 0.160141299573145
"mb88" 0.768466587112548 0.758617970795093 0.185548291289819 0.622700383184157 0.143319027060003 0.101933063176435 0.0929679027574854 0.104234298965533
"mb89" 0.737039075628927 0.789084566207123 0.233172413746535 0.421318170720985 0.168863733193441 0.111914498222984 0.15709690032354 0.168518070850633
"mb90" 0.72289156626506 0.798609355246523 0.236975379558102 0.722713647848731 0.190494093293311 0.0925190550454101 0.106747311698643 0.17828590779498
"mb91" 0.746987951807229 0.83081420663059 0.244825561464932 0.746896609066376 0.195573306524365 0.0945073079393199 0.115937311475937 0.190985610948968
"mb92" 0.632815406372575 0.64125023255814 0.182194111952876 0.121028363825587 0.119652597352888 0.0615249558150906 0.13390779628102 0.0996738665386252
"mb93" 0.790338472558036 0.7782613856685 0.216376542191939 0.552562976447245 0.165244904854842 0.100325814488042 0.127724660513231 0.156433505926164
"mb94" 0.699368812854382 0.727893783398545 0.225417349071104 0.371755602594546 0.159952458831789 0.106524376588653 0.156262317089535 0.164443830023624
"mb95" 0.814814814814815 0.804438405797101 0.180511202482206 0.814755932045089 0.148518279198513 0.0699240610257249 0.0387908151167855 0.124304365841661
"mb96" 0.718382203716782 0.748327865159046 0.203270674171104 0.469301611199828 0.148697146815048 0.0955509583400179 0.113303376344759 0.13234510537732
"mb97" 0.746987951807229 0.702078298695022 0.163036415139068 0.746835838474398 0.126512067586343 0.0581607438396357 0.0201889268600648 0.0814895382949481
"mb98" 0.62140296060125 0.635780646222149 0.178996235974104 0.108925527443028 0.117045555636586 0.063617228817472 0.130521105754386 0.0975837026404844
"mb99" 0.630919059265161 0.631368448568815 0.174077033139855 0.148785686291778 0.121950661856164 0.0712939410200004 0.106564229380635 0.084288322922656
"mb100" 0.794994728091791 0.762843507283446 0.174999961450301 0.689586104258096 0.135785585055805 0.0869373139048102 0.0634111407305408 0.102280917261334
"mb101" 0.650602409638554 0.661148897812013 0.180506724880125 0.650347075971728 0.138784581923996 0.0627535026338076 0.0406409551741953 0.0936650608269616
"mb102" 0.831325301204819 0.876581252027246 0.201305484188354 0.831263505664236 0.162594797286126 0.077840095212269 0.0649895111285877 0.148489529616848
"mb103" 0.74263694670396 0.778430225947404 0.229325977133356 0.3852027911447 0.163275641311194 0.106007886973515 0.152868866014293 0.166050333036065
"mb104" 0.773884743816076 0.733803080376629 0.175208207812593 0.664736026716968 0.13544380678629 0.0848086402440932 0.0634645767485687 0.105357179127619
"mb105" 0.638152352268175 0.694072602936058 0.202172066144444 0.143940717500415 0.136597676457914 0.0656879163232905 0.158771267205894 0.129548945478465
"mb106" 0.707317073170732 0.662439791605229 0.166434419693434 0.707137714480143 0.130468979410568 0.0609208503459368 0.023238785228163 0.0785824918169334
"mb107" 0.698795180722892 0.672259161898871 0.175134173333094 0.698532037201108 0.137520048733094 0.0657373795230569 0.0343514515541886 0.0961759716814317
"mb108" 0.688168911979432 0.664104092581554 0.18081739557878 0.352544655056315 0.123504082712965 0.0832310923426267 0.113876710134851 0.106062523712312
"mb109" 0.710843373493976 0.778150826446281 0.22243593714924 0.710713323127875 0.180746482195996 0.0869976160986381 0.0897263720458745 0.163864983484376
"mb110" 0.649221470624671 0.636085443273612 0.178230322177701 0.227632977508516 0.118639339719652 0.0660958657416186 0.125639987403613 0.10505061452878
"mb111" 0.69506350683306 0.672861669862772 0.183274314553585 0.337678688525553 0.120767274743371 0.0757698933140226 0.110166246666871 0.117096646226808
"mb112" 0.754708495183592 0.771762723117387 0.216535499829404 0.567656438563813 0.163987399375635 0.0875820967053369 0.110831230092819 0.16061147610047
"mb113" 0.704222416459409 0.680782988683662 0.185511299207578 0.371814070908995 0.129278144504243 0.0744955625097601 0.104504182324303 0.121444267143084
"mb114" 0.673374588431826 0.648421095969369 0.174862523889951 0.341297179699961 0.120004705988726 0.0776977109365922 0.101095420167976 0.10270194976124
"tnt1" 0.802469135802469 0.731638945991403 0.160729227024781 0.802471390527969 0.129710522361055 0.0617689464776084 0.0146131093713038 0.0933722273772407
"tnt2" 0.774007061169675 0.735140142936972 0.185103469822139 0.554061233857005 0.140395355127093 0.0821930380702244 0.0930847170896554 0.11565205263836
"tnt3" 0.624157392403365 0.623341860504515 0.16690141273603 0.121172787198817 0.112764795239087 0.0628495475081496 0.107841317615052 0.0798349978331123
"tnt4" 0.63014269367348 0.621592899781647 0.168744653111848 0.145496794091016 0.116701262177347 0.0680585433647907 0.105823177424825 0.0807564755812379
"ufb1" 0.677410511368628 0.704467002480248 0.212836861963905 0.497109137924656 0.158980468173895 0.0876297570590119 0.105608076867373 0.131814195744614
"ufb2" 0.60679543092703 0.661879320952379 0.196819624725333 0.14385090431381 0.130956215179908 0.0624458225813497 0.154695995529931 0.124706899961759
"ufb3" 0.682434145866853 0.699722288172786 0.203841146368652 0.288765633368939 0.141235268550913 0.0819604549447499 0.143626835450005 0.12910902927103
"ufb4" 0.662419105183291 0.677300790352416 0.192583269469532 0.252636788391401 0.132198262736501 0.0781308482103287 0.135358501782718 0.114596214641481
"ufb5" 0.689081507568433 0.66996892182644 0.183617462137147 0.334641286393781 0.125713944315777 0.0726878136681 0.102341289676132 0.121973467655078
"ufb6" 0.632082599891911 0.64223440712817 0.178976435002829 0.259882267989022 0.128525841726983 0.0789092084210328 0.105598033927501 0.086308993953164
"ufb7" 0.763009614918184 0.716904583020285 0.178355260971095 0.530782923659647 0.134584919125574 0.0788418292565646 0.0851917931732289 0.108167168007945
"ufb8" 0.72289156626506 0.701394344069128 0.161872544324761 0.722594807804821 0.125744841300245 0.0566128868509062 0.0188264141627499 0.0815301367136341
"ufb9" 0.631183826885019 0.626976583790331 0.176113426791437 0.203702011119928 0.116559955734764 0.0605282097167819 0.125672172124033 0.0926448507141551
"ufb10" 0.628525260883726 0.648051414765511 0.1827691137951 0.262824808178767 0.131015406783295 0.0777137365007216 0.101569478468054 0.0947974187868214
"ufb11" 0.853658536585366 0.823416914577136 0.163522161355295 0.853568857240071 0.133416362215451 0.0634856539298942 0.0200999696873192 0.0938626638477539
"ufb12" 0.73325877659594 0.657681394406161 0.153645793034855 0.624318471999707 0.115151114071097 0.0723772158441987 0.0395419722333746 0.0670875060327015
"ufb13" 0.634494761552466 0.69506768384053 0.200208933850566 0.179797561916481 0.136930746534986 0.0712226145083719 0.146524131714855 0.123279624884798
"ufb14" 0.654320987654321 0.657634056487925 0.17962080694611 0.654005326084389 0.135769297234704 0.0644980049429385 0.0369408011823132 0.0900729878462908
"ufb15" 0.603810616744046 0.652580022719139 0.190839021122502 0.143819517159402 0.126586605032641 0.0633126571246059 0.147675896245949 0.117711716214068
"ufb16" 0.632445485283945 0.619560111265353 0.171220066820652 0.241163478690507 0.117790897920316 0.0684122239421049 0.103450047700452 0.08097883262488
"ufb17" 0.72289156626506 0.669705799417239 0.157777095363344 0.722654227826776 0.122241473794625 0.0566257448589767 0.0140319806719039 0.0788134863363756
"ufb18" 0.706305645935087 0.671926296252255 0.17192677782497 0.395577885755442 0.120779548544302 0.0792965423466458 0.104393708328015 0.0912995927019649
"ufb19" 0.698187292314954 0.733771988495753 0.211470934942632 0.361070022755835 0.14917697197871 0.0924867040976981 0.133242458882872 0.146894167376851
"ufb20" 0.683365680349664 0.666246877280998 0.182257696360793 0.304996891795561 0.120913747248966 0.0773812705955254 0.115341184400692 0.11067756397058
"ufb21" 0.630814680920903 0.621146185747026 0.176019680134943 0.277785353019697 0.124682887136667 0.072946303755107 0.102340714332784 0.0815283561880425
"ufb22" 0.716049382716049 0.608610217934977 0.156321510307516 0.715911844460579 0.121615526466522 0.0567629468845061 0.00943801402585204 0.0770961426203527
"ufb23" 0.629488003054851 0.699082462756658 0.206467651026076 0.131144184374065 0.137600140588901 0.0736056229806944 0.16224324174037 0.125542822863588
"ufb24" 0.637739045646047 0.700490007157408 0.213023806422699 0.447880659252989 0.16051520549443 0.0914864134245506 0.106808232835347 0.122750418569523
"ufb25" 0.611226783370313 0.623524816561114 0.179659341037234 0.291631065575315 0.123128965512717 0.0658751629678326 0.0976774718273978 0.0927026868330336
"ufb26" 0.587151121239937 0.570071308288809 0.160053529556415 0.254624267656856 0.105978979884353 0.0584818386754152 0.0847065571475431 0.0759928056058396
"ufb27" 0.586640716478919 0.589679934151395 0.16395617074164 0.156986704639029 0.109619832236783 0.0543678004732253 0.114519109510847 0.0881677137999849
"ufb28" 0.635937113178856 0.709898564495005 0.222047948769358 0.0963128724486687 0.144431611484796 0.0663311815598568 0.182963476049752 0.143624257650058
"ufb29" 0.620466491420553 0.622124036855434 0.167768049316803 0.197656500207588 0.115496397993002 0.0656180345555403 0.104772650072865 0.0795005905911082
"ufb30" 0.702673020918168 0.759691198692357 0.221162662506672 0.324834903327943 0.153595895163929 0.098370603810641 0.151711629339759 0.153413221794628
"ufb31" 0.595687093824793 0.612053199891861 0.175956270221681 0.107615075441124 0.109370435092509 0.0425973309968658 0.1327066477631 0.0968129082000512
"ufb32" 0.634609236419575 0.717883972830233 0.225075861495499 0.0974591847268261 0.146697882204729 0.0524686072838643 0.185767542943781 0.14958367623848
"ufb33" 0.655732713855502 0.627047477744807 0.161301815143536 0.422274514756103 0.113133850157916 0.0687526299768902 0.0659819850343465 0.085637767886999
"ufb34" 0.636523215073422 0.692319406426878 0.202027630830254 0.132064636439344 0.134505751718292 0.058973985849906 0.15947414872034 0.130560399037701
"ufb35" 0.643571065465084 0.607231539969506 0.169728413630495 0.239261821812029 0.112161355606189 0.0657818759977693 0.110874347586663 0.0895382031859371
"ufb36" 0.616217965323023 0.620166384756119 0.170079061283857 0.253442102900326 0.117943828342715 0.0676585424682467 0.0959742896461664 0.0823883418997916
"ufb37" 0.735199648802001 0.692637672349479 0.17533044268066 0.431506869410425 0.124320636845031 0.0807643219214142 0.10182864422018 0.0972866350749179
"ufb38" 0.699429281639813 0.76991207052967 0.225093412564689 0.36094784289453 0.159548741250658 0.108123972171337 0.155992895018315 0.155809154344623
"ufb39" 0.724671452695528 0.695226478538933 0.160566010332603 0.614118197623414 0.119925188660624 0.0733316354006708 0.047650532890616 0.0756991993108821
"ufb40" 0.693778315953512 0.702255422647234 0.206090137879805 0.288975081750712 0.143691367233513 0.0811029590028367 0.146045920496498 0.131454205753394
"ufb41" 0.646341463414634 0.527751104282696 0.148155283210885 0.646159821061193 0.109835414858722 0.0504408968059833 0.00209829210083796 0.0438085676126234
"ufb42" 0.636216449985034 0.604564012248084 0.168963890994995 0.265086280439022 0.115848061267981 0.0637940380397467 0.100936131766673 0.102921038897123
"ufb43" 0.617797518886844 0.672091332234479 0.19489045953006 0.132355474134705 0.12944452844317 0.0652692186110788 0.15004643948991 0.11765487440109
"ufb44" 0.660025887252252 0.722314894465846 0.208765995739355 0.199384438939286 0.143435435625178 0.0747481793990276 0.155737655092478 0.128964729369714
"ufb45" 0.635092733719311 0.70783772377582 0.215941329817041 0.1242675117737 0.144966599271501 0.0660776032534892 0.174821863016207 0.142529404541787
"ufb46" 0.635110145158641 0.710337047119243 0.218217608392941 0.111958700552568 0.14522547347517 0.0629525826992443 0.177782623803106 0.145617855487714
"ufb47" 0.795543927518372 0.772241561979718 0.178073942076243 0.74104351393486 0.144503635815538 0.0925867789006469 0.0668491031709574 0.107129157339311
"ufb48" 0.604938271604938 0.718241551939925 0.216294715924694 0.600061078942864 0.164216831871207 0.0749795477249004 0.0813466367946296 0.114176761729807
"ufb49" 0.582859390670922 0.555223012908157 0.150268283297218 0.229983098611564 0.0959926835789165 0.0541337780119175 0.0806004995010158 0.0664302625744541
"ufb50" 0.72289156626506 0.716484517304189 0.167588914545018 0.722654227826776 0.13085751478175 0.0588494022866298 0.025518417185685 0.0895035267047025
"ufb51" 0.752557122232835 0.731666407827302 0.176330943261558 0.667156226016875 0.13943852059208 0.0873971584283776 0.0644941646278588 0.101776246232872
"ufb52" 0.795180722891566 0.793994622049597 0.190779754000056 0.795020799703779 0.155838813607211 0.0731689950069649 0.052667317931746 0.133643227744846
"ufb53" 0.690601876683167 0.637870884141277 0.155266865652831 0.560664856764164 0.113838472271588 0.0684310198432424 0.0413916788760453 0.0687889849059272
"ufb54" 0.6750228080876 0.655317882792184 0.166403065308977 0.363922272921058 0.117854925819102 0.0756342911547605 0.103384459391933 0.0835838518429095
"ufb55" 0.629600880142238 0.669509267727393 0.188276719939831 0.156512981979944 0.127005419305079 0.0693731404776148 0.138603467849574 0.114493998544381
"ufb56" 0.668573404107218 0.687680700795443 0.199189828915907 0.252721970469921 0.138010364284918 0.0787708021798588 0.138623734086295 0.125786091506762
"ufb57" 0.728395061728395 0.663960594727721 0.167849793842137 0.724930270454453 0.135478113148474 0.0619588819259824 0.0244532400970155 0.0893285300175213
"ufb58" 0.694899758212733 0.647798543918812 0.173332478978613 0.499756073323281 0.1252590964575 0.0697233765915435 0.0618926472365275 0.0936909301521893
"ufb59" 0.70764059254706 0.772653296071018 0.223927706170082 0.385119018137688 0.161074430571202 0.103069350783105 0.146935042806303 0.160696680276922
"ufb60" 0.697684603088505 0.664346493148971 0.172169404291697 0.399462259174789 0.119114968096259 0.0667957893390935 0.0778231810696732 0.105768615415784
"ufb61" 0.637222233533293 0.700460589809234 0.201457394863869 0.157646697020876 0.138885014085188 0.0725066633967812 0.152503240698268 0.118672987759715
"ufb62" 0.68274376115885 0.657027045113429 0.177178282925177 0.355015832806754 0.123717100045679 0.0721215058497158 0.095435535669621 0.110853459793933
"ufb63" 0.734939759036145 0.79607982893799 0.214923860882325 0.734655903117655 0.170734356191432 0.08034135035143 0.0809321835749172 0.160785406190062
"ufb64" 0.655867066291159 0.649400057562715 0.177726540223493 0.264289223864645 0.118188976178263 0.0713989472652874 0.119391133529779 0.101812893389404
"ufb65" 0.636502642476301 0.630501316289612 0.169443126729575 0.228014060297143 0.11109504033743 0.0584031903192997 0.113713090749308 0.0927329478156398
"ufb66" 0.720900743161588 0.74968251728517 0.220114172036477 0.409361862047638 0.158403013435724 0.0930944582039582 0.132048855146147 0.160633566961897
"ufb67" 0.627699449930247 0.626924868233325 0.175673976569199 0.192163909587239 0.116839438044409 0.0634987376056331 0.125122188665231 0.101641243587696
"ufb68" 0.623378649811539 0.613090473771028 0.167690893022005 0.250482213933459 0.117748315948475 0.0703302701047416 0.0933728785856081 0.0812549042919171
"ufb69" 0.662132691716677 0.674197078604348 0.189924527214056 0.252561172017157 0.131789222236982 0.0771751413960619 0.13559820100849 0.110369715049157
"ufb70" 0.675374093148223 0.646205821572403 0.171625195616773 0.357737283491816 0.116058882248972 0.0804990956382461 0.097460971157476 0.0967964148506578
"ufb71" 0.62327221723475 0.693531655735511 0.205948885768458 0.121325140591119 0.138475704617163 0.0620284526695254 0.164284840465454 0.130649584832139
"ufb72" 0.630397011868329 0.620452942229335 0.169043151447718 0.253943090576036 0.120471557228718 0.0709275292349548 0.101118866859819 0.0796636397569275
"ufb73" 0.627722171543264 0.673874399604974 0.191893728660214 0.143885060700827 0.128238342286856 0.0623761389068042 0.146890925353871 0.120532744544882
"ufb74" 0.625102090519499 0.69091199216791 0.206529099287991 0.119905595117534 0.137374794556303 0.0611975738404823 0.164895158619319 0.133176386325629
"ufb75" 0.637608872001797 0.614317299882682 0.170908467485131 0.242315754639678 0.11290633182567 0.0674071659328461 0.115311243560876 0.0883828678367855
"ufb76" 0.710843373493976 0.61333585190782 0.149317516482877 0.707137714480143 0.115531466684854 0.053994856945886 0.00412857601833223 0.0612931905218194
"ufb77" 0.675 0.556763613300716 0.147024735468446 0.674883970892562 0.112625053802125 0.0516752210944406 0.000317651385332018 0.0548111891151922
"ufb78" 0.630781062651991 0.692173746758981 0.211969424671505 0.107589332284289 0.135428036102749 0.0635731750515908 0.171664563844994 0.134424592389087
"ufb79" 0.674834222143896 0.686304016083713 0.196117966608708 0.288664306968393 0.134844920672522 0.0811356650330128 0.139143716671878 0.119865518119579
"ufb80" 0.655523634793706 0.627667551197307 0.165100688418784 0.309135996718161 0.108934578620753 0.0712462673928374 0.0965163180756716 0.0906939282950348
"ufb81" 0.655446194349871 0.709512982177431 0.204150514328025 0.17880379422176 0.134232984112247 0.0772154424250411 0.155405013491026 0.123320391660337
"ufb82" 0.592183269760944 0.576496364625926 0.159855385079138 0.254532864837193 0.105441876465165 0.0553195029277263 0.0844906382203605 0.0769331150376755
"ufb83" 0.644498166452573 0.717319539533019 0.222483960971689 0.132053773258525 0.149381036428963 0.0656677018865614 0.182704433732046 0.145307912552946
"ufb84" 0.658536585365854 0.555765783708425 0.147173330129526 0.658367428109904 0.111378649270072 0.0505254783990009 0.000668893086800528 0.0476205756971039
"ufb85" 0.637213458553854 0.618305372395181 0.172685495622943 0.247569137222295 0.123069347249718 0.0691437014946284 0.0987083925222159 0.0822609038190924
"ufb86" 0.728132690127238 0.717743564876551 0.196680142989884 0.433469226969468 0.148591313207756 0.0801067137600306 0.105424049912138 0.140429913765234
"ufb87" 0.596817507768216 0.620956669023797 0.173749894025852 0.167785429226218 0.117655110891508 0.0628903632565766 0.127735431651368 0.0989043449591039
"ufb88" 0.582992273511018 0.59324329148569 0.16097510900452 0.179520095794469 0.10934875421261 0.0600034426719814 0.107351787688007 0.0845562266835404
"ufb89" 0.654217071522915 0.646089090577447 0.18351642969036 0.236406947738591 0.120654234543465 0.0759347732182791 0.128730706743442 0.110938510688437
"ufb90" 0.621113857253993 0.660871956249427 0.188427026494555 0.155502320323245 0.125088069410262 0.0667611761195541 0.141997002569697 0.110670729425004
"ufb91" 0.617283950617284 0.57860952897568 0.169914415004304 0.617177978518807 0.125463314324386 0.0569214454228993 0.0258769660423617 0.0716926032561481
"ufb92" 0.702176550349079 0.657638305158619 0.169803088871939 0.553013693586407 0.124729522734268 0.0727921455907403 0.057126592411885 0.0955246489959168
"ufb93" 0.698221652628821 0.686519308230296 0.176297461372166 0.437289028483862 0.129521658877147 0.0865293023582392 0.0941948739225718 0.0964560096740369
"ufb94" 0.686746987951807 0.708635239962493 0.181305889011652 0.686470941888274 0.140404145388777 0.0642822887278077 0.0415765154297308 0.0972204435957729
"ufb95" 0.629424600848617 0.699009056306602 0.201189750307775 0.14562816830788 0.136916764196047 0.0731586263343144 0.153977282271264 0.119600141200115
"ufb96" 0.623629839434128 0.693824709382281 0.200764596467665 0.120903705637421 0.135259772465467 0.0698887309328488 0.15498283850259 0.120736040999169
"ufb97" 0.626805275973985 0.659300395030629 0.196542638074502 0.402079731407629 0.140564691789871 0.0812187472438665 0.0881026557136947 0.115839851286071
"ufb98" 0.699002390923271 0.680625149129086 0.165506274625974 0.565865814343534 0.123097084596675 0.0713644840730666 0.0532553310344647 0.089379428790487
"ufb99" 0.652213611913167 0.687835016645038 0.206495857017837 0.465619815665326 0.156614510097512 0.0802407469822506 0.0991652244442202 0.115545036033295
"ufb100" 0.694662393460524 0.65409429280397 0.153844691027945 0.45383871085074 0.109756067225812 0.0749242082527738 0.0698621974116225 0.0680393418193721
"ufb101" 0.677601936490938 0.661496810146928 0.172169167961528 0.32389180638888 0.119651366751141 0.0731247746897304 0.113545602456438 0.0884180880418135
"ufb102" 0.661371604905273 0.664968836422174 0.174630240499736 0.299804618969262 0.119388825679876 0.0744539029589418 0.119333386458508 0.0889814081879802
"ufb103" 0.693148075275866 0.669973497600458 0.182063552131954 0.317180630405976 0.118442158190437 0.0773753682549715 0.115203613325248 0.110961609344541
"ufb104" 0.607365146312245 0.655630994860379 0.19249965484577 0.119435454514219 0.124038355701528 0.0630674166969816 0.149425113258134 0.111980392813169
"ufb105" 0.609931836501751 0.643551859196617 0.186690884889902 0.110987881796994 0.117907261346075 0.0589031077383628 0.142433593559087 0.105226955817523
"ufb106" 0.616142145129798 0.609957420490497 0.165437614160924 0.216810896292333 0.111963284624872 0.0652231900123534 0.106263922246279 0.0775435381871685
"ufb107" 0.609756097560976 0.524470348783421 0.156545488139089 0.609561015348724 0.116605556614409 0.0518028601895825 0.0111600051942019 0.0509217759757601
"ufb108" 0.714465430031921 0.681127948009644 0.170535150137231 0.506023384592461 0.126876504875142 0.0814586296681376 0.0762776468909117 0.0946685456209021
"ufb109" 0.620169821122505 0.685212507281984 0.196107276940704 0.133156877836055 0.132911228423736 0.0716547650812358 0.15008010906354 0.115134623941775
"ufb110" 0.625636240227134 0.685674896870014 0.210260341570162 0.0721065217404598 0.137471878255318 0.0566707466505844 0.170579601324407 0.136929256820238
"ufb111" 0.629570950316242 0.69911811599885 0.216730385399848 0.0836742951205327 0.14118092382052 0.0536631067340146 0.177425061304686 0.14399275020499
"ufb112" 0.644561068967932 0.714000556715091 0.224301820399797 0.108908197115141 0.146788436248654 0.0589973154269517 0.185333563962338 0.150387684056676
"ufb113" 0.649211715790608 0.625792440684799 0.179805418208723 0.275609829180308 0.123182361432152 0.0707443044281502 0.106580082863035 0.120590223212393
"ufb114" 0.619193789765258 0.62312102897877 0.166749290974883 0.191391575618219 0.111284660610377 0.0598489518573921 0.110873160972455 0.0796379441932539
"ufb115" 0.619926639745306 0.617803920405305 0.172691963223927 0.192517188263972 0.111216558118358 0.0601358564058657 0.122039725772262 0.0906540877080092
"ufb116" 0.775294657595225 0.731912498478763 0.18135804278543 0.517866821217294 0.131746231573194 0.073102868149206 0.0889163535062747 0.1160140582414
"ufb117" 0.722466091696087 0.681086588779962 0.170262779135189 0.457515349292613 0.1205137888449 0.0751331023351861 0.0879461199343095 0.094225806275277
"ufb118" 0.628131199731761 0.612246285122714 0.168784274748585 0.253363799195473 0.116920388793748 0.0646341041936622 0.100815078900417 0.0759638700333479
"ufb119" 0.627155267483395 0.687347723206106 0.194272394897793 0.145537798611512 0.1342772974738 0.0679307805280991 0.144885920612312 0.112400470170501
"ufb120" 0.624411438033684 0.67984987641838 0.19234185685144 0.145125582829421 0.132572290664961 0.0708478771052128 0.144607716788843 0.111250675153773
"ufb121" 0.712030982718753 0.672912125645696 0.186411645125251 0.383730071916438 0.128457971420195 0.0687026777132992 0.0942139617959163 0.128489399490912
"ufb122" 0.69906098030029 0.659005300996273 0.180564285324268 0.357077156171755 0.120234960289884 0.073875360329635 0.0990319557316295 0.122640373600624
"ufb123" 0.686735225260965 0.662558903769841 0.181359284685202 0.32807776422823 0.12234701724579 0.0824252018928563 0.114365395401418 0.112108372734213
"ufb124" 0.632742190342532 0.720817393683592 0.228140712544931 0.0846643683290993 0.149485394516784 0.0710395406384999 0.189364564510989 0.156979394888815
"ufb125" 0.677652424625324 0.661405193644394 0.180774021892045 0.342832649091081 0.126998576229185 0.0724098645303079 0.0992440854672793 0.112787877096883
"ufb126" 0.634221844047898 0.69322729217527 0.208862891769338 0.459937107738741 0.157717318535451 0.0884166468607456 0.102085733295223 0.125974150494417
"ufb127" 0.608368916276023 0.613159818405663 0.176598688711552 0.24360064237128 0.123719419471361 0.0646026641207689 0.0941343524896276 0.0889539876834401
"ufb128" 0.609077515514115 0.587114924680517 0.168996672511626 0.156124324025968 0.106310637407885 0.0560681246874159 0.118006909427807 0.0917899874582984
"ufb129" 0.649430296694351 0.608003060443764 0.161497902547635 0.373628064784982 0.114416673200385 0.0621001243172712 0.0662003581884132 0.0877565332691832
"ufb130" 0.5 0.584140887066716 0.203637640044492 0.499788820125869 0.154347054081265 0.0653622511029519 0.0677928401705442 0.0795122561545772
"ufb131" 0.614241170857099 0.687829359568759 0.20779964670529 0.0607191502081111 0.138416090233831 0.0510153733279097 0.167851213644791 0.139107630235225
"ufb132" 0.617195759279009 0.698777695425881 0.213610467034039 0.0607160664763842 0.140840654440044 0.0469879022098452 0.174099175375649 0.145129457691468
"ufb133" 0.630328718342907 0.710759025765207 0.219683133957148 0.0857031297624246 0.145075415473649 0.0519789146396476 0.180525982007124 0.149961467468715
"ufb134" 0.621951219512195 0.673026757099202 0.203061990280616 0.621804748788376 0.156186831814814 0.0709147668226381 0.0666056856765647 0.101463759392188
"ufb135" 0.629912786305053 0.706469332437813 0.220453609568288 0.0846643683290993 0.142472593224616 0.0506787174484957 0.181292392263946 0.147230913925289
"ufb136" 0.750079529495735 0.755846118382296 0.223106253870277 0.431530345562594 0.159529205699817 0.0973645226627126 0.1352157092821 0.168835348878883
"ufb137" 0.710427957601598 0.732556444559619 0.221480200419184 0.407832876454876 0.158553132803317 0.104305563431149 0.144131385312084 0.164416366771903
"ufb138" 0.613917906370092 0.67150185155236 0.192176817154752 0.109735601371987 0.128937700125693 0.0558012838194927 0.148199931638082 0.115883686770656
"ufb139" 0.615042693845746 0.676666580937195 0.195035520386536 0.109458460656173 0.131243158241795 0.058035523823708 0.152082381618422 0.119733546373137
"ufb140" 0.626610645882628 0.662532947175429 0.188606054939496 0.168334399592279 0.127656442335956 0.0660801568881505 0.140700071085797 0.109871680573934
"ufb141" 0.652190030194624 0.638720388225528 0.179948523881194 0.41197825491771 0.134055231941501 0.0761026588117121 0.0869574740627691 0.0867206568265385
"ufb142" 0.723779408660257 0.681983747511851 0.176878087963223 0.371471524255688 0.120714980835461 0.0782170527837536 0.109748819920915 0.0955343820408781
"ufb143" 0.631325966526386 0.677120965733456 0.195940354217192 0.155566378719071 0.131302023280661 0.068334854486609 0.151178057296166 0.118022473893946
"ufb144" 0.657908246205067 0.597616345062429 0.16780622927546 0.487309465008616 0.124518918083923 0.0674843333161771 0.0558646613829786 0.0886318662180347
"ufb145" 0.630675730849521 0.631865589037959 0.17805204285041 0.211473826601922 0.116582704194724 0.0690890015273126 0.125521928680372 0.1049581840634
"ufb146" 0.617076484324385 0.618759716704094 0.179229737890264 0.265301802860905 0.124281633723477 0.0701194550502945 0.0976218018923059 0.0927825137778994
"ufb147" 0.62022486991441 0.653174746743849 0.185288636489888 0.168371839399087 0.12475814876805 0.0653824192306441 0.135409551637052 0.10726751484377
"ufb148" 0.615414131400752 0.603188631428622 0.157545646241882 0.179160511343028 0.103689262480956 0.0537124197309515 0.101052338187246 0.0697124380817963
"ufb149" 0.757425623520515 0.663051476469271 0.152590298852973 0.658944454620838 0.117501347040762 0.0711075037618572 0.037934693417304 0.0800773275697692
"ufb150" 0.64351340705142 0.602640447600039 0.17276381013277 0.253108947436191 0.112365239454152 0.0642368709621896 0.110131256327011 0.0919785696860136
"ufb151" 0.722167627411131 0.684037981009495 0.165446744381833 0.475192001473057 0.121841736321217 0.0728215147477263 0.0825582063870657 0.0834942527179211
"ufb152" 0.643619556197965 0.604126133525424 0.169480342014982 0.234730952723961 0.111903350675222 0.0659027637789002 0.110593295097271 0.0869774817947155
"ufb153" 0.738816732454739 0.690365999460064 0.176289451696114 0.445532738105194 0.124734611561805 0.0754332892106066 0.0945706872730488 0.101179441160742
"ufb154" 0.618380544760862 0.607920384984917 0.165168262251297 0.228913224881712 0.113027596630684 0.0644209273614171 0.10196062654366 0.076882412999363
"ufb155" 0.618658696901949 0.671951790935889 0.199506744450078 0.119471731715046 0.127533148844057 0.0617980730537316 0.158103424757733 0.122062224321848
"ufb156" 0.831325301204819 0.82306178669815 0.183545513709894 0.831204085642281 0.150760238291803 0.0725399776619643 0.0441983846707682 0.132374831003132
"ufb157" 0.671399736945997 0.653190972060566 0.177939188291438 0.308326110875776 0.118374104815394 0.0785042292795835 0.110722265819119 0.105685128463505
"ufb158" 0.599447940206941 0.5995455191024 0.154638223296524 0.322546688251017 0.108973755508545 0.0635669939148595 0.0703357394227968 0.0826324113989007
"ufb159" 0.653697162234209 0.712148197759016 0.206447758044081 0.199421652529839 0.142188872303023 0.0769811211740743 0.150247672303024 0.13422236065224
"ufb160" 0.638651445673912 0.703600653953793 0.21863092276848 0.107603657699888 0.139752583079944 0.0646997467184334 0.179005932814873 0.14182930154038
"ufb161" 0.6 0.621623874624875 0.175162847699468 0.599691242853156 0.130604698144834 0.0584599945030034 0.0332953651483913 0.0800084168648209
"ufb162" 0.609149330539039 0.609866145285005 0.17733205015701 0.279539566616002 0.123954434644781 0.0636058428758082 0.0951175999401607 0.0923084623467485
"ufb163" 0.560975609756098 0.649692268780035 0.199917646698543 0.560673452344641 0.142850617594327 0.0678816422746625 0.0620081830645447 0.0846574918399859
"ufb164" 0.684931006938091 0.647177524209738 0.161920657203902 0.420258149626435 0.117878324141476 0.0775516845690544 0.0935178920879127 0.0802070947478034
"ufb165" 0.631507430581225 0.686706474951209 0.196143160411882 0.155894745192455 0.134120816661787 0.064023484122866 0.146893786515268 0.113836419176665
"ufb166" 0.629497682847591 0.688029960879107 0.199179760644008 0.122331043069633 0.135038760402047 0.0726584592191461 0.153303111774063 0.118702426572368
"ufb167" 0.638995273737258 0.71358433031665 0.220097806151673 0.112000055426615 0.145896605207331 0.0577127940680347 0.18020912399415 0.1465443268637
"ufb168" 0.618885446367122 0.620287568317569 0.172530812045037 0.203567798104174 0.113069649731405 0.0623956016971116 0.121870217011283 0.0903119034146265
"ufb169" 0.698795180722892 0.761818313847941 0.204323473170631 0.698472617179153 0.161046268697991 0.0748330955920853 0.068522590795298 0.137346763749842
"ufb170" 0.609756097560976 0.556185926147109 0.158567549529625 0.609536999915059 0.117828365194362 0.0517607709145136 0.0140204899443916 0.0502607595891379
"ufb171" 0.628685753509165 0.635249836770749 0.18173347115023 0.301450777313327 0.131006394119336 0.0698977527233378 0.0999588829788135 0.0920303060801359
"ufb172" 0.623545329731312 0.600593599425074 0.165405357499996 0.216718911785456 0.106837381753342 0.0568609768826003 0.109433110221141 0.0830363995476453
"ufb173" 0.635560293510084 0.700823499850661 0.204457990392318 0.148128948668201 0.135308315818278 0.0740760908637762 0.158929950352349 0.124881418194371
"ufb174" 0.6375 0.663830511358802 0.180541458735445 0.637350647234696 0.134101442974458 0.0617854178572457 0.0395990678890359 0.0819412226899373
"ufb175" 0.677135540461139 0.720355983076411 0.204498791861528 0.240555662354514 0.140446358003388 0.0730448965308991 0.148160678577009 0.123236084913679
"ufb176" 0.686390083449554 0.647770528403142 0.173991664614719 0.368507730992927 0.120026202028037 0.0799126855393677 0.100183671078001 0.105915383310163
"ufb177" 0.623957764524592 0.697064595549318 0.207205544090937 0.121325140591119 0.140396456154305 0.0628408354727351 0.165608407873857 0.133212996004916
"ufb178" 0.575 0.456987191741541 0.150460739621523 0.574853011117064 0.107716878550598 0.0474717818927499 0.00434462947535183 0.0349290051243213
"ufb179" 0.672126891930748 0.728418966720335 0.205783384023 0.206924976330409 0.141160542956418 0.0762510266547962 0.149495115137827 0.125667004739568
"ufb180" 0.615691294200745 0.671127904407593 0.190766188284952 0.124409782238968 0.127801744944316 0.0564905646785216 0.14571554049122 0.116958800687908
"ufb181" 0.615186216280783 0.674029532150874 0.192809860809787 0.124424120060896 0.129600937030591 0.0591241121916518 0.14889809329669 0.119853457437291
"ufb182" 0.621855966177866 0.689089305268281 0.20216184640456 0.11491464789192 0.135833055299286 0.0620564977173746 0.159615960344199 0.129596759886945
"ufb183" 0.616623786862483 0.602678869107155 0.164932757514299 0.229018065985465 0.11265757710687 0.0644133161262295 0.101707291030771 0.0752138215644796
"ufb184" 0.624726443181334 0.687793055326149 0.210623055256706 0.107589332284289 0.133493253253002 0.0650800686793806 0.170249332594649 0.133908031265167
"ufb185" 0.698795180722892 0.660471354665645 0.159748779960877 0.698591457223063 0.120007256839685 0.0541831021395433 0.0163401795426152 0.0706898152765856
"ufb186" 0.737500271610357 0.684268031162627 0.174462652589016 0.431597956154149 0.124938489205159 0.0788377133803515 0.100883509049096 0.0939288869690633
"ufb187" 0.621951219512195 0.568767767865895 0.157714523922732 0.621804748788376 0.115863154922786 0.0528127864717823 0.0130209257256842 0.0438137529736343
"ufb188" 0.63167911555189 0.634994552589207 0.181368296156334 0.262824808178767 0.12716281128077 0.071848970105186 0.0999729937468024 0.0955771079268469
"ufb189" 0.656238859984863 0.688517168107403 0.198734283037106 0.216083982805083 0.134668377195389 0.0785593523092634 0.141876726510981 0.124627946159831
"ufb190" 0.749936012061495 0.714077936333699 0.199873983214095 0.468997779190235 0.143843834435908 0.0658212809714084 0.0920121083784686 0.150203597881354
"ufb191" 0.595435557885694 0.605891192145077 0.177085369624344 0.264922677640986 0.125736773441775 0.0644723094964843 0.0948462670500325 0.0914097039592211
"ufb192" 0.698795180722892 0.754597963216294 0.196577333028295 0.698591457223063 0.153917167295066 0.0729047390296723 0.0594543899525866 0.121263031379471
"ufb193" 0.726696537763083 0.764668310375016 0.221868149250413 0.31273002634274 0.151811171744192 0.0930072129323258 0.15838584822482 0.147722824398449
"ufb194" 0.70424070459601 0.615323802622044 0.153149866763636 0.537323808368168 0.109187500827368 0.0623078719302796 0.0383183689402885 0.0715303824321816
"ufb195" 0.725219516122714 0.685020854098725 0.174091759313997 0.469665506494059 0.125071450894752 0.0773386923121728 0.092154965989374 0.0945775610971083
"ufb196" 0.732067977644797 0.7280578777022 0.205805611562611 0.407832876454876 0.146788892556149 0.0921663411905601 0.126899468207727 0.140950611499903
"ufb197" 0.702633411388726 0.719506111249688 0.209820494164838 0.383935152593043 0.150004588995863 0.0963524410663872 0.139272969079323 0.144114730518675
"ufb198" 0.699190086445569 0.68057820867313 0.177030821663897 0.411936418180135 0.126588093584402 0.0845104959362868 0.103263057320152 0.0941856417256599
"ufb199" 0.631764394712544 0.722786625436032 0.229518373168476 0.0720991259197397 0.151758194362875 0.0718774552004535 0.190809216123106 0.157351058515477
"ufb200" 0.63005525601269 0.718671015415148 0.228031162620016 0.0846765615600758 0.150171518194994 0.0730512286438492 0.189292923859056 0.156240760197025
"ufb201" 0.630587245460896 0.619017748948607 0.167065182814845 0.219434278033963 0.110448444936867 0.0583942524113241 0.111135400193056 0.0892579268938784
"ufb202" 0.615276843169362 0.619341670468843 0.17438346222019 0.180725942729254 0.115185624365706 0.0601578693181498 0.127065360418076 0.0931630160454936
"ufb203" 0.720822260037367 0.670516220338284 0.168922865898003 0.473433031618346 0.124658392294163 0.0817023862734732 0.0948499678824109 0.090438325127901
"ufb204" 0.623527220009084 0.655449214734857 0.184897480156734 0.179544143214943 0.121786768438635 0.069979943696941 0.138265531172443 0.106529505451522
"ufb205" 0.642148203068693 0.631839940378938 0.171731478739814 0.326501289674673 0.1196278818266 0.0658004472582986 0.0894476218749286 0.107920299113572
"ufb206" 0.761126466499472 0.711696601429968 0.17876771284185 0.48141473072521 0.130545777539383 0.0799935456298225 0.0972948120163369 0.100699519008502
"ufb207" 0.721813462432334 0.683591132263844 0.174258495045646 0.445511790098437 0.122115758134736 0.0819392671775883 0.100624890328574 0.0917168475879034
"ufb208" 0.681652271344307 0.68605174422547 0.196360108866319 0.26472045043121 0.135876880427321 0.0729808937395244 0.139403020494162 0.117885441323159
"ufb209" 0.702593272647692 0.666710343298325 0.166563212410038 0.444113389129552 0.125145363910137 0.0762344309511627 0.0834613676289427 0.0840741176817772
"ufb210" 0.731197070140848 0.755828205667876 0.224257466286059 0.455736871739524 0.16720444413235 0.10406252954031 0.136497159181017 0.167373512896475
"ufb211" 0.623465694532845 0.656385615491988 0.187328171259714 0.148110274606524 0.125591174391874 0.0673286777895668 0.139346739129253 0.108579247780081
"ufb212" 0.63196755095729 0.669630505279637 0.192813628635954 0.148093154436576 0.129882120161154 0.0683495591803309 0.146635089775693 0.11343970292846
"ufb213" 0.660884553731947 0.696781493715718 0.199828206765932 0.216105119815514 0.135893293387946 0.0769549733021065 0.146117848883138 0.118781790103658
"ufb214" 0.691059120219135 0.655641993611396 0.184010663888122 0.35092940763487 0.126806116281666 0.0712535088371442 0.0914224047805897 0.126066193577863
"ufb215" 0.660980141589317 0.602543424317618 0.159296598625615 0.481286165520773 0.115707654566783 0.0639458775705973 0.045548364039754 0.0798993158775236
"ufb216" 0.636108766842684 0.588214191506199 0.149290309545834 0.344589584866758 0.102845381154225 0.0660873084117441 0.0648557850674551 0.0706934453401599
"ufb217" 0.701352344266247 0.649364754098361 0.179799722601945 0.349658424510553 0.126336572884179 0.0710523444227484 0.106526838610434 0.102044063497298
"ufb218" 0.610304166966813 0.666175841792157 0.192479192266039 0.120360788921231 0.12658467720829 0.0627678401915421 0.148529875239357 0.115593495569815
"ufb219" 0.632978340642622 0.689329824948642 0.194677318267342 0.157646697020876 0.135379250520687 0.0693682967978692 0.145338137573926 0.112078186496873
"ufb220" 0.707089372586558 0.637955370345477 0.148556959367432 0.565797182412306 0.107152610514072 0.0623884690314985 0.0340260985361025 0.0674916278164968
"ufb221" 0.617468177484062 0.631860288023111 0.178115918877658 0.160425199268632 0.116276484485971 0.0621116410154194 0.129588811446927 0.0972179124519121
"ufb222" 0.606571395764671 0.619082482707154 0.166807360856064 0.172824652992456 0.112454409526251 0.0666505997593839 0.110935124904004 0.0803555740523626
"ufb223" 0.610662337192282 0.611844282641072 0.166498618928883 0.235075588328749 0.118067283824284 0.0719233275231496 0.0983663385211613 0.071365509172929
"ufb224" 0.617126831145071 0.615545542323785 0.177412038827602 0.280852313451907 0.126065633818815 0.072521793261634 0.0956233717827032 0.0861567168552771
"ufb225" 0.639754217027867 0.609739843433662 0.170348498828073 0.215445541892642 0.110583628037542 0.0621179418288459 0.114700310765662 0.0870413026885307
"ufb226" 0.600715411551706 0.602194993610464 0.165326172733307 0.237764823835855 0.117004001160918 0.0722352499312327 0.0907970091996807 0.0725072333341559
"ufb227" 0.585392252358459 0.593057640689687 0.1671040625279 0.119530529151884 0.103895105251728 0.0453217447665853 0.122647543224017 0.0877583896099432
"ufb228" 0.626131321697326 0.637103550262713 0.180622061787008 0.181646794921414 0.116732930333975 0.0615615048037555 0.132237305219459 0.0988353538409158
"ufb229" 0.627320885200713 0.616962188083107 0.169682958340547 0.205816247504052 0.111431922376793 0.059041500562349 0.116636016528526 0.088233489404158
"ufb230" 0.617000960837714 0.669647814167874 0.198671889684837 0.107543793232117 0.129281788165546 0.063499916353531 0.15664540444953 0.11997249322399
"ufb231" 0.700327573632924 0.718329736500115 0.212333843407173 0.371846534782338 0.151015424537128 0.097432960393177 0.142010711092431 0.146939435464994
"ufb232" 0.672075323590607 0.659010541877826 0.17721158486598 0.264177074665759 0.118221657637764 0.0687601311384592 0.118839645155357 0.100797870550053
"ufb233" 0.592054502765417 0.598315497581616 0.171762759175709 0.0843183122761851 0.110926964282042 0.0538777956930456 0.125579718201741 0.0932953995782861
"ufb234" 0.625267039779969 0.690595025089799 0.209569875214718 0.119479794694842 0.134770536316463 0.0635373522394974 0.169142286273423 0.133604101386413
"ufb235" 0.603647242789046 0.636397043353858 0.181960734877537 0.155884957057651 0.121814723339701 0.0614737285672771 0.137444731351351 0.106850725387761
"ufb236" 0.588654162596629 0.602334025070152 0.167205360300973 0.167741846980745 0.110528959991301 0.0619236139190514 0.119541464217948 0.091513610226343
"ufb237" 0.699270731996627 0.644372619923838 0.153293567176467 0.592373838716599 0.116281944804739 0.0695300677122302 0.0387331148353457 0.0747597832228401
"ufb238" 0.624288259992528 0.687601988491404 0.201360416638007 0.143602920729712 0.13274259700513 0.0652185689983666 0.158771880161112 0.123505271534995
"ufb239" 0.719568141132034 0.640368066797308 0.151639991269669 0.533372849518188 0.109614600539364 0.0727020926215871 0.0553041436909159 0.0705248866064938
"ufb240" 0.650239021447866 0.599948014087163 0.175046991008165 0.255989267491395 0.114992052209646 0.0634229527455701 0.107642938917129 0.0982453185324094
"ufb241" 0.667172964146416 0.649371241865956 0.176335302837074 0.30092297812256 0.117960731326803 0.0724779610629167 0.102574036807889 0.107665517564549
"ufb242" 0.817073170731707 0.771392990571073 0.166841351438642 0.812388015991193 0.135282039139211 0.0654842961707984 0.0237156225102788 0.104986968907302
