NA 0.15023 NA NA NA
0.0816878 NA NA NA NA
0.02483563 NA NA 0.1967197 0.2013035
NA 0.0490326 NA 0.048708 0.1316874
0.134097 0.01606496 0.1722834 NA 0.1503228
0.07138265 NA 0.05218783 0.112606 -0.02414605
0.1368038 0.2486777 0.07672602 0.2744081 0.06385355
0.0988169 0.1110923 0.1211373 0.1444006 0.06994588
0.1702248 0.03586616 0.04171816 0.05184809 0.02333983
0.1961263 0.02443797 0.1874938 0.02641608 0.04443813
0.05456383 0.1119926 0.1013203 0.1579076 0.03853311
0.06063498 0.1539027 0.08854475 0.08830401 0.1620605
0.06803048 0.05849105 0.1125111 0.02829402 0.003510675
0.03550578 0.1426083 0.1219189 0.02771382 0.1064671
-0.01973832 0.09059875 0.1013465 0.139571 0.07395362
0.1254666 0.1195937 0.08243717 0.0107123 0.1027169
-0.0008968544 0.04052278 0.02204745 0.02278192 0.002248121
0.04936355 0.03865258 0.02555939 0.09653885 0.07224599
0.06195212 0.05964916 0.06313099 0.07037694 0.006061171
-0.002366881
