0.3030108 NA NA 0.1387664 NA
0.04961561 -0.05996674 NA 0.1316197 0.2819882
NA NA NA NA NA
0.1605978 0.1771997 0.08660355 0.175521 0.2118714
0.2625925 0.08944328 NA 0.2818734 0.01163177
0.3157158 0.1908563 NA 0.2044893 0.114238
0.1942341 NA 0.1588303 -0.006417554 0.1580105
NA 0.08151466 0.03614741 0.2897746 0.1323552
0.07731488 0.1652102 0.04009595 0.1038922 0.0696777
0.0334725 0.2229367 0.09561485 0.01851415 0.1197991
0.04843993 0.1601836 0.1026282 0.03694746 0.1655459
0.04718484 0.1445782 0.08237224 0.179869 0.1092942
0.05666513 0.009901348 0.1240555 0.06786788 0.03742239
0.03838046 0.1487079 0.06871011 0.1283837 0.1292194
0.1448035 0.07872257 0.04538887 0.209279 0.1022258
0.0931592 0.1249845 0.1452488 0.06706753 0.08732568
0.04567047 0.04654466 0.09502422 0.05994334 0.009253064
0.03062122 0.008733916 0.05958791 0.05937882 0.02278745
0.06905091 0.009387574 0.03089518 0.06816005 0.1918306
0.1133701
