0.1410919 NA NA NA 0.1279478
NA NA 0.08809041 NA NA
0.08988806 NA NA 0.1290914 0.02578581
0.200011 0.071367 0.2941778 0.02822056 0.1706968
0.1237365 NA 0.06484676 0.03432268 0.1940519
0.05837462 -0.0183811 0.05455851 0.057549 0.07262451
0.02898045 0.2410587 0.2140676 0.02979 0.04020309
0.07422878 0.2985575 -0.0187211 -0.004592574 0.07997649
0.08430357 -0.02170831 0.07318962 0.170145 0.2221086
0.02198398 0.1500299 0.2257043 0.06275805 0.06292845
0.06278415 0.135824 0.1385441 0.04628782 0.1241923
0.05884302 0.08016409 -0.007563279 0.1732949 0.1280688
0.04865246 0.0516631 0.09636567 0.03914688 0.1207024
0.07096812 0.01577088 0.07517565 0.04931763 0.07008348
0.07772085 0.03928245 0.07821589 0.05262853 0.0626073
0.1007068 0.1346617 0.06478947 0.04220012 0.05891959
-0.001979694 0.02702067 0.0186893 0.01011594 0.01124286
0.01643016 0.02741364 -0.009269761 0.05888265 0.08537522
0.005286965 -0.003636206 0.1085969 0.005942191 0.01506607
0.004831765
