NA NA 0.1351076 NA NA
NA NA 0.08630255 0.1033973 NA
NA 0.01162031 NA NA NA
0.1521985 0.3387712 0.09756056 0.07814176 0.04586711
NA NA -0.02893996 0.1460733 0.03551614
0.04953496 0.06075981 0.2200408 0.2329282 NA
NA 0.2283232 0.01024012 0.07208751 0.07225067
0.30275 0.1188471 0.08212585 NA 0.02530567
0.1315392 0.1406061 0.02958385 0.09967416 0.1028686
0.1668814 0.2075721 0.05074523 0.1430904 0.02288268
0.1105035 0.06948826 0.09857116 0.0529649 0.001971979
0.1017822 0.01641446 0.1798976 0.07206609 0.0611564
0.08289345 0.2105326 0.05354838 0.09348668 0.1178271
0.05089194 0.08953214 0.06399552 0.1239831 0.1096202
0.1381856 0.1320614 0.02330542 0.1457551 0.0910493
0.1266982 0.06253812 0.09987577 0.1363115 0.03805213
0.07939557 0.02851451 0.03281245 0.009080255 0.08935197
0.09987108 0.008396133 0.05744938 0.005998447 0.028536
0.09269329 0.1106359 0.01250123 0.05627372 0.03046825
-1.372868e-06
