"quartet" "wQuartet" "cluster" "phylo" "mutual" "shared" "clusterNorm" "wNrqs"
"mb49" 0.787080354582748 0.818137219084997 0.245348516765223 0.543625998791589 0.199643976973885 0.131918510866675 0.164141965874522 0.196223852375615
"mb50" 0.825581395348837 0.892670959828273 0.235823081456673 0.825573166369941 0.20245240561366 0.0982146785568845 0.112853471764031 0.185702631628504
"mb51" 0.872093023255814 0.928872645487771 0.276543313330633 0.872018174565414 0.241378343246024 0.120943321767537 0.160126310630728 0.271409965925779
"mb52" 0.883720930232558 0.924240368963646 0.226058316925723 0.883600754070166 0.193088808517109 0.097069530428992 0.101517383559238 0.172819632338725
"mb53" 0.735134214067892 0.802882410939855 0.254110052377514 0.337287175860541 0.191542928094643 0.135877340345462 0.199465730295292 0.183815556379167
"mb54" 0.905346078372369 0.909702816319588 0.220751384883277 0.825505652658959 0.186728440834757 0.121413356200767 0.121800712372097 0.162463220827965
"mb55" 0.772033911356676 0.858593856922205 0.27107214248061 0.53320250582496 0.218834598681985 0.149964412676202 0.192584287983042 0.213389888414329
"mb56" 0.683444305337237 0.754142696162742 0.206418633700014 0.338696626434741 0.160294053174359 0.101843718086902 0.121188355348037 0.129772813201348
"mb57" 0.777400115753783 0.877695732634626 0.268741977430084 0.614171600081361 0.217488870932874 0.137763336964503 0.175642769226883 0.222765689035941
"mb58" 0.811150910793877 0.800898752751284 0.192454385722824 0.670974912847762 0.156454166634012 0.0914378215599444 0.0892026232395041 0.11045359726226
"mb59" 0.648673599557489 0.723042955476833 0.233026018808998 0.115153657115285 0.156890464324553 0.0806391063145078 0.195143679727953 0.153474358191639
"mb60" 0.70293527357284 0.723223374422896 0.203675493939795 0.311190460203253 0.152107397761216 0.0897077357844692 0.145463452806634 0.128673915892201
"mb61" 0.785714285714286 0.807151271568152 0.196082923660829 0.785571430506021 0.163947391541268 0.0792416916300919 0.0655518710179093 0.137745828410697
"mb62" 0.694117647058824 0.795737764132202 0.220417319424938 0.565205573870859 0.178754838548492 0.0845057601176875 0.0937307606435812 0.147055128829318
"mb63" 0.766984992794444 0.766715026926009 0.203204074081787 0.592802366246848 0.162026823403586 0.0897881790892676 0.102025206138639 0.139737424726356
"mb64" 0.702380952380952 0.775178097499651 0.203975598187782 0.702218417646557 0.16546195967005 0.0770772872374948 0.0736388165493471 0.142686644464891
"mb65" 0.842520891709874 0.837373506374707 0.19968707883451 0.685804198888389 0.158711091192157 0.0906437118540688 0.0980616152373114 0.128068651825711
"mb66" 0.708302196607343 0.70287435991739 0.181539986888677 0.464773699232352 0.138397305886751 0.0764134699414252 0.0935908461813435 0.112796068439681
"mb67" 0.759899256105744 0.725127446143726 0.175659056660773 0.602844715040726 0.141466558756069 0.0815554441470783 0.0697174992507516 0.102316781242587
"mb68" 0.651404305341202 0.719031109687353 0.232240527590309 0.115058989061012 0.157051489160111 0.0912375402784313 0.193364038950935 0.153164384622323
"mb69" 0.639838731472129 0.717439300202233 0.218718446533718 0.0815289011454549 0.15093028313485 0.0775942717460004 0.180135245577038 0.141460168976938
"mb70" 0.906976744186046 0.937321739130435 0.209624177452333 0.906937948344363 0.181812665576271 0.0901841816565673 0.0824386997825088 0.168374692557862
"mb71" 0.811764705882353 0.841371064168992 0.19642534843521 0.809414792499799 0.163793049746922 0.0791604355209471 0.0664124256606582 0.122847310668859
"mb72" 0.785504320831166 0.851736571645661 0.263687811705963 0.451986448247588 0.207785893939967 0.143557911669262 0.193901304662193 0.205425478921031
"mb73" 0.733975091966969 0.80520673232007 0.247624720885174 0.376392948307234 0.19064980811608 0.1389389802428 0.188403612263529 0.181383970380329
"mb74" 0.720930232558139 0.778483041610566 0.21564457096298 0.720929838617974 0.175275898395508 0.0846041007254449 0.0894278813083865 0.146806542634785
"mb75" 0.746901352818431 0.688713209367925 0.176636204943557 0.406355088769058 0.128173686332372 0.0810722693302113 0.105942340117122 0.0921364923567742
"mb76" 0.717647058823529 0.871422646204894 0.261355311522861 0.717542255753624 0.217150553921198 0.103474443593393 0.142377105418236 0.220924913214043
"mb77" 0.638272048300777 0.706079477372391 0.212802077745882 0.0815365867902867 0.144419133088043 0.0774572998651607 0.173698766380839 0.134283080601211
"mb78" 0.802325581395349 0.798383306701758 0.162804272312967 0.802121281919283 0.134104733956252 0.0619574130197684 0.0280846421175614 0.0889178625846404
"mb79" 0.670229781722347 0.68600993115186 0.190879871973401 0.185926784366514 0.136836762352194 0.086531692048304 0.140501393037472 0.105458334311397
"mb80" 0.750170644524807 0.765019359078765 0.223003923515394 0.392393431184203 0.173791059087513 0.0995762605670635 0.149540294909737 0.172998163509409
"mb81" 0.6480035032615 0.714479206409767 0.226778077799483 0.0941054857519202 0.154246314844076 0.0789463370045259 0.188037271688215 0.149350758159631
"mb82" 0.793153199194306 0.819590361918976 0.244011291524981 0.571437589553489 0.199096447879388 0.119502563344692 0.147488953785485 0.209532947186397
"mb83" 0.682660138047277 0.694358743290799 0.195283427647328 0.253725968665698 0.136164001815158 0.0792593721398386 0.145180520590294 0.114835281737429
"mb84" 0.636314584107814 0.697487138899881 0.20435786829358 0.0815452507568734 0.139499470093649 0.0720399813221901 0.164505565563119 0.126210450995503
"mb85" 0.829215571352508 0.808957168821371 0.165488002183589 0.720597092458859 0.131577180210056 0.0804407356494249 0.0595198659550597 0.088295802166682
"mb86" 0.717647058823529 0.612365263371975 0.145175691098019 0.717426221602381 0.116203727645256 0.0534258092193837 0.00708035275633037 0.0531144235802332
"mb87" 0.645264512766941 0.714883790895895 0.225868980232753 0.103397855403086 0.151639331794526 0.0754154674037795 0.187406115484338 0.148150719139314
"mb88" 0.64865628651704 0.672284361854237 0.183743080428875 0.128400065622585 0.127701090202106 0.0728317487377391 0.138108707296262 0.101055559625355
"mb89" 0.755813953488372 0.747561580426517 0.162620203000766 0.75561892863558 0.133598053455829 0.0628543443864838 0.0278709527907694 0.0957552703052063
"mb90" 0.656197774471164 0.690714608890141 0.180200045585043 0.247947841104735 0.136026343184979 0.0715048628450804 0.10251651207057 0.101156277542949
"mb91" 0.661815581577571 0.688148021312813 0.190585678528213 0.140015458017741 0.135049122657758 0.0766599243485462 0.142220523981223 0.106906986410323
"mb92" 0.691521888781576 0.693525344044549 0.191860451374099 0.209933878837289 0.137486525373122 0.0796410425251312 0.128330891005684 0.120632724562544
"mb93" 0.717247291676233 0.729921310353676 0.205187072433975 0.350411950841663 0.155442242794284 0.0848074196343436 0.137221596212709 0.143989110140043
"mb94" 0.718571091498492 0.635498028713829 0.138496975896958 0.602272066250555 0.105569977452006 0.0623239942904426 0.0288724240023054 0.0427277985230435
"mb95" 0.666742374229687 0.678790223116913 0.189391547125294 0.151683412852553 0.131901442642556 0.0801155140021229 0.140955039319139 0.103687384927516
"mb96" 0.75 0.808110657026092 0.211646020748508 0.749882256422744 0.178400252782825 0.0868929076122944 0.0823345393161479 0.163931739069068
"mb97" 0.669384501432202 0.703290179878346 0.212433982234912 0.172260965497399 0.149483165242065 0.093316066316641 0.163325034384737 0.135865939599884
"mb98" 0.669917797674944 0.683572220446843 0.174275207017147 0.221809116503105 0.126318001752922 0.0804577531484468 0.113827185593708 0.0861710645618072
"mb99" 0.723426714732332 0.726844693729851 0.205477682337327 0.339016604870043 0.154914473283663 0.0904066286582888 0.143029520929576 0.139747818640062
"mb100" 0.648309734249483 0.720984152228818 0.232036698833994 0.106129302532174 0.155865221086691 0.0820825951560018 0.193890238381555 0.151969331019583
"mb101" 0.673641825713853 0.674661465171237 0.184035283338942 0.18876787638196 0.130677083036897 0.0781660864208972 0.124301758207255 0.106611460151152
"mb102" 0.872093023255814 0.795973010602977 0.140886390192217 0.871960829477183 0.117632375442759 0.057167605450645 0.0026397843132025 0.075880466840042
"mb103" 0.647811479934739 0.672753451059429 0.18661827098326 0.128397315534147 0.129210435764878 0.0732580902327241 0.142360086238007 0.102590671529846
"mb104" 0.72618178059295 0.753394479561129 0.170655543702594 0.591302262760233 0.137694468232835 0.0946103884908625 0.0813637767245836 0.0930074894707831
"mb105" 0.702890236678948 0.718814813585757 0.199482964699442 0.322423715518022 0.148868519004142 0.0843852665143792 0.136574629961442 0.131979743210501
"mb106" 0.773212812452012 0.723889260210363 0.178972779207574 0.49956093080619 0.13069793250324 0.0928315308532949 0.108709371768999 0.0988198801060634
"mb107" 0.656740334121069 0.706643178172674 0.221979893837816 0.114813931212134 0.150494875978584 0.0949262937999056 0.180599081271055 0.14092858761443
"mb108" 0.73930717064669 0.741274507006079 0.160442113203074 0.658501352673943 0.128708894704122 0.0814664019040027 0.0535417189851951 0.0872768299795331
"mb109" 0.671367286501098 0.680900840547245 0.185716772814681 0.188751818776397 0.134286370590697 0.0845604038714916 0.132649915548488 0.104089624094163
"mb110" 0.729586012194228 0.735176022172307 0.209211743290627 0.350411950841663 0.159253817786799 0.0956409873734349 0.141573788487405 0.15064940143998
"mb111" 0.697674418604651 0.685537640926173 0.152164948419426 0.693873571979611 0.116498165376668 0.0507932724672362 0.0157332624489305 0.047290833354264
"mb112" 0.709375510514744 0.72365160574493 0.20320020620463 0.322423715518022 0.150940630811132 0.0861743198972541 0.14058398951359 0.13497067977986
"mb113" 0.646448804002843 0.715770914518698 0.227869694840304 0.106068336808258 0.15258573518704 0.0771808985575647 0.189197193687099 0.149181111392901
"mb114" 0.836666591394863 0.850553007823037 0.248553172325107 0.618972762760225 0.204024882963255 0.119466030299465 0.153132830841811 0.220277933740533
"mb115" 0.648152261193103 0.717937864816233 0.228559379091442 0.103397855403086 0.154450061792098 0.0746423438217116 0.190230187383867 0.151121588599194
"mb116" 0.656539249497165 0.679471766715292 0.185691508561669 0.12984268424509 0.130054007545235 0.0767394784661693 0.138746188329957 0.103299001864839
"mb117" 0.826737957439674 0.787923227805173 0.16649276276521 0.646610068009575 0.131197782340638 0.0863593775020586 0.0767234197106032 0.080094723206883
"mb118" 0.64979143019417 0.719240511139043 0.230962690933264 0.106068336808258 0.155905801190503 0.0814921230826254 0.192445103910708 0.151956061243423
"tnt1" 0.66835645448435 0.654069645758732 0.174726218215306 0.163262415461337 0.123599160740729 0.0653227717381816 0.114383136866359 0.1003811242555
"tnt2" 0.658656477436753 0.648012012088599 0.173034453513491 0.15336407135681 0.120847163234703 0.0697381857309175 0.11611428118017 0.0936376280335084
"tnt3" 0.659906245471316 0.683644698306441 0.190999759900763 0.12834550824311 0.13254002396264 0.0782976572770304 0.144360463198959 0.105542777163274
"tnt4" 0.654352659632112 0.677337210502999 0.187441808464216 0.129843288842549 0.130170628587214 0.0776748011058371 0.142035328089685 0.103079186774153
"tnt5" 0.692937585283396 0.752611446226276 0.225560750858796 0.226035561859174 0.166340799222758 0.100841967154753 0.172175975351763 0.151924846495352
"ufb1" 0.726190476190476 0.739979053603732 0.182991197222477 0.726125485272316 0.147584242316662 0.0678351625513533 0.0508000394625148 0.0884737815277719
"ufb2" 0.702380952380952 0.554006221173442 0.137640657329645 0.702218417646557 0.107091572723307 0.0488792356298723 -0.00127722639043034 0.0362835388816101
"ufb3" 0.663828667477141 0.669149965491393 0.171621967291458 0.278460286133258 0.122296303737249 0.0770961045058879 0.114604573302992 0.0817574586659013
"ufb4" 0.636421205537234 0.643159342798557 0.163235445294749 0.289848464499039 0.121168032891071 0.0692510124985381 0.0915327854984502 0.0794851201638005
"ufb5" 0.64509230622318 0.671163370623073 0.171638244481345 0.327820373229707 0.129069003677539 0.0665291781507692 0.093290979253143 0.0941840866891041
"ufb6" 0.8 0.780507042253521 0.152459018856257 0.799802478206455 0.124110946088539 0.0569584932502902 0.0160892206334023 0.0703693539877426
"ufb7" 0.799361463180575 0.738241246711192 0.176578379715748 0.533515845988051 0.130791157113316 0.0822943420901087 0.0985203067445715 0.100194543690734
"ufb8" 0.705544693320756 0.754898290278298 0.184476584424986 0.581974029755605 0.146838920507111 0.0884436152323699 0.080341707478166 0.122322038280597
"ufb9" 0.636102585971295 0.706572473296618 0.208077942931429 0.104359984514227 0.14441148651663 0.0677762818079514 0.168739964642912 0.131142561688955
"ufb10" 0.672344795891127 0.672932307307307 0.182592633346151 0.254219216696839 0.127433851526623 0.07918260457154 0.126330352076827 0.102651659824566
"ufb11" 0.748226213955656 0.665989091032286 0.161660337089773 0.502478745113522 0.123365416987532 0.0689273117356586 0.070970840180238 0.0761651497021791
"ufb12" 0.764705882352941 0.770065252854812 0.174632012248475 0.764531520847921 0.144439187765241 0.0659201165634865 0.0405938242947262 0.11053240950695
"ufb13" 0.664486703727276 0.684654155618543 0.190374274524393 0.162250929561093 0.133584707509348 0.0792064510122545 0.147317153053649 0.109462776724782
"ufb14" 0.667735134636215 0.684947460730165 0.191055698901833 0.173749256178735 0.133922298950492 0.0796401215487434 0.147051216307032 0.109914172650812
"ufb15" 0.666161768386604 0.683598843193961 0.171354456177093 0.328385976397976 0.124266106091123 0.0778241245846164 0.106212876124704 0.0878013487357585
"ufb16" 0.662310063085541 0.668171346157448 0.18290868816765 0.224104655629533 0.12877954274117 0.0712668066199959 0.134020651806333 0.100661735717651
"ufb17" 0.637510468533409 0.698347890464565 0.206337973462253 0.105553659310286 0.140933557796807 0.0808070484498205 0.166586180762541 0.127417734548028
"ufb18" 0.759116229740193 0.682631132475611 0.164219511259184 0.496629567685121 0.121890117111796 0.0677135395628741 0.0739451137761373 0.0762316184357977
"ufb19" 0.654251517924698 0.729630752723286 0.196411916999688 0.485741171433052 0.154365420094896 0.0894237678452817 0.0940931482954017 0.10582639016944
"ufb20" 0.744186046511628 0.746603098927294 0.166868596565687 0.743979004042597 0.137720726265824 0.0631827967003268 0.0328029881745183 0.100272849554646
"ufb21" 0.75799371956592 0.768921970393912 0.17044182357505 0.670279478810051 0.140180458382892 0.0861627095758327 0.064814686386424 0.100872710142122
"ufb22" 0.671078282775182 0.695302305350152 0.192918914293621 0.248490353827385 0.140297242183064 0.0788848839234668 0.137390976771943 0.114232373805898
"ufb23" 0.672576968701148 0.618709766204376 0.150135864912568 0.422703331975684 0.11281202192031 0.0628739881920465 0.0582615729092477 0.0702120277321191
"ufb24" 0.681472869480539 0.679543108246955 0.186711921563521 0.253516807246106 0.128269399105527 0.0706798378431905 0.133665637460266 0.110685406274597
"ufb25" 0.657274793809023 0.661737330712539 0.165292140137428 0.304943385737149 0.118681277240468 0.0704500554832852 0.104259249717273 0.0805390563690699
"ufb26" 0.651140874747349 0.675322420500355 0.185335568490673 0.211153462363441 0.130645824478388 0.0729137183675739 0.138345442216308 0.101355686884594
"ufb27" 0.790697674418605 0.794074692259545 0.160300498901283 0.7904813573263 0.131567662210075 0.0598595890220398 0.0251779671895899 0.0813394007911978
"ufb28" 0.732349780187554 0.741705295687597 0.164840043509519 0.634945100401727 0.132723389132059 0.0802403904051053 0.0587896280888102 0.0927121949302046
"ufb29" 0.694117647058824 0.843382928739233 0.242884837733681 0.693931589055232 0.196966994546483 0.0929014862454873 0.120931474734785 0.194410195660724
"ufb30" 0.681276876062116 0.678666482513541 0.183883471128683 0.257853659054901 0.12931072090945 0.0780785318199304 0.124209957709411 0.108805883601177
"ufb31" 0.720930232558139 0.621078214759169 0.139399008629554 0.72069915485663 0.109965108972161 0.049425962670368 0.000913056696260266 0.0445574089274126
"ufb32" 0.671388278053837 0.680428401890351 0.187496585300678 0.254409521368266 0.132356870254242 0.0849807231722779 0.134497958990371 0.104189903099822
"ufb33" 0.705882352941177 0.580519206416209 0.141231789431616 0.705591879715375 0.110426972778108 0.0487904699628426 0.00305552397554991 0.0426769686690794
"ufb34" 0.70381615750546 0.63623778041476 0.155783625053127 0.371358607128603 0.112902655940728 0.0666252516962991 0.089221702999133 0.0693705850919767
"ufb35" 0.835548000150749 0.782463928967814 0.187298768196469 0.588010507327385 0.146861792675738 0.0863968910438274 0.0999684480294531 0.120855570106639
"ufb36" 0.660425071817774 0.672787725044947 0.170897017921923 0.323602449964637 0.12451715112944 0.0777059700987235 0.105629720253298 0.084514843056491
"ufb37" 0.731390896439739 0.736372200347178 0.210156987920939 0.350411950841663 0.160013987487983 0.0877968924074892 0.142599882084606 0.151653931741569
"ufb38" 0.636149081624048 0.691078724667373 0.199521517028159 0.105545927722725 0.136714524719265 0.0753108750874224 0.158986623955304 0.121213943860541
"ufb39" 0.648703367153486 0.677748351220627 0.212299713618042 0.114677900406048 0.143412751515263 0.0837034978305313 0.169426353621265 0.135921025477712
"ufb40" 0.638275785005877 0.68629090349392 0.19579642757976 0.104322884928401 0.132955312936165 0.0730019456445517 0.154512259214192 0.117376815903775
"ufb41" 0.644278580117365 0.675953574700535 0.190972061439192 0.115985027953532 0.128824281250392 0.0706790064105006 0.14875121208983 0.1115687506498
"ufb42" 0.779069767441861 0.893434980529809 0.250341234175076 0.776423879810549 0.211212624203722 0.100803770160216 0.129707852559884 0.210723741394639
"ufb43" 0.623876140801444 0.684112525036881 0.198594317905316 0.0926767430648874 0.135172291040847 0.036540015510639 0.15919847023292 0.124067394236623
"ufb44" 0.827878095240226 0.781821785801415 0.185864318992415 0.576230842927704 0.144232941099019 0.0822172591299296 0.0981813068042691 0.120209137061954
"ufb45" 0.664389091912214 0.606383080347334 0.152288149291497 0.395033700328172 0.116524447056118 0.0607723395784723 0.0720785198886233 0.0770146640667758
"ufb46" 0.730087981683827 0.731622735752543 0.208878402824811 0.380313635160248 0.164176673648486 0.0857867481775421 0.133947931611306 0.151654107884467
"ufb47" 0.641817002606693 0.67707507244873 0.192283039218068 0.117347499272365 0.129951258196523 0.0678200361462098 0.150816673517483 0.112951636132855
"ufb48" 0.662009618477115 0.684203879571631 0.17254939018392 0.35176889367849 0.128096613492231 0.075813133281874 0.101758214043064 0.0907172144088714
"ufb49" 0.657754327443974 0.66847356256058 0.1823221961968 0.234735336471858 0.130437881637203 0.0735954223919481 0.133435329798006 0.0984498624134701
"ufb50" 0.701758995571491 0.658511231248483 0.172834550447031 0.336608846163437 0.122441759830316 0.0798702127745211 0.115839536761015 0.0918133335497917
"ufb51" 0.635282334227328 0.647464719436096 0.163007772809137 0.208789279926338 0.116516947336026 0.0668128494426541 0.110861041954413 0.0765073267442865
"ufb52" 0.64403543213169 0.660378856174131 0.166295526296017 0.222849723670739 0.118574110061513 0.0703132766209219 0.11191398025486 0.0801578149054713
"ufb53" 0.658888656707272 0.679128943668449 0.17353348673086 0.26678887041804 0.124920489396312 0.0693441643013714 0.116647662934613 0.0855188135157486
"ufb54" 0.773231080123503 0.828018318683973 0.2546182681969 0.410422664310552 0.197361436676227 0.139289933416444 0.190672657596018 0.190155666822699
"ufb55" 0.640687501003113 0.689901410258112 0.203123259632704 0.11603547709623 0.137731883344449 0.0739785663953036 0.163209117544891 0.122520066308397
"ufb56" 0.711035198182547 0.643195736578169 0.15970406827349 0.359774961944961 0.114742113431688 0.068790517167393 0.0934512520883164 0.075493009571963
"ufb57" 0.688079121887656 0.624097756608804 0.15443370680177 0.313121913983428 0.108867118632713 0.0660563845781013 0.0924533551241697 0.0702215649352884
"ufb58" 0.676725664124703 0.614109255716329 0.151285837725003 0.293315589391544 0.105254323262921 0.0632848430774706 0.0927613705972756 0.0666017021831142
"ufb59" 0.669210921196323 0.760966278138624 0.202954838989206 0.532405863066234 0.164426963730997 0.0970514698045417 0.101469163427859 0.12410143666389
"ufb60" 0.686974252344126 0.525733934777786 0.125671812134216 0.567239116845317 0.0949689885920979 0.0563934078274207 0.0144152835765337 0.0228834739449727
"ufb61" 0.670731707317073 0.644091858037578 0.168195267118704 0.67059458779341 0.135077605366307 0.0604240809568089 0.0309730315908857 0.0805394816739717
"ufb62" 0.701546377975168 0.648432907219347 0.160237370818919 0.336324120200788 0.114065815773779 0.0688027295601887 0.0940266026720377 0.0755593417872609
"ufb63" 0.639415440589027 0.69236169533811 0.201771961607912 0.104333924986609 0.136565434476459 0.0784621018074228 0.161351027288911 0.122891295919068
"ufb64" 0.682352941176471 0.573162583518931 0.143129129494337 0.682097247168226 0.111591428272509 0.0489362861644573 0.00525814707150463 0.0365439080671889
"ufb65" 0.731617471127639 0.659351483393089 0.14387554339244 0.611388848129511 0.109291250124761 0.0649600711789827 0.0348557747013948 0.0462506690018164
"ufb66" 0.716523411389098 0.627151346762368 0.137253193327701 0.511389274064433 0.101108600867967 0.0651120077422433 0.0441930024836017 0.0455071926546689
"ufb67" 0.60401831922102 0.658471050536395 0.18157903696693 0.104352013712794 0.123235236831504 0.0659557958965205 0.140133923178682 0.10616518414938
"ufb68" 0.681790027561073 0.614846398710497 0.147430767420877 0.348143847884154 0.107896313708055 0.0661862670655732 0.0849370974510317 0.0609792738304253
"ufb69" 0.813953488372093 0.806682076066401 0.155850300832676 0.813761206512266 0.127395342760124 0.0601505878893571 0.0200116533809326 0.0784463088112279
"ufb70" 0.728875579765023 0.776775196720539 0.213094943646329 0.505923338884052 0.160565204289241 0.089583167138415 0.113172039687134 0.145826866954727
"ufb71" 0.808208940634787 0.777751260403926 0.187748359051914 0.569490283595689 0.145899993635107 0.0852950272670596 0.100466350505226 0.119766765177255
"ufb72" 0.780853919556923 0.73736954048573 0.180399320109336 0.534529366727621 0.135110185218961 0.0927980535676401 0.102849540974563 0.105537272624313
"ufb73" 0.654192091527488 0.691063873084783 0.174878485114727 0.358950798549279 0.133778804753264 0.0716819031945513 0.0968376850155768 0.0944747183379808
"ufb74" 0.653080412174116 0.661042191804912 0.178832160509089 0.208955828987603 0.125742100947721 0.0734768352133184 0.131466915412239 0.0959365423855384
"ufb75" 0.767066937819633 0.828390273012084 0.255734937299136 0.391582591936103 0.198601200918921 0.137871739904703 0.191960447848991 0.194002357962583
"ufb76" 0.759798689307904 0.68440931143076 0.174155765149737 0.445491028466977 0.126202165252528 0.0777651035705014 0.0958465994325917 0.0938913469728208
"ufb77" 0.713965739259779 0.657313270409978 0.169690984314831 0.351836561817496 0.120011927485614 0.0763253352096544 0.108900776970262 0.0896984359245937
"ufb78" 0.683808413016323 0.639549843897481 0.163863437890605 0.305266963008268 0.117819751584051 0.0686893026270542 0.109236095338276 0.0817720125890338
"ufb79" 0.639334461594501 0.65472778667764 0.16701297017678 0.22032255251802 0.117896618849824 0.0723335714647501 0.115148459478967 0.0784613412087877
"ufb80" 0.653659924040161 0.669159072253615 0.172770797741922 0.255168805457156 0.122598449473609 0.0725831366869507 0.118811625915335 0.0825369474867657
"ufb81" 0.651287606456057 0.651566431655023 0.1646231308588 0.278394461842673 0.118491920907998 0.0733576914279169 0.103468519405173 0.0765726574370263
"ufb82" 0.732558139534884 0.625741269492642 0.147939632898762 0.732339079449613 0.117448364316894 0.0559266491600571 0.0108280187757722 0.0488028680955752
"ufb83" 0.775551806780656 0.671235455812027 0.148164152694558 0.634878089780653 0.111291148748309 0.0661653050876902 0.0396904999221915 0.0616415303958992
"ufb84" 0.644638455232794 0.643745161437224 0.161281788989604 0.278301293388285 0.118245797001477 0.0700855070810626 0.0952575768936487 0.0752043730535388
"ufb85" 0.659457469079806 0.684371959216483 0.190930090206591 0.164150154641865 0.134114284648902 0.0753015861645423 0.148729955307798 0.109978650466016
"ufb86" 0.652243091819963 0.667158379328268 0.16641623199556 0.311924087500366 0.122734885107047 0.075611281101058 0.100796205178486 0.0807468632919013
"ufb87" 0.655162656186318 0.672422872408744 0.170805475776848 0.311471377771391 0.127232214356553 0.0737795834983476 0.0997514946527676 0.0886616875404585
"ufb88" 0.72822250783793 0.672851451337507 0.16266981179595 0.5480276546106 0.125137966108807 0.0688359917965354 0.0554953318164497 0.0889854223320637
"ufb89" 0.711904760457324 0.650768049155146 0.155457690927526 0.46614972929383 0.120311712304975 0.06737266064032 0.0639799295018287 0.0774101049693872
"ufb90" 0.789678655378987 0.721192556724365 0.157734084589524 0.604198941862531 0.123445939682486 0.0784874595372622 0.0672268364396363 0.0703373710871488
"ufb91" 0.664780699124922 0.600354917805997 0.153570381026982 0.360181900387415 0.112918419327412 0.0582891986042128 0.0734820750811601 0.0808450824251278
"ufb92" 0.651184241621849 0.660102511464221 0.180576251212689 0.208970698465927 0.125813802771547 0.0742088887455623 0.134764830556638 0.0954158840427064
"ufb93" 0.782211474155211 0.728270967996995 0.176606275850513 0.534529366727621 0.133871841325481 0.0881558783112634 0.0986976027424463 0.102770164022712
"ufb94" 0.631685001883032 0.715819017304062 0.218259075729641 0.09268003914209 0.1503032285172 0.0610811313345402 0.1797871549641 0.141760089821113
"ufb95" 0.764369322235209 0.714034546287724 0.181619865901923 0.464741110310601 0.134369163852873 0.0822620197393944 0.104185573563296 0.11261141338993
"ufb96" 0.750764263044329 0.702589684289787 0.177618935504753 0.441504804496635 0.128796521500178 0.0820500041708889 0.107239666290477 0.102573654828388
"ufb97" 0.632032805743515 0.645385994414518 0.164890238303848 0.211127020185859 0.116361398816354 0.0678329689982502 0.11496115968819 0.0762733897593244
"ufb98" 0.646716208724497 0.707150691005261 0.220238861666617 0.0809009811509345 0.147693966126234 0.0608639344944069 0.181731590451908 0.143841964107881
"ufb99" 0.634177824501154 0.7042970528432 0.21252931580059 0.0948494325316637 0.145985277979883 0.0669487493712873 0.173772084804568 0.135074985753577
"ufb100" 0.895348837209302 0.910299478236009 0.198418876278112 0.89529802375138 0.171528528534568 0.0850369993027702 0.0694302670579281 0.153307453811354
"ufb101" 0.713943818306897 0.653781676637081 0.165522061751518 0.348002282510059 0.118393937110808 0.0701333364026684 0.0997279630703966 0.0808792390804798
"ufb102" 0.696394970349146 0.634626486028178 0.159104676605184 0.328598702388803 0.111648657656451 0.0669951387756116 0.0974146885269564 0.0735849583481333
"ufb103" 0.670492102061004 0.643331583593106 0.163258881030189 0.289955415435691 0.11687495396402 0.0738148040004332 0.108629930601295 0.0821703985575989
"ufb104" 0.639344050058292 0.707357678460247 0.211239249161448 0.104359984514227 0.144472709643894 0.0762433169670889 0.172058305766365 0.133582250522035
"ufb105" 0.638526811468612 0.700100314083835 0.20494962369765 0.105553659310286 0.140113057388524 0.0739076080620163 0.165128293348168 0.126255896473622
"ufb106" 0.64213316521637 0.686598503572578 0.197477828569011 0.11601021375189 0.1345231049543 0.0706849491052126 0.156839446526836 0.116938609986338
"ufb107" 0.741176470588235 0.778756824058998 0.178654988276324 0.737982028108766 0.146601056278718 0.0658477412027463 0.0464899389222218 0.0916167610862186
"ufb108" 0.668044011487959 0.626468776211578 0.153959400913949 0.300751204360475 0.107777826143491 0.0697552331083434 0.0956192936896142 0.0683863329971099
"ufb109" 0.656112647697988 0.665267585629222 0.183158825241789 0.222957342749358 0.128380752966264 0.075035604191155 0.136043143663699 0.0975329282030249
"ufb110" 0.786197723805837 0.699918497317993 0.153597756563322 0.594378265368807 0.117484013450223 0.0773708741839998 0.0624396118478333 0.0658040579060159
"ufb111" 0.647077234912081 0.649331759264109 0.162474590535664 0.278394461842673 0.11897785955888 0.0722147318060722 0.101162693007323 0.0737783927775923
"ufb112" 0.668897910194841 0.656805321648757 0.155562541163495 0.355531392198909 0.114595843863317 0.071557909952141 0.0890695405759832 0.0720379941749773
"ufb113" 0.664730220784042 0.673717149068094 0.183398647941584 0.26607915550068 0.131303873184091 0.0837379373526319 0.130132718076844 0.100424031494765
"ufb114" 0.663332400269888 0.655588911045604 0.175976466256158 0.220274740398066 0.122411673616988 0.0708115924606415 0.122226396354051 0.0943835030320579
"ufb115" 0.616279069767442 0.737526327256881 0.206165946209677 0.611788719435808 0.160016634911168 0.0717343059958225 0.0784239778427161 0.102437566719804
"ufb116" 0.634607072454462 0.632526235563112 0.15831280104357 0.232141485120268 0.11343479086416 0.0674454998472338 0.105873561583538 0.0696849825289556
"ufb117" 0.677416572887875 0.602947748092821 0.145304985239715 0.380034539714566 0.102653594251136 0.0689906134925126 0.0718427338092748 0.0549577048247724
"ufb118" 0.698116310355246 0.683338634435963 0.180160410722936 0.488092510855006 0.138326142492805 0.0687024502485422 0.0760554086266494 0.110029971538838
"ufb119" 0.69047619047619 0.663310369192722 0.162208279428191 0.682739114840177 0.130104011781556 0.0595266580761329 0.0253017092811873 0.0696004439837261
"ufb120" 0.647391806588731 0.711763056727974 0.222488637041398 0.0948011170905803 0.150584154189479 0.0653622932926186 0.184221970752699 0.146290282783927
"ufb121" 0.753332330344722 0.706415872197887 0.164558701743422 0.487986630938932 0.121036828334356 0.0644958152575938 0.074784805504106 0.0876989330384394
"ufb122" 0.712697170597042 0.620175027348023 0.153564625134831 0.425996636633713 0.110452616602891 0.0690812771491433 0.073052622280069 0.0662988536146652
"ufb123" 0.626004222503191 0.7129150993857 0.217143646887748 0.0926767430648874 0.15015191954449 0.0641469320809822 0.178659655164648 0.142499798660533
"ufb124" 0.630254659476262 0.709169865267116 0.21201146175582 0.09268003914209 0.14726246529897 0.0608089418695542 0.173232076327354 0.138910342504732
"ufb125" 0.666373713428457 0.684990953256115 0.193201273958236 0.17375732893969 0.136006304215211 0.0817433291677002 0.150294496596121 0.110962774035023
"ufb126" 0.672578149093162 0.675056464334201 0.187957393155428 0.185417606727251 0.131779845440438 0.0784534844330701 0.143784370722834 0.104817682205375
"ufb127" 0.669137976916267 0.67408759913371 0.181590359437502 0.281571237279243 0.131863881134534 0.0834131701743685 0.125317399853135 0.103069662731798
"ufb128" 0.686046511627907 0.705229657663857 0.168117750769663 0.68577938107768 0.13456695153811 0.0614694959317394 0.0342531534286599 0.0847430806722824
"ufb129" 0.637453480200266 0.707465019312119 0.210275296357484 0.105559286455598 0.144956522669808 0.075825151596277 0.171047492351086 0.132183128327933
"ufb130" 0.752941176470588 0.699373932840068 0.153401916134103 0.752697178960915 0.118613125661683 0.0533617416278815 0.0171838305887304 0.0628292598567751
"ufb131" 0.674022930306202 0.679529638374549 0.185230637688789 0.257976764762811 0.130940784197006 0.0830024046282632 0.129207979690276 0.106567430555986
"ufb132" 0.646057895020022 0.703042973286876 0.187864742695952 0.470454939233581 0.146202784641152 0.0808646638186491 0.0844576846439763 0.11068110921247
"ufb133" 0.658823529411765 0.46316124244673 0.130054333890507 0.658544597545456 0.0983723186004824 0.0445139787547898 -0.0104838326651332 0.0191099320957639
"ufb134" 0.642688341599483 0.606784324055375 0.155598898887797 0.345033837692554 0.113399419730321 0.061350814753456 0.0754170216300055 0.075522739904084
"ufb135" 0.6154760871634 0.549944354618567 0.137366010148406 0.321173036831048 0.0993672454375673 0.0530321388729686 0.0633214338155423 0.0539570365206873
"ufb136" 0.685768429700749 0.641757130570213 0.163726789517484 0.313294345886419 0.116211534959357 0.0676485610965987 0.109128387783972 0.0827542802040025
"ufb137" 0.662283013077735 0.627832102177109 0.159669743585803 0.289589863284625 0.115053443295434 0.0664133477791304 0.109395586578305 0.0758492074572607
"ufb138" 0.643342694322248 0.630775742423198 0.157436286250313 0.254628239301671 0.115049639000087 0.0667196658875341 0.108809644059075 0.0737677427528389
"ufb139" 0.647185912206753 0.663870401553179 0.173581776566479 0.231388109911961 0.124767540382515 0.0750662960549738 0.129614351962492 0.0914483561067923
"ufb140" 0.652076471696527 0.675247572445297 0.180455182749285 0.234095261343529 0.129109604691294 0.0787025812253706 0.13768268482775 0.0975461873999406
"ufb141" 0.747914471329034 0.753891837719461 0.213631870401367 0.369002086425035 0.165929798009238 0.092955952050998 0.139282130462488 0.162759296972012
"ufb142" 0.823128534429385 0.765975897849945 0.182508873567599 0.581133662546654 0.141880906617059 0.0824890708570438 0.0946638463777118 0.115609759728747
"ufb143" 0.674704074800689 0.696637284841755 0.218776921689684 0.161132630325573 0.153105873110973 0.093435598868396 0.172071890560491 0.144327013666592
"ufb144" 0.676826747645555 0.681482654660022 0.186635964946578 0.259222407968649 0.137039319558118 0.0772722593831897 0.13061206204743 0.106796121162478
"ufb145" 0.764324291236185 0.678055338889117 0.164286314129135 0.465753042579065 0.119765856598048 0.0716938148087351 0.0850629876245437 0.0896345397528441
"ufb146" 0.716569970930196 0.629229472316533 0.155024257494345 0.398631930361211 0.111680977697516 0.0690600671281371 0.082589956172171 0.071806459573473
"ufb147" 0.681749576899254 0.597508708471205 0.141513251570049 0.375210477834244 0.103351075867386 0.0670864694485288 0.0739184593199677 0.0551207732459816
"ufb148" 0.711132034363813 0.757449771964457 0.228401966423482 0.290543051608888 0.168077442730076 0.10895031831883 0.175254549601073 0.155897957183229
"ufb149" 0.642457448594695 0.702843035617016 0.21849992437055 0.0926385124281697 0.14518590780647 0.061445618944411 0.18003694617701 0.139688319962314
"ufb150" 0.55952380952381 0.421092708928231 0.13629219625383 0.559312064919481 0.101889375288689 0.0435482384236665 -0.0048494146221799 0.0141965163437532
"ufb151" 0.667816088363697 0.684332269593205 0.186160079638609 0.260245878526371 0.136148219844774 0.0759518061063024 0.12661306590964 0.112313520966792
"ufb152" 0.670774919912085 0.722036109619945 0.21972818615439 0.177691732103463 0.158159708262369 0.099089781564762 0.168783012453375 0.14757613395003
"ufb153" 0.687964994849274 0.633250744472148 0.143741321567071 0.428826483256959 0.105324862173495 0.0698382206967527 0.0703849581969053 0.0599229260494941
"ufb154" 0.627906976744186 0.478695856873823 0.13744935381312 0.623273640186922 0.101316299797047 0.0442138537762423 -0.00135033213384918 0.0101559988549732
"ufb155" 0.737719698246928 0.802328223460979 0.244970371369894 0.333973097944045 0.186199937346136 0.131062248861758 0.185481819647888 0.178853481528985
"ufb156" 0.6192955464044 0.66335919910423 0.183116137682637 0.11594901900124 0.121948319464504 0.0679119256629396 0.138643461966543 0.103564684070505
"ufb157" 0.626182228597267 0.656431184172837 0.181065301832615 0.139280300370782 0.122710496552397 0.0749288133608348 0.135259069671454 0.0999874551721234
"ufb158" 0.644468137165343 0.680613207196905 0.195508147959239 0.115998760034243 0.132262648562695 0.0750792917548504 0.15420918062386 0.115040030032638
"ufb159" 0.683392365751461 0.701348899018333 0.194657994110696 0.249032876654578 0.141450073327073 0.0804926958758024 0.142165278814673 0.116474025585782
"ufb160" 0.662182399716037 0.671900994223433 0.180976751621434 0.254409521368266 0.128825587046293 0.0798052156240746 0.127552844355354 0.0987083503871821
"ufb161" 0.796407093155324 0.729753868281254 0.163525431517083 0.564099780515613 0.124141631440719 0.0841987119805571 0.0842299754630708 0.0729649594213872
"ufb162" 0.763558040025159 0.710597152369484 0.152725375891881 0.639170812695446 0.117895207661208 0.069106358721154 0.0451366138065008 0.0680586140723777
"ufb163" 0.704865235938559 0.641946204533171 0.140966125884074 0.486672976657696 0.106165023258821 0.0759538179376837 0.0595848778372774 0.0490808208724232
"ufb164" 0.727360811960488 0.676986542774752 0.150382419213864 0.475225459465809 0.111383340125669 0.0805650446160149 0.0775950039716706 0.0581228135029721
"ufb165" 0.651941885704594 0.660764917646309 0.17362924153806 0.231364063718817 0.123149095734624 0.0802413145506093 0.128645915537317 0.0903117995855426
"ufb166" 0.656144832524744 0.67081340546568 0.179685940578554 0.234082332748791 0.127288132766143 0.0842382272408017 0.136026787100382 0.0953670113076891
"ufb167" 0.704301875667937 0.729671897289586 0.164438835979465 0.623166974265619 0.132821158468609 0.0803153851299776 0.0580473420376657 0.087929366100579
"ufb168" 0.620610191329667 0.629731898088955 0.153378048049844 0.222849723670739 0.11119456626547 0.0628441501478912 0.0981654715553253 0.0694159880889514
"ufb169" 0.718391000835544 0.620340341799366 0.13767864004128 0.532980345970198 0.103439962646987 0.0689545255410033 0.0448754783595801 0.0518635328632721
"ufb170" 0.682352941176471 0.741114423297409 0.180150381589123 0.678386498258463 0.144479616155715 0.0662066432240477 0.0470824743208527 0.103138568480595
"ufb171" 0.709666781480413 0.631540096846581 0.149557513998391 0.417248676670767 0.107433441745532 0.0708370154212837 0.0766994284689868 0.0652693317556494
"ufb172" 0.69084574705905 0.722457268573363 0.180883349868493 0.583788060000291 0.147718265347877 0.0897203687352531 0.0760705936783809 0.119861764077779
"ufb173" 0.711837785230046 0.752094584363801 0.187220466539654 0.529293952190353 0.148505798790707 0.0999450120504832 0.0994013269195452 0.126594375406762
"ufb174" 0.731864116005257 0.726273617514656 0.201914445070993 0.357945232731547 0.153924441822954 0.0868458609013865 0.133652335415978 0.141767553420386
"ufb175" 0.738095238095238 0.603658536585366 0.136654905683681 0.737966296728697 0.107995726416505 0.0493348729289173 -0.00242177324594882 0.0454637355437043
"ufb176" 0.760205053952543 0.700588774878938 0.181973842168783 0.441370306533799 0.13368553284048 0.0857608765925319 0.104260570149296 0.098105829929169
"ufb177" 0.650481868771271 0.647401352768485 0.171537208717653 0.220274740398066 0.120295081702578 0.0697501512137097 0.117497571353894 0.0899532111594981
"ufb178" 0.81192146404796 0.775111111111111 0.159389210231944 0.681990594325085 0.125562911628545 0.073802471960357 0.0523449678295587 0.0760226109665563
"ufb179" 0.772577184184865 0.722678058162905 0.177544180665824 0.493708882704554 0.130998908363007 0.0905550114995492 0.107045794542233 0.0953270274083633
"ufb180" 0.707447603541874 0.750107933581779 0.225388178687165 0.261635639059571 0.167829770063979 0.105357232151326 0.171930650321519 0.149853903117206
"ufb181" 0.659150682893222 0.637049739213743 0.162447646907297 0.278306349057479 0.117445279861365 0.078350999316823 0.110258832443221 0.0791782305416922
"ufb182" 0.650615470894213 0.632769240340944 0.160747684528751 0.258088816639686 0.116570321251822 0.0745580068918465 0.11053801713328 0.0768128575173788
"ufb183" 0.658283083005201 0.696005468449609 0.177580424704362 0.339627413282314 0.134020067752425 0.0740291867788985 0.0997951766949234 0.0998761981446233
"ufb184" 0.741176470588235 0.713121783876501 0.152493474539716 0.74092085414953 0.121107255148656 0.0548318666040905 0.0161292202548012 0.0596254089561867
"ufb185" 0.669580533491876 0.67426431045911 0.184502382909318 0.265890632412057 0.130036976279716 0.0837296677672127 0.128371550011346 0.103124479223294
"ufb186" 0.607276496194428 0.651807901577973 0.180296149787859 0.104345111776979 0.12135292583346 0.0674690775576545 0.138214404239061 0.103407766431215
"ufb187" 0.63098441468688 0.64171961695736 0.167534276682965 0.162292023781392 0.11588445565312 0.0668576944669848 0.122237682891518 0.0860611636461848
"ufb188" 0.651162790697674 0.521865238732709 0.139669164598466 0.65085960729873 0.102851497469864 0.0444667406069517 0.00122668554854053 0.0232135426069634
"ufb189" 0.676432414833439 0.620799889923405 0.149916530227696 0.301447936016519 0.106194939584439 0.0647615007584799 0.087605067678124 0.0663348618487452
"ufb190" 0.638526144821997 0.697223711784503 0.206176250210263 0.105553659310286 0.138618401320536 0.0756521234174745 0.166415027003793 0.12747964705499
"ufb191" 0.657786047085613 0.661568601932632 0.178827593671002 0.22032255251802 0.124999891746495 0.0726114377520437 0.127698700269339 0.0955792711322424
"ufb192" 0.74529887880217 0.680859309182814 0.156185402525458 0.522916767791828 0.120149969469777 0.0665508766541247 0.0655117378682504 0.0743588821005279
"ufb193" 0.613884204855702 0.664995740436761 0.186255039125819 0.116014702051956 0.12493049277997 0.0661967758838028 0.143786031874 0.108199615395608
"ufb194" 0.714595175040067 0.614368549488437 0.146437008594752 0.462416637585184 0.109545368862984 0.0682932167299631 0.0653477031956332 0.0567195273855927
"ufb195" 0.705882352941177 0.579410560785919 0.141851238405063 0.705649896790996 0.11193137778359 0.0498753554197675 0.00321884067625346 0.050032427395364
"ufb196" 0.700477924112847 0.61818247359504 0.138642519967937 0.590572228045903 0.107336384814156 0.0628991137994424 0.0290364882677769 0.0473525341213178
"ufb197" 0.682887143335767 0.617631429113684 0.13624092468705 0.509621957940216 0.102920242284337 0.0698855504296367 0.0432830358506413 0.0424287676362177
"ufb198" 0.622588483107231 0.640146495485399 0.158785577041468 0.197132577058877 0.113525155370316 0.0629892748605409 0.108491516328759 0.0717989542682962
"ufb199" 0.638225591000737 0.635713761385004 0.157185477444129 0.232120620023968 0.113663580874262 0.0657646675288333 0.102171595618984 0.0718038934004863
"ufb200" 0.596459720524724 0.585214261001367 0.145587400592158 0.208675450892953 0.101172447739516 0.0594967785156836 0.0829865402751638 0.0626227182739228
"ufb201" 0.634164366793345 0.651379982376361 0.16854861886079 0.266478645031301 0.121657806621406 0.0631877154603636 0.0973012468446709 0.0871132433823084
"ufb202" 0.659150009024276 0.687959129570856 0.195203165079399 0.16230529466762 0.136002427397573 0.0763617530054531 0.153906921463465 0.113415309563523
"ufb203" 0.67043642798556 0.589826058418116 0.141697845939745 0.412034307331385 0.103207821497565 0.0548770130793942 0.0484986690191407 0.0548191911107177
"ufb204" 0.79908750220714 0.73223473155378 0.178263857025803 0.534707799133495 0.137315055547208 0.0805059780765642 0.0899626736998085 0.106299161095622
"ufb205" 0.747823359334765 0.678767945706082 0.161222152527567 0.458560751082934 0.118973660016622 0.0759611962914524 0.0818578493850846 0.0804243565236126
"ufb206" 0.74555688012089 0.694023843066687 0.158753824764327 0.469118137929061 0.117333797008521 0.0853321549290982 0.0924522645420724 0.0637574860413342
"ufb207" 0.630386286656107 0.689510459030922 0.204168635287379 0.0948534574039872 0.138292737861707 0.0648324158211168 0.164860111477621 0.12581302525953
"ufb208" 0.679837711847779 0.634859564911247 0.156780305839593 0.30497738138867 0.11162906708209 0.0727323504923624 0.094971960821649 0.0719307894968827
"ufb209" 0.606231042177574 0.621446220210564 0.159101114235387 0.162431984657245 0.108170351485912 0.0656647062758368 0.106667516828861 0.0748149274424816
"ufb210" 0.590765458602131 0.586168527231166 0.153025131290297 0.17400262272282 0.103948116889417 0.0593352199525392 0.0908792884052011 0.0703135457452447
"ufb211" 0.602712564936089 0.599446268752817 0.161901015339684 0.199405548983293 0.11182018775017 0.0641455299186456 0.0958374424424726 0.0837664791940244
"ufb212" 0.804735889237185 0.75218966548243 0.156684203186164 0.681990594325085 0.124729456032266 0.0730637760404838 0.0492955024049035 0.0739250243774141
"ufb213" 0.639270774717355 0.703477561946552 0.21991767930453 0.0946116281589695 0.150157039856607 0.0861815094704737 0.179216492231369 0.138571582917048
"ufb214" 0.658405660397212 0.661634709132272 0.179199438013971 0.22032255251802 0.124740915736034 0.0740283833533634 0.12809369686344 0.0961063695452019
"ufb215" 0.654467361627488 0.65633970709872 0.165555895090058 0.278394461842673 0.120468879027989 0.0739851124295745 0.104469567588558 0.0758684272314594
"ufb216" 0.748129558407477 0.648284981729352 0.158055743756903 0.470341838096025 0.115408581615871 0.0701897559202132 0.0782934940674936 0.0831326834436312
"ufb217" 0.745040498451268 0.750534594879606 0.2128289017959 0.392393431184203 0.166777487776939 0.088404523830354 0.138403242570941 0.16311777196467
"ufb218" 0.714908705235057 0.685307500366946 0.1948550929887 0.312071741391008 0.139747511408644 0.0790791619274127 0.131471473534781 0.128536369489632
"ufb219" 0.719139909950929 0.64924990852543 0.161609569755619 0.363991308108014 0.114765244769955 0.0673415676652939 0.0954447384395028 0.0755711667850118
"ufb220" 0.678318590687602 0.620929310894803 0.146535909743161 0.389498547137436 0.108104624877917 0.0625628636818554 0.065419814249463 0.0667826827658201
"ufb221" 0.668919401695564 0.670862748012187 0.178790929736444 0.289756474220297 0.131150118467553 0.077898864370357 0.118745055476094 0.101878049294966
"ufb222" 0.653859066520103 0.604468921524996 0.140796711193273 0.289815967306755 0.100736138331846 0.0598656462730796 0.0815941620163525 0.0548335394914959
"ufb223" 0.761262715829749 0.689342216197451 0.160020717049371 0.540891849728662 0.125264324065835 0.0710910172328994 0.0696220132428484 0.0775227089758423
"ufb224" 0.721558078815355 0.647723564856105 0.150086887498242 0.475245837971799 0.113725928439328 0.0656641373278883 0.0695697019589476 0.0676896309592408
"ufb225" 0.647651591631058 0.651216353354575 0.175954915329243 0.218663023545888 0.123724879933104 0.0643285760544222 0.128392005863674 0.0937549101066664
"ufb226" 0.747962275086395 0.681667857677031 0.170842270551718 0.470403720348107 0.127168708259442 0.072356690424957 0.0814858951957285 0.0891428643849221
"ufb227" 0.668638857383521 0.524812084944903 0.127323281835629 0.546168980053905 0.0914039332389774 0.054543210564629 0.0165089069723775 0.0287279951699418
"ufb228" 0.755894766617811 0.697193417493237 0.148481546529531 0.557699252254021 0.111987719558106 0.0718129672751734 0.0569800497191077 0.06061924382684
"ufb229" 0.744614904905266 0.703333214671366 0.15164439921535 0.50535793001187 0.111919137715859 0.0779144442615887 0.0713738588378411 0.0599853118280546
"ufb230" 0.628470778134995 0.696663059253016 0.204096083680704 0.09268003914209 0.139397457272655 0.0381747058114789 0.164927157691317 0.129464929303954
"ufb231" 0.628695545926942 0.570952643171806 0.14432565737602 0.32566823792787 0.105005237513621 0.0559454151507456 0.0710193545202892 0.0663113920261003
"ufb232" 0.627642595388396 0.672272208087814 0.196950325982946 0.127226681586486 0.133137702149324 0.0600494165358152 0.157431382955478 0.116623395653111
"ufb233" 0.660740184175644 0.688614287389782 0.194127515759454 0.162090651033869 0.137019408890344 0.0778966798535266 0.15209612447716 0.11178638675987
"ufb234" 0.665106829951297 0.676697065550081 0.187893892997954 0.17375732893969 0.131978458718644 0.074705052990972 0.14470486108351 0.10424015721509
"ufb235" 0.688867287721179 0.71893381001397 0.209511407004266 0.27881373893219 0.153149434303728 0.0994854495332369 0.157913296467502 0.130701985253604
"ufb236" 0.635132526166341 0.636187913263078 0.158760160916469 0.278301293388285 0.116285970878024 0.0693397634863265 0.0925374453129676 0.0723230164354677
"ufb237" 0.664570758232472 0.667852258459011 0.182251331948669 0.22032255251802 0.127216085666722 0.0751670198530399 0.131335611746794 0.0981259769509501
"ufb238" 0.661537104886487 0.66838837400991 0.183281008248893 0.224104655629533 0.12837196562063 0.0646781115537166 0.134479067854061 0.102343278089405
"ufb239" 0.615487390687271 0.662639610671279 0.183733387112493 0.11731934380996 0.123415761275988 0.0682937071903996 0.140292783546697 0.10511657222632
"ufb240" 0.640319562033993 0.677882942877874 0.193293134673137 0.115998760034243 0.131391443316178 0.0729460228460447 0.15188045858966 0.113469119781936
"ufb241" 0.755948741760999 0.708943638204522 0.16660749569651 0.505627546858673 0.127461663441508 0.0687585316647753 0.0770537564163292 0.0886222393963046
"ufb242" 0.732558139534884 0.732917006063897 0.168383394522434 0.732339079449613 0.133174678839766 0.0608324281183842 0.0345615439692531 0.082323180717831
"ufb243" 0.621741292501565 0.612548679485509 0.157007259580542 0.185587570031371 0.106538650602734 0.0599488578428606 0.106606877811149 0.076476351639427
"ufb244" 0.588843030009346 0.576711762071312 0.14066030343399 0.208727200407093 0.098899295816694 0.0597869051671243 0.0814666887795437 0.0554264420888432
"ufb245" 0.598436194773107 0.594721149087824 0.146724341966679 0.222702141727527 0.103421590554388 0.0626468018070516 0.0842594315083488 0.0615173444354812
"ufb246" 0.618501483148648 0.622477231699154 0.157208337392241 0.254944568459742 0.112165814844957 0.0651105753363418 0.0908634616589685 0.0722086523631577
"ufb247" 0.646554799394023 0.702218570615747 0.221714573194986 0.103299558513873 0.150003337337707 0.0838418017072799 0.181763651963155 0.144404161337582
"ufb248" 0.659462040523228 0.678150759948504 0.174537250524226 0.32315628750526 0.130736110771615 0.0760832481712321 0.103803046538939 0.0888713321284516
"ufb249" 0.621004820879656 0.622855958455069 0.154736110776676 0.208763617158499 0.108367094559956 0.0637286492068272 0.0995623489722669 0.068373020057192
"ufb250" 0.710301418442834 0.663286370148109 0.152790602169887 0.446697871788985 0.113443999039377 0.0709054333318974 0.0726285143451261 0.0710951781111288
"ufb251" 0.663141765297799 0.686347683030792 0.193563985413769 0.164150154641865 0.135293083075533 0.0809400422024212 0.15150320242879 0.111757408084168
"ufb252" 0.653926395715302 0.674933763583803 0.196914512085207 0.140740902758293 0.139064040713996 0.0779801470120889 0.148800469335693 0.118264092701013
"ufb253" 0.678009592912718 0.687107105742858 0.18988425964314 0.295877947322374 0.141209479940215 0.0804682780233613 0.126151298496652 0.120512025113605
"ufb254" 0.641073831337834 0.673061442101909 0.182889739017392 0.173964507011769 0.127161441229664 0.0679394160731899 0.13842867529086 0.0995319438967513
"ufb255" 0.773213772835627 0.741002394128498 0.151532321454234 0.689157314758264 0.118206053181596 0.0705685458762387 0.0434875747553462 0.0600015605143263
"ufb256" 0.683122431986239 0.635528900050638 0.16223496153501 0.301624880661055 0.113770109809061 0.0670896665369241 0.107539161699439 0.0824483785325463
"ufb257" 0.609089007351048 0.603638671028796 0.147925924916515 0.208727200407093 0.104287168805301 0.0624102112545279 0.0892327856852099 0.0644383078968182
"ufb258" 0.587606026128247 0.579070174415213 0.144124940155816 0.254881630739482 0.106284523862356 0.0567664604728134 0.0708241745653023 0.0660173840489353
"ufb259" 0.727037205915987 0.575672318035662 0.134007502149813 0.559113065769233 0.098944997370575 0.0556723530212248 0.0234990864819451 0.0487604536903665
"ufb260" 0.725267721678455 0.66002380248728 0.147926938127222 0.468989775932179 0.110851812560806 0.0779221344758553 0.0748120951018022 0.053220893672884
"ufb261" 0.759838517281322 0.723438740407515 0.175586481516477 0.5173325209293 0.13566956517471 0.0797942338151038 0.0867971965057565 0.0942713433170865
"ufb262" 0.615822420662238 0.618784462628284 0.15432332679625 0.208789279926338 0.107837997830477 0.0643569286819161 0.101635533009106 0.0663686638700318
"ufb263" 0.768339711916284 0.834332686479297 0.24146793833364 0.463201395019934 0.187811813603248 0.112162497172307 0.159792428921207 0.192813649176374
"ufb264" 0.674418604651163 0.52369716864998 0.1381371442211 0.674196801572927 0.106188468874677 0.0480222396924875 -0.00055186405952284 0.0333363937405753
"ufb265" 0.642095177012734 0.694071340081016 0.211984892013033 0.104098319244038 0.142558565638452 0.0580397075971299 0.173247303983138 0.135063435215401
"ufb266" 0.640769850306247 0.705401045652239 0.216352592920077 0.0926385124281697 0.145050114244716 0.0596275703306975 0.177783929819614 0.139069006061696
"ufb267" 0.555639542593726 0.561465949612377 0.144781611204419 0.11551538287058 0.10109587601283 0.0481909632730162 0.0992617788510013 0.0685487812647763
"ufb268" 0.687809530471123 0.593494832865527 0.144934941384127 0.380122579553711 0.101177155044961 0.0634874491787603 0.071440884158298 0.0571216711097221
"ufb269" 0.768902876063671 0.720808310862349 0.179740217720558 0.47011015361346 0.131852145059368 0.0938823406262983 0.115153396354978 0.0932700309394967
"ufb270" 0.802550422920131 0.758169027122096 0.179399438757556 0.534633972938144 0.135908778864906 0.0751717294149295 0.0912202814754868 0.109723540938114
"ufb271" 0.765112198369185 0.678541955259513 0.166394131004457 0.442148302702451 0.118038391316931 0.0732798882997155 0.0949399968785479 0.0878404431455595
"ufb272" 0.615648529208469 0.671887372660277 0.193309814822041 0.116023474524034 0.128404316737587 0.0711971973864496 0.151896161463469 0.114491126440764
"ufb273" 0.654186681500869 0.612822187295923 0.148348969033292 0.265944300563251 0.103199311692086 0.065284425250131 0.0927080190833302 0.0642292999394652
"ufb274" 0.716327966981837 0.796839635374489 0.235909574503388 0.365360530331377 0.185471608403594 0.122600737008616 0.163375897936026 0.174838763661122
"ufb275" 0.737553468743188 0.809754817759253 0.243092655663114 0.37391552163825 0.18841467550894 0.134761078178724 0.178234876001957 0.178438620206898
"ufb276" 0.744186046511628 0.718269230769231 0.150649666181792 0.752697178960915 0.116923940407618 0.0530822302470176 0.0139741444439318 0.0548564514210195
"ufb277" 0.685593651596866 0.632982989904577 0.152958182214917 0.324795891950337 0.110119810612373 0.071923831909949 0.0908696739876325 0.0676240768510497
"ufb278" 0.672158868454265 0.633422274778531 0.164487600511008 0.301190375422991 0.117109727747045 0.0735100929669227 0.112393064786532 0.0808113865505317
"ufb279" 0.686046511627907 0.594682386910491 0.142343270140381 0.68583672616591 0.106799890663977 0.048106076069047 0.00433110206529292 0.0301961076230652
"ufb280" 0.632063323325952 0.699598126249939 0.206920590786594 0.09268003914209 0.142157227483857 0.0441175126063827 0.167890667643554 0.13197482754571
"ufb281" 0.706661229472065 0.706314831465602 0.200274782123013 0.312464102035479 0.152647268711362 0.0812637135983472 0.131778850883793 0.137940405276375
"ufb282" 0.755768911619498 0.815543575920934 0.244988038452559 0.410139832156233 0.192985436736963 0.125777004278924 0.17334474115951 0.185691588670423
"ufb283" 0.707708563349223 0.651457541191382 0.173694694304977 0.494011191505797 0.130033032437865 0.0642035825339332 0.0684721269553466 0.0941052374009387
"ufb284" 0.635789070629391 0.582677607913669 0.157094130332633 0.415540611437151 0.119131469748842 0.0560555497885235 0.0497691306935494 0.0662009596770895
"ufb285" 0.719758801703217 0.790125845076159 0.236703406885412 0.375823373132269 0.182546039118221 0.126515773200991 0.171309994052761 0.174445617125297
"ufb286" 0.739861848275178 0.662866355732136 0.145879337076511 0.50535793001187 0.107827574770735 0.0752060374908147 0.0649635459468465 0.0584720363921343
"ufb287" 0.669689141377898 0.603578860367395 0.143153039543516 0.316931142891915 0.100533534042042 0.0608506448985365 0.0840677620735256 0.0567065362231851
"ufb288" 0.658515929392166 0.664008010174414 0.177062829800977 0.257976764762811 0.126371665976244 0.0774319024554714 0.120419931259147 0.0960583526127757
"ufb289" 0.694353945385893 0.757015499688772 0.230931791205145 0.25845986687366 0.168924569513722 0.106978490924631 0.177963079355923 0.160633974236048
"ufb290" 0.659710751358317 0.694847589187309 0.21737972798716 0.126350860934377 0.150520140187081 0.0899380718026072 0.173643591761814 0.14014151207216
"ufb291" 0.655099959513792 0.696433822757158 0.215407259869707 0.114744672909878 0.148818356026089 0.0862020165276942 0.172723530580414 0.13764892750573
"ufb292" 0.624719624079239 0.674397418152063 0.190504328420693 0.104352013712794 0.128768794173842 0.0666110121720872 0.149511194403985 0.112486760479043
"ufb293" 0.607904389003269 0.60325860676502 0.152459481882285 0.246117189049908 0.10777213971211 0.0595525807223821 0.0856780477148778 0.0700140757532188
"ufb294" 0.666775521671201 0.707843220881136 0.183357036699971 0.375048533440133 0.141798984796031 0.07941495804787 0.106118146304371 0.104506747731273
"ufb295" 0.754749153040722 0.662227808540272 0.143482098929033 0.634945100401727 0.114310544955983 0.0657621219088892 0.0344918940572475 0.065167555314415
"ufb296" 0.708800459354875 0.662034438077484 0.162457977689595 0.359295172255024 0.115292541800575 0.0806678932107919 0.10481688381703 0.0738835449249271
"ufb297" 0.624140282954097 0.612383884334896 0.150417425422013 0.232091018106552 0.10778657032542 0.0634044405379512 0.0918959074033945 0.0663983984252392
"ufb298" 0.647083372568725 0.660121088002131 0.174148365496468 0.185484370604772 0.120991129542089 0.066827684953238 0.124801027704101 0.0946955390946994
"ufb299" 0.652079009676635 0.670601824524367 0.179333593732441 0.208654014363946 0.126378914827744 0.0656708152976719 0.128236205557943 0.0987848432431913
"ufb300" 0.656781192589842 0.666304409534391 0.17852387106659 0.208605106265651 0.123422819490523 0.0665342376059159 0.124939965334586 0.0992226529801176
"ufb301" 0.642972404861049 0.676951671307444 0.188154627539153 0.173972556132307 0.130331467170876 0.0703091189400233 0.144977438708445 0.104253058299317
"ufb302" 0.798774334145144 0.718443382718654 0.175772023584022 0.529112185328981 0.133222346302891 0.0741380941011068 0.0872030756678464 0.108568875678283
"ufb303" 0.64904573408091 0.662205622095038 0.178703783374488 0.162299997869161 0.12461274396259 0.0685327188342278 0.135023960794856 0.0981097577376816
"ufb304" 0.638688654471526 0.650417995218142 0.172311823055014 0.185609105561678 0.119400696675639 0.0649887638158824 0.124570482637848 0.0911358785401738
"ufb305" 0.644342328362016 0.640913074374789 0.169006661192057 0.208936463288179 0.119047683191166 0.0657303973578162 0.119323692981794 0.0889213577248864
"ufb306" 0.650557666485857 0.590688106320159 0.137660189184895 0.305014183393846 0.099241809325875 0.0584938780329308 0.0781798622030742 0.0506414264819463
"ufb307" 0.608932315271867 0.630643522621647 0.165529214398731 0.127644553182931 0.113988346078359 0.0604717925806422 0.121119809417299 0.0874404430075795
"ufb308" 0.643470662537742 0.651173808355999 0.163339704653354 0.266838439589571 0.118910999008516 0.0704742724195749 0.108765353900431 0.0727756487797815
"ufb309" 0.72789880339606 0.709754561546841 0.194036332399628 0.405548691269649 0.146649963103841 0.0873422444706994 0.11780750023892 0.125375484353505
"ufb310" 0.761976469693225 0.816329327911546 0.254025278066228 0.360223779416263 0.193305037818662 0.13378373493871 0.195250159651892 0.189821275605852
"ufb311" 0.713675087918668 0.607359019781518 0.135621124002339 0.59752338065451 0.101206066309511 0.0607057801415904 0.0253186209663389 0.045066380052474
"ufb312" 0.655634194145836 0.660383990465416 0.174657346048152 0.208640814248202 0.124452531454176 0.0732134393008724 0.123309134055884 0.095498758533647
"ufb313" 0.742444042739261 0.681359898521564 0.16627886389282 0.418182398099697 0.118826868659536 0.0800433799495216 0.100722381284212 0.0830692423614432
"ufb314" 0.61854576519606 0.657809064634616 0.186311541966916 0.139372171947114 0.124188598115116 0.0728926364272398 0.143845483574609 0.105530495392088
"ufb315" 0.762726954787808 0.71266951842716 0.167660659787846 0.505521514573585 0.124434149964592 0.0773407401163937 0.0887572118402042 0.0890714263249602
"ufb316" 0.617576661131602 0.61865452002582 0.160788152463843 0.139188063436906 0.108819133751896 0.0617856355533208 0.112382783846525 0.0844173653428195
"ufb317" 0.651588471159465 0.632852720386456 0.161474914054017 0.23176839647473 0.11433728805535 0.0672701957548781 0.106828214276311 0.0851359439460941
"ufb318" 0.725274472665085 0.65080891998251 0.153677576118548 0.429770932560157 0.107906995804035 0.0779441580188794 0.0812494083457538 0.0772169708928751
"ufb319" 0.644592822248934 0.664180813968286 0.167199993677881 0.316362293559616 0.125246015906555 0.0730325390121871 0.0958370574780985 0.0825265466453309
"ufb320" 0.646563926376682 0.712664587010741 0.226855905036184 0.0827336778028993 0.153017123651705 0.0914769966925754 0.187177191367399 0.148536418189417
"ufb321" 0.662091511459573 0.671599185695354 0.182524839160972 0.21363149783687 0.128917937557198 0.077192034157035 0.133678023082387 0.100179853571204
"ufb322" 0.654639258602226 0.659368791074431 0.176796561150217 0.208539713702805 0.121507129495351 0.0648390705104906 0.120135335294084 0.0986211122412969
"ufb323" 0.604424609153778 0.643802796291123 0.172107187966406 0.115985027953532 0.117938692373629 0.0632126881884643 0.128901834939326 0.0952452145077858
"ufb324" 0.605949787234556 0.619230479159334 0.15892878142983 0.140875292837683 0.109768131396837 0.0575616909722866 0.11315952831518 0.082937027672653
"ufb325" 0.817447339167319 0.771626552651948 0.155159560922176 0.717324972733409 0.125479134497611 0.076035173577235 0.0475767106271688 0.0720964570599743
"ufb326" 0.560975609756098 0.363229201657149 0.13295024997272 0.560812826150466 0.0977322194452606 0.0407024669700972 -0.00894529143702943 -0.00597358801204848
"ufb327" 0.633039593900116 0.64261744966443 0.155596578962799 0.25487273134282 0.113295705287097 0.0653607488369323 0.0938547601244654 0.0737929390518729
"ufb328" 0.641648123441019 0.684976154381034 0.19101659936761 0.12894871481384 0.134032927500942 0.0716467818268698 0.149494456899507 0.113274115312095
"ufb329" 0.729614209923021 0.73123708707663 0.209360691145467 0.403043237671771 0.163952335694173 0.0892130391158439 0.124281561643896 0.162103437650826
"ufb330" 0.587835692886376 0.623560851750216 0.160789792959634 0.127510236090693 0.109267827396066 0.0594104940394646 0.113827633329275 0.0785749092142055
"ufb331" 0.694117647058824 0.59542469815717 0.138839851480065 0.690185047954783 0.106714866835186 0.0474319430267363 -0.000279030420936374 0.041591739524944
"ufb332" 0.658675687192016 0.667605784129344 0.183007612055871 0.211292142911244 0.128371946734725 0.0783422878819258 0.135907563754567 0.0981037824578894
"ufb333" 0.648123025173129 0.661437877191302 0.167543765269812 0.266720297816194 0.120129507519523 0.0658044331322995 0.10660296182213 0.0804367953276927
"ufb334" 0.687260602159196 0.626589390720729 0.14617714806635 0.398531686555628 0.105020828298997 0.0625505616536513 0.072913171379415 0.0651867439030478
