NA NA 0.1177897 NA 0.0550556
0.1511582 0.1961742 NA 0.2341997 NA
0.0816878 NA NA 0.278995 0.1470371
NA 0.09607828 0.04964845 0.1735195 0.09177534
0.04346329 -0.001877751 0.07463562 0.2615674 0.05007974
-0.01709046 0.1152287 0.2434624 0.05651825 0.3009623
0.05465586 0.09756056 0.2330678 0.07234841 0.02346066
0.2373307 0.06691126 0.2450083 0.1229639 0.1136189
0.02585888 0.2145057 -0.02133741 0.08580422 0.08477438
0.07018493 -0.05442601 0.1015159 0.0990054 0.03961478
0.1806135 0.1586535 0.2390673 0.03085429 0.07316793
0.04460522 0.09981019 0.140332 0.1042292 0.08668721
0.04041895 0.1088168 0.04086826 0.04019321 0.07293921
0.08800471 0.1006346 0.1547761 0.09142611 0.06960948
0.09679016 0.05853535 0.0585698 0.02288427 0.07551592
0.0543577 0.06676924 0.07438303 0.03884128 0.02967683
0.01466462 0.0122412 0.0198707 0.04889667 0.0574799
0.03850911 -0.01092129 0.01808166 0.06668492 0.09397888
0.1098001 0.0378152 0.03187933 0.001550765 0.03313259
0.01027436
