0.1951943 0.1246181 NA NA 0.141892
NA NA 0.1563156 NA NA
NA NA NA 0.09756056 0.1391642
0.33377 0.1135204 0.1686711 0.1558929 0.1331056
0.08024422 0.1042125 0.03384109 0.02693203 0.3365773
0.04131638 0.2299925 0.1881743 0.1470998 0.1567932
0.04538691 0.1758375 0.04389396 0.2441609 0.1407888
0.04990906 0.1124696 0.3524742 0.08696627 0.03926635
0.1125199 0.08689035 0.05287066 0.2033721 0.1406384
0.02237691 -0.009644268 0.06059292 0.2963447 0.2103441
0.1369253 0.125165 0.2209986 0.1025448 0.05170209
0.1290506 0.02372137 0.131199 0.01282492 0.057273
0.183714 0.09058457 0.04101922 0.01129087 -0.002259697
0.1043815 0.09607973 0.04143395 0.1294013 0.1029898
0.06322753 0.03560087 0.07775836 0.03056492 0.005898821
0.1359061 0.08700394 0.08645484 0.06235638 0.02606524
0.02931566 0.01015517 0.02467101 0.02907224 0.02423872
0.0422667 0.1045056 0.02191817 0.01168131 0.04413552
0.01449913 0.02895196 0.1384316 0.04766191 0.03219034
0.02870319
