NA 0.1521985 NA 0.1233469 0.1538255
NA NA 0.1920076 0.06386188 NA
0.178064 NA NA 0.1251068 NA
NA NA NA 0.03708162 0.2087068
0.184917 0.1706968 0.1387504 0.2428936 0.09881745
0.2746028 0.01040054 0.1584401 0.02365505 0.1148499
0.111486 -0.03228712 0.07656863 0.1491843 0.09599235
0.01505997 0.08696627 0.1682943 0.06028423 0.01455286
0.004457936 0.248923 0.06819442 0.05937917 0.07962986
0.07847954 0.313476 0.0423761 0.02836806 0.04006056
0.06953627 0.1380733 0.07763174 0.2289896 0.1158737
0.1235569 0.03816745 0.0792895 0.1630901 0.1468812
-0.01461418 0.1430919 0.1019473 0.08036455 0.07030407
0.1597727 0.1311801 0.09401822 0.05212813 0.03175073
0.1031351 0.03648256 0.005391287 0.06135634 0.07367984
0.05092584 0.1073787 0.09433328 0.01880493 0.0308119
0.02104636 0.04523911 0.02515099 0.03693287 -0.004468168
0.01895418 0.01451771 0.01896755 0.04144702 0.04688297
-0.01503783 -0.00293049 0.04369634 0.05352328 0.005238526
0.05224741
