0.1099102 NA 0.1253954 NA 0.1263012
NA NA NA 0.1976736 0.1644786
NA NA 0.08564399 0.3008379 0.2668165
NA 0.2494096 0.2844745 0.07595726 0.1426834
-0.05743441 NA 0.1265699 0.1129298 NA
0.1868455 NA 0.2500511 0.1282924 0.04241123
NA 0.05996188 0.03825757 0.1785517 0.1106148
0.0649616 0.03505516 0.03456777 0.09920735 0.1039117
0.1678963 0.00767239 0.08578779 0.2278214 0.2672427
0.1378246 0.239131 0.1271467 0.1001088 0.09647191
0.05667992 0.04653908 0.2013668 0.1064231 0.07426044
0.08815216 0.1340568 0.05612935 0.09738966 0.1986787
0.1659033 0.0586765 0.06971167 0.03986388 0.07961758
0.05698591 0.09843586 0.08230817 0.1079324 0.05692714
-0.01272735 0.1527387 0.02031383 0.1383018 0.01025628
0.08653094 0.07156085 0.02390543 0.06466965 0.1342247
0.07903805 0.06243324 0.01786845 -0.007734431 0.0824658
0.03375832 0.02414924 -0.003892992 0.01749109 0.0646997
0.0599571 0.0197978 0.02964376 0.0818867 0.07860843
0.005722668
