-0.03228712 NA NA NA NA
0.1939246 NA 0.0132302 0.08054418 0.1363231
NA NA NA 0.1976736 NA
0.1316197 NA 0.2348651 0.07148447 0.3047385
0.1942991 0.2638902 0.09880374 0.07289077 0.09458607
NA 0.1250241 0.06076741 0.07649284 0.2325258
0.1326965 0.1460265 0.1025418 0.05239532 0.1444557
0.1007524 0.3360925 0.09827706 0.1403394 0.07786716
0.2039918 -0.06376591 0.087166 0.03281729 0.1183384
0.01925529 0.1229673 0.140922 0.1656691 0.1431584
0.1451906 0.02681629 0.05098867 0.07080443 0.1639038
0.04312085 0.07890911 0.155513 0.1437921 0.06212585
0.1367389 0.05169217 0.117093 0.1739499 0.04700184
0.1294835 0.06655136 -0.002864104 0.05283553 0.01014512
0.02192806 0.02811488 0.1465554 0.1134197 0.009286848
0.04148031 0.09209513 0.0758489 0.03548861 0.090462
0.04321971 0.03499393 0.1247372 0.01789874 0.06444345
0.02907139 0.007751795 0.007324675 0.09153939 -0.003322944
0.02435156 0.01251935 0.007555994 0.01852788 0.01607721
0.02927597
