0.1309624 0.14897 NA NA NA
0.1071963 0.1480911 NA NA NA
0.1246181 0.200206 NA 0.1944882 0.1976736
0.1316197 -0.03286165 0.2957552 0.1686711 0.1301281
0.2254468 0.1058224 0.1793785 0.1777344 NA
0.1875945 0.1302775 0.07884208 0.1460943 0.08334924
0.1496721 0.09421485 0.1008863 0.1484266 0.05921517
0.1079806 0.1233318 0.1955454 0.1076253 NA
0.1148487 0.06625258 0.2390832 0.2825839 0.002349157
0.164459 0.1119574 0.1844999 0.05923175 0.07659089
0.1045745 0.09078459 0.125153 0.206238 0.09220134
0.09758709 0.03781357 0.01614932 0.06289063 0.07129862
0.0872392 0.06344164 0.09830188 0.06612245 0.02439715
0.07739535 0.08954569 0.1155683 0.1442338 0.08858747
0.02739849 0.1430544 0.05670015 0.2122182 0.03816862
0.05527183 0.02106272 0.03770163 0.07874866 0.1131388
0.05682308 0.06452295 -0.004476486 0.0471272 0.02554581
0.0279158 -0.004221537 0.1251608 0.01386159 0.04069154
0.007572397 0.01127582 0.03616745 0.0180376 0.01357264
0.04149262
