0.08944328 0.04101614 0.1251068 NA 0.1009474
NA NA NA 0.200011 NA
0.2063995 0.1805566 NA 0.1939246 0.1227206
NA 0.1288131 0.09208988 0.1512443 0.09027623
0.1471822 0.1124556 -0.01038824 0.08944328 0.09634086
0.08798624 0.04823756 0.1489106 -0.06268043 0.2127232
-0.00156067 0.1732586 0.1373232 0.154175 0.1890565
0.2581481 0.08337531 0.02405984 0.1951999 0.1166103
0.07487187 0.05154459 0.1352818 0.1514659 0.2784312
0.2712852 0.1964366 0.1503981 0.04027069 0.04049151
0.1998266 0.07458511 0.08133791 0.09370584 0.2158521
0.06284499 0.09511274 0.0002345828 0.1530877 0.09726838
0.1746433 0.05967905 0.1582209 0.01826031 0.1200199
0.04664606 0.07182097 0.09246012 0.08919911 0.1161286
0.04194317 0.001020164 0.04589211 0.06726602 0.01730922
0.119784 -0.005391069 0.05109071 0.07650345 0.0689746
0.0353069 0.02073123 -0.01604723 0.07692435 0.04240916
0.05389629 0.07982642 -0.008492993 0.0768315 0.02898183
0.03602032 0.02405059 0.04886595 0.01082943 -0.01209492
0.03499642
