"quartet" "wQuartet" "cluster" "phylo" "mutual" "shared" "clusterNorm" "wNrqs"
"mb49" 0.752869191253083 0.776449419749061 0.204664908207456 0.574331050154692 0.16448431243142 0.108054159243817 0.118120529180699 0.141798574830398
"mb50" 0.755813953488372 0.763743349991939 0.183867892759293 0.75560588116692 0.152068000922838 0.070904584706412 0.051954463706022 0.118603276732999
"mb51" 0.740591967489203 0.777945652828061 0.235327140462933 0.329691037095612 0.170984979191054 0.116470347593192 0.178714585924077 0.165965207565702
"mb52" 0.76554671475278 0.840007436326455 0.24570843644149 0.63173560304311 0.203375079026881 0.127628326345043 0.14869071296733 0.208268425665394
"mb53" 0.793103448275862 0.873167547035432 0.239049094470176 0.792878051750829 0.203229436145598 0.100348101282733 0.116378223963225 0.199286109327011
"mb54" 0.88065285142434 0.90054344118784 0.237113309135863 0.815998798612426 0.202980999682777 0.131199872933669 0.138990071926101 0.174231820216776
"mb55" 0.684701233059259 0.721846169273967 0.205546063690785 0.434515980217802 0.158810958470643 0.0929367168933934 0.118899487634704 0.135546308910921
"mb56" 0.873563218390805 0.949680170575693 0.228829607616668 0.873390823237537 0.196620869675847 0.0971383052042274 0.104511280829233 0.190207647067113
"mb57" 0.780028425592762 0.83201035741574 0.241878319045917 0.639249496585642 0.198313783555387 0.121703487457678 0.144367962101744 0.188820329233919
"mb58" 0.728071073432086 0.751408154686843 0.191282404442348 0.595423695986674 0.151525791663246 0.0896045627940558 0.0869709444126146 0.108802994798666
"mb59" 0.84382044266674 0.864102368414358 0.223444885627247 0.735346807619043 0.187495729230095 0.116024166540682 0.123563602329802 0.165882151029046
"mb60" 0.779356192097774 0.833447767180373 0.24445500474496 0.505196612039996 0.189502576113293 0.133863095207609 0.172016030870246 0.193066197319156
"mb61" 0.810123071157725 0.812274527444806 0.216159520768188 0.585972872529972 0.172041008352501 0.118397244389377 0.141007676267054 0.135841161848404
"mb62" 0.699369209872844 0.709038623065644 0.186370587904319 0.280601140807897 0.142416855528615 0.0865275574034999 0.097444956736562 0.119818642293385
"mb63" 0.896551724137931 0.926558752997602 0.222135479042343 0.896467378192844 0.196124126199085 0.0953722553111851 0.0967380096012492 0.197413579121245
"mb64" 0.607588552145325 0.674746304875358 0.200289991405783 0.136590474187484 0.133521124044449 0.0699997055924398 0.159958636044575 0.12121767822388
"mb65" 0.75 0.810066410346033 0.209618880081073 0.749867207438376 0.176819379817318 0.0859999484096366 0.0800292419049929 0.15540075278434
"mb66" 0.734929831545854 0.75196969896929 0.195085324358614 0.547410689440217 0.151755489277621 0.103732559511842 0.10665541744415 0.121059191832041
"mb67" 0.647058823529412 0.73125481139338 0.195225425784798 0.45941054174121 0.153305268381702 0.0709859487202018 0.0635053325913009 0.123011764699305
"mb68" 0.638335128948266 0.656720035089695 0.174485051559708 0.115572524543349 0.11805984644864 0.0582308885657421 0.128209879944035 0.0896732644850483
"mb69" 0.662650602409639 0.764197832640756 0.207669817305673 0.662447533931572 0.162403744377547 0.0780322150549769 0.0767128969660103 0.118137981823705
"mb70" 0.793679332533203 0.822375574145162 0.21208263982656 0.654891312261966 0.170944916243635 0.105080948476806 0.110739933288564 0.163231756669914
"mb71" 0.635333375345663 0.667252994792572 0.181538056222005 0.150218557222616 0.125244408183704 0.0762385576181628 0.130261925661188 0.101605871616485
"mb72" 0.612052056291207 0.674800730816607 0.194208277203861 0.103347368530203 0.127490328405366 0.0643246747916489 0.154665355149709 0.11001296432992
"mb73" 0.770114942528736 0.867131367292225 0.238784616686226 0.769801496795522 0.202569394357066 0.0989662437937653 0.116071110419528 0.211716793755548
"mb74" 0.620820601915534 0.668604930405018 0.192557575184646 0.136867191437522 0.126272483094237 0.0585292748397173 0.15292095947195 0.109971211040481
"mb75" 0.637494166627292 0.666010648215285 0.17849189367308 0.140211156685912 0.122096577557378 0.0648049086220441 0.129155255186314 0.0978062943356222
"mb76" 0.673379026006909 0.665023188159399 0.169874403329967 0.209545604210521 0.122934349453402 0.0700886289770857 0.090009857907899 0.101897492963143
"mb77" 0.862068965517241 0.884390373620529 0.210036132066052 0.861994307347032 0.18151402756419 0.0886407740929832 0.0826881590965945 0.164012858643471
"mb78" 0.669123721886253 0.66958895104995 0.184267249203032 0.308246988064702 0.134966883859358 0.0866837003908989 0.123889935114567 0.110015180730681
"mb79" 0.862068965517241 0.86361045517466 0.177024435885862 0.861880898077313 0.151872004024841 0.0745431664142499 0.0443547352229268 0.126245178211515
"mb80" 0.623764545473876 0.673749841106828 0.197053000788969 0.181823499525031 0.129309160160167 0.0727875918369526 0.154335244343941 0.119926639115469
"mb81" 0.685539071380087 0.675799730891098 0.174674889225925 0.299078813021166 0.119900991703644 0.0652796373377391 0.109027189422906 0.095325105231481
"mb82" 0.748305397718617 0.782299169305212 0.230883639429942 0.340687419059611 0.167434013776096 0.112007322493307 0.169634940095743 0.170804378823415
"mb83" 0.697674418604651 0.748747433264887 0.194421669966385 0.697521958415424 0.157767555483783 0.07210736844269 0.0634409687268976 0.115906914125573
"mb84" 0.693086300969339 0.689075044116929 0.182324717099238 0.337300634697971 0.127515876868119 0.0704262527995801 0.111540265180579 0.106628852385169
"mb85" 0.678571428571429 0.723358138862799 0.187680471307945 0.678310959239374 0.15184396517077 0.0699778504015142 0.0531263063048021 0.112517924841202
"mb86" 0.79324371501924 0.833049367237814 0.235531540783146 0.528273321201818 0.187739420428831 0.121631720716616 0.152345914031345 0.192877264448458
"mb87" 0.811764705882353 0.814081145584726 0.184190991192694 0.811581914298259 0.15474678748503 0.0752317266129501 0.0521446760334862 0.121502650308511
"mb88" 0.850574712643678 0.804804130654394 0.143578123688128 0.850484382186808 0.120351017348784 0.0574374386901725 0.00551663204008722 0.0730416047556156
"mb89" 0.628676320899443 0.658176816278147 0.17393627106808 0.118211524244065 0.118259345304293 0.0552287850360856 0.126136005804926 0.0914524642823275
"mb90" 0.616611223190738 0.669513876628363 0.197133563586272 0.13858720152219 0.132038395225429 0.0677370172417177 0.157113753731785 0.116186023689473
"mb91" 0.606761225285172 0.666155534282302 0.190116372649293 0.115463941914453 0.124559605362934 0.0501736767998361 0.150107574754891 0.10985746231528
"mb92" 0.61663561934638 0.669895529788563 0.197351580015242 0.149604447449575 0.132177456339851 0.0703803559319815 0.156277964340685 0.119836222629557
"mb93" 0.619978363502534 0.667688452986919 0.189456006584143 0.116232822973306 0.124335534915564 0.0628607236159582 0.149437683873576 0.105219572174275
"mb94" 0.779613914169413 0.776494013635251 0.206160211649823 0.517104019360586 0.161550933687415 0.111459816714859 0.137427028256713 0.119335915197428
"mb95" 0.633018637702128 0.65625356380639 0.175375036336832 0.150282965217634 0.119627035682839 0.0727835221239739 0.121142300475221 0.0957244504714485
"mb96" 0.755813953488372 0.778679026651217 0.186343355107328 0.755620217803123 0.15515666833641 0.0744536236745389 0.0540491834011906 0.114516718311398
"mb97" 0.644266440778203 0.659239657591653 0.17532754784689 0.141881638459786 0.119209261878307 0.0591563393821141 0.127581969639275 0.0925141709446004
"mb98" 0.660196684168222 0.644958497754797 0.158288315792104 0.209036860372229 0.114308294132402 0.0697089244635847 0.0852863024044701 0.0912967806693195
"mb99" 0.703943521568337 0.650157991019458 0.157643756776618 0.555523795411512 0.118481346408698 0.0623066683691799 0.0486713334873971 0.0725331191281387
"mb100" 0.609002526327355 0.671355533549256 0.195508003860226 0.125264868837136 0.129206690580763 0.0561218974869265 0.155407951107604 0.116060159092263
"mb101" 0.755971560990664 0.760118460019743 0.190754898529487 0.632064434023953 0.152474134474892 0.0941702743674574 0.0861737201202824 0.119903192346484
"mb102" 0.626798199420668 0.649462048543243 0.170569780708751 0.105166142638963 0.114658098965471 0.0527299267573128 0.125359289774284 0.0852825424375166
"mb103" 0.873563218390805 0.904900439617274 0.20290822652411 0.873447527872397 0.176480292188501 0.0848906124114749 0.0744111828703717 0.17814962014473
"mb104" 0.657208204127765 0.647806620939106 0.165030061829845 0.255943459542987 0.109592093316644 0.0590667694125983 0.103282108509067 0.0780376782719115
"mb105" 0.787461391991498 0.762998961970369 0.186137855539611 0.569182862995663 0.146803706957815 0.0789401916520448 0.097387870046335 0.116048466165087
"mb106" 0.752941176470588 0.658912888677902 0.141197493209726 0.752741160882501 0.113405977824414 0.0512323681502567 0.00100049735731192 0.0533500673031142
"mb107" 0.755349148401278 0.815828394496877 0.232564383976111 0.50524445672538 0.184943981813681 0.120683929093985 0.149055886089879 0.184189954330923
"mb108" 0.759805859014096 0.805189525411498 0.2342436964525 0.401746653812912 0.177935461467894 0.117498768103861 0.167942070836648 0.178388506319676
"mb109" 0.620283445336192 0.66981706825691 0.195195407423295 0.127160488653896 0.129625136889708 0.0647368755454077 0.155436949417423 0.11359402555614
"mb110" 0.693867538416632 0.702820960973919 0.204770729304375 0.250670631584415 0.140486494210861 0.0798483501793248 0.152393482495271 0.134770849811677
"mb111" 0.61201738596765 0.672479415923461 0.194843192048022 0.1724870753544 0.126890217188844 0.0704805410497532 0.152891082857873 0.116430098989382
"mb112" 0.69723430810877 0.711931690510074 0.181029788477167 0.55761481312888 0.140690153260198 0.0851137697403921 0.0745664498186126 0.105239514055564
"mb113" 0.71267217364651 0.673976366224223 0.166222824526174 0.454607454367533 0.12409875922279 0.0693042105333752 0.0751162745045616 0.0872739580041068
"mb114" 0.741739060449904 0.745749533485383 0.184764932533444 0.617356129384307 0.145927562634918 0.0891158908742065 0.0787715663480436 0.113644818432927
"mb115" 0.708729101852993 0.725641628002584 0.188201775064589 0.518761460476315 0.143783365626983 0.0839573245202789 0.0825143276469891 0.0991596118238381
"mb116" 0.667492041519879 0.680335208855064 0.195154773748277 0.242133554528467 0.134370311367342 0.0799257775723673 0.144626027887363 0.122300320214313
"mb117" 0.674418604651163 0.699517525188023 0.180916024667214 0.658346880467913 0.145655621117531 0.067753944261672 0.048554109115338 0.101176211407126
"mb118" 0.768861416487528 0.754413122589756 0.184249326879316 0.626794632058925 0.143583723018974 0.0900085649590916 0.0779407188305164 0.11161475516034
"tnt1" 0.643494827505987 0.676288643992459 0.190365903971876 0.181641199958263 0.132176550574619 0.0709572691758725 0.14491794763192 0.119640030353857
"tnt2" 0.673307851955061 0.70478126956851 0.199558116527793 0.22672250879929 0.140574988434499 0.082147769296798 0.151422865705897 0.128750914717506
"ufb1" 0.755813953488372 0.74667543475084 0.181375751552716 0.7559534652711 0.15242465828433 0.0710399226848537 0.0491995737160638 0.117279604007783
"ufb2" 0.624596149883016 0.649832090045569 0.170170750302366 0.162094402749963 0.11399211370849 0.0522986784078961 0.126043430118605 0.0856393865783428
"ufb3" 0.634395983708813 0.653246881976906 0.171645759142149 0.175770465961531 0.115997776134563 0.0506812663950943 0.126507782990231 0.0883252974699365
"ufb4" 0.641261767307347 0.66485495662553 0.177183666196548 0.241277818545557 0.122592452402945 0.0698494774069599 0.125595723527491 0.09580766636736
"ufb5" 0.640064338697792 0.66856812746863 0.180891150785906 0.267369191206215 0.127562608207628 0.0811534658548775 0.127021190720664 0.0998459701035328
"ufb6" 0.639982395401351 0.661624145106627 0.177624300200717 0.264369078594139 0.123514352554234 0.0804643894392546 0.120488843998534 0.0971776210704719
"ufb7" 0.908045977011494 0.93080835117773 0.218531047480654 0.908034007987928 0.193917420558792 0.0944790804328841 0.092552517219286 0.182137637993236
"ufb8" 0.658191628387133 0.664419579771585 0.176342614209513 0.333442661857047 0.130071437112339 0.0779029234430549 0.104938555068642 0.111951958598589
"ufb9" 0.670804788732346 0.672285481721334 0.182077134458074 0.301293388784749 0.134189115052646 0.0741893909445304 0.116940115980957 0.114752411835106
"ufb10" 0.595167105068853 0.663351175218504 0.186973557001313 0.104229167546148 0.12185218550618 0.0501965431313682 0.147220644588344 0.105951303305014
"ufb11" 0.624018394678037 0.658102907639681 0.180375865050678 0.148681431758461 0.120617608137441 0.0587172587357279 0.139074403666399 0.0973210864022942
"ufb12" 0.635059373919237 0.656513059261887 0.179511042595869 0.162078171559493 0.11885629339583 0.0568292915611457 0.137559469286287 0.096016098166545
"ufb13" 0.63097291074042 0.649306116317064 0.171857410849794 0.185197563303334 0.11743160605276 0.0596189420985453 0.123939637232885 0.0890686132545844
"ufb14" 0.622508913352397 0.654335038046217 0.17350303265449 0.178076679743071 0.11872025176274 0.0595203342832916 0.123900925733898 0.0929360876485439
"ufb15" 0.81821681816723 0.81963779721572 0.209688177396042 0.609022063294297 0.171269387111489 0.105798530054341 0.123690405349283 0.134397225367863
"ufb16" 0.701149425287356 0.77685725926932 0.19660602762203 0.700912059738757 0.162609802984255 0.0780874551396561 0.0670930232541272 0.130734864368994
"ufb17" 0.717647058823529 0.621548656276844 0.139746290295597 0.71745992242783 0.107073608630249 0.047301313242012 0.000368182698248574 0.0373718473498063
"ufb18" 0.71264367816092 0.709400486478752 0.181799056379205 0.712421984898981 0.153690858696027 0.0710228970306496 0.0498990595802152 0.111935315819613
"ufb19" 0.828942321194781 0.833534995025678 0.216482517098395 0.632050927770734 0.177671896958218 0.113505181513035 0.131224071049577 0.143224462604421
"ufb20" 0.741176470588235 0.590569105691057 0.134809539787461 0.740903369414996 0.106839532704931 0.0493297339227299 -0.00617168931291945 0.045814243585581
"ufb21" 0.655780715753601 0.647228272324879 0.163501988101092 0.279100851404298 0.111448441856709 0.0574433657599743 0.101643189234619 0.0805176677721658
"ufb22" 0.623031767068 0.604770286266757 0.14790225857877 0.252506137408289 0.0975127803920091 0.0543161103495755 0.0918150308502076 0.0568425969837065
"ufb23" 0.683831541352072 0.689730228876723 0.179490198446579 0.383219198645378 0.134875336537517 0.0816614250659633 0.100709234484105 0.114242038233315
"ufb24" 0.65470759487194 0.650495854040683 0.170955150327893 0.289206341099565 0.12515016313134 0.069534947886235 0.10504179842712 0.104072903069941
"ufb25" 0.747972024275625 0.629492977862414 0.135005513724112 0.630629047663882 0.101704383116209 0.0628127030567876 0.0229254554903908 0.0406847289858646
"ufb26" 0.697674418604651 0.544630767628372 0.134129969983466 0.697521958415424 0.106171642324388 0.0468011840476769 -0.00665368752764022 0.0362780982138628
"ufb27" 0.731067004006278 0.633023920028561 0.138540808971254 0.639340199324404 0.108338730533613 0.0646266615532205 0.0274265380986406 0.0512331582038101
"ufb28" 0.748016128197703 0.79206750791271 0.230066230020762 0.324862226743038 0.17068162461072 0.109986288897968 0.163126836386344 0.177087896573253
"ufb29" 0.649625762691297 0.638042088700954 0.158582074210089 0.308236048608974 0.11174209595617 0.0722175433625014 0.0963538363311606 0.0898663130715626
"ufb30" 0.646860307348578 0.624524442732756 0.154661665556017 0.307925742313315 0.109654531232586 0.0666704766319446 0.0874223551235901 0.0868946442157337
"ufb31" 0.657426384663011 0.643530760136812 0.165088655674371 0.33387902327836 0.120498039780309 0.0677379685092476 0.0845969676625268 0.0900862036473609
"ufb32" 0.654283025419489 0.636647952413774 0.173688341152325 0.242091423332718 0.120138248647813 0.0683903176709557 0.116233511564105 0.0942845050020896
"ufb33" 0.674801757811282 0.660307199450817 0.163368908370661 0.399636693946735 0.12071587333686 0.0692137874930693 0.0828784836843534 0.0957857717778065
"ufb34" 0.69524838905398 0.700863313271059 0.183486446314964 0.48366783424278 0.134437689769967 0.0804438478196302 0.0771851135204622 0.103607608612842
"ufb35" 0.753819748626439 0.801294833223673 0.232586504968025 0.373047445707063 0.174453546473852 0.112685451874275 0.166141394422478 0.17563886664713
"ufb36" 0.640267975248114 0.608440167212177 0.15643545526153 0.310630945961622 0.113589981927992 0.0664455241109407 0.0832969290323403 0.0709214431626304
"ufb37" 0.781609195402299 0.856010062342776 0.231507041682243 0.781424831225465 0.196019146410759 0.097010056419448 0.107620336915575 0.20045366309225
"ufb38" 0.675554234139266 0.694940996851045 0.183326506581214 0.395030539014811 0.140177829021302 0.0793392875261793 0.105026749153842 0.118619044232491
"ufb39" 0.630192326035235 0.647459197429442 0.169314882661183 0.187944658621991 0.113930797694753 0.0543218026618155 0.122731372697517 0.0854406155929515
"ufb40" 0.62448792053095 0.649626470883278 0.169506256370747 0.199594345144532 0.114839568421786 0.0516202792219608 0.121427443374794 0.0876167784607427
"ufb41" 0.653500428198524 0.64990928865787 0.173467447837223 0.265317337333586 0.124170050099023 0.0675099594381669 0.115936561617865 0.0944412277548006
"ufb42" 0.755813953488372 0.664835164835165 0.143329665437149 0.755548519556891 0.114488717480761 0.0536228727492173 0.00501051510250673 0.0600667145051647
"ufb43" 0.686046511627907 0.543846004277659 0.141075932133317 0.685936721484936 0.113786957346093 0.0495035570045573 0.00142163344338561 0.0469974682822599
"ufb44" 0.646720696857825 0.62520724414287 0.14842359640564 0.346509613094349 0.105833936989535 0.0612280096195299 0.0806065755525979 0.0787253233141415
"ufb45" 0.588692644266916 0.582687373396354 0.152250958385593 0.126127178658088 0.100783369417957 0.0421601135752557 0.109525527929895 0.0711214344196966
"ufb46" 0.620183776358429 0.618899612846938 0.170590494974737 0.291142542289903 0.125761032696559 0.0659513206757776 0.0907930139399328 0.0895908470246243
"ufb47" 0.656781846078827 0.684217664930556 0.181080990326234 0.482444270686689 0.140884744949365 0.0795012090769375 0.0753868102699299 0.111049819525578
"ufb48" 0.624122374972424 0.580983005637514 0.157649542331676 0.253017877058712 0.108630254618128 0.0634483551757076 0.0953521976957577 0.0786341481424285
"ufb49" 0.611039331203141 0.625857552910216 0.169288576547876 0.11486173739111 0.111724911043802 0.0488428938032917 0.128669989486816 0.0889962093354477
"ufb50" 0.654384550687099 0.674469007368877 0.175675040583888 0.470263074758624 0.131413566297507 0.0726592720880257 0.0692327514764015 0.101840695687747
"ufb51" 0.635572070100032 0.650008078425632 0.177270199680917 0.162046816582466 0.115149670051317 0.0558289829311168 0.1344461832944 0.093218380158165
"ufb52" 0.644935028813009 0.622153187380618 0.14871780739388 0.346123138127427 0.107593392811235 0.0586493818257363 0.0747847415596052 0.0734399020528038
"ufb53" 0.655172413793103 0.692408835904628 0.179551774695088 0.65095157771313 0.142142159832488 0.0638929666863536 0.0472894995960628 0.0811044383503132
"ufb54" 0.617650901546139 0.616150764392678 0.166290030880028 0.127847487450783 0.108232340663373 0.0486711761749402 0.125377423329086 0.084505372617897
"ufb55" 0.68150880445977 0.640525937202027 0.158077108170186 0.454681533294052 0.115898913817514 0.0624052059312376 0.0661303307350693 0.0677431661510422
"ufb56" 0.850574712643678 0.869046793760832 0.205087481325172 0.850484382186808 0.176616362941468 0.086195160133508 0.0769417495386773 0.15812083528963
"ufb57" 0.641852486576475 0.627485858621794 0.170422216062399 0.326005305536945 0.126743103619549 0.0701590915408364 0.0906103736735985 0.0931240570697404
"ufb58" 0.59615894633746 0.594287676848251 0.156305846260309 0.116099619105994 0.103976208228524 0.0435179747226281 0.114273151811067 0.0759045215686403
"ufb59" 0.602907243456063 0.588653989435926 0.154939918590656 0.139104751074177 0.102608191658779 0.0433051508411344 0.112356726607794 0.0744122594113151
"ufb60" 0.622589877527153 0.567597857437165 0.149408012906356 0.348590502555559 0.108522206199014 0.0529630708456473 0.0564595161027198 0.0622240596493465
"ufb61" 0.734939759036145 0.739057801536919 0.173108041778329 0.731476637267976 0.138440368512858 0.0664891962386053 0.0358757194654998 0.0936318460044576
"ufb62" 0.608513534065529 0.648510625357057 0.181839736886774 0.138480678998328 0.117486058436477 0.0507475716999776 0.14167448422891 0.099449585154324
"ufb63" 0.620680552477432 0.619999685803009 0.168647101040653 0.216582581007497 0.118257346635655 0.0689619388175282 0.11389356326737 0.0923018113607114
"ufb64" 0.614271259058439 0.663413601402246 0.189822662678126 0.136801801424966 0.12570426084261 0.0579013873219137 0.149798783664102 0.109129036335015
"ufb65" 0.71264367816092 0.615689060280089 0.140823583285113 0.712421984898981 0.109639376059238 0.0517483463083998 0.00231803950883604 0.0469851731737162
"ufb66" 0.60318907681741 0.581987754734536 0.155282213604369 0.184310375725646 0.105019904284591 0.0579866235560509 0.102359888091557 0.0708554527250791
"ufb67" 0.587610273002915 0.575394344387749 0.152331293698877 0.151605469946993 0.0995055541496779 0.0558719163674479 0.101429493054916 0.0635522032609565
"ufb68" 0.60062642741549 0.659919942383802 0.185763729368509 0.127480648442685 0.122027603822386 0.0594616528233587 0.145559866399987 0.102713466819344
"ufb69" 0.618781889878223 0.647276813095625 0.168428981000399 0.166142685159356 0.113248149449242 0.0501050787749022 0.121817976743396 0.0845514043515664
"ufb70" 0.638657084269743 0.624451517604062 0.156048990598719 0.25894474051757 0.105215995624184 0.0584617973025062 0.0974195296479391 0.0683521551514169
"ufb71" 0.647060619949169 0.634155039450809 0.154116036731173 0.300325902930413 0.107737556363888 0.0608070314583495 0.0952913023390285 0.0821122619230123
"ufb72" 0.756733978447225 0.741873528289725 0.193681565254407 0.44799481039388 0.14889555183878 0.0969847920971435 0.123867940815407 0.108329584704818
"ufb73" 0.624230130177505 0.653452897314684 0.185414366258354 0.140581436205701 0.120141474724529 0.0582825497955817 0.145577804975173 0.100986383752925
"ufb74" 0.727893911851124 0.6961924076666 0.177483610715189 0.573057949677681 0.139980855697008 0.0794416366880877 0.0712034376152614 0.106367807403015
"ufb75" 0.689366623656901 0.682771745485188 0.182047443235705 0.320406648951452 0.130483222282641 0.0863841294802383 0.121585564144437 0.0956523980894946
"ufb76" 0.63848135121913 0.605947071067499 0.149553371738615 0.465712671773593 0.108777618063313 0.0548357285921162 0.0400164771559799 0.0741125715316273
"ufb77" 0.619827115988955 0.630814539560809 0.163625391768415 0.229794224810454 0.111552067091246 0.0647816619690102 0.101770139483326 0.0914710269738661
"ufb78" 0.625615655794682 0.669619259434453 0.186743339360235 0.172315744696744 0.128745644130277 0.072016334889807 0.142356319836963 0.115329640700189
"ufb79" 0.641466665214738 0.626042299786247 0.154921009287086 0.307469025675941 0.110625059754836 0.063276237968635 0.0816269479700105 0.0869745650144754
"ufb80" 0.659053075936205 0.640449769223215 0.157125616085934 0.392533190623928 0.117986886794546 0.0672987683521427 0.0759061206234168 0.0804053661422526
"ufb81" 0.702136748932549 0.687517649172949 0.178000247230561 0.441305349100403 0.136738217082468 0.0758742578811526 0.0990423441821597 0.110061464554529
"ufb82" 0.674698795180723 0.68542590610185 0.180102681700641 0.670495076306682 0.142796562573042 0.0674549195646692 0.0439145754797809 0.095207312445882
"ufb83" 0.595380204274071 0.660597922039013 0.188386584020778 0.103049734160259 0.122935459417689 0.0575734894868276 0.148748573850066 0.107415914839541
"ufb84" 0.650415937495496 0.67318204342036 0.178291791914565 0.299303566649814 0.128810597456859 0.0836429626382333 0.117547584898568 0.0963445726204803
"ufb85" 0.588307878929243 0.575634611032564 0.150338530850205 0.163157833566613 0.0999792407472892 0.0527817504034777 0.0993132143143351 0.064376160987459
"ufb86" 0.609761809912035 0.649225265467908 0.18310418060551 0.150191969115801 0.11955323640759 0.0598365352043656 0.143155911326719 0.10030905533158
"ufb87" 0.603644558365918 0.659879671521372 0.190549975413867 0.125920778403131 0.125527662205333 0.0684628601749684 0.151017737352836 0.107231741171301
"ufb88" 0.604153528097566 0.658870229354929 0.185321125007676 0.127480648442685 0.121762298057457 0.061480442838642 0.145094907373889 0.101110848804089
"ufb89" 0.628166888264401 0.661763815089686 0.190798500398617 0.172633918767777 0.126068936981834 0.0650894012102807 0.148647843531339 0.111368226761433
"ufb90" 0.707772436715837 0.73430163173803 0.210903966592926 0.287250813492735 0.149710469756969 0.0864664209895001 0.155971375559765 0.140808672048818
"ufb91" 0.694873378470877 0.709659020016755 0.180639225477217 0.41129072870958 0.135604045528403 0.084701685472645 0.101773733537995 0.105596456576302
"ufb92" 0.667291939455954 0.667110917070705 0.178538061849908 0.319438866559396 0.130927437686619 0.0836174977670129 0.113149075827824 0.107835721101693
"ufb93" 0.746008549930929 0.731230071991497 0.192691345743319 0.425026598179452 0.146404099586689 0.0975454607463193 0.128547788295915 0.102326075840455
"ufb94" 0.735632183908046 0.825700964424858 0.224475312777161 0.735498539854288 0.188560329004264 0.0896325019504163 0.0994550417059041 0.171016190536025
"ufb95" 0.742088261327088 0.76071589300023 0.215718350663224 0.351443469940108 0.156940940884657 0.100961673366442 0.147531527208758 0.159165509480772
"ufb96" 0.674823784487157 0.637387051313935 0.160317094731358 0.443146453108943 0.118249711670603 0.0626843446678015 0.0685529072120091 0.0734826097247194
"ufb97" 0.674418604651163 0.473627345054513 0.128517784863667 0.674160295425903 0.0995387463176937 0.0458323818785912 -0.0132488742953837 0.0306107633840099
"ufb98" 0.646148637196852 0.655803633926261 0.173276491247509 0.24400469813365 0.118802889729737 0.0655207530170217 0.123597003013042 0.090429670579118
"ufb99" 0.781609195402299 0.799615236629473 0.195100954476819 0.781424831225465 0.165982007880201 0.0803734426613567 0.0653453212723404 0.135025376555937
"ufb100" 0.642095260866357 0.630657731301503 0.158170939049062 0.247004284177029 0.104959722714207 0.0566817544992251 0.0996377164906414 0.0670598397680254
"ufb101" 0.607457056683177 0.662126403290576 0.186943529385704 0.127798848948475 0.122289174235195 0.064142979526374 0.146797272815065 0.103273769108613
"ufb102" 0.578313253012048 0.651993737913252 0.188767563123735 0.577896002643979 0.14583343870879 0.0643164908743993 0.0546864641913471 0.0793443265208101
"ufb103" 0.754809783495842 0.715904959134957 0.179412782152498 0.48794438789328 0.139507907918356 0.0695535212933184 0.0899779030253324 0.112991984327614
"ufb104" 0.72737959776636 0.679702350095041 0.165600783591946 0.4539416014159 0.121276642015063 0.066371284300632 0.0853256694677623 0.087159396463778
"ufb105" 0.666666666666667 0.707911720181659 0.179127244120892 0.666438988892945 0.143478853726532 0.0641828896809268 0.046796531577724 0.103753031054699
"ufb106" 0.691506744956489 0.71257182456039 0.182239146596661 0.429248951647632 0.13316476139174 0.0835710206641468 0.0924684738854148 0.101293011045515
"ufb107" 0.642170521730158 0.625548038175473 0.166691799201205 0.221586952419817 0.114764770054843 0.060794082524219 0.111794135765053 0.0835987974703408
"ufb108" 0.617425266249965 0.663424930989125 0.190695919512449 0.163094027230493 0.12525515828625 0.0621662170254184 0.149276692895904 0.110172728039936
"ufb109" 0.687404796937325 0.635118146091329 0.164842843620581 0.383463742317897 0.120773566877042 0.0650606325907586 0.0847709381587131 0.0911884666812083
"ufb110" 0.604498371311967 0.671268488986878 0.1923743903978 0.0933036101147242 0.126465648005551 0.05822920348962 0.15288449555198 0.110650325504263
"ufb111" 0.597205954497888 0.579944499318 0.152479612759474 0.129204516822978 0.100743757696383 0.0422287201156726 0.109137622108314 0.0712570699616123
"ufb112" 0.634456574075773 0.595638641855116 0.166365043036856 0.255760921624751 0.114343411529636 0.0644942335196206 0.100056154089026 0.0938727896945481
"ufb113" 0.593921816215355 0.631893256255953 0.182630367287515 0.148416878762993 0.120852526537368 0.0659447274526105 0.138061657352368 0.10704648079692
"ufb114" 0.630368879131132 0.649313177298426 0.169596460673322 0.20894112082904 0.114831978653956 0.061647124633094 0.117532824574916 0.0891495555395978
"ufb115" 0.777121340588695 0.752629964206579 0.196081919199712 0.453087667837908 0.14536073401374 0.0938710490295228 0.126381229396042 0.111512921341128
"ufb116" 0.76023004094039 0.752764530160893 0.194251921732017 0.593486122867415 0.154460994277506 0.0894563981337764 0.0902110956871365 0.134296567243531
"ufb117" 0.592860700128212 0.656419030268251 0.188265100535165 0.0815893308210235 0.123218860106374 0.0657683569384628 0.14856806832943 0.107669984731415
"ufb118" 0.624607932169879 0.661853736850448 0.192208658735863 0.139919762958512 0.129517455200532 0.0606819685511559 0.151477618003886 0.113069789985444
"ufb119" 0.62290409644998 0.651152846254229 0.16993227949678 0.175689089400847 0.115318153891238 0.048297323061525 0.123421961228766 0.0886741959636307
"ufb120" 0.760142709978593 0.667630976602238 0.150743295195718 0.620354244069989 0.11797575760872 0.0682381227042868 0.0415110617652214 0.0749207569142558
"ufb121" 0.770180810726689 0.690660685154976 0.154314564381671 0.574331050154692 0.118018396688809 0.076573339867351 0.0622913132604305 0.0768622264362013
"ufb122" 0.633151394730949 0.642925899781318 0.169803544939356 0.276134054314165 0.1183004641758 0.0714319339976234 0.103768639284168 0.100015257766493
"ufb123" 0.717956759627137 0.663278540190017 0.17744963943996 0.453190323355409 0.136672357873697 0.0701236095188821 0.0877623506325027 0.105091541332032
"ufb124" 0.580552435617916 0.607342436625802 0.166982619780756 0.13692563401405 0.111845996204476 0.0533937591852076 0.126246115349587 0.0905683875718945
"ufb125" 0.588751877631078 0.615157758928884 0.167198749594945 0.0922501741160019 0.109917571180751 0.0471220872042318 0.126477859352049 0.0883951093486145
"ufb126" 0.651162790697674 0.480497065930273 0.128917198079101 0.650816377429861 0.0941834350801309 0.0432661786820363 -0.0117290087191081 0.0103612566650004
"ufb127" 0.833228194606995 0.784969081972412 0.168184199567261 0.723899950100486 0.136060773907934 0.0798361031404361 0.0611952324268909 0.10116909580844
"ufb128" 0.65560477539078 0.63644869317604 0.163693532789762 0.319621949575749 0.11415140470838 0.0689285020377162 0.0910488362002219 0.0903558091119763
"ufb129" 0.765009862572856 0.742270812333618 0.195092172078507 0.429845109910179 0.14518653780727 0.0907671514934349 0.131062578234378 0.104914361461229
"ufb130" 0.673942050982196 0.671696807984979 0.175203408102492 0.368185355628734 0.123960051235016 0.0765226080644533 0.0959982586384448 0.09934050200658
"ufb131" 0.688672590446709 0.687470646387083 0.184923067489226 0.309013790186844 0.131944294828063 0.0861869011503766 0.128321228333427 0.0978596079989574
"ufb132" 0.658899480995593 0.649827740136822 0.167042309563749 0.30578004046597 0.115224911234221 0.0585757571869372 0.100801967502904 0.0858825413796631
"ufb133" 0.648708177333476 0.604354746039189 0.171076307764721 0.276363793917982 0.119236802742889 0.0641054707672766 0.099318104399307 0.0951297203996847
"ufb134" 0.629453276787863 0.577868979402199 0.156949727723559 0.256136575416756 0.107391788137195 0.0535900727349604 0.0898921397854552 0.0814229109600087
"ufb135" 0.620647109238818 0.593625014449197 0.159701981172514 0.197920945376215 0.106399285982783 0.0539602039741607 0.10447567337791 0.0805986872173705
"ufb136" 0.645585675286066 0.602206769108456 0.158333242607316 0.251012167341197 0.109722457076133 0.0583449645176654 0.102934523433701 0.0780089524106063
"ufb137" 0.627569414753365 0.595315979837493 0.164337681809136 0.209468154268951 0.11107855091562 0.0597894880436775 0.106328283636145 0.0878842793776126
"ufb138" 0.587492541358582 0.65835577433984 0.185342202767897 0.104489434672128 0.119368591674061 0.0521434667621759 0.145502113228914 0.104409997016131
"ufb139" 0.626505325351136 0.641334467160507 0.167873321268167 0.218175964032717 0.113258943245397 0.0656500393733937 0.110060405080402 0.0923310763912157
"ufb140" 0.781609195402299 0.733739026336792 0.155709186727792 0.781481535860325 0.12644855124507 0.0601302657452404 0.0196033114702917 0.0805589520246955
"ufb141" 0.729539875937332 0.625709538972726 0.140830320828319 0.597395030487439 0.105931444434892 0.0654972104229367 0.0303230708757684 0.0553328116587327
"ufb142" 0.635360530505117 0.648059240926677 0.170894361020657 0.264444141720966 0.118355726022299 0.0713836389520801 0.109576695508917 0.0955380828197153
"ufb143" 0.629459889559909 0.616671193471524 0.153927323237338 0.223565399338571 0.101819253382043 0.0585900743437491 0.0982459463661616 0.0593648862949238
"ufb144" 0.593023255813954 0.502884171665898 0.148585081579956 0.592888098298923 0.113936335274947 0.0473669896568733 0.0102794452460893 0.0268840130508373
"ufb145" 0.716134161131648 0.736513530034935 0.216747113460865 0.264753944488916 0.151822669596873 0.0864319405068684 0.16223785428074 0.148826186944379
"ufb146" 0.619893698234909 0.671174932153768 0.195834319736375 0.161042255156379 0.129929805295311 0.0695587973894767 0.153938533425065 0.119839776502832
"ufb147" 0.660908008589337 0.691060662349627 0.194707598358854 0.195072587503505 0.13620269551507 0.0729741443727731 0.148011796811114 0.124033627706702
"ufb148" 0.687798918381736 0.674075062309358 0.17674694280127 0.382067345592783 0.129781623148258 0.0777889934827176 0.105280482528051 0.110727128524352
"ufb149" 0.652331548070121 0.661986692077896 0.172144429434133 0.267613707287659 0.120431922291539 0.0719069732527199 0.114593795609127 0.0891133994349622
"ufb150" 0.729411764705882 0.570883315158124 0.136786569327318 0.729297713895334 0.112213795582678 0.0492461844585348 -0.00365914318594454 0.0485810263761808
"ufb151" 0.592141884874846 0.643190982801804 0.172589775544533 0.126121849925017 0.113844380858522 0.05198960332948 0.130894948979921 0.090275176872611
"ufb152" 0.638822467287517 0.635782396423959 0.169986551400292 0.322349077196122 0.1271032773005 0.0699011277358418 0.09026934980027 0.0906502713215396
"ufb153" 0.648160628413919 0.653906756882009 0.166751791103436 0.380095437724512 0.121349930019774 0.0670610748429703 0.0758980557665247 0.0854184343909516
"ufb154" 0.607892552157986 0.509858543468037 0.129664454934624 0.370870391304283 0.0920123060977774 0.047455321715158 0.03434862197004 0.0381508361995481
"ufb155" 0.585149780310241 0.569265396810702 0.150387907981709 0.184368174718374 0.10165329175271 0.0540297421356221 0.0945114636741072 0.0697262291855288
"ufb156" 0.758620689655172 0.804099178629001 0.198691664498136 0.758404980905017 0.164604408569777 0.0774374820410601 0.0695148801009223 0.134645951827321
"ufb157" 0.74304648511914 0.788919633093217 0.231401587700177 0.336899385210885 0.171835941247887 0.11419949541514 0.170333697304861 0.166626660000104
"ufb158" 0.693892618251961 0.672424366312347 0.174560535147787 0.406486617039863 0.133898307581978 0.0746179239500274 0.0952936506463208 0.104414471041325
"ufb159" 0.583047618329241 0.573139293139293 0.149126540934266 0.141534464540592 0.0960209490880972 0.0506950935910185 0.0998452566366296 0.0599633900800971
"ufb160" 0.616378744157813 0.65818051568156 0.174720009580203 0.208810129412193 0.121633474325402 0.0764693515232351 0.12042240162246 0.0935603693450834
"ufb161" 0.529411764705882 0.579132977808361 0.18282325926729 0.523455918773448 0.137946444675691 0.0598898784023523 0.0494940880827692 0.0787213724995815
"ufb162" 0.670755917582015 0.619167194357709 0.152605162231478 0.400692029217318 0.107326579592264 0.0631469634486069 0.0709487274147528 0.0652057503425085
"ufb163" 0.611469581287293 0.647813422494676 0.182821408295013 0.138493811644329 0.117843000242179 0.0554884974932155 0.142857665276372 0.10023735079365
"ufb164" 0.616091225048701 0.634881347451942 0.177208783673573 0.106233611952512 0.113018207783288 0.0556634838812681 0.137024983253069 0.0933793370337295
"ufb165" 0.596297840162776 0.5620979196257 0.150008972834669 0.197763177382999 0.100064770898404 0.061093879506767 0.0909077803855929 0.0648623935029009
"ufb166" 0.593023255813954 0.61349743255359 0.172296210394926 0.592657348074857 0.135474496595764 0.0592344873192501 0.0386701973196209 0.0695788437945046
"ufb167" 0.613779285182906 0.618021261923385 0.166669132203027 0.195956826825091 0.114076948269559 0.0644554086645461 0.114351958844234 0.0867548661462739
"ufb168" 0.623529411764706 0.469956458635704 0.144075220710078 0.623571385571789 0.114607290117151 0.04937770694333 0.0048208669343353 0.0373628875676144
"ufb169" 0.680174910482267 0.683926541679791 0.189532303584278 0.395179494578219 0.143020914120654 0.0727823452111487 0.101162455556904 0.121147345951929
"ufb170" 0.610212194928808 0.661361761785668 0.186461132900893 0.106196656458561 0.122330241005101 0.0572614312162164 0.146538034011017 0.10425740125985
"ufb171" 0.620931730190601 0.643641793122997 0.174172428255396 0.127749771752754 0.115406565167784 0.0504600903836965 0.132558376419351 0.0927537301860412
"ufb172" 0.616141434266413 0.632896696717049 0.165347472132746 0.150581672638072 0.111908567890843 0.0459528741379697 0.120963680762928 0.0836605988584581
"ufb173" 0.68720378116879 0.716699379722352 0.201205572157648 0.250859459669126 0.142443701818845 0.0841969526072872 0.148538957717154 0.13446329042714
"ufb174" 0.745381775285735 0.599379111538177 0.132222709980486 0.592600590401753 0.0951528850860375 0.0566320896567605 0.0203354710450202 0.0443350379287634
"ufb175" 0.739351055604878 0.710095116628639 0.185003075679586 0.383298725631392 0.136434324605437 0.0843319315963445 0.124721521425906 0.0932280139854424
"ufb176" 0.720528997774702 0.748031365252351 0.213807200633196 0.329107377571471 0.15497453360414 0.0981055631244711 0.151198616476386 0.147374431216252
"ufb177" 0.736266008070305 0.779285294803826 0.228329897921283 0.312758215743994 0.168265141052784 0.110166857622414 0.166877830990372 0.168707994395351
"ufb178" 0.655172413793103 0.767659765471582 0.218441618263931 0.654815654463002 0.178501795288106 0.0847005699472394 0.0924486713565157 0.168910907541994
"ufb179" 0.517647058823529 0.389724576271186 0.138842571491319 0.517698262301659 0.104639946365204 0.0386333808705437 -0.00139393888490599 0.00123115778985668
"ufb180" 0.655172413793103 0.722606787101131 0.184700831455508 0.638323909879633 0.145115627621021 0.0652385625379775 0.0532686220946285 0.101267532535636
"ufb181" 0.640667153583513 0.613514939953148 0.177797111233497 0.299582806185283 0.124065847281281 0.0707660836524391 0.0988410348696237 0.106121876850168
"ufb182" 0.616343488929435 0.631461974398605 0.165123219323506 0.140881438019425 0.11147138933206 0.0460373044206639 0.119615866402035 0.0823126382166413
"ufb183" 0.670588235294118 0.517021029394679 0.13187089167287 0.670398926492615 0.102520110391085 0.0452618442047085 -0.0096455839216481 0.0252210960151193
"ufb184" 0.627653612926853 0.637480104181739 0.17257667760601 0.305672138298207 0.129297416168066 0.0697069744767548 0.0929807672968372 0.095004062985232
"ufb185" 0.588516607074949 0.661790829679915 0.186346488079258 0.0825463137391767 0.12100321574405 0.0487807634969897 0.146608842611633 0.107642254456718
"ufb186" 0.625984829671142 0.593208850049497 0.158973258291103 0.286134792492836 0.110866172614038 0.0655864737545004 0.0919897242579907 0.0838472848674754
"ufb187" 0.706740122993605 0.728258076219558 0.191130570239409 0.424937164670312 0.142457320270457 0.0742583859226138 0.103113452379586 0.121191436127099
"ufb188" 0.640784737620808 0.62188679245283 0.170333148653739 0.291142542289903 0.12312662903391 0.0648083878151775 0.0905446501534511 0.0919247695615211
"ufb189" 0.59648053780367 0.574014680762398 0.151044888311943 0.139602160438806 0.0991177917489722 0.0434472634533474 0.106844947088111 0.0700625108286189
"ufb190" 0.658094680204096 0.647469920688724 0.167257767765991 0.282361214004433 0.11264289802547 0.0591809704726384 0.101026936481794 0.0831289795837363
"ufb191" 0.599626512914175 0.582123371548013 0.15399436757627 0.16499760369682 0.0993374665455581 0.049575572793655 0.100991280233302 0.0694150670686228
"ufb192" 0.60385540168066 0.633390732095116 0.183561469644948 0.161663308440027 0.122652403372298 0.0670457744828876 0.137780596712425 0.110013744601227
"ufb193" 0.680747111077378 0.628279950978769 0.182384833772089 0.29023106621561 0.125441890354694 0.0741478452475529 0.111593102253913 0.117619106850705
"ufb194" 0.695509003352065 0.738904446938575 0.210465825010666 0.224476444743209 0.153553164375281 0.0915833877526547 0.155572085167619 0.142370518500915
"ufb195" 0.617330920319016 0.657091417496835 0.19145041928777 0.205227123970039 0.128187429080834 0.0748404648928752 0.142890387603125 0.122658465918002
"ufb196" 0.759601480500078 0.701952532722716 0.176262853618696 0.511092077707764 0.13543042941276 0.0679963984086642 0.0864537175054949 0.106587615125317
"ufb197" 0.595917186780862 0.632312206018409 0.167505527550493 0.13769853151817 0.109954643132142 0.0511357138235128 0.124171860515592 0.0851625914678493
"ufb198" 0.690670341304745 0.626128563216447 0.150566903673028 0.49796565674603 0.11328968232071 0.0655181498438859 0.0576401580734375 0.0654885669778448
"ufb199" 0.71999137352244 0.651190969675712 0.160982559300539 0.422980399185488 0.116634577436629 0.0666354396847871 0.0804627649033544 0.0827571784314723
"ufb200" 0.587942743144203 0.633604773208241 0.16845280821128 0.12904365155754 0.110275304768465 0.052419380471595 0.125926457400226 0.0853665857961672
"ufb201" 0.656608748634849 0.6726150202977 0.182805118080245 0.447734598675277 0.13518391200074 0.0743621447579177 0.0769903847082486 0.105393493121038
"ufb202" 0.676332882215724 0.672191368107735 0.172639886157282 0.345454440876697 0.119843909108833 0.0702192174126933 0.100914955092847 0.0979532491014312
"ufb203" 0.649681454076238 0.636868252495304 0.161387820178792 0.279366584739804 0.108438374929371 0.060866222724567 0.0946089411565076 0.0787570835768811
"ufb204" 0.603483806565791 0.667384351914489 0.18860215864289 0.126046297268187 0.123824779029605 0.0640441531837413 0.148537385315181 0.1068827128047
"ufb205" 0.63570443953112 0.650879777191537 0.17090383620069 0.243963100094178 0.117567670753831 0.0696630653420687 0.116330697862598 0.0890215428057218
"ufb206" 0.620062078642957 0.651373471294039 0.17750679490979 0.149028989839391 0.12322974018344 0.0543202249914596 0.132633998966864 0.106774372196114
"ufb207" 0.725674675901718 0.677334329313841 0.164089796861723 0.446470432721154 0.122751718263613 0.0679411403273592 0.0837033106657337 0.0857569524469438
"ufb208" 0.605223257153193 0.660248395148978 0.187222701385123 0.127480648442685 0.123168437247399 0.0669335688776643 0.147095281869359 0.103033641632918
"ufb209" 0.60273775882892 0.649967525489819 0.182392656249368 0.129326708022821 0.11932723499611 0.0665191862650761 0.141672673821061 0.0987232020190369
"ufb210" 0.619800518755669 0.645523961802124 0.169698939496526 0.199525687226122 0.115117763411718 0.0536682575696561 0.119841757160946 0.0897965826246963
"ufb211" 0.684632219984325 0.715861600344027 0.19879462922148 0.251740591517908 0.143462920229064 0.0839033359121919 0.146018893157054 0.130044783664239
"ufb212" 0.676260271363469 0.705802508202455 0.195793656808492 0.215485833480062 0.13984258751733 0.0810753291939611 0.145300276697733 0.126793139425453
"ufb213" 0.59511532808757 0.618603234658934 0.165005717990994 0.104469899280906 0.10897264355117 0.0410644367500367 0.124225939458209 0.0861327513916528
"ufb214" 0.77413846717213 0.742633871380989 0.189917623564375 0.51705262257606 0.150226536633363 0.0812175574074787 0.101768518925814 0.120992932418915
"ufb215" 0.615659758211271 0.601231668753361 0.160098019109848 0.173024153844318 0.107539528971949 0.0555960524989527 0.109594655673796 0.0778400291115075
"ufb216" 0.645109758784547 0.637344164993322 0.170573061544943 0.253608195695568 0.121888047510247 0.0667896052481584 0.112858251024421 0.0949536565514571
"ufb217" 0.581566404512556 0.655135062090918 0.187373921212982 0.10445586120295 0.123295835335867 0.0595449444471753 0.147224768401673 0.107790801215019
"ufb218" 0.636807139384283 0.650196425082468 0.170786975095588 0.20908546432658 0.116324666813535 0.0652741045584076 0.122778718303083 0.0857554051162042
"ufb219" 0.747206338619536 0.745758301951386 0.190576797408904 0.475871038528637 0.13998615266383 0.0909296381258949 0.101721400256681 0.126726825044383
"ufb220" 0.778363697950702 0.785597074405739 0.19712193835989 0.654891312261966 0.162100826741456 0.0964509364070311 0.0938549716710505 0.139319122797905
"ufb221" 0.637226128279613 0.607367387717307 0.148411908253636 0.299305604253689 0.104231478655678 0.0574992385509256 0.0745713041204632 0.0793641402382665
"ufb222" 0.575929156757215 0.567009073694032 0.147335425350682 0.116762077698995 0.0928012548426353 0.0473409811332858 0.0995216799575957 0.0579367791155459
"ufb223" 0.666540483037695 0.654174044798189 0.173839358845636 0.330620546185425 0.125781548466185 0.0836124933920152 0.102168274171884 0.109584583910562
"ufb224" 0.628718485824475 0.639098356168842 0.172929451004013 0.161996161614042 0.113521619391803 0.0572039749299214 0.128981389689261 0.0891249153088414
"ufb225" 0.602580848537909 0.664563207249202 0.189686756873272 0.115396355735019 0.125151027209886 0.0493642404098395 0.149296542984949 0.111399902642129
