NA 0.1099102 NA NA -0.0377145
NA NA 0.1636257 0.09756056 NA
NA NA 0.02612335 NA 0.1976736
0.1246181 0.1244034 0.1537029 0.09837947 0.1418326
0.2227585 0.3049969 0.1249964 0.1523267 NA
0.1582586 0.2814546 NA 0.180986 0.0713926
0.1729759 0.111883 0.06731647 0.07458909 0.09170042
0.1185361 0.009915289 0.1578137 0.1622706 0.02414033
0.06574284 0.05962336 0.02031638 0.06391292 0.1511683
0.0313578 0.1418811 0.3054108 0.2110362 0.04172807
0.1229791 0.1395826 NA 0.05878147 0.03209877
0.1009548 0.1392937 0.1023073 0.04602162 0.2424205
0.05335309 0.04833247 0.1140206 0.04599412 0.05029095
0.05433321 0.06470761 0.2281592 0.05803751 0.01508328
0.09882901 0.08083024 0.03426842 0.1105315 0.05742109
0.0310584 0.1144331 0.1016735 0.07111907 0.07528203
0.01591943 0.01182984 0.007655705 0.05141778 0.006075471
0.01475375 -0.008249637 0.0659321 0.03180826 0.001242168
0.05055185 0.02000744 0.007422863 0.002511849 0.02427917
0.03934197
