0.1939246 -0.0597088 NA 0.1470371 NA
NA 0.03626333 NA NA NA
NA NA NA NA NA
NA 0.2616064 0.1973896 0.2242923 0.06381657
0.1787406 NA 0.275908 0.02297703 -0.01030413
0.1753932 0.07271758 0.2940434 0.1309624 0.1009791
0.07649248 NA 0.06198621 0.1262083 0.2370428
0.1200749 0.2846343 0.1150628 0.07716842 0.1003836
0.09607319 0.09206706 0.02897627 0.1320632 0.13921
0.09220802 0.1031727 0.1828518 0.185642 0.03895586
0.1110705 0.03785796 0.05640998 0.07575725 0.04415776
0.03955101 0.1616538 0.07484518 0.0412084 0.06455144
0.2170261 0.1260246 0.03455043 0.05059753 -0.001108951
0.06930905 0.01404798 0.09427054 0.05063702 0.1693195
0.115963 0.07395964 0.05307761 0.1238848 0.02207931
0.01908859 0.06534184 0.006029998 0.09236455 0.1219797
0.05082119 0.002789888 0.0255937 0.04145352 0.03753435
0.02654012 0.009184275 0.01624976 0.02974117 0.03453269
0.1149982 -0.00109493 0.008505753 0.04395423 0.08114667
0.05685891
