0.0497347 0.146576 NA NA NA
NA 0.1246181 NA NA NA
NA 0.1470371 NA NA 0.103367
NA 0.1118936 0.08515667 NA 0.05149662
0.1939246 NA 0.2422805 0.05900772 0.1527889
0.1783706 0.08279264 0.1189848 0.1545058 0.1791894
0.1515358 0.09425628 0.2625794 0.2480103 0.2592763
0.1534611 0.08928507 0.1724352 0.01194466 0.242485
0.1909368 0.2125189 -0.03180359 0.1103179 0.1014025
0.1711397 0.1206354 0.09125135 0.06333431 0.0184388
0.2721986 0.03630907 0.2741074 0.08664216 0.09939448
0.08439579 0.1100659 0.159948 0.08682063 0.07595126
0.09711968 0.04308676 0.07075987 0.1007052 0.06907591
0.06604161 0.1285014 0.0215448 0.09509291 0.04963132
0.1568036 0.1292446 0.09731521 0.02466839 0.08912641
0.1184524 0.1399514 0.008812404 0.1228828 0.04689342
0.04626593 0.007672457 0.007453663 0.02606472 0.005630879
0.1682799 0.06536436 0.001093348 -0.002359748 0.07612932
0.006697474 0.04710351 0.02761601 0.008377953 0.0197883
0.04847037
