NA NA NA 0.1038265 0.04034074
NA NA 0.1309753 NA NA
NA NA 0.1033973 NA NA
NA 0.1978993 0.0765934 0.1744549 0.1943706
-0.02412968 0.03387959 NA 0.07696712 0.2026702
-0.005634367 0.2172756 0.03347739 0.1009152 0.1016316
0.02729619 0.1181153 0.08744127 -0.006709154 0.04030916
0.1823383 0.1444147 0.2065604 0.03929639 -0.02989475
0.09788274 0.1596707 0.2134278 0.03418938 0.02609068
0.1807619 0.05233045 0.1369755 0.03652583 0.06979453
0.0211231 0.1967768 0.05294254 0.08865404 0.06207141
0.05193808 0.2049451 0.04518549 0.06368046 0.02358626
0.04142462 0.1090711 0.05565343 0.07315863 0.007299897
0.1013222 0.2243579 0.08927566 0.05330067 0.05973585
0.03364335 0.1415966 0.1822302 0.05781725 0.07419729
0.09452748 0.1089232 0.01847736 0.09257286 0.08059822
0.04341498 0.01892045 0.04204819 0.008030128 0.008532639
0.02752725 0.03841508 -0.003989348 0.04064582 0.02255373
0.01445221 0.009149173 0.01480228 0.1096986 0.03175185
0.153304
