0.08944328 NA NA NA NA
NA 0.2325258 0.1158676 NA 0.1924515
NA NA NA NA 0.08054418
0.2325258 0.2880158 0.04547825 0.2489003 0.07980407
0.1045363 0.09649193 0.1145063 0.1563156 0.2663263
0.08977255 NA 0.2000457 -0.01902672 0.02077699
NA 0.1232234 0.273555 0.0674265 -0.02931003
0.04562728 0.2139256 0.1250083 0.09179256 0.1155274
0.1874799 0.1491531 0.08890308 0.05053837 0.02881913
0.05772655 0.01975815 0.2019212 0.1050992 0.06165704
0.1226921 0.1964314 0.07685852 0.060569 0.09477306
0.1014324 0.2495597 0.1373261 0.2482516 0.1811434
0.07084138 0.154879 0.1006207 0.06982021 0.05334254
0.04447138 0.03727894 0.09040409 0.03584695 0.07085064
0.05461991 0.04350618 0.006736121 0.01228048 0.1113875
0.09508651 0.02163655 0.04778618 0.007574426 0.1572393
0.03987915 0.04210638 0.008213394 0.05859381 0.01555221
0.004503168 0.07183413 0.09323997 0.0736686 0.03165662
0.05046946 0.04284515 0.1143424 0.01631271 0.03960635
0.09239788
