0.141892 NA NA NA NA
0.141892 0.141892 0.114801 NA NA
NA NA NA NA NA
NA 0.05951668 0.1511582 0.08614999 0.2839363
0.0687254 0.1310704 0.05442255 0.03230167 0.2527732
0.04669934 0.2336628 0.121972 -0.0451142 0.08696627
0.3035362 0.06524266 0.06585693 0.234051 0.1811896
0.01837138 0.1099102 0.08769024 0.1057855 0.1383802
0.113629 0.09155414 0.1181552 0.1173525 0.1448635
0.006786951 0.1629347 0.2654933 0.1088285 -0.01731874
0.01378447 0.2036603 0.1216035 0.222883 0.1547529
0.1240229 0.02707661 0.182375 0.01198649 0.1563649
0.1694733 0.08174318 0.0209354 0.05950732 0.06694451
0.1178805 0.05477883 0.1167637 0.0879347 0.12849
0.07047939 0.04365942 0.1035417 0.01587628 0.02786015
0.03634163 0.07368854 0.1723807 0.2023065 0.07670035
0.02985342 -0.003482139 0.0065164 0.0546604 0.1228979
0.02592069 0.005862096 0.01245814 0.08953726 0.008942398
0.05007874 0.02667485 0.0005951148 0.05542526 0.06460617
0.04863521
