NA NA NA 0.3009623 NA
NA 0.08944328 NA 0.3011636 0.1246181
0.2076968 NA NA NA NA
NA 0.3227898 0.0189663 NA NA
0.1286192 0.2996547 0.03536612 0.08428549 0.02754516
0.1359929 0.1388894 0.06656493 NA 0.1014281
0.1159117 NA 0.04689672 0.1815988 0.128978
0.2149699 0.08520631 0.1037519 0.05382549 0.07598656
0.2762468 0.0160496 0.1365153 0.05083866 0.1562407
0.08179755 0.1106529 0.1167883 0.0587664 0.2256065
-0.009189625 0.2353478 0.05835457 0.1568555 0.1267621
0.02468885 0.07739415 0.2489486 0.2056384 0.04502285
0.101101 0.005748275 0.04913354 0.07739984 0.04552562
0.1246445 0.09980515 0.01342214 0.1079053 0.1076982
0.06004916 0.03239366 0.07787803 0.1754094 0.06237852
0.06042493 0.1423134 0.09634354 0.1058473 0.1785186
0.01225459 0.02183403 0.0663574 0.02291504 0.01656577
0.06614899 0.06403007 0.02378113 0.02712598 0.01608689
0.01290536 0.0220191 0.02053921 0.07697463 0.06468041
0.07900087
