NA 0.06223495 0.1944882 NA NA
NA 0.1246181 NA NA NA
NA NA NA 0.1217007 NA
NA NA 0.1546867 0.1140908 0.09449527
NA 0.01305158 0.2713181 0.1071845 0.1048508
0.1096629 NA 0.1628631 0.06995141 0.04568486
0.1746081 0.05054801 0.03792182 0.212868 0.2504886
0.07662869 0.07357177 0.06684115 0.2244789 0.0514293
0.3057671 0.006064491 0.2724962 0.0912176 0.1374982
0.3058366 NA 0.07173444 0.1635875 0.10008
0.1931665 0.1192466 0.1545605 0.0277757 0.08888292
0.1192927 0.09349739 0.1655828 0.1422414 0.1689308
0.1006923 0.1651156 0.08705592 0.1436002 0.1159897
0.106959 0.095601 0.01364046 0.06140033 0.03074549
0.0271026 0.01599439 0.01462383 0.2295354 0.08630774
0.08420206 0.125328 0.05359578 0.01327798 0.02858166
0.01403107 0.08397673 -0.02458223 0.04031017 0.02324839
0.0007035635 0.02516015 0.005326584 0.02666763 0.1081309
0.02593642 0.04493737 -0.01578239 0.08107685 0.02653335
0.02543447
