NA NA NA NA NA
NA 0.08054418 NA NA NA
0.1902353 NA 0.2854232 NA NA
-0.02683216 NA NA 0.258428 0.08116305
0.07651114 0.2062233 0.1326652 0.05257475 0.2274462
0.1340351 NA 0.2017887 0.06047689 0.1390198
NA 0.1217007 0.2235342 0.09672691 0.2279709
0.08319281 0.2660379 0.1440696 0.02483007 0.1386172
0.00694412 0.05688813 0.1193783 0.2308339 0.02248195
0.1537667 0.1120222 0.04822899 0.264596 0.1168963
0.1316105 0.1140568 0.1298603 0.1554606 0.0501112
0.07674171 0.1075061 -0.001903784 0.1604417 0.1244414
0.138055 0.1601335 0.03841465 0.16459 0.1153443
0.1423292 0.04864822 0.1492044 0.112568 0.1245561
0.160705 0.05008803 0.09108898 0.01420856 0.1598668
0.03489159 0.06721958 0.1772926 0.1795694 0.09126038
0.09186944 0.004799354 0.0309794 -0.006307016 0.0009541897
0.1122618 0.02412244 0.03889331 0.02560126 0.05355813
0.01457749 0.03981838 0.05642262 0.04846612 0.008920244
0.01567598
