0.01438832 NA 0.1721203 0.206092 0.02144391
NA 0.1309624 NA 0.3115384 0.1831963
NA NA NA NA NA
NA 0.02039153 0.2765754 0.1470837 0.1247616
NA 0.06765389 0.1998448 0.08704744 NA
0.1363231 0.1859086 0.08362335 0.0207586 0.2294745
0.1323923 0.1088463 0.07896794 0.1738963 0.04811015
0.126907 0.04558506 0.001354195 0.05232776 0.1287123
0.01809894 0.195608 0.1426555 0.1967361 0.1338669
0.3237891 0.1155074 0.2215575 0.0661318 -0.001898949
0.07920542 0.2057654 0.07284555 0.154535 0.2187701
0.1824729 0.08933617 0.09742 0.05418375 0.07929218
0.09615048 0.1303135 0.07174698 0.1141073 0.08572504
0.05230947 0.08453325 0.168805 0.07162376 0.07279502
0.002242835 0.02792939 0.03788796 0.062153 0.06406019
0.09703782 0.0148987 0.109949 0.09823326 0.04293559
0.01864863 0.01626388 0.05107917 -0.01979058 0.05276768
0.01732026 0.04362713 0.00280005 0.06271779 0.006360326
0.0308844 -0.01413063 0.08581546 0.01974671 0.06897327
0.03527348
