NA 0.102636 NA 0.1944882 0.197395
NA NA NA 0.1129867 NA
NA NA NA 0.06106377 NA
NA 0.05075175 NA NA 0.1726885
0.1746762 0.2941123 0.04294748 0.008073574 0.2068932
0.03019902 0.1256383 0.1859643 NA NA
0.07702376 0.1511582 0.2130948 -0.06543393 0.1427902
0.2015268 0.09726333 0.2967863 -0.03755162 0.08533582
0.1233119 0.25995 0.182191 0.08602263 -0.00119346
0.08074367 0.09741049 0.2671419 0.07078659 0.009179505
0.2086784 0.07310436 0.1381087 0.1267763 0.05014354
0.07593086 0.04537177 0.0523029 0.08523641 0.06121719
0.1168825 0.0005190345 0.02367782 0.07673984 0.1768551
0.02798968 0.08696049 0.0218516 0.06255536 0.06572845
0.1304456 0.07956948 0.04433988 0.02875854 0.04144255
0.04899846 0.04367616 0.03846492 0.1494587 0.1702391
0.05054507 0.04266938 0.03175724 0.01451858 0.02034685
0.03189824 0.02384528 0.04017672 0.0424006 0.06443666
0.0398429 -0.005059524 0.03990424 0.05189981 0.02226281
0.01153388
