NA 0.2996547 0.05789831 0.1924995 0.1396456
NA 0.1865901 NA 0.1251068 NA
NA 0.1246181 0.1156827 0.2936512 NA
0.0336926 0.1951001 0.1613822 -0.02051048 0.08200887
0.08113744 NA 0.02534823 0.07374104 0.124959
0.01245368 0.000882973 0.1284953 0.3202309 0.1969189
0.2125807 NA 0.07790909 0.1889637 0.04540031
0.1825051 0.06924311 0.1650671 0.09648645 0.1182011
0.138242 -0.02674288 0.1685061 0.1442756 0.1719926
0.0240568 0.1760737 0.07757131 0.132546 0.0350221
0.08362997 0.1560196 0.2953505 0.268833 0.2401168
0.08234503 0.04035225 0.3245671 -0.005688278 0.1037518
0.03656927 0.07266699 0.1721149 0.280502 0.1514478
0.08172585 0.1449196 0.04309611 0.05823178 0.05131042
0.05873956 0.08204523 0.03913954 0.04899082 0.08860146
0.07139286 0.04378129 0.03797336 0.1390803 0.1966156
0.05607678 0.07580487 0.05397907 0.1073336 0.02623127
0.007049824 0.0009780878 0.03524869 0.03493863 0.02614465
0.02025467 0.09191882 0.0253645 0.0256173 0.02538556
0.0224755
