NA 0.1944882 -0.04690072 0.08054418 0.1706968
NA NA NA 0.2819882 0.1246181
NA NA NA NA 0.08944328
NA NA NA NA 0.2167525
0.07488653 0.02222 0.09390169 0.1515142 0.1954026
0.1998439 0.09050518 -0.01706467 NA 0.1246181
NA 0.1134607 0.06281832 0.1340809 0.1492758
0.0833559 0.07655146 0.1293837 0.07178458 0.1570632
0.08035237 0.2198693 0.2317159 0.1153897 0.01923045
NA 0.1993307 0.2812652 0.2091933 0.1816061
0.04186039 0.08553762 0.1670714 0.2794397 0.07259724
0.05234362 0.08059408 0.02909019 0.008508152 0.04453229
0.0388214 0.05066708 0.054003 0.1354892 0.03700316
0.09117869 0.04156922 0.06184943 0.06976971 0.01448758
0.04869338 -0.004599026 0.1509538 0.09248946 0.1530637
0.02892372 0.1117757 0.09737023 0.05007939 0.08869966
0.04623776 0.06892565 0.05980477 0.01787774 0.006631664
0.02470512 0.03728535 0.003931029 0.0005849146 0.03123533
0.03567691 0.0117449 0.00973845 0.01780948 0.03053681
0.06746188
