NA 0.2940434 NA NA NA
NA NA 0.1511582 NA NA
NA NA 0.1503228 0.1246181 0.2940434
0.1246181 0.1967284 0.06947167 0.1377463 0.008286818
0.05020523 NA 0.1320575 0.06266172 0.02198665
0.02515293 0.07281735 0.07162934 NA NA
0.1251068 0.05868315 0.1477888 0.1778768 0.06119594
-0.003427313 0.02597137 0.2420554 -0.02234036 0.09777117
0.07694478 0.2638646 -0.0507402 0.08856538 0.03818185
0.1548786 0.2049774 0.1419733 0.02512861 0.1949467
0.1364409 0.03087374 0.02527678 0.1837279 0.2092015
0.01390309 0.0490422 0.2218515 0.05359599 0.07675004
0.1026781 0.1779107 0.08477509 0.1282924 0.1154018
0.0269581 0.09308869 0.0565018 0.04819906 0.06249655
0.1117788 0.02329622 -0.004744445 0.02476664 0.04621557
0.1438854 0.04748061 0.01528819 0.05033774 0.286874
0.03604673 0.05298976 0.07159927 0.02704792 0.02465358
0.06483878 0.004652887 0.02683064 -0.0002893666 0.06532474
0.04102562 0.07132369 0.01245393 0.07950998 0.02195052
-0.004177659
