0.08371475 0.1511582 NA 0.141892 0.1944882
NA NA 0.1944882 NA 0.08944328
0.1955178 NA 0.1310498 NA 0.2940434
NA 0.08623275 NA 0.1706968 0.194506
0.05251989 0.05914501 0.07443439 0.1293252 0.134025
0.0313507 0.1533694 0.3055297 0.0476528 0.06184457
0.08186132 0.1309624 -0.01983028 0.03796267 0.1800576
0.1443053 0.1396841 0.1923662 0.01026792 0.2326761
0.103092 0.1074656 0.2655353 0.1430443 0.1494045
NA 0.1502268 0.099927 0.1480687 0.06221253
0.1287677 0.1062948 0.1519994 0.05385103 0.1377464
0.2340739 0.1459404 0.113842 0.1661273 0.1188897
0.06323988 0.0315691 0.1598812 0.07034021 0.1034864
0.06858784 0.09929054 0.104845 0.08707218 0.07884598
0.07706797 0.06347815 0.1355484 0.09652403 0.05790588
0.08691277 0.09537521 0.04396713 0.07107092 0.05716028
0.06759542 0.0417999 0.0410165 0.005565132 0.005400936
0.03288461 0.03564276 0.06488314 0.02312294 0.02538657
0.08625165 0.06661893 -0.0001861323 0.01027607 0.02104014
0.07827312
