0.1029093 0.1246181 NA NA NA
NA 0.141892 NA NA NA
NA NA NA 0.05855373 NA
0.1033973 NA 0.140802 0.03845502 0.1932532
0.1662695 NA 0.1835604 0.3055778 0.2720646
0.1054046 0.2077006 0.207856 0.1276675 0.03385641
0.2003653 -0.005604148 0.1469522 -0.06539088 0.1208
0.1599254 0.03512695 0.1485161 0.09669242 0.2587003
0.3059223 0.1267861 0.2285766 0.05655798 0.0987232
0.00106298 NA 0.1375581 0.06544124 0.07680629
0.1587919 0.02039986 0.1143878 0.1314204 0.0171359
0.1386793 0.1590357 0.1218739 0.1023624 0.0485872
0.03143356 0.1499214 0.06683879 0.008238394 0.09174875
0.1506836 0.03230876 0.08685499 0.01097875 0.1218018
0.1313524 0.02254721 0.0870124 0.09252433 0.04694963
0.1096713 0.1562832 0.1428405 0.1556666 0.09529123
0.02903685 0.02583533 0.0389638 0.002672877 -0.004368408
0.001197409 -0.01009446 0.04584916 0.0174493 0.0248281
0.01321356 0.0344684 0.08429009 0.07623651 0.06113465
0.01830377
