0.1351867 0.1001409 0.1099102 NA NA
0.1563156 -0.05004925 NA 0.1924223 NA
NA NA 0.1538139 0.2819882 NA
NA 0.3177393 -0.0664796 0.02512831 -0.0146223
0.1194922 0.03167698 0.1302258 0.09620768 0.1144416
NA 0.09827417 0.1645058 0.1487438 NA
0.1428078 0.1689434 0.11709 0.0820028 0.04429239
0.03174059 0.1919864 0.04992111 0.06162402 0.06257517
0.06341292 0.1557488 0.1665155 0.165547 0.2177385
0.1435974 0.152233 -0.002744441 0.1180127 0.06192562
0.01674822 0.1888624 0.1275021 0.01361808 0.1571106
0.0643083 0.1388033 0.122417 0.1063249 0.1006059
0.07698977 0.06728711 0.03732866 0.09176556 0.08640943
0.01905616 0.02298268 0.2045746 0.04373824 0.08087126
0.1013408 0.1247519 0.05680589 0.00758105 0.0001284249
0.1270227 0.1492853 0.04530265 0.1375271 0.1996808
0.05919348 0.01712302 0.01785444 0.04261164 0.04466138
0.05382191 0.008621466 0.1403981 0.03135009 0.04836211
0.01423772 0.03128542 0.04253681 0.006788699 0.04178711
0.02445142
