0.141892 0.141892 NA 0.1246181 NA
0.2957552 NA 0.1316197 NA NA
-0.02741163 NA NA NA NA
NA 0.1263012 0.05440009 0.08239778 0.1359929
0.01214882 0.1503428 NA 0.09278504 NA
0.1033973 NA NA 0.1278419 0.1600604
0.254276 0.1402656 0.2423755 0.07963028 -0.03697194
0.2549963 0.2049546 0.05644364 0.01722568 0.2007742
0.04776044 0.3093304 0.1034883 0.1932098 0.02843917
0.1287543 0.05827673 0.133184 -0.0204269 0.1992533
0.06765984 0.02271827 0.08792144 0.1115622 0.1488762
0.06141504 0.2796407 0.050272 0.1882982 0.05467037
0.05593101 0.1604942 0.04966307 0.1908402 0.09172339
0.04137281 0.04788583 0.08931909 0.04521136 0.148305
0.005362975 0.0016667 0.01311995 0.06031048 0.07670139
-0.006857994 0.0900049 0.05066558 0.06715235 0.1127495
0.008933892 -0.006248783 0.0379542 0.03217975 0.04296251
0.0323014 0.01633452 0.04838817 -0.007991869 0.01705474
0.1226151 -0.005532202 0.01774029 -0.001983328 0.03724166
0.03832815
