NA NA 0.1009508 0.1976736 NA
NA 0.1316197 NA NA NA
NA NA NA NA 0.04615116
0.02632855 0.2238238 0.221804 0.1533694 0.135515
0.08168076 0.106735 0.2489411 0.1127427 0.03921247
0.08570372 0.004426814 0.3072431 NA 0.1709838
0.1862609 0.2750637 0.1925381 0.006718419 -0.005036358
0.1645717 0.07688248 0.1468126 0.1887358 0.04147649
0.01813662 0.03712489 0.01218283 0.2101038 0.09987433
0.04519105 0.1982958 0.1428991 0.07435029 0.1394206
0.05114183 0.08671715 0.1057395 0.08938696 0.2418393
0.1389496 0.00162487 0.1074886 0.1756691 0.03276719
0.08590735 0.08823371 0.1850078 0.08795145 0.1130815
0.0695503 0.07262017 0.1063499 0.03778486 0.08681221
0.06481384 0.04007509 0.06974851 0.04950448 0.04843599
0.05359016 0.1106907 0.2568556 0.01254039 0.1341881
-0.002420278 0.01359474 -0.00705224 0.03726537 0.08656548
0.03412808 0.09085664 0.09155896 0.02766057 0.03263569
0.02908573 -0.008665197 0.04679976 0.0575125 0.07136862
0.02457621
