NA NA -0.06425446 NA 0.09820482
NA 0.1390742 0.0742234 0.1976736 NA
NA NA NA NA 0.1511582
NA 0.3007259 0.09466928 0.2516849 0.1374595
0.05659096 0.1862527 0.143176 0.02045674 0.1198955
NA 0.3099284 NA 0.1292306 0.2395334
0.2090644 0.1563538 NA 0.02574328 0.2064838
0.4012167 0.2175275 0.1961864 0.2292208 0.1373789
0.04327964 0.1494197 0.09076306 0.2063445 0.08651833
0.05569067 0.09084325 0.05122581 0.02390875 0.01307155
0.02959129 0.1068486 0.1757777 0.07817051 0.164312
0.2148176 0.04280373 0.1062926 0.04996537 0.1913835
0.1364248 0.09204489 0.05985132 0.04187341 0.05935578
0.04308781 0.07286734 -0.002786782 0.02450478 -0.001669963
0.1315502 0.112602 0.0729568 0.09463735 0.1817938
0.05445519 0.06849109 0.08270593 0.1506035 0.07823632
0.0575227 0.0416654 0.006234739 0.1124601 0.003959784
0.06388549 0.05813865 0.01556024 0.02081494 0.03692764
0.0290278 0.06172992 0.1334559 0.06980621 0.05882919
0.01671457
