0.1316197 0.1075218 NA NA 0.05369774
0.1466237 0.1976736 -0.01215064 NA NA
NA NA NA NA 0.1780101
0.1033973 0.1435256 0.1104007 NA 0.2099625
0.06734172 0.137257 0.2220951 0.0493633 0.1892051
NA 0.09410098 0.05384989 0.0723826 0.03701154
0.2420702 0.1977143 0.1130975 0.189297 0.1184789
0.04201605 0.1161292 0.02226612 -0.0146989 0.02333359
0.05757943 0.08113185 0.07032749 0.1268261 0.0373821
0.0003280581 -0.0005446934 0.04872622 -0.004378269 0.1301799
0.1493944 0.02851817 0.06080046 0.02669508 0.08086546
0.05545064 0.09542979 0.1318062 0.01901123 0.08255449
0.1550269 0.1124829 0.1424679 0.1977041 0.06579973
0.06409131 0.1140645 0.07361936 0.1378958 0.03016073
0.05208767 0.1070173 0.1662795 0.1427449 0.06092484
0.07881156 0.03805954 0.1163971 0.1218 0.05348642
0.00578995 0.01756291 0.03120022 0.03825052 0.02865233
0.01453703 0.029906 0.03058737 0.03649581 0.02879509
0.022171 0.004695852 0.03110498 0.03184498 0.05123747
0.06690359
