NA NA NA 0.1760413 0.158612
NA NA 0.197395 0.04040142 NA
NA 0.2648973 NA 0.08518436 0.1622507
NA 0.1118167 0.06935674 0.09123813 0.07811245
0.06471123 0.09614862 NA 0.09570139 NA
0.136158 0.09920324 0.1289969 0.1353827 0.1562659
NA 0.08473346 0.06355598 0.04494792 0.2123831
0.1772453 0.2584622 0.3454331 0.2629119 0.08843492
0.0512653 0.24392 0.1352098 0.2203557 0.1259028
0.1158416 0.1813076 0.007318755 0.02121495 0.1299796
0.1847606 0.1178336 0.01007466 0.03373826 0.07687021
0.09731032 0.1620618 0.07294343 0.06762684 0.1391737
0.07281407 0.2250007 0.1198406 -0.01201677 0.07487828
0.06375021 0.04044247 0.1630763 0.08563319 0.0858686
0.03059343 0.1235933 -0.003763215 0.1030644 0.06799189
0.1180926 0.1451224 0.04313599 0.003914863 0.06108294
0.05029338 -0.003686942 0.06009439 0.01949017 0.102996
0.07259806 0.006706579 0.05564646 0.03253314 0.03196144
0.1194597 0.0977481 0.1043966 0.0431444 -0.01272279
0.02412929
