NA 0.1706968 NA NA NA
NA 0.1959209 0.197395 0.09383443 0.1309624
NA 0.13499 NA 0.2636308 0.03826878
NA 0.1787107 0.1163683 0.2543359 0.1039731
0.08031697 0.1984017 NA 0.2374325 NA
0.004871196 0.1404055 0.05350039 0.07029225 -0.02129393
0.1004628 0.08502183 0.03863441 0.09912692 0.1133523
0.1969809 -0.0179736 0.02893482 0.1537958 -0.0445394
0.08265734 0.1495846 0.1576067 0.1275878 0.01756756
0.2639347 0.135771 0.1438834 0.0888585 0.1208417
0.03815657 0.08024951 0.002968363 0.03853923 0.08964814
0.04540081 0.1959896 0.08403732 0.1111784 0.09144152
0.002022417 0.1698423 0.07254837 0.2303322 0.07589621
0.1101527 0.06177684 0.1759378 0.1038944 0.03041607
0.01495284 0.07642692 0.06888506 0.08367582 0.04907636
0.03535512 0.08042066 0.08401725 0.0180141 0.08184612
0.02656359 0.0212118 0.04822679 0.04347498 0.05733151
0.02998726 0.03143177 0.08546618 0.01884216 0.04640841
0.05654644 0.01234892 0.01001211 0.01037039 -0.003654986
0.09076139
