NA NA NA NA 0.05887401
0.06512297 0.1310704 NA NA 0.3057671
NA 0.1939246 NA NA NA
NA -0.03925329 NA 0.04305509 0.1114751
-0.05128294 0.288961 0.06126955 0.03365107 0.1630279
0.03096232 0.1944882 0.1945013 0.08944328 0.1309753
NA 0.1066248 0.1205522 0.2619618 0.0518149
0.2757795 0.1723421 0.05000638 0.07009414 0.1001706
0.07218965 0.063193 0.1158483 0.06727409 0.04600034
0.04197427 0.215918 0.116392 0.06712146 0.06528594
0.04342996 0.01061806 0.04624802 0.06675539 0.02057622
0.07440222 0.1064932 0.1101151 0.07361926 0.1028458
0.02871522 0.0367846 0.03900735 0.06616798 0.05007121
0.06031248 0.09938822 0.052589 0.0849139 0.0778132
0.1148573 0.04777134 0.1536327 0.1189957 0.1575375
0.07800891 0.09344802 0.01408354 0.04152307 0.04615354
0.03577658 0.02262249 0.02743886 0.02344116 0.02444685
0.01505681 0.07069678 0.0313121 0.1226661 0.01467786
0.0005934688 0.01719057 0.03138272 0.00687588 0.01197975
0.003779851
