"quartet" "wQuartet" "cluster" "phylo" "mutual" "shared" "clusterNorm" "wNrqs"
"mb49" 0.745798082541993 0.758226532732941 0.213696840391428 0.487792026918235 0.161015549263051 0.101742934320376 0.130156975026116 0.16122654114663
"mb50" 0.764705882352941 0.833087240063984 0.219642100533796 0.764524289972864 0.17563345903147 0.0881018286911088 0.0960957809253406 0.176871519114261
"mb51" 0.783132530120482 0.832463625759715 0.222994597102409 0.782942796569211 0.188208502823391 0.0914030678922206 0.0979462635153862 0.190899875875198
"mb52" 0.707317073170732 0.789177397790444 0.213572492763231 0.476239884577776 0.16999583556239 0.0797616395548113 0.08746490543751 0.153445319888975
"mb53" 0.825581395348837 0.861337248098225 0.214892904115241 0.825368120051746 0.184397175213554 0.0908179535306805 0.0912951710848209 0.180630640738652
"mb54" 0.729411764705882 0.84860403279415 0.273096516090491 0.729134845055967 0.226842392933691 0.111149951514421 0.157616686464794 0.233676324116951
"mb55" 0.746351988983184 0.781415909039123 0.244533573414604 0.543847437603424 0.192598265457004 0.109564682250528 0.149686162495042 0.184199237339083
"mb56" 0.81193109708569 0.799060513954131 0.206198651667501 0.646643595564809 0.15982669125983 0.0949353244341354 0.106543241753987 0.147958590881117
"mb57" 0.918604651162791 0.92729399966572 0.191022112986058 0.91853572257053 0.164636513343886 0.0824203963776423 0.0636664522987936 0.148682652558454
"mb58" 0.705011039990451 0.765021193267729 0.224909308159511 0.29916891659129 0.161286206060718 0.102177964028119 0.168637960758932 0.157060853108847
"mb59" 0.74690535964359 0.810460652591171 0.222239581272001 0.530196258910093 0.173657372359431 0.117972278611806 0.139218680209038 0.170703499557615
"mb60" 0.667113364387812 0.729314800282197 0.227169638113107 0.127807634987467 0.154527588660646 0.0548180091881286 0.189211021963613 0.151231261447163
"mb61" 0.835294117647059 0.834296060005173 0.185715489959153 0.835229027627759 0.160922892568814 0.0774377163178501 0.056353836633982 0.13170675822255
"mb62" 0.668046979084242 0.669570482914275 0.183989537418842 0.178598856862309 0.132850738924382 0.0789903088464609 0.0964955252440612 0.12694439020693
"mb63" 0.8 0.808359213250518 0.195112076875036 0.799871767834773 0.167182935158211 0.0793888806992383 0.067323506073007 0.157411397675662
"mb64" 0.776713729201426 0.78069184972285 0.188256581654572 0.616951323481772 0.147192473402195 0.0832378876735104 0.086075159651324 0.14680660687921
"mb65" 0.809926081246598 0.867837440745156 0.211019156371286 0.636807277117763 0.164782532751786 0.117733905462275 0.127168957417274 0.141400977757224
"mb66" 0.75 0.806266028973453 0.194798907212049 0.749749704019171 0.160455502916274 0.0764437705319046 0.0677866597387585 0.151339942081437
"mb67" 0.746800440272373 0.794391976842782 0.217851812064088 0.449218966904053 0.165098502068908 0.10478507248125 0.144585755776097 0.165053513852377
"mb68" 0.66283524811108 0.723951628042171 0.222378373476708 0.161159520483747 0.150948815883926 0.0773296203133182 0.181286066356089 0.144960840584936
"mb69" 0.733971838599859 0.801105326049846 0.219566573931886 0.584541603847857 0.174139689522065 0.107534542186309 0.121040873196252 0.172267713082501
"mb70" 0.802325581395349 0.791533327237817 0.176034314301306 0.80219227305415 0.145320211185695 0.069907628215108 0.0463191564826808 0.119084897255967
"mb71" 0.77456766106526 0.746608912487371 0.179940388744956 0.556786715220508 0.133912393286131 0.0962993263838906 0.103638198656157 0.107362331094748
"mb72" 0.638439277946371 0.698906631154478 0.205814345444015 0.0932266326088669 0.137489232953423 0.062449938784097 0.166789446943613 0.133432475510992
"mb73" 0.856124542357525 0.840057233506485 0.185331246005261 0.766137088643867 0.153333810710463 0.094145683563862 0.0830510925076233 0.128383022669427
"mb74" 0.764705882352941 0.809277610225478 0.208390301209314 0.764408195049137 0.172505387204585 0.0843377483932044 0.0827098565969273 0.153947371458969
"mb75" 0.728072810372786 0.704438065798189 0.165983786755056 0.475920276055859 0.121517550059637 0.0695158298825419 0.0773030992993985 0.105126124956737
"mb76" 0.707821417966316 0.66462134893353 0.163790476472983 0.417566831426427 0.116317626379827 0.0739287740580724 0.0929782125913807 0.0957689126792367
"mb77" 0.669380026911041 0.725425806598323 0.224007456769706 0.116140282870958 0.151265431629612 0.0504852868897921 0.185369961416655 0.148606786956671
"mb78" 0.669708753786561 0.730037973170715 0.226280250290357 0.127828847305732 0.153887400347942 0.0543972193519316 0.188063396106139 0.150497663954869
"mb79" 0.662419562454957 0.633938531369004 0.164343474946239 0.153831570552412 0.116983768233776 0.0609005936368067 0.085800837187907 0.106560999670364
"mb80" 0.698795180722892 0.788065843621399 0.214601404698238 0.694958662367516 0.174455095943233 0.082361742219789 0.0885100199302801 0.1670591621762
"mb81" 0.67035232205282 0.720804672541726 0.221283023891528 0.127503978017003 0.149848628910377 0.0535476362180386 0.182096889436667 0.144611492874089
"mb82" 0.632604853297985 0.685774540912956 0.198078676663355 0.0932644662501411 0.13168402454924 0.0645179153176492 0.158442016054597 0.125905167147007
"mb83" 0.711531560795247 0.731787407267586 0.205252173644849 0.334519046160188 0.144591766230047 0.102939836189599 0.147574842940836 0.131865099339396
"mb84" 0.870588235294118 0.91786040841207 0.195249001399363 0.870392581173001 0.167039506330146 0.0799876647131885 0.0678954162912272 0.165196070368418
"mb85" 0.633928918938512 0.627901803612398 0.162998027885257 0.117144436989283 0.108625956228509 0.0723573173833795 0.111152022281469 0.0889720168592249
"mb86" 0.66435694737396 0.721468812215311 0.221357727836945 0.117671470365802 0.14951036612552 0.0513036553780066 0.183237887245953 0.144373940998915
"mb87" 0.784954818515641 0.775453713955615 0.189522608627929 0.660900414122222 0.153854266414727 0.0919611295953213 0.0877672048845625 0.145951822583506
"mb88" 0.692833004816635 0.7498897410378 0.212969055060418 0.322190911185894 0.154803977107499 0.100871050516959 0.151568504464384 0.149479784874629
"mb89" 0.626571253398622 0.615279937791602 0.158324104094627 0.117349176756277 0.104772235245863 0.0691768535443575 0.103711063856261 0.0860158723105274
"mb90" 0.674888063558833 0.642496099843994 0.158717012100308 0.375256385091471 0.112820408501348 0.0714862320147999 0.0930684215760256 0.0842892333970602
"mb91" 0.811143372881444 0.863464069491972 0.20311758962862 0.692171395613829 0.161159318678426 0.100386016123927 0.103138988980464 0.1457758488709
"mb92" 0.628397050657792 0.688780571894965 0.20178078554449 0.160561417887729 0.138214806650422 0.0735710258831347 0.154400978720468 0.133980600332224
"mb93" 0.708205361631049 0.675792138132618 0.191888926601086 0.385976245865821 0.141598023726052 0.0763007339890689 0.106201217654471 0.111492418187033
"mb94" 0.696675065511897 0.639675155296206 0.157451091913355 0.36774449349078 0.109107146484822 0.0636329879345379 0.0915852120761617 0.0873133127857006
"mb95" 0.864338900618301 0.903827579545768 0.201864745645592 0.763172479124179 0.164029297581278 0.104084929384097 0.101424232957211 0.146042069710684
"mb96" 0.771042373870488 0.730990922844175 0.178971827643211 0.487110897388737 0.129534956026401 0.0891795568148213 0.109661587769766 0.101445613168298
"mb97" 0.638631392682799 0.700432391501573 0.206054325469165 0.0826737050797066 0.137906878758157 0.0515733976694197 0.167178160923563 0.13490317006844
"mb98" 0.729411764705882 0.794302721088435 0.184754428539141 0.729176812110955 0.146022722867869 0.0679001274789616 0.0554839126552846 0.109433306277744
"mb99" 0.63450144766233 0.633874000148251 0.163383467991491 0.130304992161813 0.109931127076329 0.0701199135143341 0.113621721716047 0.0877886387966762
"mb100" 0.622739554037399 0.632631242471471 0.164635037367275 0.105246510853932 0.107624426874288 0.062138790633771 0.118142433573406 0.0877145763217121
"mb101" 0.661194332040853 0.723021736246879 0.220292084683672 0.127103923472072 0.149541258734606 0.0573963213501476 0.179884546771486 0.145415627328077
"mb102" 0.72289156626506 0.638856015779093 0.154581497473831 0.722614379662125 0.122390972217556 0.0553786212601089 0.0203936908211869 0.0804416854181039
"mb103" 0.705455625700185 0.61981775180857 0.14292625916777 0.609981218164433 0.108228292829616 0.0640158379472935 0.0346847175632338 0.0601015916532802
"mb104" 0.669961416726979 0.620461394575496 0.152687718872222 0.312530368703866 0.104756242280021 0.0604125939397871 0.0947107462084617 0.0722917055923269
"mb105" 0.776470588235294 0.688791090353871 0.1529183028446 0.776364830055364 0.129966918633985 0.0607398281447874 0.0189876359622412 0.0908755533915746
"mb106" 0.741176470588235 0.676115864343882 0.15264198226775 0.734620351538584 0.120343503757633 0.0557537180561612 0.018110618418683 0.0733180281092584
"mb107" 0.788235294117647 0.863948230157493 0.194761456963212 0.788031227752273 0.162100610780054 0.0735119708547361 0.0673307168941616 0.147864317229125
"mb108" 0.631681655509616 0.623844250553457 0.16159414683429 0.141916218748849 0.115231433708618 0.0590152491375912 0.0827931020923449 0.0970425442038356
"mb109" 0.72289156626506 0.831171533606159 0.217869728341758 0.719260900720511 0.17887897864278 0.0842545831823074 0.0917830830991377 0.169308315211021
"mb110" 0.634446873129769 0.635150061856333 0.163117711141204 0.128795894882395 0.109517749685584 0.0666957879001896 0.115102875839414 0.0858011022579835
"mb111" 0.811764705882353 0.889389736477115 0.18467996806485 0.809302341290234 0.151056091889017 0.0721331560985014 0.0553976452552508 0.129925964208099
"mb112" 0.744507496474846 0.784665013730038 0.213963817913279 0.403086638506953 0.158602026578741 0.105672687135886 0.147339373458253 0.153849830169231
"mb113" 0.745348234568661 0.708498781506161 0.175609511144869 0.422294088079203 0.122091105718187 0.0833364933377644 0.111448709472062 0.0943766609153176
"mb114" 0.639653360046538 0.654471842507533 0.175133883758698 0.116866160344052 0.117122380956273 0.0719125581998101 0.130508970642034 0.0942752675274459
"mb115" 0.86046511627907 0.792676583792781 0.156501443440234 0.860248596221823 0.130820925263654 0.0646774205328611 0.0237112674863001 0.0940442996052343
"mb116" 0.631410963065219 0.64621326210782 0.170358725035328 0.118275856689162 0.111557873800325 0.0640187435486381 0.12543466611253 0.0921783988767202
"tnt1" 0.635085053880757 0.640567172877512 0.168450155906557 0.106588087348664 0.111926167705523 0.06750574073286 0.120739878430754 0.0924232218627866
"tnt2" 0.660630641682873 0.588458115068653 0.16405376323475 0.255215791525177 0.104748775870306 0.0554958510970048 0.109814204099134 0.0790117310629034
"tnt3" 0.649279995821704 0.574839742767254 0.15567626561806 0.243429357107396 0.100675668773276 0.0513668692139875 0.103376876830107 0.0690579277757535
"tnt4" 0.63757791215648 0.648312832594927 0.172494808328929 0.119695690892203 0.114614940046952 0.0725082882837313 0.126490987017866 0.0931642852795465
"tnt5" 0.67519040049781 0.723022458783209 0.210060027523549 0.196021844878411 0.146408261895087 0.0773354010667524 0.163169025721127 0.131167213085467
"ufb1" 0.750547673680914 0.707455522115128 0.171370242782635 0.475348498775236 0.123573553349525 0.0858934445649355 0.10141828598906 0.0932748872652818
"ufb2" 0.732375216567389 0.695857228262073 0.174626625812082 0.405098141397832 0.122454839794161 0.0825278717773592 0.114830680220025 0.090776079551072
"ufb3" 0.715514393249925 0.687074829931973 0.176384429927274 0.33920792600379 0.120540060360052 0.0762911514031096 0.120214474971701 0.0932502599759426
"ufb4" 0.666001385210749 0.679248294298368 0.193775966511532 0.172856539937192 0.134321126648961 0.0621846260340826 0.143925699988375 0.120179545999214
"ufb5" 0.6308407583694 0.658983949743933 0.190009731990646 0.115652603218278 0.124478099830727 0.0523181532848913 0.146227479949893 0.117347997245922
"ufb6" 0.624646612669975 0.673195142444591 0.191042983713099 0.177356003126914 0.126181688835935 0.0625395826538798 0.150741630827443 0.118685023049832
"ufb7" 0.700524732671942 0.672669552669553 0.16075811543894 0.522960622334843 0.119602167668388 0.0628231156991605 0.055115214947146 0.0946467252601744
"ufb8" 0.752904891194103 0.788114020490587 0.193340080156143 0.455602088666726 0.143314833928161 0.0916480190347705 0.117917823355626 0.122589848863877
"ufb9" 0.712132436574889 0.733772474741555 0.198653601791649 0.526547127187201 0.151331162781794 0.0886955277101801 0.0981239715792594 0.144261270199345
"ufb10" 0.69583173467961 0.693009353500477 0.185291449044282 0.454422628671002 0.138320189879065 0.0772389924348923 0.0819587791356381 0.128228206807138
"ufb11" 0.66969745345913 0.722568992453275 0.220103993020969 0.127508368503599 0.150173691435586 0.0486319279670084 0.181272140049707 0.143426910094625
"ufb12" 0.629769505440086 0.685080560561638 0.197921790789262 0.1773660877235 0.131024602188062 0.0604039726417814 0.158287907818389 0.125294337381629
"ufb13" 0.729411764705882 0.743421560305579 0.180303123991317 0.737827429342925 0.146680759389665 0.0691063233233913 0.0508999992754524 0.123942445353543
"ufb14" 0.661331447042762 0.624849719269398 0.154083512900938 0.339170437209055 0.110386733634229 0.0639025392888177 0.0926646107558285 0.0768949444734213
"ufb15" 0.77598999271222 0.678943357886716 0.147855311701879 0.662318812286166 0.113263393620173 0.0691185336621951 0.041166159659151 0.0676314721189813
"ufb16" 0.650946339301137 0.710359855936564 0.211825282592806 0.127088816991814 0.143206362146092 0.0538721247050909 0.172162824824497 0.137336245402425
"ufb17" 0.608660933751623 0.655602479387031 0.178152152450034 0.161733785185812 0.117371861230712 0.0545961406096573 0.136766014282526 0.10873175646512
"ufb18" 0.630414077402785 0.635783066407224 0.16732500266678 0.215015736191824 0.110413687408354 0.0695679771712663 0.11957060581769 0.089386307707579
"ufb19" 0.626697814529557 0.603218673392253 0.152660552157004 0.285111811510292 0.106944088147613 0.0590855058672758 0.0805389608260432 0.0904147931060295
"ufb20" 0.642857142857143 0.523126831310172 0.138474445036244 0.638215928761392 0.103603588082752 0.0449762901599897 0.00290981836358063 0.0393178110659983
"ufb21" 0.728751116408452 0.676047165622379 0.167514838302159 0.440948662133154 0.119337496163722 0.0713388520148815 0.0897648479365529 0.108948280575976
"ufb22" 0.758049987374163 0.748717445199931 0.183131433467072 0.62571320023796 0.146050973490086 0.0857243366665376 0.0805736179404638 0.132984147531988
"ufb23" 0.766572819446508 0.766920802862922 0.189807634512065 0.556338491137026 0.146165419029506 0.0925783141060861 0.103847875335363 0.134600392511224
"ufb24" 0.735438908838772 0.638870140388769 0.148567579666953 0.604209137733837 0.112559733061536 0.0665455389344261 0.0419676041059482 0.0755725520443731
"ufb25" 0.688532208700307 0.622053391790036 0.143233136222909 0.405754658832924 0.102273422793763 0.0567255194552306 0.0632153551631466 0.0762812865017016
"ufb26" 0.765541911522346 0.718185256441879 0.176029452869541 0.532966209227522 0.131853790430344 0.0788751837649089 0.0888309458882058 0.102658047173747
"ufb27" 0.770022508727986 0.772374087249579 0.207983548874676 0.562148753411797 0.159169997849716 0.0940427535157359 0.108346193691303 0.167610505518053
"ufb28" 0.702088284724438 0.707015467838729 0.193195053596015 0.382589938949089 0.142867156138012 0.0953366336791519 0.117900370687131 0.13093322551694
"ufb29" 0.705556835985455 0.716142382603329 0.199320052403016 0.327248371804256 0.139245037627295 0.097044425030038 0.136960339417086 0.133230662879419
"ufb30" 0.625852740019339 0.650720689415526 0.172717765845904 0.219453121912277 0.113581793646278 0.0614544098140753 0.129811795222955 0.0958277972935636
"ufb31" 0.676301674751909 0.731664575534794 0.201367667646524 0.344988182051317 0.148309228396287 0.0919723489209225 0.1336882102848 0.142735861755762
"ufb32" 0.691194322638328 0.745761030447567 0.209598365039603 0.310440791764192 0.150273021190744 0.0934192566592298 0.147934848642164 0.147834188315806
"ufb33" 0.741176470588235 0.634492471021558 0.138820747212767 0.740901257269728 0.112291053968032 0.0518692689971424 0.00266113944604847 0.0600005598866256
"ufb34" 0.657345245276174 0.615428417172118 0.148624257332886 0.358530911289701 0.104743134011315 0.0629142432423267 0.0868048457706455 0.0699864726435946
"ufb35" 0.754929369198531 0.710167280975333 0.176831022325584 0.43400797804638 0.125571831431965 0.0854898862612341 0.112824123645264 0.0958046016491483
"ufb36" 0.697304171059951 0.66762723513028 0.173092623349422 0.318914499088518 0.113700835189653 0.0697566201350783 0.119495557684837 0.0915927244811798
"ufb37" 0.634529396181677 0.654052827216553 0.173595102620433 0.224442304379155 0.114305807298287 0.0624327997354805 0.129884737256372 0.0939290758899989
"ufb38" 0.636728320030261 0.644990109521581 0.169975144446251 0.221508454997878 0.112755846624629 0.0673535594039568 0.123831246470789 0.0923221061900939
"ufb39" 0.611806901423136 0.580290546400694 0.1400081199303 0.297752140616567 0.097919552044087 0.0607010786468066 0.0774075934770726 0.0665732976071738
"ufb40" 0.804208313022129 0.747310185656586 0.162366455115255 0.697332859548854 0.128410144765118 0.0775953773314736 0.0574941090764884 0.0943266328672322
"ufb41" 0.822726530127581 0.731080015766653 0.168733139751458 0.662451361374657 0.130132531755322 0.0755224910086329 0.0646579073889108 0.100068754502542
"ufb42" 0.644394157752956 0.606445392296253 0.155101347394267 0.29793738092526 0.106344153907927 0.0621029489548328 0.0890363851111747 0.0905805565519395
"ufb43" 0.688281586039085 0.649634898235578 0.152721207429154 0.41052620048856 0.111749666890156 0.062949996399341 0.0734884271551884 0.0878072389561653
"ufb44" 0.653767219306231 0.625156767614184 0.156070528914842 0.300984761899871 0.101961418397442 0.0621008680376145 0.103848585494396 0.0772157619594264
"ufb45" 0.795467451998889 0.703462391267269 0.165197272648742 0.642521643576646 0.12613343042797 0.0749867007775808 0.0600640131808312 0.0956947007785917
"ufb46" 0.69756820788322 0.623572013139161 0.146699135510095 0.488833150149888 0.108319650223078 0.0728569138376791 0.0668469962740502 0.0637642447101216
"ufb47" 0.647863555655595 0.655188478599931 0.177886840006909 0.21935006606423 0.115507837833844 0.0538007663606471 0.134406978223673 0.099280997265317
"ufb48" 0.681580112434213 0.635118299721021 0.154533987435904 0.359312030249862 0.109363742337664 0.0655722862996485 0.0886197740600227 0.0775162433474006
"ufb49" 0.706904994506588 0.668129823694423 0.160694541201398 0.469743446813679 0.120212729851234 0.0659032631495682 0.0713072298402546 0.102985572805862
"ufb50" 0.631569807721335 0.631161304970406 0.165377727102285 0.200357894192608 0.109467291969897 0.0680716120426406 0.115757640816084 0.090032476932998
"ufb51" 0.718864397110892 0.732523391956106 0.200098731578732 0.531595266648463 0.154426694912678 0.0879433641746665 0.0996711596445617 0.143146667372636
"ufb52" 0.680849080179353 0.624215330324726 0.153958209603418 0.328786927043111 0.106629105778217 0.0615090922423321 0.0924352197140684 0.0788204235956314
"ufb53" 0.658981651404515 0.623814456721915 0.155466263290123 0.292615178705686 0.108683590252887 0.059002917317134 0.100632835981827 0.0731334665146116
"ufb54" 0.642960282956407 0.626688782996599 0.159067368887961 0.277166971002035 0.111509092216295 0.0608374378737016 0.106947249538184 0.0762526161782239
"ufb55" 0.69047619047619 0.767206241993711 0.208448501211354 0.694838342537035 0.170365731405303 0.0813310852920145 0.0825288427961585 0.168914316818839
"ufb56" 0.655349861987219 0.703410729597505 0.211175673088135 0.150661242546278 0.142713690065365 0.0504765645258592 0.172596319295969 0.133577848154787
"ufb57" 0.719318955330077 0.669802602675393 0.160592468641123 0.439413837803534 0.11605355219895 0.0629698842338651 0.0709204893912924 0.105873635519467
"ufb58" 0.677693388828392 0.637373007564252 0.186634922682769 0.346359854214237 0.136064473389197 0.0699704771018191 0.100341714648274 0.108655442336846
"ufb59" 0.62099422040681 0.678434615392963 0.190290644781782 0.16182954673686 0.126798040024697 0.0507866742421298 0.150269044195102 0.12092139434586
"ufb60" 0.621037795639941 0.608485360509016 0.152824733316337 0.253261073698945 0.102436442836471 0.0639727735882312 0.10034856828067 0.0787693643516948
"ufb61" 0.677187449672801 0.623181110423821 0.151203461765673 0.323943036100761 0.104280719425835 0.0596954159186749 0.0894760251724452 0.0729295673159961
"ufb62" 0.693924054298729 0.588424630749331 0.152447953979383 0.456461323748082 0.108488173793725 0.0500090327202388 0.0454880773276919 0.086706002369009
"ufb63" 0.628933614411717 0.580720525738693 0.14338349854814 0.330427633093627 0.102965363984831 0.0558789913796721 0.0704722875779223 0.0784853351136113
"ufb64" 0.671650156164316 0.641485235235235 0.1620150756143 0.49444380709994 0.118933340200032 0.0606731760517648 0.0557417458039083 0.0852164822633981
"ufb65" 0.731611317730463 0.691804249452026 0.175098693361592 0.367660141196257 0.121531290385373 0.0795093276010603 0.115388708457966 0.0926710344318701
"ufb66" 0.80415448878404 0.853450182461572 0.19629146733868 0.690153762874013 0.155436076214622 0.0992229425933134 0.0951495911565214 0.132791571172295
"ufb67" 0.615270235000387 0.637220122714215 0.174420933105896 0.162307166355066 0.1122512902698 0.0523569911230999 0.132846296823092 0.0972455700509256
"ufb68" 0.626756202138241 0.635445780016238 0.164980749781528 0.212377126362428 0.108706144487799 0.0599970903497089 0.118510534617766 0.0901961147887039
"ufb69" 0.618685570668702 0.605237230821421 0.154041206367577 0.252584571332766 0.104409657174719 0.0666849182076723 0.0961555760100669 0.0823453897363813
"ufb70" 0.639195106608362 0.610141413002101 0.156994368553664 0.296975432273532 0.10852828955823 0.0564488175123014 0.0852416515101682 0.0940914578857299
"ufb71" 0.650714482177703 0.629282543536821 0.165222042590821 0.307224920528234 0.118035435982687 0.0539596611259292 0.0867619806494492 0.106453296858576
"ufb72" 0.735188330870436 0.659634397093203 0.168438026447914 0.515585658821301 0.128249466880662 0.0649398179211652 0.0634960744616354 0.11526062043734
"ufb73" 0.640782326710994 0.710127954793908 0.204102953645343 0.183190325848388 0.144214778820427 0.0820939497566489 0.152575274884943 0.138256073274491
"ufb74" 0.670218253435574 0.626012984669361 0.153826278308942 0.32383812873583 0.107235753756742 0.0583885844341567 0.0922400764285271 0.079388805441178
"ufb75" 0.697674418604651 0.566214700784993 0.138405080368965 0.697320041362884 0.106483479634022 0.0496050889208849 0.00276603263253418 0.0459499125351986
"ufb76" 0.621525651528543 0.593839111511331 0.14639972995471 0.289566004772348 0.102977041610165 0.0617715163784905 0.0795925117088821 0.0764772322475796
"ufb77" 0.714865238637705 0.660432592461668 0.157879775946477 0.440070825668783 0.113438196556799 0.0677191073582086 0.0795292086738907 0.0779061103885414
"ufb78" 0.609700070045644 0.62699543084291 0.16317405212357 0.207276858529455 0.107894800224042 0.0566948735281721 0.118879020402638 0.0880594193709948
"ufb79" 0.609634518071481 0.589360529973748 0.14604299366571 0.218217901309232 0.0936023451462239 0.049615617258488 0.0969525402213469 0.0735114893571791
"ufb80" 0.73499843865178 0.691871036610188 0.170311786904131 0.41678278731414 0.118629722153181 0.0822277059032465 0.110203243546447 0.0842474237654364
"ufb81" 0.726502090074524 0.687030708028055 0.173463653253315 0.393586797517731 0.120947069621607 0.0811180660521354 0.117092703553216 0.0862266970655033
"ufb82" 0.592177159519236 0.572802205139985 0.140362113746549 0.262181345636341 0.0936405553589545 0.0524998800917149 0.0729685780970545 0.0686659947091291
"ufb83" 0.639758410237834 0.632360119001503 0.162259832169905 0.277765806572571 0.106719176942729 0.0623570798232985 0.114252075198819 0.0829947472985438
"ufb84" 0.627295791547537 0.626721080305386 0.161525753711284 0.245176915494854 0.10819966978359 0.0697073331105909 0.111677735727621 0.084998175430802
"ufb85" 0.612632359976668 0.609094397844662 0.153403580444856 0.253138496465966 0.102652759413801 0.0666748363155287 0.100963270655017 0.0778611802175687
"ufb86" 0.634461891317779 0.607498454034449 0.152163593006661 0.318547079215957 0.107518258226058 0.0610547236706646 0.079999702825056 0.0850691131850574
"ufb87" 0.632327337519968 0.637080891464283 0.164769629587311 0.248341434127811 0.111185474707681 0.0723106816832506 0.116849570567893 0.0860506023045563
"ufb88" 0.73880198291934 0.699857072116683 0.174675841261745 0.410389038387761 0.121674586786303 0.0823482916035098 0.110508816712604 0.0928899258173322
"ufb89" 0.720686804102039 0.646395291809711 0.144260359545984 0.614006330680867 0.109764169442052 0.066438878488149 0.0368809828426736 0.0691681875065601
"ufb90" 0.71232964935843 0.667137322889531 0.168151947670564 0.378820245738419 0.112531560418538 0.0714383961977346 0.107797909618581 0.0880237147772175
"ufb91" 0.650892074034496 0.708999599987899 0.211055517666541 0.127098729615249 0.143017363856151 0.0536750722522206 0.170820368897902 0.1364511263117
"ufb92" 0.621236543734786 0.624479935039615 0.160724605998084 0.191014629414516 0.105648953973083 0.0593701789300941 0.112533831303635 0.0867063522977529
"ufb93" 0.776094346882364 0.735207281494034 0.166773452374222 0.586684503920192 0.128543652288174 0.082839330407608 0.0782306977604772 0.0961357577696506
"ufb94" 0.73248803247267 0.702695210226398 0.16896686663055 0.433852759961338 0.119676664715686 0.0816826198349968 0.0987370460281973 0.0916404697019249
"ufb95" 0.646816205009641 0.616481752646993 0.187861214043566 0.346285753330463 0.139329989264902 0.0707809127104956 0.101698108245396 0.103016630783409
"ufb96" 0.648396041376715 0.589943443270965 0.166135653033227 0.266547902832018 0.108578598205273 0.0574495570586302 0.101137571853276 0.090344817591932
"ufb97" 0.689120716168771 0.748219703683623 0.205351724802257 0.350344398857938 0.153883095166536 0.0938791273089856 0.137997319141637 0.143331160847294
"ufb98" 0.664200600974301 0.71961367013373 0.218996250131078 0.116119724149912 0.148229269572483 0.0481478998073676 0.180419612482538 0.144531918591653
"ufb99" 0.635560152085461 0.687227456119532 0.200352547683875 0.150661242546278 0.134051213358056 0.0450471907753489 0.161243862873556 0.125843266465982
"ufb100" 0.628798070185195 0.644550803486112 0.170094950659517 0.210596201657492 0.112207054913639 0.0537890347409363 0.127056230420523 0.0910918765468436
"ufb101" 0.702893680494846 0.610868060980782 0.14517349588021 0.452860707077494 0.105235486746378 0.0647629318750445 0.0656079506469376 0.0694222377878004
"ufb102" 0.710028570337284 0.641706549763855 0.155324338622667 0.411117343041597 0.109514214290202 0.068960029269003 0.084022492947907 0.0720633563450211
"ufb103" 0.64374263531863 0.698337596300898 0.204882907148055 0.139212693033898 0.138996843182756 0.0425624346322882 0.165995790479858 0.13014741362874
"ufb104" 0.598802875234992 0.576025174296803 0.139485039956274 0.262938747072782 0.0943792459755095 0.0557896464898449 0.0767535393330823 0.0665406497035757
"ufb105" 0.672818591938122 0.620746545679522 0.152357668760491 0.487436902053638 0.113479256265697 0.0567364747121333 0.0450242894913165 0.0866101605033608
"ufb106" 0.636768692847476 0.671420711328738 0.187090410346916 0.185029995973972 0.122443227897904 0.0609748529466429 0.146135724042175 0.112036200154239
"ufb107" 0.619708928062058 0.615775889824787 0.154586231687955 0.244494089285302 0.104034900652065 0.0666404128005705 0.102190341375571 0.0798274352357258
"ufb108" 0.612271443741083 0.593056276689307 0.146099614456988 0.308609701836261 0.101532476967994 0.0633648838533686 0.0792689076038355 0.0727145308952112
"ufb109" 0.62365961843939 0.596845642186107 0.148124713655774 0.322408981094504 0.105503105740127 0.0637680224847359 0.0755386134351278 0.0776063072012041
"ufb110" 0.599740595445284 0.639307065510507 0.166987221755531 0.175391143669183 0.110010972230332 0.0544120979588243 0.124478639360035 0.0972823019443423
"ufb111" 0.748314351978924 0.700229479258605 0.167049666857784 0.556425793180692 0.122808718116188 0.0827317969902691 0.0786785794030309 0.0976476681709908
"ufb112" 0.787379516518998 0.690804834500755 0.15758089854316 0.615988912283517 0.120032337195229 0.067475828055803 0.0521093972438604 0.0877860137182899
"ufb113" 0.715136574376457 0.626452501147315 0.146769267839538 0.529638398527809 0.110733089977628 0.0697720853542916 0.0560039743330626 0.0667680292769427
"ufb114" 0.6126849328402 0.633208989035551 0.164556065451486 0.198650420673229 0.108421313105239 0.0608502530939738 0.120365453995101 0.0888819113029596
"ufb115" 0.658823529411765 0.638769403403778 0.157498603978231 0.654371506609205 0.119627797470726 0.0526662412140812 0.0249756694670601 0.0698719333202626
"ufb116" 0.691383109973361 0.637799286805909 0.148957221372408 0.394131669484236 0.108338033460493 0.0599944324749855 0.0694740415112035 0.0797126656938112
"ufb117" 0.668803451693434 0.621502066697783 0.151978324007454 0.348154050721256 0.107612478755126 0.0668129473776181 0.0904559249124289 0.0722498008433304
"ufb118" 0.614015845566366 0.661889536706163 0.182399448702705 0.151963261188131 0.120028710882786 0.0558401385824495 0.141652014159149 0.112345707337218
"ufb119" 0.81187035984239 0.790393540484119 0.180469902605675 0.614709371709224 0.137859412186438 0.0938082263440361 0.093522622525446 0.109560843604678
"ufb120" 0.626198440610015 0.619778368677047 0.155799954654558 0.289312205564857 0.103829434662103 0.0635932665168501 0.105655150844133 0.0779230514190375
"ufb121" 0.720743906947069 0.744989307206446 0.198846717394267 0.543507401820849 0.154373803840924 0.0862912092966118 0.0980599293649329 0.146654137059563
"ufb122" 0.614779820837014 0.654376123825397 0.177399137335233 0.187088199051461 0.116270754010144 0.0603167945177219 0.135976155526247 0.104653836741495
"ufb123" 0.665546289140496 0.718472630009377 0.217407956877503 0.127510337665793 0.148546825164431 0.0468147989843806 0.178752867603944 0.141564851814614
"ufb124" 0.67944760991299 0.673698249816272 0.183230227205659 0.451220784061552 0.132479950952114 0.0730139045846143 0.0794010495592881 0.112098227747113
"ufb125" 0.60380990501642 0.61022261104672 0.15366737458015 0.218856932185322 0.100546404859095 0.0596146228076993 0.105071377176137 0.0777487352214895
"ufb126" 0.594237643529335 0.594370303913872 0.146674549231657 0.21870226642255 0.0974869325872446 0.0576100063731167 0.0958728302743547 0.0711488593490654
"ufb127" 0.62906859027528 0.620267723641254 0.157852296113791 0.242894744362724 0.103456763698428 0.0545979569897345 0.111029654096107 0.0795671929873511
"ufb128" 0.696547509964086 0.638682022005808 0.148536611654011 0.379629286274966 0.105969962312595 0.0549631410948121 0.068711298933904 0.0867087105746938
"ufb129" 0.626042205165782 0.620172903225806 0.155839066270349 0.241814391513024 0.106579674201192 0.067855715406461 0.103520822414433 0.080149540439807
"ufb130" 0.619569624211482 0.685903850286905 0.191937365832935 0.172342544438931 0.133344195034563 0.0708163603804536 0.139609429775547 0.124662544299297
"ufb131" 0.67101336915359 0.616744230221294 0.1850426049986 0.358574734128768 0.129413664837218 0.0841748631599503 0.10921514902561 0.101213471117638
"ufb132" 0.655521591773952 0.592187180709761 0.16512957361811 0.272860312959268 0.108799115363797 0.0566450554009634 0.10812343608922 0.0811530957747337
"ufb133" 0.615820296646205 0.670335321448042 0.191933003562006 0.116861055147905 0.131167279184263 0.0605866095410174 0.145655860422976 0.121217142409019
"ufb134" 0.624166488573014 0.598092343240678 0.153159444901398 0.305696200464079 0.105568098435855 0.0585011305962905 0.0810937822073476 0.0869646966463919
"ufb135" 0.682629722666165 0.642388779440736 0.167885382734494 0.482491845642473 0.121205462887409 0.0583667630599076 0.0623565258454134 0.0964469989723664
"ufb136" 0.709302325581395 0.606745772213398 0.142007445386249 0.705611826869683 0.113720529649322 0.0518181032956972 0.00693551027944317 0.0629098960079192
"ufb137" 0.690132538859884 0.620188879419796 0.141523992630163 0.506478196276447 0.103947966698461 0.06494816486598 0.0500159284002269 0.0646458530410726
"ufb138" 0.650584369725378 0.655989140725701 0.184022766273627 0.195797975729198 0.119786473717395 0.0709282672296674 0.133650428852511 0.109386873884923
"ufb139" 0.749400451515151 0.699375368296995 0.164930524469446 0.475348498775236 0.11955997132528 0.0793428536205814 0.0944349341733525 0.0863560603706815
"ufb140" 0.611883686367676 0.598948189580603 0.148612293161523 0.218377901400948 0.098136424936377 0.0519212610439501 0.101180096410794 0.0762183780969222
"ufb141" 0.69526103533246 0.75643964440526 0.202385946125945 0.373399181469655 0.151372907968416 0.094302856219049 0.127551415036481 0.147788313660593
"ufb142" 0.629438944503402 0.641835112795891 0.167250115681382 0.21250835764448 0.110052668542185 0.0588771201997679 0.122157729369388 0.0906522068413422
"ufb143" 0.684459437314915 0.727783689763022 0.205566090514423 0.219770963664315 0.14641890596151 0.0726560407370496 0.151332732182533 0.139065405127831
"ufb144" 0.649736705266289 0.656670790545374 0.176976102044702 0.219870462427825 0.121144420344978 0.063926169855274 0.126082070637329 0.103570830450088
"ufb145" 0.616188182089843 0.601300972740905 0.146748866122761 0.252662891743699 0.0977960001152546 0.0617173551003827 0.0938672423602201 0.0705824171432076
"ufb146" 0.583498968261146 0.573126352484396 0.140417213622588 0.281438207171737 0.094679332489215 0.0518448733304878 0.0670182808398804 0.0711562098154234
"ufb147" 0.615091593786624 0.617928869488882 0.156349278277725 0.227045837239621 0.103324584153804 0.0621261712109968 0.107908678368967 0.0811940951852598
"ufb148" 0.612480625363448 0.615436798222129 0.155615133123795 0.207743626506787 0.10307487654588 0.0591529576229472 0.107130975044283 0.0783618229792098
"ufb149" 0.694117647058824 0.61303398815092 0.142011377844721 0.693829334249046 0.112559006238579 0.0515992803205549 0.00635623533766733 0.0508229602475343
"ufb150" 0.639508136490778 0.624662438935583 0.158453150350317 0.277226442246161 0.110199891264409 0.0601317641718159 0.108395583554552 0.0732412632840214
"ufb151" 0.651655774646338 0.663255307566685 0.182128695792904 0.219351178640742 0.118436972748937 0.0531066856172911 0.139701949154485 0.102970639976836
"ufb152" 0.709453820276059 0.676485109512054 0.170287342023805 0.392871215499137 0.11989446996674 0.0776539679392171 0.10562470492599 0.0885589050052882
"ufb153" 0.624786519752015 0.614539539010838 0.156194742041917 0.221326197066491 0.106404323277425 0.069305743422735 0.101443535870521 0.0825092279651233
"ufb154" 0.767135092268435 0.701439101439101 0.156396587937634 0.627639185912144 0.11923685494656 0.0697060940370491 0.0507768100651248 0.0853583507256322
"ufb155" 0.633204681035923 0.660927888119301 0.181565736176771 0.185017124504191 0.119328546309286 0.0618459378801564 0.139776553553813 0.107396099274738
"ufb156" 0.649833061857514 0.599051738886038 0.172858088328233 0.266729334212192 0.117873883692763 0.067549367051546 0.108506018933864 0.106085786991112
"ufb157" 0.616626588884801 0.604390206314654 0.157112414816959 0.283578365777582 0.109729371562904 0.054902071406196 0.0778901359389623 0.100291541901217
"ufb158" 0.835294117647059 0.813818112415307 0.163913768946379 0.835229027627759 0.140495254201266 0.0682991962899657 0.0310885759851596 0.108760486336135
"ufb159" 0.737918731262188 0.634832017442437 0.141030527652755 0.637353464582068 0.111187654619951 0.0662125577397864 0.033245867240293 0.0700767823794508
"ufb160" 0.681169517371693 0.63063928224664 0.154452184282459 0.364627890722842 0.109296192834197 0.0653410578792763 0.0885392505962772 0.0801669330579495
"ufb161" 0.659714272138491 0.621112844513781 0.155298351953313 0.335009444051814 0.108263338933443 0.0733591430144726 0.0893038431546416 0.0825968747421558
"ufb162" 0.610686041066314 0.623824903435468 0.168162691173292 0.150805335765431 0.10771152051194 0.0479706572381125 0.125712095142459 0.0933590756401577
"ufb163" 0.790915068940089 0.696906802356722 0.157342640127235 0.634925394796697 0.122848311423287 0.0724915107829865 0.0516048458261696 0.0857056439272111
"ufb164" 0.662852655268796 0.620786478379378 0.154116235281655 0.30337489486719 0.107700715506682 0.0585290252842127 0.0961961165265497 0.0756896685742727
"ufb165" 0.681917401694535 0.635064791228265 0.164234452267687 0.444569180184214 0.119805430301499 0.0565759727041513 0.0587620151295826 0.109403961030054
"ufb166" 0.61821365320926 0.614874874920716 0.152959087092267 0.244743269571018 0.103238326261269 0.0635400935045131 0.102577301195873 0.076558508635262
"ufb167" 0.591676711141223 0.585786987829686 0.143498027410384 0.241073532019126 0.0966478051412152 0.0588051462641564 0.0847678093483424 0.0694674727089225
"ufb168" 0.616256353393219 0.648867784387042 0.172813273855934 0.173223077979461 0.114592091378965 0.0498237681491313 0.13060073663501 0.102559748532018
"ufb169" 0.61883116730305 0.572394381592611 0.138015640564871 0.311839300309647 0.0986260858271954 0.0580997635002434 0.0705522396662083 0.0676486960463495
"ufb170" 0.662575602960622 0.590760836739214 0.16644288434732 0.341709246677659 0.116886841500261 0.0639545518511989 0.0886260105139973 0.0793154268881703
"ufb171" 0.625354583722058 0.627012406465615 0.160542665280268 0.242453216738697 0.107812797574224 0.0696808388917718 0.112400692833923 0.0818888876093374
"ufb172" 0.630821753946352 0.624716242572064 0.159655085740146 0.221724140900107 0.106778607702457 0.066782659442882 0.109695854930235 0.0841558937507874
"ufb173" 0.656300166166269 0.7084491993745 0.214384710839415 0.117671470365802 0.144958855613143 0.0490442538012905 0.175923113322984 0.138031996144504
"ufb174" 0.631072858216573 0.684447991712079 0.196833440233877 0.163787169146716 0.131022346314232 0.0509765553346911 0.157368020774837 0.125497180981596
"ufb175" 0.654802894412814 0.590286413104915 0.160339390196637 0.327417529947967 0.11475666093753 0.0636809951439685 0.0822489973525182 0.0692082997913704
"ufb176" 0.640424765816747 0.587251018885253 0.16208950913134 0.234273477132965 0.107754762993491 0.050608867704077 0.107785718223325 0.0780742888789591
"ufb177" 0.623860268871856 0.63788429075656 0.165689949267357 0.198598927438132 0.108658992340642 0.0599011320062614 0.120510445857162 0.0869955313461849
"ufb178" 0.61865971244539 0.648188619960179 0.172302779241669 0.196073400493967 0.111577553712849 0.0523768585719703 0.130064196762284 0.0985520618644097
"ufb179" 0.777171433117499 0.744883015446843 0.170348707847183 0.623200783174508 0.130780430369063 0.0919730260837613 0.0825011168009235 0.0985742674974381
"ufb180" 0.603946249848001 0.613337269514015 0.157180006588147 0.207162758314703 0.102926153381775 0.0548998646146615 0.111502301337201 0.0820014252673416
"ufb181" 0.582832035414909 0.575461603066127 0.140525713442884 0.240658037808711 0.0944858493772017 0.0554084304514755 0.0778700778685347 0.0676653958796566
"ufb182" 0.610403575117707 0.595400564721515 0.150843401284861 0.28848803139653 0.103839397074036 0.0604848938748234 0.0785671425264352 0.0856787491583003
"ufb183" 0.666340581133659 0.63719284530838 0.162950540138824 0.324344211209189 0.107159404465037 0.0700952158004642 0.108702551429618 0.0855184024416748
"ufb184" 0.615819316335425 0.666562584093988 0.18407076356198 0.165579062121969 0.121995079389633 0.0524864957556869 0.143407479674152 0.114924012804869
"ufb185" 0.634109114220077 0.663871420361487 0.183792534920893 0.201108437552044 0.12122284892204 0.0632099420030705 0.14214028530096 0.108931196029911
"ufb186" 0.612895395969637 0.587037576256862 0.144211588365183 0.278099389117104 0.0989167071885591 0.0623546773261693 0.0856088942483923 0.0699168353102674
"ufb187" 0.655763460339948 0.635425613796335 0.162728722209291 0.334367599564373 0.110533947931684 0.0797036442934965 0.0975830370323964 0.096168025421418
"ufb188" 0.659857910888603 0.642891314557081 0.163159240552734 0.300875480118581 0.11283524857114 0.0776229646073153 0.102543758022036 0.0920383220985567
"ufb189" 0.64296792349663 0.641470809121522 0.167101822526054 0.27777223938733 0.109585761893057 0.0618916305356276 0.120846546075337 0.0879306174567924
"ufb190" 0.651560120922871 0.658108977781369 0.18023239265272 0.230890698282894 0.116515477624515 0.0551760266518083 0.13687658228942 0.103329812154259
"ufb191" 0.680340312903721 0.639808124354848 0.171005720064685 0.475909548456839 0.123273428299572 0.0612861177432225 0.0658725846600384 0.0966478576307487
"ufb192" 0.610611951455555 0.584197205867413 0.145190540499176 0.262567646916763 0.096579082260926 0.0605848038148412 0.0830250757086886 0.0758456126434033
"ufb193" 0.755813953488372 0.653305621536025 0.142585264594607 0.752683749890364 0.115494981415652 0.0537093026955334 0.00760429433148885 0.0740738546614735
"ufb194" 0.73326180673244 0.624698774141725 0.149855275216649 0.559048264185985 0.110398731297204 0.0588891943201105 0.0427898775992843 0.0781677347057987
"ufb195" 0.719313230714221 0.624188779925007 0.148626241080069 0.517190223438316 0.105325831276223 0.0646848070036185 0.057875231213623 0.0819157435241338
"ufb196" 0.688312482113979 0.614049912680976 0.14331726754194 0.463105364187049 0.0996648687774615 0.065756186815282 0.0631486521330602 0.0703835246074419
"ufb197" 0.604284490289105 0.608341883483152 0.15476138668579 0.230762506205979 0.102771129250369 0.0627142280511137 0.102320950563901 0.0794402926015126
"ufb198" 0.628949672919296 0.573979084977921 0.157495858788031 0.234275582160526 0.102703082084793 0.0479054370918084 0.0963282493287772 0.0799704358357252
"ufb199" 0.66464431710704 0.629973336882869 0.154236254284598 0.339993791763564 0.109651298786968 0.0651496428433452 0.0928243365371996 0.075102423520821
"ufb200" 0.697776640913144 0.756278502407756 0.21154604850957 0.326989404293484 0.156049806704041 0.0964349768738687 0.1500273320573 0.146597075053393
"ufb201" 0.733470902979875 0.650750572470528 0.153202816539256 0.522746495839858 0.112020764547596 0.0708741120919431 0.0635397335363282 0.0811720956045368
"ufb202" 0.727153282634621 0.641866798712553 0.153619093590988 0.555971403594854 0.118004991033197 0.075724644481016 0.0634002899415329 0.0767289481354203
"ufb203" 0.618295673227083 0.636080728364471 0.164399544952434 0.207832418130251 0.108007158553677 0.0557360338234498 0.120202806399312 0.0895686007308723
"ufb204" 0.823529411764706 0.852128401953943 0.19119081355276 0.823494800537909 0.163343416961033 0.0791074854334526 0.0627796807501153 0.160017660868754
"ufb205" 0.720930232558139 0.543489190548014 0.1293936448404 0.720497192443647 0.10116502916756 0.0483473119758316 -0.00766405394187914 0.0452733361547633
"ufb206" 0.62217113498568 0.665034940310066 0.183666238738208 0.17332201433715 0.122201477396665 0.0555021989431346 0.142982794636706 0.111785098469407
"ufb207" 0.715291779626008 0.685025397533155 0.177260932309583 0.327524565052078 0.11924894808453 0.0756436895274182 0.124029082305249 0.0903181219552313
"ufb208" 0.657445671187002 0.583774759798259 0.172072086684683 0.319661219493799 0.113822099579296 0.0714077770428297 0.101956600015982 0.0843873901361849
"ufb209" 0.630802987967747 0.656878016774644 0.181759853165755 0.162235866994518 0.118637044933875 0.0482880825096004 0.141326962638367 0.104156870859143
"ufb210" 0.710607021331209 0.643813393248103 0.158952224079304 0.391663711761604 0.109271877905388 0.0634387452743708 0.0875025693479148 0.0945363817589901
"ufb211" 0.632507474252476 0.642004462962851 0.170071365679771 0.227442294487943 0.114035206002415 0.0603798402360448 0.126212884434162 0.089852936999271
"ufb212" 0.621899021381833 0.675361834582027 0.191480811192268 0.126944862304618 0.129489736138426 0.0540112386460709 0.145174991607784 0.124500714290619
"ufb213" 0.624776536310474 0.654979235247753 0.186555071410918 0.104441367928634 0.121931448380118 0.0495146750328625 0.14357010341482 0.11524029331121
"ufb214" 0.682352941176471 0.564168973832276 0.145259816507952 0.68187269924282 0.114139045219339 0.0517379672093539 0.0101182791914648 0.0636269491399757
"ufb215" 0.631432382274688 0.654641289939979 0.178845994207542 0.201090246633694 0.118062365144576 0.0633528569844242 0.136258031372426 0.104649278959457
"ufb216" 0.750205276475522 0.670576573599868 0.163577528900532 0.474944895851279 0.117926412670036 0.0712826394177491 0.0857570785440081 0.086444783622938
"ufb217" 0.739822002684725 0.753205277418274 0.182378448735966 0.462175310999903 0.13709900682809 0.0793299117987684 0.1060530796411 0.11114525651569
"ufb218" 0.797477990488494 0.735011401508507 0.166350443333171 0.603096771601797 0.127488918330627 0.0798711976460018 0.0779051724117864 0.098822959084384
"ufb219" 0.659905081557415 0.552818921016229 0.131244748250186 0.517619925462471 0.0966380035252494 0.0534294583151354 0.0218355809058006 0.0524449108232977
"ufb220" 0.647956457311493 0.573990383623269 0.158897451577667 0.260902898332635 0.102353465467472 0.0519451139299526 0.0977371696132251 0.0816457349989012
"ufb221" 0.727306034926488 0.674035288571621 0.16643725686281 0.451305391679655 0.119452241461896 0.0658785162303469 0.0782236345070573 0.0950613995215872
"ufb222" 0.706231381841425 0.70498193254818 0.190641251285154 0.41077284366014 0.141946332980935 0.0942270058389047 0.115022055623715 0.128341156395197
"ufb223" 0.702431427025973 0.702202930398508 0.191991884353007 0.363579586401749 0.138867940976506 0.0966756034054817 0.123651752693901 0.128522227445129
"ufb224" 0.629042810485414 0.632628605104314 0.166018112328864 0.222080487131163 0.110686545444739 0.0621159478938525 0.120904759211304 0.0874390708616564
"ufb225" 0.735246767296798 0.680351408734917 0.163892435141156 0.452139446257455 0.11732486469703 0.0786340341640938 0.0988794746904812 0.0810853762066992
"ufb226" 0.626581292538714 0.548542250041179 0.15354691439545 0.289955037117477 0.101015544954258 0.0606475336115217 0.0875504926240135 0.063744284537303
"ufb227" 0.613257860939318 0.666253343168622 0.183669853014934 0.165579062121969 0.121420031737489 0.053743184246532 0.143001178830178 0.114205982218832
"ufb228" 0.602797149231639 0.64784543241266 0.171175058933443 0.175436938803338 0.113584568732215 0.0537817951154526 0.129438656730538 0.100926623999621
"ufb229" 0.629528676784292 0.665060597667778 0.184117718004817 0.184771934175971 0.12120838987973 0.0558743019010024 0.143031990334256 0.110809774519706
"ufb230" 0.694256435118495 0.699373017719597 0.184548549029294 0.381545404208267 0.132797909506313 0.0935746697105266 0.115540817411162 0.118603030078429
"ufb231" 0.710797620531699 0.717490079319777 0.195559296465504 0.37451746913734 0.13840619969407 0.100966577133826 0.132826195427487 0.127288643737381
"ufb232" 0.62281375616994 0.605397744132545 0.151836880397423 0.286759638853798 0.103986517687373 0.0672376112791344 0.0937563511644302 0.0748549144366315
"ufb233" 0.620236357395072 0.59911686055424 0.147127138314406 0.313060871706616 0.103002940817729 0.0661915332440188 0.0850448194268582 0.0719536057394469
"ufb234" 0.734033465918085 0.66 0.14769789382406 0.614027280056643 0.113328800369938 0.0664695972472594 0.0406913988267915 0.07745576661731
"ufb235" 0.770482177232502 0.719391074294141 0.16850853661038 0.532490213841891 0.125758110796003 0.0844863336068892 0.0910443250671966 0.0952014124300111
"ufb236" 0.629725215721337 0.659967567370588 0.176547305313276 0.2195033217304 0.116839285345915 0.0593248148494481 0.134525327118724 0.09867641798958
"ufb237" 0.709302325581395 0.678622238861849 0.170729956329799 0.705727921793409 0.139819107085805 0.0635770759684861 0.0401797447664084 0.10981613923453
"ufb238" 0.690720629491795 0.69400977694802 0.183470620326025 0.363579586401749 0.13351744638193 0.0901073204065615 0.114371668789687 0.118686619899094
"ufb239" 0.609638622850368 0.631992065934818 0.165031329685877 0.207370743174979 0.108796892204951 0.0534794517331495 0.121698790089311 0.0895694842932231
"ufb240" 0.642494407102983 0.66152439624738 0.184174593771257 0.218067089044522 0.126245705041984 0.0696345380505707 0.128476221038324 0.126021027474521
"ufb241" 0.71561100820517 0.680377806179469 0.164222629400733 0.410389038387761 0.115960139727841 0.077551863646522 0.0991756075796662 0.082126282610158
"ufb242" 0.632839145153167 0.640819102530335 0.166171334555509 0.248439412096873 0.112506699617878 0.0720352769511563 0.119817505977672 0.0857347238196251
"ufb243" 0.706909582112147 0.646332667554372 0.172773254033621 0.456530147423651 0.124223323280944 0.0579921852694622 0.0683784016738511 0.12141358461273
"ufb244" 0.688884181648925 0.630475191840236 0.16315043370911 0.424389583690802 0.113451860027097 0.0658071117206879 0.074254796008559 0.109735715492478
"ufb245" 0.651013161804179 0.611897031539889 0.150981978958634 0.35794569585102 0.102877168243067 0.0650715155945222 0.0717528379968267 0.0920559189924079
"ufb246" 0.646854640622239 0.621897930920441 0.152309798726276 0.347036208051374 0.108499674081637 0.065351795922701 0.0907579987352951 0.0769174205657881
"ufb247" 0.614181696079855 0.593290523699729 0.147023802307499 0.24074263887211 0.0986749895466589 0.0640604025954514 0.0886579986122941 0.0754464495076766
"ufb248" 0.673283422306634 0.60490282456595 0.152296223293759 0.390783871252229 0.104476653981648 0.0651566084358799 0.0731897257236168 0.0954040464439433
"ufb249" 0.654906605038975 0.633743008893172 0.161972503944827 0.323113210870478 0.109884276391027 0.0747135161192942 0.101271061676492 0.0913265100253197
"ufb250" 0.653968952425145 0.645817517096422 0.165906024993269 0.288923508085635 0.113411188427142 0.0760841737364501 0.111910010099322 0.0917777925323779
"ufb251" 0.775527224464182 0.705970497152942 0.161820595374178 0.614152837429518 0.12469676375255 0.0712998767671835 0.0565887232257562 0.0933882092244522
"ufb252" 0.656915497435867 0.718714894486171 0.21767607463812 0.117093557928801 0.146410909378542 0.0614221073794823 0.177133756618915 0.140762389827369
"ufb253" 0.698063216437376 0.705044669846175 0.19050375480276 0.387089071099472 0.139461970420853 0.0901616697219538 0.114957907730649 0.128663564179764
"ufb254" 0.635875256237866 0.648359356732743 0.184414801988775 0.392526090033415 0.135209932693006 0.0731900213979558 0.0806707477813299 0.120280226338167
"ufb255" 0.697137282051833 0.664382293017225 0.156327912687429 0.429163155157384 0.115804212790858 0.068527687841786 0.0775331188841357 0.0892445802201603
"ufb256" 0.611822704823946 0.636237543862177 0.174437652581051 0.164161662583443 0.112534133265114 0.0501707480060505 0.133310225491612 0.0981913210243219
"ufb257" 0.606983532466197 0.570237669986791 0.157494613559247 0.208615561099803 0.109002765352195 0.0513939687716855 0.0962239545200221 0.082906159270266
"ufb258" 0.697484668766292 0.550613020203764 0.12908957925405 0.578685906370637 0.0939130101331603 0.0547183312943102 0.019806552357573 0.046182588272314
"ufb259" 0.633531209917782 0.674597254945278 0.188668085468973 0.177356003126914 0.123759851537724 0.0532059310310342 0.148233917290546 0.115743829104588
"ufb260" 0.620143232077832 0.642305199387743 0.171400459909988 0.163829588908582 0.113457281032998 0.0602748528469514 0.128395971259921 0.0985359528621609
"ufb261" 0.624375369342208 0.633841167133364 0.165452809170135 0.215476667199788 0.107905910070507 0.0561000259343369 0.121315742854616 0.087796629477416
"ufb262" 0.737375499295112 0.65152220784821 0.152044075402091 0.55236983317739 0.115369028828365 0.0764812408832242 0.0621141946846392 0.072115461277678
"ufb263" 0.672503322086934 0.629927726675427 0.153927678868316 0.359134035243156 0.103742514085366 0.0679542649661031 0.0925416109183868 0.0747648798429927
"ufb264" 0.630566112759426 0.632143410486157 0.164511794255012 0.200509064622214 0.10846637971719 0.0669799876103048 0.116596058262384 0.0880057315730963
"ufb265" 0.614872894595333 0.618829948328308 0.159314416526098 0.189473449555355 0.104433528967719 0.0553056920596512 0.11379442700943 0.0826708487198438
"ufb266" 0.59308222875892 0.643231236199763 0.169224986140399 0.173078974481046 0.112079160613826 0.0522903713345664 0.127389298899499 0.0991374705883381
"ufb267" 0.615125162384875 0.602706885937912 0.151708564331933 0.221085245999092 0.0994561736670015 0.0540049570835281 0.104452066722393 0.0764153394022992
"ufb268" 0.653309288631577 0.709518961467003 0.212728062924063 0.162912634955534 0.143489093893816 0.0714571174542971 0.170175269091208 0.138546297996128
"ufb269" 0.620626877269234 0.604833249422753 0.153180524416992 0.264645485825036 0.103608552553756 0.0655588719974276 0.0915884455415728 0.0862403998324927
"ufb270" 0.630316404103129 0.639132837929129 0.167787864585743 0.217625035342506 0.111394109872376 0.068673620721639 0.121519233918432 0.0879478183935738
"ufb271" 0.652239600866663 0.623087741454034 0.185541616166267 0.362253257421487 0.139907821654538 0.0765379609090902 0.0989932590257234 0.101295925060086
"ufb272" 0.651627604498351 0.639620382120069 0.160935973043998 0.28104670834251 0.111215561655726 0.0752198390673401 0.103677502627365 0.0877892385234803
"ufb273" 0.773809523809524 0.843703367287355 0.205441411373775 0.773476781151331 0.173615406969777 0.0843205993413558 0.0783623342880847 0.172783099596767
"ufb274" 0.611787638418276 0.604125379538554 0.148729348313598 0.244182599432997 0.102173450855296 0.0644401144601476 0.0934593043701575 0.0733311338122653
"ufb275" 0.703902365232209 0.651209084142563 0.159273215824928 0.440561182794494 0.110120974158585 0.0776039902305867 0.0939010801492694 0.079713184769531
"ufb276" 0.631241997067841 0.609468841574101 0.150771365692703 0.293263852949948 0.100618801218503 0.0624887234383896 0.0982503666921081 0.0736578683308722
"ufb277" 0.632554867034538 0.615940699351473 0.157162925810007 0.254486053543259 0.102012651992976 0.0572755338524945 0.108824370126844 0.0803962065445395
"ufb278" 0.64378624131803 0.636846179892632 0.167251204878922 0.222336362513232 0.109553821222042 0.0549974907324304 0.122191145415819 0.0886042579358731
"ufb279" 0.660991282998924 0.595569615381655 0.141926997249239 0.406547648675625 0.100869292600048 0.0665007298136426 0.0692537213042042 0.0580110300356108
"ufb280" 0.691859196367563 0.722468933089525 0.186191666218394 0.356455048234697 0.129265972148631 0.0939989854112797 0.117244613094334 0.118358138920321
"ufb281" 0.600557069276043 0.58652536610315 0.141070064847146 0.22961253187024 0.0953108139636271 0.0520364538252868 0.0916739863831813 0.0689172204729881
"ufb282" 0.601890272265181 0.575331855262784 0.14002840606348 0.278156376823094 0.0973250262477885 0.0465429453789979 0.0665962733838593 0.0744405527015518
"ufb283" 0.751315844328015 0.642573851203501 0.141047339892333 0.637353464582068 0.108825008321119 0.0640188492104458 0.0332647891026134 0.0712593987487264
"ufb284" 0.652367635867842 0.664042297615557 0.187121715075401 0.161970893247136 0.129500872014614 0.0620622220815179 0.138869116490037 0.114494103444659
"ufb285" 0.654432870134497 0.686386107172206 0.199362726681152 0.12769985147571 0.136960668737668 0.0559049050193845 0.157054532262151 0.12447668446156
"ufb286" 0.649458630011842 0.599677868072333 0.180757854975549 0.323060553115608 0.13320209100218 0.0682754500549726 0.0938411249329978 0.0988393882907457
"ufb287" 0.626506024096386 0.421686746987952 0.126216905201704 0.626209956884932 0.092449260391346 0.0411922503443066 -0.0127640729947231 0.0183942270314182
"ufb288" 0.618831227348776 0.533058154736548 0.146415279352647 0.300415271535294 0.100456116183833 0.0579035703437631 0.0741544544837275 0.0567782760319785
"ufb289" 0.628955527274401 0.569300012413257 0.150907949962684 0.219268994120689 0.0972849905112719 0.0425581551949325 0.102198011555806 0.0625591759494857
"ufb290" 0.629748667332257 0.575553559122676 0.152353217874037 0.19833309293337 0.0983536526221204 0.0389388455995039 0.105233719381688 0.0648591285876722
"ufb291" 0.649990050330238 0.692859072066888 0.19577902544846 0.186428468758465 0.136743122641008 0.0665997468698405 0.143699487606098 0.128174866950789
"ufb292" 0.616481132647563 0.601345827306459 0.147816519808254 0.244077542890712 0.0991437343386116 0.0640756322615271 0.0924872090834403 0.0733733382456501
"ufb293" 0.634504139575352 0.594860170417304 0.148863300798832 0.29793738092526 0.103141615060594 0.0580266259974409 0.0823105684006182 0.0815893822986575
"ufb294" 0.776470588235294 0.779898685852727 0.176581018098772 0.7763067825935 0.147106154056923 0.0710718721516659 0.0458503513248305 0.125426119843034
"ufb295" 0.719193766010711 0.773626093468666 0.21729949759574 0.326893312234326 0.156074934968532 0.101891701420756 0.156236788297691 0.155402934368021
"ufb296" 0.620395187328735 0.613638667058209 0.157551463164967 0.232505695823536 0.104128219224339 0.065514493262033 0.105367563497817 0.082855778727261
"ufb297" 0.725608404894537 0.622877743837465 0.138379296680873 0.544503282228718 0.102370034489922 0.0652015077211961 0.0470001992237514 0.0643414159237071
"ufb298" 0.672438035384946 0.735161563062897 0.197367009917924 0.373481942624656 0.150240283664218 0.0932051325823699 0.122182083663554 0.138298291684398
"ufb299" 0.629058079636889 0.66266537863833 0.1821355556864 0.173313132858377 0.119508180660887 0.0546898709252903 0.140931241968119 0.109508832078807
"ufb300" 0.662317340322076 0.621065993349614 0.152042655156036 0.303488166306386 0.106039503570886 0.0588490574275944 0.0939786984881231 0.0716354453584474
"ufb301" 0.712327443354055 0.644289860712491 0.158669723411771 0.492004169565424 0.111957139093185 0.0695148045114873 0.0694364672411631 0.0949415253331413
"ufb302" 0.683951289154316 0.679661472819409 0.182114608641287 0.253156279823337 0.124932014974839 0.0710050970796359 0.126326672512303 0.105368397317566
"ufb303" 0.619047619047619 0.510466679469944 0.139092202999721 0.618663418690633 0.104518328515601 0.0464243083486562 0.00362478311008461 0.0386505304207697
"ufb304" 0.661069656134887 0.688727816447825 0.199168357859951 0.138925292840716 0.137114363160303 0.0568987858826531 0.155880746848747 0.122245195926712
"ufb305" 0.679856958449777 0.565693551593876 0.139342659399818 0.447757515763918 0.099692727438073 0.0556561353446195 0.047918004101951 0.0765343859777886
"ufb306" 0.646052167310463 0.651478899288761 0.174403045765002 0.251552294787681 0.114022693560265 0.0604469140471637 0.129773121978044 0.0961893893807569
"ufb307" 0.61834372535733 0.664273691307314 0.1827467970918 0.187113284948136 0.119889042936219 0.0595421231181375 0.142033012469037 0.109665656006137
"ufb308" 0.61349414243841 0.620723631571093 0.155587958803107 0.230807917417934 0.103871171456598 0.0620196529539077 0.108645783954947 0.0805322506390458
"ufb309" 0.732530786010273 0.693416199972681 0.169298073441718 0.433763912762957 0.120381498193307 0.0784924322615363 0.099184267689649 0.0927732574077817
"ufb310" 0.659352017706085 0.62116791531661 0.181861662780222 0.346433955098011 0.133869751041648 0.0715177216671269 0.0950620401955327 0.0987563277792392
"ufb311" 0.663265555247637 0.653680887091357 0.175976158007037 0.230268353482799 0.116236783971683 0.068994853469238 0.125102084960486 0.0957761695289645
"ufb312" 0.647058823529412 0.681154475982533 0.177509078840763 0.646931553613954 0.141579474141201 0.0646152788932247 0.0476209657230421 0.11278522053955
"ufb313" 0.695883124458686 0.706767282168248 0.184584572903066 0.509157562907463 0.145613304207635 0.0819106796962322 0.081956110321728 0.127558634058256
"ufb314" 0.738085754520056 0.76870773123145 0.199687415240061 0.498158768705321 0.156808928539159 0.0997950173801304 0.114451089502882 0.148483057089934
"ufb315" 0.709224504897029 0.765496347205782 0.209606770898978 0.350254951656681 0.153546040095894 0.0973596250820814 0.14262552974349 0.150775097619285
"ufb316" 0.628104049269678 0.58167084495604 0.143088088837561 0.298601714064304 0.100149789734053 0.0569345163268576 0.0807619525789845 0.0745261291830535
"ufb317" 0.643041335982721 0.577499095693166 0.156773682547717 0.243252121972959 0.102877921554137 0.05168031051648 0.102159337615616 0.0709574013442474
"ufb318" 0.785344723396076 0.827860049739995 0.190101015233793 0.656704548681795 0.147850119895288 0.0943348609670666 0.0883935893926515 0.120866366715971
"ufb319" 0.76416951303105 0.67912822144448 0.159933292776916 0.587918489398929 0.119608810205695 0.0682553115177372 0.0547563129943443 0.0954311074131391
"ufb320" 0.687310264742212 0.604879339426077 0.146203345593708 0.453562123313602 0.106166702996428 0.0676210191819115 0.0663048101953224 0.0655253492121904
"ufb321" 0.655510016880987 0.666440513430418 0.184745203331503 0.230881478673686 0.119963146643514 0.0548646693378933 0.142454186974666 0.106807456464092
"ufb322" 0.648588886768385 0.711163816374385 0.198441405226394 0.184022203248427 0.142038120676584 0.0683791553155802 0.143721668347952 0.131781428863223
"ufb323" 0.604651162790698 0.656326932545544 0.189354490537926 0.606741144014387 0.14688342887979 0.0668539064501913 0.061736299610877 0.105912471467574
"ufb324" 0.805811728278441 0.75788326636246 0.172995224917631 0.610332520866729 0.134687814857962 0.085551138025756 0.0852549258909121 0.103166699469494
"ufb325" 0.717792139866785 0.666489115331172 0.161301621954043 0.438909063761655 0.114629986064788 0.0730671371794163 0.0902740071107842 0.0857558697341751
"ufb326" 0.630260078099525 0.628985201403361 0.163562032600712 0.233895434177114 0.106476738700703 0.0570346303013955 0.117059995703573 0.0868809722609254
"ufb327" 0.62972783858429 0.635869608548189 0.165975830852192 0.22218047449086 0.108536634732729 0.0536044139229719 0.120849393119908 0.0881140684944117
"ufb328" 0.707073932840921 0.643588914051548 0.151556307146544 0.475994607653573 0.111907649875415 0.0601415812733642 0.0613415502212323 0.0906084730144089
"ufb329" 0.651162790697674 0.590974990938746 0.146745383644681 0.650736240103491 0.110365773795181 0.0498794637526186 0.0124193320371456 0.0543947019316865
"ufb330" 0.705647969665095 0.70496304660234 0.185576121441931 0.41077284366014 0.137324221781396 0.0897420819435478 0.109434060232364 0.120853692122216
"ufb331" 0.623870645026078 0.659113500454217 0.176987237896685 0.196117123471205 0.115896206034725 0.0493955105640555 0.13554254544877 0.102611874873936
"ufb332" 0.646130533589759 0.646076612635618 0.172628335974405 0.230888815667471 0.111180387485614 0.0539765729395053 0.127861844475416 0.0951820674080088
"ufb333" 0.606990353076545 0.604558942047036 0.151851827876534 0.22377811877959 0.10015532452864 0.0575873100158363 0.101358332064859 0.078660947875471
"ufb334" 0.602883609215189 0.582694583966911 0.145580015898991 0.252082641686916 0.0996910015380208 0.0587911990848418 0.083442875454923 0.0786426832847961
"ufb335" 0.63953488372093 0.430488572027679 0.127037362670843 0.634858823684002 0.0932220366095192 0.0413104432727615 -0.0103912805801129 0.0208000802562981
"ufb336" 0.632838663062084 0.678108729664385 0.192344702468683 0.185036406321728 0.128805532347233 0.0633303598315453 0.152093765033965 0.118942985097423
"ufb337" 0.691129040344608 0.652036108324975 0.164106184891722 0.347589385875522 0.108996001574968 0.0718265068054502 0.107022656492264 0.0820713892570353
"ufb338" 0.692908701792337 0.64749919892802 0.18803645289227 0.420234190108586 0.138278324087503 0.059341266565558 0.0861692688797927 0.113270215293021
"ufb339" 0.620677920623547 0.70152226820282 0.206137590637171 0.150414138003124 0.138255999401761 0.0566208365102859 0.167265118900594 0.136899034086016
"ufb340" 0.613308893004748 0.686148377215741 0.197012264585546 0.150426909043037 0.132568233983902 0.0590807736668532 0.157554847177098 0.12786927010813
"ufb341" 0.640597651120555 0.564977327559384 0.152375879823181 0.246405483023817 0.0985277585604326 0.050773364765946 0.0998816427118417 0.0648368244525815
"ufb342" 0.659750725790754 0.652059749247918 0.178272441178771 0.342428129443376 0.130654371634795 0.0772016123378758 0.10161675597958 0.110562552870708
"ufb343" 0.703997368694473 0.709676976322584 0.192123909020677 0.344103451810097 0.137994876744506 0.0969315963140133 0.129122904448273 0.123191058131587
"ufb344" 0.623455953918509 0.573840357994363 0.156925750691084 0.231855758679119 0.104811579638691 0.0566613302152426 0.0958646064434013 0.0862034883770363
"ufb345" 0.697321721152073 0.647998403620878 0.160808280864886 0.370742454732548 0.109481325854299 0.0697226594067262 0.0999214292244241 0.0823496777581039
"ufb346" 0.595499256135155 0.640052518176099 0.169050671671829 0.173089243496241 0.11146934219468 0.054185130451024 0.127186009063877 0.0986464397911957
"ufb347" 0.606419080360007 0.580800507814648 0.143950772198999 0.240809293805718 0.0960395482649869 0.0554023977934833 0.0908451865008692 0.0726083468823847
"ufb348" 0.635294117647059 0.518042190969652 0.14474127200849 0.635092332904274 0.111553591332101 0.0495498127229604 0.00912601587956864 0.0460075936007726
"ufb349" 0.653376681850252 0.681119859889274 0.199677359006311 0.139166259842542 0.133015067244892 0.0495494143548022 0.15820360302067 0.126210852058782
"ufb350" 0.659795844284784 0.700749406419262 0.209564999865591 0.128956238034628 0.140183247699504 0.0508256392565033 0.169255457374221 0.135137972375426
"ufb351" 0.630399860332268 0.67151840419632 0.186293380376878 0.16381341566204 0.122746013594828 0.0403560288540094 0.146075418569278 0.114894252250232
"ufb352" 0.63274882975971 0.666581128411416 0.184316693097984 0.175685812408327 0.121645661348174 0.0496347692605498 0.143667321866835 0.1107316482403
"ufb353" 0.627741397004933 0.653353217609769 0.177417433817744 0.175705528982674 0.116895818330664 0.0513836577630172 0.135977568331388 0.10429055905251
"ufb354" 0.620149891894326 0.645408218968698 0.171015440422503 0.173446262856442 0.113110021595822 0.0554766943621132 0.127992711240415 0.100260140409743
"ufb355" 0.677264862137096 0.609741479849683 0.150202913729711 0.427484973953757 0.109969855432406 0.0629364761188855 0.059931905721793 0.0912304728620389
"ufb356" 0.720930232558139 0.786927266901634 0.183720586936386 0.713982879990433 0.147051952551834 0.0664576566669021 0.055215462599981 0.116494119075849
"ufb357" 0.579416420331281 0.56647607616952 0.148115496185486 0.162819472514063 0.0932294796711785 0.0498703898844182 0.100760499710469 0.0749112585815033
"ufb358" 0.593988162266807 0.5797012602954 0.155599693543455 0.164704748014798 0.0967635595370219 0.0530284195359139 0.107174911018665 0.0816980266616859
"ufb359" 0.61107045440215 0.61909446304009 0.166612143188008 0.154308185585115 0.108098381255418 0.0472788147436182 0.123417581044431 0.0916556029935149
"ufb360" 0.609022899403945 0.608320338861149 0.161379880980922 0.176167122663733 0.105564051760392 0.0494882957450597 0.117059067714196 0.0862833246659291
"ufb361" 0.593687040682662 0.547577406852937 0.144992563684787 0.208651552733044 0.0988432562359119 0.0457631853301876 0.0864877703260582 0.0690289890908187
"ufb362" 0.651560115223194 0.578958279609039 0.158604459529557 0.234564337184569 0.101586158779504 0.0513835542164637 0.106485930751679 0.0723626337939168
"ufb363" 0.783883899409456 0.818787678975132 0.210540537930807 0.607253450506373 0.167418567248788 0.102157555119761 0.110810563520687 0.16120236820129
