0.2293544 NA NA 0.1505079 0.1316197
NA 0.2290873 NA NA NA
NA 0.06509146 NA 0.3037346 0.0832765
0.1821971 0.1392282 0.1308397 0.1706968 -0.06766371
0.1066248 0.1272567 0.1582294 0.02540315 NA
0.2474833 0.05486552 0.08897049 0.1099751 0.06774942
NA 0.08368586 0.2175764 0.02758211 0.105267
0.1566939 0.3013959 0.05573693 0.1596107 0.2295702
0.02606543 0.1630305 0.2152027 0.1729782 -0.01709316
0.2681075 0.141892 0.08389778 0.05108431 0.09947237
0.02955362 0.06933664 0.07598874 0.0579793 0.1033515
0.1485098 0.05084333 0.1715006 0.008418208 0.1622391
0.2071424 0.09761732 0.2370698 0.06344291 0.1292092
0.03259332 0.06142737 0.01644184 0.06009782 0.004955334
0.07866393 0.0104731 0.03789344 0.02194586 0.1411362
0.04382439 0.06044742 0.1240768 0.03207107 0.03909278
0.04806797 0.01459934 0.04086763 0.08828975 0.01243494
0.01007534 0.04313907 0.03131764 0.02070179 0.07744129
0.004011837 0.05499562 0.01873076 0.1030847 0.03912566
0.02506277
