0.02267046 NA NA 0.141892 0.124622
NA NA NA NA NA
NA 0.1521985 NA 0.1316197 NA
NA 0.2712993 0.1945087 0.1783706 0.1475688
0.20295 0.0401328 0.1009379 0.05459896 0.2818481
0.1812728 NA 0.05123888 0.02534296 NA
NA 0.1162706 0.07376129 0.1786308 0.1747744
0.02407289 0.1568413 0.1435256 0.04240017 0.04806306
0.1138241 0.1969525 0.2350473 0.11043 0.08053604
0.04939282 0.1189848 0.08563235 0.1361753 0.2038418
0.1167521 0.1590192 0.04956843 0.121915 0.1723095
0.01201344 0.1052258 0.08600001 0.03661962 0.2261046
0.1298458 0.1389408 0.1418799 0.1244363 0.04269262
0.09793964 0.08225538 0.08235244 0.04922636 0.01913106
0.01334845 0.1423632 0.02545028 0.06798533 0.08600459
0.10997 0.1703821 0.1506023 0.05147149 0.09065831
0.03308398 0.05826043 0.04670583 0.01647449 0.04886625
0.03029881 0.02861704 0.06801288 0.1248447 -0.005662601
0.05572735 0.06385841 0.07494554 0.04696784 0.0358161
0.03906595
