NA 0.1010145 NA 0.1132917 NA
0.02897686 -0.01926141 NA NA NA
NA 0.1316197 NA NA 0.1831963
0.1471646 0.1549356 0.120773 0.2255952 0.06623704
0.03396909 0.310158 0.2642982 0.1137913 0.09587542
0.1010145 NA NA 0.01263175 0.3037346
0.1294487 0.1005224 0.1377376 0.1129478 0.0904968
0.1007408 0.2921757 -0.02078362 0.1810048 0.08553357
0.08940441 0.2587765 0.08496425 0.2916067 0.07959697
0.06797797 0.2315798 0.2703975 0.05029237 0.04727092
0.05600079 0.1240801 0.2132092 0.0350562 0.07604017
0.08355859 0.1031471 0.06443773 0.1280602 0.169123
0.116432 0.008624902 0.09542098 0.07715016 0.08102949
0.0714137 0.1654998 0.07805004 0.09588217 0.04544507
0.02819729 0.2050954 0.07309143 0.02866089 0.1351851
0.05503471 0.05752367 0.2080521 0.0870963 0.1529025
-0.0006883698 0.0808184 0.04645154 0.08028711 0.001811871
0.08028505 0.01786245 0.0464964 0.006214855 0.04838784
0.05541705 0.0901096 0.02860345 0.09022398 0.03321557
0.02523659
