0.08054418 NA 0.1976736 0.1283632 0.1987224
NA 0.2050196 0.08054418 0.1944882 NA
0.08434114 NA NA 0.08054418 NA
0.2819882 0.2676971 0.1150187 0.1046555 0.0566643
0.1120983 0.05129449 0.05973375 0.1265876 0.09756056
0.1319018 0.1359558 0.1051711 0.06418338 0.2954527
NA -0.07012548 0.1133487 0.227747 0.1740478
0.05036485 0.2017478 0.2285799 0.1717012 0.0227432
0.01056893 0.2507335 0.06820808 0.1474726 0.2885637
-0.05128294 0.08541452 0.03478353 0.04993131 0.2191813
-0.03000061 0.05717688 0.03348373 0.1154758 0.07969111
0.1321929 0.05061531 0.01397823 0.06649512 0.05053925
0.06207681 0.2113218 0.008853763 0.01136528 0.005450703
0.07466504 0.1693406 0.04893491 0.05725308 0.09994746
0.08713298 0.07383088 0.06864782 0.1139349 0.06933655
0.1080667 0.115254 0.04501825 0.05914575 0.04015529
0.02705377 0.006741491 0.04158514 0.09469657 0.01789129
0.08972528 0.04428382 0.0235628 0.01851341 0.04201972
0.002070782 0.03483217 0.0177133 0.01798589 0.05608551
0.03792733
