0.1046233 NA NA 0.3109028 NA
NA NA NA NA 0.2186534
NA NA 0.1706968 NA 0.03930432
NA 0.328823 0.1070272 0.2869152 0.1949723
0.1993523 0.1968853 0.1431988 0.2956781 0.1564587
0.1228685 0.1757172 0.1442379 -0.04392318 0.08258311
0.08116305 0.1193908 -0.02334878 -0.02834595 0.104857
0.2420351 0.1689422 0.00541597 0.04659664 0.06446259
0.1033973 0.106603 0.2910074 0.2522977 0.07383606
0.02577816 0.2714283 0.1012683 0.2177004 0.2491667
0.04348587 0.01847112 0.2219725 0.1276068 0.08793031
0.1410147 0.176514 0.08515637 0.1210466 0.1420272
0.08484642 0.153015 0.04737229 0.09909084 0.1405281
0.03879416 0.201994 0.15022 0.0346509 0.02380936
0.06633752 0.05645052 0.03463562 0.1391255 -0.003946813
0.07723523 0.05746235 0.1252734 0.06426906 0.08298698
0.009622516 0.003182547 0.003773662 0.03098427 0.04501993
0.04710279 -0.001396568 0.08952384 0.01823015 0.005883626
0.03749346 0.06208129 0.06099905 0.01080035 0.01085353
-0.002959644
