NA 0.1942777 NA NA NA
NA NA 0.1302482 0.2762468 NA
NA NA 0.1316197 NA 0.05139287
NA 0.2940434 0.1562665 0.01089396 0.1741036
0.152787 -0.03741584 0.03995497 0.2819882 0.1985228
0.1436331 0.0865771 0.09756056 0.05701009 0.1878618
0.2480548 0.08396155 0.1016547 0.03639474 0.05774687
0.07531096 0.1771356 0.1294155 0.1521742 0.04945282
0.1487426 0.15072 0.1746178 0.1167944 0.03314001
0.1243539 0.06428141 0.06812585 0.090908 0.1280572
0.1506907 0.1613663 0.1879734 0.1404812 0.06543986
0.0420443 0.04240634 0.05620286 0.1052633 0.276779
0.04354736 0.08458873 0.1237627 0.1112184 0.03683317
0.08790268 0.06629926 0.02109953 0.0658982 0.06940412
0.05950358 0.1028914 0.1026601 0.0385468 0.08933051
0.1310003 0.07704954 0.1387797 0.05690543 0.08268706
0.01125441 0.04531541 0.04464758 0.02073566 0.006016525
0.04366872 0.02831956 0.01901113 0.09640003 0.04168708
0.04638462 0.04616248 0.01705521 0.006216705 0.03187697
0.04696945
