"quartet" "wQuartet" "cluster" "phylo" "mutual" "shared" "clusterNorm" "wNrqs"
"mb49" 0.764993878919431 0.754780619427499 0.194156771387719 0.591246203103425 0.151616795816984 0.0912016598164634 0.0904797124885496 0.110367274416264
"mb50" 0.705264417054118 0.769690787339204 0.231311661913892 0.370366908096284 0.175420631714533 0.119009616793845 0.174536677181073 0.167280681612752
"mb51" 0.749078456505413 0.796971293729524 0.222928763588119 0.579937128859238 0.18003460157486 0.107001298931457 0.122634946317911 0.149604866273531
"mb52" 0.772727272727273 0.848994493655734 0.249668115638055 0.772584029029729 0.214900449808061 0.107265269381575 0.12691850869214 0.206881261886755
"mb53" 0.745485718454924 0.744625763969279 0.231330838355299 0.308396333103399 0.175942047089643 0.107175884677914 0.146404733416869 0.17812004116715
"mb54" 0.8052434941302 0.826911199740393 0.245947941960761 0.581234526050141 0.198132516095633 0.135765094092615 0.163116860053024 0.197204657171679
"mb55" 0.878860086653022 0.884979051718217 0.215211157579885 0.842676746691639 0.190606750949173 0.126170408881453 0.114487458914761 0.150317079002112
"mb56" 0.842696629213483 0.859158609877188 0.203930550259879 0.842513161898355 0.177715149632859 0.0885759476747719 0.0745574279845998 0.15418467943246
"mb57" 0.765943660348307 0.806677884322987 0.225623306978782 0.640157088596748 0.189261127328865 0.118243678685002 0.126235955292389 0.178038425069835
"mb58" 0.747126436781609 0.865508936493852 0.239575717634929 0.747080173646523 0.203055398536285 0.0983178077281466 0.114879704585805 0.178861862804217
"mb59" 0.863636363636364 0.925892477688058 0.240273126631779 0.863483161224707 0.214472990534055 0.106837174820795 0.115528844781081 0.223395321095084
"mb60" 0.740128784453516 0.727814662427529 0.208353429847593 0.448981356424634 0.160425054571614 0.10706278756113 0.139416038860837 0.128703752414575
"mb61" 0.792315519576097 0.790815246784396 0.21213182485701 0.659468780593788 0.175525511764658 0.110448619518323 0.110789794014736 0.145088282154691
"mb62" 0.660848258945253 0.728863006029325 0.229864706428026 0.168445255646804 0.163302552574296 0.0898404188493836 0.191856685651215 0.146721032198407
"mb63" 0.653069563845246 0.740821686253464 0.245053445746842 0.168448018112308 0.175011801626892 0.0968803391990425 0.208021344876869 0.167828054497369
"mb64" 0.728308810301318 0.760237890133192 0.221195111383599 0.357188147566564 0.166115779333384 0.113148161816644 0.163544403680264 0.144235114710322
"mb65" 0.71127667128785 0.776509371972068 0.233915385790571 0.381777863062925 0.175657649073513 0.126687289430891 0.172854253700016 0.172778015579928
"mb66" 0.735659095363464 0.750510462773903 0.201989417864212 0.493943602476974 0.156376283427672 0.0969377891806612 0.114319561906018 0.109970924307815
"mb67" 0.747075454849338 0.791878672487936 0.22541676492211 0.527595284753363 0.177290629326694 0.115269867282322 0.14048331590556 0.171731648872787
"mb68" 0.743653932851257 0.78995687562875 0.22810571108699 0.471354193046884 0.178237848714282 0.124652357588879 0.153500553956977 0.173263185199347
"mb69" 0.717647058823529 0.800983606557377 0.225199299006257 0.553487996009844 0.184380250027507 0.0904902538901715 0.0971154643477135 0.172909754638645
"mb70" 0.692530512657061 0.676374782841107 0.200579161259255 0.250224680159748 0.148618413575245 0.0892663414301092 0.122840712840854 0.136359462405863
"mb71" 0.654607767313555 0.741460601292737 0.242258827548573 0.179752950409243 0.17303474226806 0.092557868904137 0.204862294128337 0.167486361822781
"mb72" 0.663066088168802 0.733357303741536 0.233069995549491 0.157141154625201 0.166319158028419 0.0868867309154805 0.195450138229279 0.151761980331126
"mb73" 0.754306756639343 0.770486484892277 0.193964136524808 0.547418299688153 0.153774426138848 0.105433174478447 0.105166116126897 0.1186466109083
"mb74" 0.735632183908046 0.762270450751252 0.207513766624506 0.735588840670443 0.178461430158815 0.085119039242098 0.0772870293420052 0.145732232181821
"mb75" 0.668035557453073 0.739708700762276 0.236441725511672 0.201629029349067 0.168447181629129 0.095871966803742 0.197981056589579 0.162140311018867
"mb76" 0.886363636363636 0.891967730620835 0.167634505031958 0.886242488350593 0.148869668415672 0.070553916622633 0.0309485643759638 0.122405445140285
"mb77" 0.68975191501144 0.746876384078133 0.241101689472767 0.223917567183475 0.174277024946 0.107319250194549 0.200823076024562 0.167340976408772
"mb78" 0.747126436781609 0.778558165819004 0.190942670123953 0.746910107959508 0.16168317750621 0.0774005693298192 0.0594178800416095 0.123411063116975
"mb79" 0.655413710803995 0.682002424115017 0.198214916904964 0.157807805069279 0.14052165185245 0.0852962245417444 0.151949885396457 0.106518375854318
"mb80" 0.865168539325843 0.878688748040619 0.195668973783063 0.865177540005885 0.173131719553307 0.085328488280998 0.0649532224895862 0.150118443660418
"mb81" 0.789437604930532 0.773929124806318 0.190496377387523 0.662659272829514 0.158007249389945 0.0970657175824819 0.0866006610558456 0.120312304963917
"mb82" 0.670701121673924 0.644894429896914 0.183068126040694 0.218041677874227 0.134086160450568 0.0824710091822433 0.111667556127144 0.107392998821978
"mb83" 0.704545454545455 0.732703051138805 0.18474329595465 0.701014168381533 0.150619225219415 0.0717308432321808 0.050866855686277 0.105799484847123
"mb84" 0.730337078651685 0.786486955515705 0.214837314282271 0.730133402173472 0.186039507301324 0.0916797442448469 0.0872367033324255 0.17421188487947
"mb85" 0.655711913082574 0.739318731201447 0.237474510666054 0.179764413698376 0.169385202059541 0.0895767888892375 0.199507917078147 0.163649798336724
"mb86" 0.716077488916696 0.69571193217578 0.192605693435247 0.363135603324112 0.143965372344731 0.0847519177841713 0.128204286840166 0.114443163015513
"mb87" 0.650471865612341 0.670740146378116 0.193259608234153 0.170844188885556 0.137368504249832 0.0869697100085065 0.14495245248718 0.100871785239992
"mb88" 0.704545454545455 0.769630998836174 0.196610417523811 0.704269562814474 0.165034905613856 0.0758877463826087 0.0655180023759114 0.1381980022255
"mb89" 0.708021369691055 0.767887583273055 0.223673558025217 0.385652771937547 0.167559199893532 0.116754500635558 0.156073822394767 0.165630068005853
"mb90" 0.813287469693489 0.837194535308832 0.231429836666782 0.691351642421018 0.201259531237992 0.127369832057321 0.132854788841074 0.189834676966657
"mb91" 0.764798727749809 0.763558543031139 0.187075161830837 0.613952610340914 0.152572930699197 0.0918621361319465 0.0821231784751881 0.110908458767684
"mb92" 0.661113785823704 0.689125680379065 0.200232694522137 0.157798203627271 0.144795615332984 0.0805465979199779 0.155539698684979 0.108496271468448
"mb93" 0.818181818181818 0.862896098977402 0.215807154717758 0.817977548299609 0.191322559286506 0.0927237837880838 0.0875181061855208 0.178845662631842
"mb94" 0.645002616213548 0.658085553787817 0.183913003268885 0.170864069860266 0.132747911915582 0.0815592871752472 0.132966615134419 0.0944729450145921
"mb95" 0.666666666666667 0.726120033812341 0.188380023502068 0.666382810816729 0.14881623991673 0.0699700854603074 0.0547850112881279 0.0956113738467767
"mb96" 0.786465792021156 0.815431810332568 0.222158044494695 0.599881002611509 0.183436999955569 0.11280336865782 0.122082017611618 0.179707982735572
"mb97" 0.741573033707865 0.775830865416255 0.182046902917114 0.741382462037876 0.15542572922974 0.0726202865547021 0.0491173625624462 0.117019973951147
"mb98" 0.64978521302478 0.634262821858138 0.176125912455173 0.20418794242701 0.128272423755859 0.0817932665472261 0.110255322465904 0.101882251550341
"mb99" 0.741573033707865 0.808806698391663 0.218701103654475 0.741382462037876 0.185900598338169 0.0894513612725038 0.0917284159279862 0.180283893864327
"mb100" 0.664810782085525 0.737684375648804 0.236569396309359 0.190655583137874 0.169568642824512 0.0917227575641479 0.198557736544109 0.162396108699304
"mb101" 0.768694400956269 0.762487317002464 0.185306331388756 0.613823346452894 0.151007326967794 0.0892106474983538 0.0801259846538626 0.114275487914845
"mb102" 0.707865168539326 0.8029948237614 0.216692732872174 0.707635282444666 0.184041850421549 0.0892329977036306 0.0893936550312573 0.170939293244247
"mb103" 0.661528792551202 0.70138252863024 0.211861670134287 0.15712876932205 0.148252917382467 0.0834016222374661 0.172162456058214 0.127770118298791
"mb104" 0.764044943820225 0.765919534840101 0.164167217642768 0.763937260866666 0.140717961204178 0.0638414984798368 0.0283319625794194 0.095917122402771
"mb105" 0.741765512161802 0.787074756122821 0.231218221523596 0.453866005325735 0.179368583858021 0.126414126983337 0.16434605647365 0.175753833634965
"mb106" 0.654618384092044 0.713524295018043 0.218697116984273 0.158894430211723 0.153435266326258 0.0797075784718194 0.17979604806846 0.135853545084563
"mb107" 0.715909090909091 0.774671445639188 0.197751429523411 0.712463478776645 0.163676178468197 0.0776800951521561 0.0670821978454515 0.115522761931856
"mb108" 0.646477456465912 0.634168870974514 0.174930941371072 0.191454654014887 0.128142625989128 0.0794520271849492 0.11768955304303 0.0896134537138761
"mb109" 0.666789076015223 0.714781389591992 0.219354582097489 0.158894430211723 0.155983421219991 0.0792186826814506 0.180485249685344 0.136629461178796
"mb110" 0.701332897338993 0.677309276626792 0.181968206046662 0.336911749416177 0.13308284846721 0.0793359731343132 0.121512166927526 0.0996528598324728
"mb111" 0.832394464733293 0.818463041354608 0.199531165196142 0.670266487177095 0.165352569706245 0.110367065351851 0.111804712335132 0.121339118616692
"mb112" 0.652857702162093 0.694771531851339 0.20219879580791 0.148139811099855 0.146301154956638 0.0857517317579042 0.158835670287894 0.111002051029767
"mb113" 0.647934508672021 0.66636196587973 0.186307452197736 0.161144137711113 0.133321689851379 0.0799686445725451 0.137618178469658 0.0970878868757612
"mb114" 0.772727272727273 0.742518114039693 0.150274458456661 0.772697396584934 0.124673111311422 0.0567281706797478 0.0113729430170121 0.0683590347467
"mb115" 0.655915542318243 0.643118750952811 0.176386197836344 0.194788960183435 0.129050246432749 0.0809960211817919 0.115404274789142 0.0938211181041929
"mb116" 0.778303741105614 0.768005781353394 0.191218325223962 0.594309474679619 0.149323640102156 0.109891089827538 0.113082546755388 0.108538423297746
"mb117" 0.741961329634081 0.723310652275927 0.201754350734726 0.448954910931225 0.154721123844655 0.0958576041628292 0.124497027536803 0.127684370961829
"mb118" 0.73263184267773 0.735719785454213 0.199198631836614 0.51368603364403 0.159239854179636 0.0988245694037741 0.111239290686136 0.124382958567174
"mb119" 0.810643102683895 0.794305981065938 0.190211167951467 0.624846048647109 0.153194998948528 0.103086933475492 0.101465913664087 0.108800086768294
"mb120" 0.803927874528303 0.790170934322353 0.189892056636627 0.636126265845757 0.157638967264922 0.103297720959125 0.100933933246961 0.111868679794324
"tnt1" 0.714663880847365 0.742348631972271 0.218217171782326 0.371310762880728 0.167947618758967 0.098916730101379 0.116527933159659 0.156880039718825
"tnt2" 0.673592829573284 0.693168927354499 0.192380632829074 0.267413667816796 0.140875119565088 0.0836245667432725 0.141962032447484 0.113474982600096
"ufb1" 0.738541257190811 0.753640179136674 0.226542605188744 0.496366487228676 0.177790280947436 0.103135592341889 0.126734907850738 0.169887697900539
"ufb2" 0.695300303281699 0.730649914689003 0.193438292031925 0.368744879100092 0.147251980748533 0.102648184669257 0.123086453897271 0.125233188439512
"ufb3" 0.804597701149425 0.772875816993464 0.15760149113565 0.804443421732878 0.135127751955499 0.0630425139300894 0.0187599401532886 0.0940900992646658
"ufb4" 0.715909090909091 0.742415923129719 0.197275220076753 0.712520164052539 0.165312533472285 0.0788583942511503 0.0654566952880761 0.127358316505284
"ufb5" 0.701149425287356 0.738576909661667 0.174698656507905 0.70094014550315 0.142917980924538 0.0668653194901276 0.0405331506171122 0.0909003268628379
"ufb6" 0.68600437181078 0.668623751281044 0.166179129849194 0.408287303126581 0.125441017589185 0.0737972998165145 0.0853186597321188 0.0879412764799355
"ufb7" 0.65548550499211 0.636206067745889 0.156859018342646 0.381826100314478 0.116831525591374 0.072227998642476 0.0833172145832014 0.0784811042554796
"ufb8" 0.670740650365194 0.634685419423671 0.158815981488759 0.363309633553039 0.117569937469335 0.0739570303972936 0.0916080107264748 0.0778223043567964
"ufb9" 0.630851993547015 0.637855700201972 0.174060831800905 0.237744036704996 0.12571549899733 0.0772344460630432 0.119923561828651 0.0893496559867638
"ufb10" 0.865168539325843 0.859856828193833 0.189371393197012 0.865177540005885 0.167971382097579 0.0830041592966838 0.0576321914200837 0.141035022163169
"ufb11" 0.793521821132501 0.779529471014623 0.192931450598032 0.574384921819085 0.150907536092965 0.107152059303002 0.114865673221265 0.107367621415142
"ufb12" 0.725333296603685 0.698749813126028 0.192747447894909 0.363101250001882 0.142335441555925 0.0856772179821815 0.128424864270627 0.11448541433937
"ufb13" 0.683899476354564 0.736076618329485 0.23374223274709 0.20145100084267 0.167293267341222 0.0878038300713013 0.193898296209689 0.160851304033877
"ufb14" 0.665721290234473 0.731646986252183 0.232391559324895 0.190471952096157 0.165193874639592 0.0887973612338197 0.193167034861608 0.158769709850757
"ufb15" 0.762874267108701 0.755586958968523 0.188100155550732 0.533760133183938 0.144858945494461 0.105901548764191 0.117534036898999 0.099211401124047
"ufb16" 0.684793151554585 0.663346306170384 0.19194308315568 0.326208459159041 0.142459595412048 0.0789663832150773 0.113395590915118 0.12882160735679
"ufb17" 0.772546636334369 0.771771715855134 0.198147993245096 0.544288651121309 0.149187127937177 0.114657119171906 0.128446038306752 0.109570345643614
"ufb18" 0.763597919103877 0.779121522693997 0.182793894949759 0.620347580385397 0.146887545643292 0.0913094040166594 0.0772891822034618 0.11033840261013
"ufb19" 0.747782366757223 0.765086254017535 0.219096165338794 0.41287272407469 0.165673170348609 0.110851773586046 0.150877436288387 0.154942376014667
"ufb20" 0.730937020292876 0.760353670353169 0.219435612528935 0.379501453565199 0.165465638697361 0.113427804416299 0.157053841408674 0.147193124211269
"ufb21" 0.68102454939193 0.668567737463173 0.17525837893651 0.418037246644291 0.127372068428847 0.0760616574494164 0.0846692663674168 0.0857396716966066
"ufb22" 0.781609195402299 0.736872531072358 0.153636258024559 0.781442767526786 0.129508903919341 0.0602620118288533 0.014018194039953 0.084604180079814
"ufb23" 0.696629213483146 0.656512909776617 0.157693295159812 0.696498321139821 0.130243483009803 0.0577218254261081 0.020805931432751 0.0716004825400476
"ufb24" 0.777838847779935 0.744900283046491 0.161125356735575 0.662724756992054 0.129421811718646 0.0809172780736271 0.053460017705757 0.0840319694949798
"ufb25" 0.683483570168793 0.65421189526617 0.16661649168767 0.394280930220997 0.122141453251738 0.0860816709683523 0.0940579475947257 0.0772748288475897
"ufb26" 0.655542217811948 0.619687440442157 0.169580209661302 0.278568293889468 0.12035044304322 0.0749361062727121 0.108046402287495 0.0851550459006222
"ufb27" 0.658463301124005 0.6883607662026 0.193122668650542 0.246810824774988 0.137969903666887 0.0737408494485192 0.142786653366479 0.124680488720404
"ufb28" 0.649112958939057 0.645010151831356 0.178344560445724 0.246103349082398 0.127643168326026 0.081018836968458 0.127020801940394 0.088326011770959
"ufb29" 0.644323081727072 0.643380247732136 0.17758251447668 0.249259905764562 0.127866961200046 0.0805236374876325 0.123682418647437 0.0917556086913003
"ufb30" 0.661054723059295 0.637002419229336 0.17634547434571 0.304928979816373 0.128476678719756 0.0781270649609503 0.110508076158059 0.0989753830091398
"ufb31" 0.682049635937086 0.717050407096512 0.204337579184135 0.256028971365122 0.149254594965546 0.0882842475497571 0.149164148547371 0.130069202510186
"ufb32" 0.668885710279696 0.737030503863163 0.234801919655903 0.190499511865291 0.168065044580774 0.0915644527120739 0.195013084808492 0.162699847510601
"ufb33" 0.736969459977477 0.772981687310544 0.211437402880523 0.505160979145462 0.169981085679078 0.103126409938782 0.12497110964598 0.16139774746645
"ufb34" 0.700579478863951 0.647413406698713 0.166915568933349 0.485666334329963 0.127116048226947 0.079320549701088 0.0754100872430461 0.0770119170502608
"ufb35" 0.755841779315051 0.780303196990033 0.223218895796621 0.457901258674649 0.176753040619149 0.118354927825952 0.148034119444591 0.161017412628014
"ufb36" 0.655065861964503 0.715302084631272 0.219879473021532 0.134347277717661 0.154155275167814 0.0673944099092606 0.181378657067117 0.138828563964887
"ufb37" 0.692568216938641 0.661753063671591 0.181241214582818 0.336313555046471 0.136978542927925 0.0761696512160428 0.115981406161315 0.0987217501891356
"ufb38" 0.678986303123067 0.650753985998745 0.175818799812779 0.306236964096227 0.129551237012481 0.0740130882043687 0.114908293340927 0.0915531834449089
"ufb39" 0.648266191787837 0.63918265284215 0.17811313889168 0.252229257738468 0.128413163236504 0.0827943898970831 0.124202666338985 0.0886077960966374
"ufb40" 0.747126436781609 0.798585623489392 0.178528617224313 0.74685341939717 0.148465607940569 0.0706921102230362 0.044985730721106 0.107343167856966
"ufb41" 0.696629213483146 0.745547945205479 0.185431680706002 0.689490171310814 0.154735569902304 0.0712905947788607 0.0530522170700164 0.105434688337873
"ufb42" 0.648693678044341 0.72757006601924 0.232092799136353 0.145847135783729 0.165506065295059 0.0785663157383671 0.194558791061009 0.154565168979971
"ufb43" 0.806818181818182 0.847748599694479 0.20280788507982 0.804454758868797 0.17505610762165 0.0858630263690036 0.0731791306640524 0.147823800702899
"ufb44" 0.704545454545455 0.76669947967937 0.193956331655195 0.704325609642083 0.163876199615966 0.0757559018378526 0.0624308382920496 0.130775347723149
"ufb45" 0.815542569833825 0.786944556108723 0.162943920694092 0.715688726222777 0.133473134037654 0.0827169275362642 0.0548321702952644 0.0929366451214033
"ufb46" 0.797752808988764 0.836644445911161 0.202841320607866 0.797572341900317 0.176054042266075 0.0853027205770434 0.0732911823184666 0.163113458644625
"ufb47" 0.64103998140682 0.624949375253124 0.169897777339809 0.261285769340797 0.121459689018491 0.0781605268611385 0.108442961097598 0.09227600498732
"ufb48" 0.613636363636364 0.66174507186052 0.169540911290795 0.613258336964279 0.136005602290149 0.0619503198019519 0.0340314523744043 0.0718243311165147
"ufb49" 0.704646482826091 0.724177325220415 0.174427345725883 0.570462825547128 0.14014709776417 0.0830234735318219 0.0682471837445012 0.102676616353876
"ufb50" 0.733099279442085 0.758170823698171 0.190130681291226 0.526119491165269 0.150398817653115 0.0968888710520525 0.101191181576598 0.128074076116089
"ufb51" 0.724279818791627 0.758226262209905 0.213538624273732 0.388232652711687 0.165560972297273 0.111282705398323 0.145048239923099 0.143205726947915
"ufb52" 0.744087712955248 0.765055782312925 0.21768175719385 0.41124771896267 0.166858809365478 0.112202229444607 0.149339467313385 0.14978256650587
"ufb53" 0.921348314606742 0.903334683407587 0.193961688109277 0.921256580949178 0.176075587634764 0.0877254880215509 0.0629684775083168 0.157476709544453
"ufb54" 0.703730956548719 0.757091937879948 0.21755980615295 0.393228927668692 0.163566715051225 0.114561648835604 0.149427706831235 0.1604017188476
"ufb55" 0.745880079270012 0.774788822951232 0.219974596209242 0.422170063502026 0.171859341662062 0.110957628758452 0.144475803543509 0.15948303902464
"ufb56" 0.712237891962651 0.731403769603376 0.223389387902903 0.496433836027451 0.178037527510531 0.102710386555063 0.122606781564766 0.166855154593901
"ufb57" 0.660608640743903 0.731282185779955 0.231669876987213 0.156905908754095 0.16432433984469 0.0807694279032507 0.194115209314811 0.151815494525494
"ufb58" 0.652176737290797 0.641164765922951 0.17352212194389 0.241170519315286 0.123626678632432 0.0755531407047052 0.116211532700514 0.0885294432646754
"ufb59" 0.842696629213483 0.785404832964282 0.149922059841636 0.84256858135793 0.12846450189188 0.0626085162996749 0.0117717548254995 0.0877585444080598
"ufb60" 0.80034214299581 0.786071793767827 0.190819804047342 0.624773897296141 0.155838013351283 0.103293382834503 0.10214125056264 0.113215923846519
"ufb61" 0.772578228624618 0.784565106231612 0.224886923685178 0.445212625854654 0.173622848873842 0.110342463764287 0.149578396897079 0.168212837990177
"ufb62" 0.664710698557404 0.640461987873432 0.182070178759172 0.309306593946124 0.13359113896596 0.081706613700917 0.110587141795226 0.113961489789532
"ufb63" 0.786888577513852 0.776150646171313 0.194106413730486 0.574419736684956 0.148801533123071 0.109182567466703 0.116280086089593 0.11046538572808
"ufb64" 0.686366990770275 0.733541279748643 0.228395661679797 0.25735386235803 0.168578042618391 0.103354094985458 0.182263628284729 0.165326141971351
"ufb65" 0.716631530634423 0.688965297257742 0.186479558424221 0.362856238047851 0.141022585604105 0.0771970521505032 0.121637276289611 0.105841697653088
"ufb66" 0.65235111771762 0.662435465697352 0.183821802718265 0.245124840895994 0.131615726370816 0.0830018546326715 0.132885453889337 0.102750893598957
"ufb67" 0.637798878896658 0.658941346504899 0.184419589630567 0.223457091433705 0.1325776312543 0.0796283167227235 0.138841067296625 0.10323000699403
"ufb68" 0.819023993148835 0.796249881024144 0.161159352163727 0.728746087338206 0.132017760125018 0.0837268862700589 0.0535738048433431 0.0851205644981108
"ufb69" 0.78272702194471 0.756701697655618 0.162705368395174 0.624701745945172 0.127490122809803 0.0886269676023182 0.0710063948454494 0.0794534553685097
"ufb70" 0.75 0.695712309820194 0.150541158000295 0.749845561601601 0.124654572619197 0.0581145922044442 0.0110482530574504 0.0741891697952919
"ufb71" 0.643562952459064 0.633782276525632 0.171391658776617 0.229956381455679 0.124039509807356 0.0764259738377799 0.117085822892752 0.0853194940795099
"ufb72" 0.640656845694708 0.622960807125844 0.171987502616974 0.261309891514029 0.125556278561442 0.0751950279185334 0.110651956515759 0.0930580652256582
"ufb73" 0.665557758777127 0.635418622345629 0.163640646137671 0.394695075234549 0.121393436051866 0.079803067482808 0.0827042710009629 0.0718880557145982
"ufb74" 0.629839883435338 0.664227385931862 0.182979567092888 0.213082870388706 0.132040011777104 0.0703073385908028 0.132027338665393 0.11351934123893
"ufb75" 0.74088503201009 0.77679180887372 0.220632471749718 0.476681729678818 0.168792961365903 0.116241355817382 0.14530501079775 0.168229965332755
"ufb76" 0.658479556470434 0.721928396268816 0.226824485889495 0.179152712898186 0.161473676878668 0.0800877053073388 0.187882968366454 0.152362268157197
"ufb77" 0.660353312036909 0.699838483300291 0.210273474073299 0.146597413290332 0.147120149014124 0.0649309609765296 0.17095198169407 0.128811721666273
"ufb78" 0.721513686440365 0.742095172690074 0.181903984344969 0.57437870914587 0.147120016856888 0.0925852355890625 0.0769054776054138 0.105224260994988
"ufb79" 0.718962677409312 0.749520185583872 0.210903828743864 0.353966371845403 0.160589172892569 0.107289684884348 0.148004383328522 0.136440514098748
"ufb80" 0.72151176502562 0.764152512893419 0.215586680764268 0.43753974914277 0.170967940650263 0.115908869854712 0.147354812606225 0.155589729734036
"ufb81" 0.69667093699011 0.755286893842604 0.215944092874358 0.374214013076996 0.16396469558961 0.109296416758697 0.153450550485721 0.154725873004901
"ufb82" 0.761363636363636 0.748022360510495 0.154132603311916 0.761277356381689 0.125684668830687 0.0566361529091878 0.0152294634226465 0.0698948355604841
"ufb83" 0.741573033707865 0.753773925604912 0.176171921087887 0.741327042578301 0.152359832015266 0.0738639513274067 0.0422876088313383 0.117964011196406
"ufb84" 0.741686051522729 0.740639959687579 0.179261326488813 0.55637253573801 0.140860873808804 0.0834457780347621 0.0737028818787196 0.11916127835797
"ufb85" 0.761363636363636 0.720057850492633 0.158229231255585 0.761151578970846 0.13285519468395 0.0633156292266733 0.0201194422931752 0.0801363275792367
"ufb86" 0.791137395693429 0.768248795946502 0.190699825543487 0.571744824173998 0.149622328281204 0.10510480770053 0.112509879139472 0.104841801730859
"ufb87" 0.761034471503655 0.761819082513927 0.197800151858803 0.503781838198828 0.148773260277664 0.113800949239893 0.133954301572699 0.103250176938324
"ufb88" 0.676595340251016 0.645416357795898 0.190966826419121 0.316930902928624 0.139140301397767 0.0785394072743341 0.112200392164697 0.126943307387277
"ufb89" 0.662521403285835 0.628233590048235 0.176183745438215 0.308532658487663 0.127948137460283 0.0804428507842167 0.110255089243657 0.094978930561747
"ufb90" 0.662921348314607 0.764454818272758 0.199299091579404 0.662583623527479 0.160268905126158 0.075098983179858 0.0691732884037609 0.133570920312648
"ufb91" 0.760908937283283 0.749714364202811 0.187059917906016 0.532887291145029 0.144045218025786 0.108272887774409 0.116372738481232 0.0973990877539689
"ufb92" 0.645438238365558 0.692908606821333 0.205293359885947 0.146892376393032 0.143165328780872 0.0607290119146317 0.165723075053627 0.123694619760001
"ufb93" 0.640049048184525 0.670100745915246 0.189539550317188 0.203509880098929 0.13409167402714 0.0693730329934181 0.142773164588134 0.0990133230015604
"ufb94" 0.654933044782275 0.683045553000395 0.197836026357479 0.158288411862253 0.138277937127393 0.0738393274870602 0.156842284490214 0.114765386983594
"ufb95" 0.638429924464487 0.584415520435108 0.159821788230561 0.279113865795489 0.111865482011768 0.0661624152075602 0.0925887792670027 0.0843056041315306
"ufb96" 0.673882413267598 0.731310410528135 0.216357360465277 0.245949030043051 0.160028181648211 0.0940270018550977 0.165105781687362 0.158035097225536
"ufb97" 0.682163799849001 0.72869432125174 0.220091945153047 0.260130266329602 0.161542881815204 0.0989464761314696 0.171462563226971 0.158935407950686
"ufb98" 0.623145968788327 0.641828406830807 0.184458437712526 0.134172120151646 0.129706476809812 0.0613716712697943 0.143379100753786 0.100110042397617
"ufb99" 0.754540340289078 0.759515336321555 0.19826694569735 0.464837665867266 0.146919703051219 0.11071207923295 0.139144659904499 0.101003894496148
"ufb100" 0.785855163900698 0.738454126230298 0.152476669270208 0.691492129230192 0.124067561903898 0.0781483495740242 0.0435600681565855 0.0679332958962243
"ufb101" 0.654453923014343 0.682988679480835 0.200549194894894 0.169663490204489 0.139591954004411 0.0747994711573046 0.159689955012043 0.115759298512269
"ufb102" 0.646965172160215 0.669046360729569 0.184850854255694 0.2249166027445 0.132150737788095 0.0705478404596693 0.136097184735836 0.115087726799618
"ufb103" 0.622790821061316 0.659801226001978 0.183356059604601 0.191276825012902 0.13065678620659 0.071537078914126 0.136259873892424 0.112265018101175
"ufb104" 0.798829832441903 0.809433063363506 0.220258979737666 0.634182492540075 0.183332781680442 0.112659449847643 0.119938621915209 0.180069954885243
"ufb105" 0.661345790267226 0.698729460572943 0.192085328586739 0.259449830962408 0.142541217617668 0.081756450028637 0.13916204320298 0.115185185790388
"ufb106" 0.631597468551473 0.644253588949524 0.174725199151925 0.207282930548908 0.124646286042946 0.0754647016788208 0.123210773672713 0.0890075657789861
"ufb107" 0.636942163214298 0.636709523180851 0.177690503854511 0.189525442516866 0.121196408772593 0.0739639409971307 0.131719690928611 0.0973056700574024
"ufb108" 0.693956592059968 0.671172138263215 0.178932410879048 0.324001332190703 0.127191480020555 0.082332708903642 0.122135429073541 0.0963626671957669
"ufb109" 0.650888209235996 0.706776755496355 0.210030015716908 0.147609959675616 0.148649828308792 0.0729817976401673 0.170698415170023 0.129089272155028
"ufb110" 0.646579641812709 0.693192768260351 0.202396420745163 0.149297458353618 0.141351497274449 0.0707274488583204 0.162222987499906 0.120588566951904
"ufb111" 0.640071933474187 0.675035841511689 0.192344993680994 0.169871896359611 0.133547355074933 0.0680674414792917 0.151069564905722 0.109580921822511
"ufb112" 0.735632183908046 0.642274881516588 0.139230916329987 0.735475470118657 0.114480885143653 0.0538893171859364 -0.00296747125615097 0.0613714955926176
"ufb113" 0.796344978925709 0.753821199076674 0.154662408740939 0.707831311081875 0.12838575218775 0.0785762757131921 0.0460267396956123 0.0839583781184603
"ufb114" 0.682221555745234 0.665477897547468 0.175916864738137 0.32588529336175 0.126741952010695 0.0783292872227647 0.11890310707005 0.0917835800085782
"ufb115" 0.652603396599186 0.617446873595962 0.168645687595714 0.263519910485694 0.120884748926636 0.0716457146658659 0.102192820287904 0.0901648174388763
"ufb116" 0.70927894522492 0.679114461100961 0.18138501125679 0.340333358072917 0.134289668362247 0.0798333185389973 0.120940413830007 0.0998744863006011
"ufb117" 0.736577686585044 0.758903685998554 0.215968247599385 0.390724871834229 0.165427231709367 0.112599964628449 0.153309368826126 0.143881261803153
"ufb118" 0.775407995159462 0.759059122695486 0.183275234063969 0.562988843684073 0.145129999273507 0.101869325374953 0.104279555592326 0.0963969835735514
"ufb119" 0.622749198967892 0.65053648935467 0.180940648923091 0.168675278924717 0.128493389192435 0.0620832924549095 0.135187703980769 0.106865256280611
"ufb120" 0.770178535687051 0.73406879082789 0.155673271583177 0.641088243512567 0.125652580862885 0.0875691571904996 0.06301379064255 0.0697312074851942
"ufb121" 0.652983324895036 0.64699883795385 0.178292877857596 0.190472342531849 0.125286088790736 0.0678741111962911 0.134672159446705 0.0943853239502048
"ufb122" 0.654426218438795 0.61995054099678 0.174737768108209 0.276220707015548 0.124847406478952 0.071983683337007 0.102613914575425 0.106276745049996
"ufb123" 0.6521411825979 0.678432687114736 0.187754072703845 0.234593274983942 0.135269289470181 0.0793899592216493 0.139144452051105 0.109559085814354
"ufb124" 0.648862216730884 0.602028805751025 0.170219748491054 0.27180226727856 0.119370032013125 0.0683501534495304 0.0976283299366306 0.102177118942249
"ufb125" 0.666203374164319 0.634679037764862 0.18342996965971 0.276439031424029 0.130299821757328 0.0654874457767212 0.104059101808273 0.120984588993955
"ufb126" 0.637059467961012 0.611841252559815 0.169623541559057 0.268834171644873 0.122710220260642 0.076211351822714 0.108064900328395 0.0888804641279117
"ufb127" 0.696629213483146 0.688899110702239 0.171552505678449 0.696441642039837 0.142050631991222 0.0666330715264357 0.0369174697321506 0.0912822890422318
"ufb128" 0.75 0.582985022640195 0.139034377819318 0.74983122256718 0.118686563224858 0.0571405707628245 -0.00150346383854566 0.0604571736687919
"ufb129" 0.741821671236794 0.67713625025036 0.167369487302936 0.481676503306376 0.128922954293348 0.0823251902828008 0.0867996570350165 0.0850044211564979
"ufb130" 0.747758617820412 0.69713004192804 0.174790453893525 0.430436085583485 0.130060421033153 0.0824936749154602 0.102960273583777 0.0870997315325064
"ufb131" 0.652848290992387 0.650609387019629 0.175355365005303 0.2354445459227 0.126244296558539 0.0720198233518792 0.12781540702994 0.0824966999418618
"ufb132" 0.65493028972011 0.661295293099915 0.178893967857957 0.235489035028894 0.130347311262398 0.0723734476085711 0.133045793660061 0.0851989759767027
"ufb133" 0.652052511092113 0.709419454348251 0.214724425383887 0.146906526113263 0.151996817912775 0.0617316712560608 0.175967814970705 0.133849791805583
"ufb134" 0.696595164077804 0.736432555931399 0.204137563742411 0.40475565162646 0.154053497017694 0.0991944027672042 0.127119965851034 0.151247017510943
"ufb135" 0.793103448275862 0.770689164849749 0.160047157940375 0.793005448473685 0.135136182866925 0.0632351973152248 0.0207725468570439 0.0947175957152022
"ufb136" 0.678903866626476 0.654597770051553 0.172104444208222 0.414959292638648 0.131590554126587 0.0787034619026881 0.0919569305889799 0.0715714987636546
"ufb137" 0.683134775504638 0.656999017189161 0.167053630117228 0.417298399629771 0.119750950236328 0.0811189781144698 0.0864475371139462 0.0826415256492228
"ufb138" 0.651746175192642 0.667803910181959 0.190934739781951 0.178064251720027 0.133192099508167 0.0641801575903513 0.14572215099613 0.102028087997018
"ufb139" 0.737284962551206 0.754584928898398 0.215040826505764 0.390633293991701 0.161735289597906 0.109592345856903 0.15230782934929 0.145076468398539
"ufb140" 0.75 0.727893175074184 0.153071776674358 0.749789517986453 0.122717641696357 0.0579588897290848 0.0139944343611479 0.070319274629306
"ufb141" 0.646876661328435 0.626160474398617 0.172197126394912 0.268834171644873 0.125654414414461 0.0774526434458277 0.110888607298259 0.0913047291365993
"ufb142" 0.759863173240527 0.769043627686747 0.201957716013802 0.498163961226821 0.150793373496735 0.116607628440426 0.138387459257903 0.107254715093179
"ufb143" 0.659584247780808 0.722505444843977 0.223811779714065 0.145846685178765 0.159383236349798 0.0743993197258988 0.185873021632096 0.145169871289872
"ufb144" 0.649261188227397 0.666562833374025 0.189337420184853 0.162234669596748 0.131484450909635 0.0710728207517628 0.147177107362044 0.105352010092809
"ufb145" 0.843126116201044 0.80418062275152 0.16414996013876 0.748529255892663 0.138771223053508 0.0862655707145533 0.0567335126127908 0.0978085955259039
"ufb146" 0.695286903801526 0.668252276509415 0.17777615924091 0.332687253939503 0.12968042915411 0.0783272744735113 0.117065092704385 0.0966387327432
"ufb147" 0.738968442006842 0.775547866205306 0.196136141677193 0.627053658577415 0.162878928356157 0.0999776932121662 0.0927480337428991 0.134673713277691
"ufb148" 0.794263660228516 0.774930942353847 0.188343726701031 0.562988843684073 0.145610882670557 0.100947741366179 0.109960887907192 0.102276402173543
"ufb149" 0.647732326941921 0.636273503218955 0.173739728286864 0.25713357236344 0.125843028397795 0.0749730819347876 0.122119326210125 0.0831672265809649
"ufb150" 0.641651986206366 0.623796739926269 0.167252349751946 0.249173258262912 0.122166518416268 0.0723620647709378 0.112664275119591 0.0810581009168723
"ufb151" 0.636396299216024 0.657235069009644 0.184335197123228 0.17822431916919 0.129587890902896 0.0618270626276371 0.138752801844778 0.0955820131378984
"ufb152" 0.644582602815196 0.652103893122297 0.183661683307856 0.171031087736145 0.128400364518359 0.0621951347038483 0.136549743849132 0.0944152188681363
"ufb153" 0.738631352025218 0.758257092439256 0.213951783458619 0.422798696079726 0.168683952137612 0.114078751318969 0.145497379808685 0.146389834933026
"ufb154" 0.6823232855517 0.721798082208514 0.204782515076566 0.280502977067618 0.152464154538404 0.0811922850253122 0.149743577253677 0.142307139615509
"ufb155" 0.772727272727273 0.708937570708629 0.150430756962841 0.769993457131674 0.123570985871377 0.0583824676276213 0.0117531783471749 0.0702248454857155
"ufb156" 0.727495165274383 0.772678252238065 0.225514713376283 0.431045012809353 0.175920790058913 0.121154772354115 0.163840722963096 0.166225276970278
"ufb157" 0.646792726355659 0.693717717366687 0.20557368852796 0.162245493462147 0.143570993875906 0.0716492921201176 0.165556789760649 0.122035678811943
"ufb158" 0.651627146594115 0.707402678712716 0.213279380142311 0.16973615652535 0.150749968851408 0.0737096378031343 0.174106737761016 0.13062901210777
"ufb159" 0.645839455108669 0.626928577488516 0.172551337407853 0.252763146057153 0.123326357471994 0.0795088370316004 0.115104503101253 0.085894694218227
"ufb160" 0.664101484866549 0.625261234654419 0.176913937696527 0.309244844959086 0.129313243095024 0.0765907774532139 0.104903353209491 0.103213730556714
"ufb161" 0.73682683644596 0.690079042194583 0.17583823589548 0.451097703199781 0.130559612825525 0.0715155030679173 0.0853624998971416 0.101863521458872
"ufb162" 0.738636363636364 0.576723829939264 0.136742174000869 0.738568186891111 0.11707682970124 0.053782089039861 -0.00437141430981072 0.057253181216623
"ufb163" 0.640392676048902 0.666284853166705 0.189900117266996 0.178508038683395 0.134545184021461 0.0762041819542916 0.146898627506447 0.106433532380999
"ufb164" 0.713250533940279 0.747119226638024 0.206851446252315 0.3732675681651 0.156881646777276 0.106695518792797 0.143545953270568 0.134743972008335
"ufb165" 0.767356264660316 0.755013584381121 0.190448197818139 0.521519133041518 0.145064086840036 0.106875240807861 0.120076928855059 0.100401215182522
"ufb166" 0.744229642551871 0.76774215606943 0.212187871171099 0.510873297619173 0.164760300477264 0.102689288396256 0.125803867169539 0.163936447804991
"ufb167" 0.64796426409782 0.628212959343237 0.177753670067011 0.335090111638948 0.131552541763417 0.0832976675550227 0.105893391508023 0.109002245044073
"ufb168" 0.676129395270483 0.656022741737027 0.192117584045447 0.339992423890338 0.141819213046445 0.0801691932006202 0.113591155088084 0.131229489084705
"ufb169" 0.700013574436474 0.749349325864938 0.211977925881633 0.397089285843153 0.159678345926359 0.107521173180405 0.13571905943812 0.15597582622968
"ufb170" 0.646248227725256 0.684325933584993 0.196618688417271 0.194784101262957 0.139471448883356 0.0718196049223822 0.151728661746732 0.106364195394832
"ufb171" 0.632263624952191 0.616484361465776 0.165261919881018 0.230707112212068 0.118680874506367 0.0726150277307719 0.107354511219143 0.0842848632140698
"ufb172" 0.716064541785379 0.691576574268586 0.188558397114822 0.460256573128836 0.145738988694379 0.0949383613614899 0.110023918125752 0.114187511942758
"ufb173" 0.702200073946141 0.730498912059769 0.210659675794013 0.313290283732977 0.157715447548374 0.0980029372966385 0.155924636803829 0.136529671674961
"ufb174" 0.644656553149402 0.731345681403126 0.235012023725732 0.145847135783729 0.167565669888574 0.0781633769907273 0.1976207024219 0.15921296476394
"ufb175" 0.641109534074909 0.720640340197272 0.226421819008318 0.156883517491876 0.160920924449759 0.0805468572489913 0.188654251321085 0.148966383490754
"ufb176" 0.752203191258608 0.763251812752278 0.202919101076876 0.464129434454581 0.151086647686696 0.116381590946241 0.144076039594641 0.104100192862437
"ufb177" 0.662409891212868 0.644104748356468 0.186837625386873 0.339992423890338 0.138550729741896 0.0778252163122565 0.107762902473442 0.120569861147032
"ufb178" 0.774383542482346 0.762471575214872 0.189173853393472 0.511337611897588 0.143968214597008 0.105469829306533 0.118621720613338 0.0973591077322779
"ufb179" 0.808407250168567 0.786157912659932 0.170675042704579 0.657724847010237 0.136058712531349 0.0941948371472859 0.0798358082294297 0.0872072571399862
"ufb180" 0.701478030120949 0.668891324154365 0.176605728027629 0.316895842054085 0.128171318336721 0.0790607297127695 0.119592701026869 0.0912058830879109
"ufb181" 0.634095338982431 0.636077987954032 0.168200211047752 0.234932585560426 0.119110970237844 0.0665221095327618 0.116259019698099 0.080953252571182
"ufb182" 0.622540137946871 0.616563228841365 0.158686068072917 0.238215114845028 0.115377562740311 0.0672499764261811 0.103567625277668 0.0744783048181189
"ufb183" 0.652671977104557 0.688984479407119 0.200297607234282 0.167608547279462 0.143592121015745 0.0771104686004998 0.157862731339399 0.111379306152855
"ufb184" 0.701679532857981 0.641405111262268 0.159320528522032 0.393567359669244 0.115344605372019 0.07119292691523 0.0778967412680031 0.080612787217702
"ufb185" 0.639576643974712 0.6891070695782 0.20018809080989 0.168119083708053 0.143063797672907 0.0794567401051467 0.159315092906322 0.117646232088033
"ufb186" 0.673165089001948 0.645107318856106 0.170766019853623 0.303131752578614 0.12409414538107 0.0748819501981016 0.113382628401453 0.0822300233835339
"ufb187" 0.65975652781154 0.649294258628523 0.18060638468641 0.293218440691708 0.130178680156913 0.084243492330948 0.123731947421295 0.092619062839161
"ufb188" 0.644150136788972 0.6471596487181 0.179098175341377 0.201748974900085 0.123847366839959 0.0709518798823629 0.135522117012688 0.0951770366969192
"ufb189" 0.654550691043291 0.616765307903464 0.165026295559299 0.278841221281495 0.117910245377024 0.0722861469578951 0.107070438101148 0.0774673211109794
"ufb190" 0.71752279002153 0.664470010052496 0.164486362861497 0.485738107833813 0.123631644363388 0.0717880032177327 0.0727140586698486 0.0803301876079464
"ufb191" 0.651784536237073 0.647802321400762 0.176949734014919 0.23814165087562 0.128187248963732 0.076754161614355 0.127665952277523 0.085832354484395
"ufb192" 0.641777422850843 0.596767052207213 0.160477359412709 0.271128585406665 0.113570023873558 0.0680520995174741 0.0982573604185737 0.0795761929279266
"ufb193" 0.628094485806897 0.650888060265351 0.180394727431462 0.179376149390697 0.123585115809529 0.0738839694764714 0.136891868410384 0.100464382562815
"ufb194" 0.636651171145866 0.618874472926114 0.163288497709082 0.259774896853518 0.117912827860011 0.0718164074304138 0.105259652626435 0.0817765652489698
"ufb195" 0.708261006244141 0.645637103271302 0.161514269051321 0.462267808146199 0.119774302670184 0.0810915387023154 0.0803721196230381 0.0746548260705931
"ufb196" 0.809522609485225 0.78164913340841 0.189933309811678 0.601986044514418 0.151630765806252 0.0998923838679191 0.101109081742507 0.113339765861103
"ufb197" 0.702593533769849 0.713228762579412 0.200343270812925 0.312316163954932 0.149819065141221 0.0899611578815298 0.144892863797616 0.123769155174493
"ufb198" 0.6448931394769 0.669972699886513 0.186157292619767 0.234682262668398 0.134359313315777 0.0812233942442427 0.13919843684828 0.107505846774914
"ufb199" 0.651584509764549 0.670487890827893 0.185975997943574 0.214790678446795 0.135302378968392 0.075385983426629 0.139010814361393 0.0966948611788055
"ufb200" 0.767956479088531 0.739414654190247 0.17569465583366 0.549432846283131 0.13814292003769 0.0967753068652641 0.0960591475488333 0.0873097267520267
"ufb201" 0.766379809984583 0.744018397833378 0.180022377099434 0.510341858821875 0.135955199314279 0.0990701252470593 0.108744831068005 0.0866833144522136
"ufb202" 0.750248115594971 0.755957999487799 0.220190400017524 0.437406156314198 0.173411554891095 0.111503687915546 0.144712495039421 0.167966487289099
"ufb203" 0.676124536630038 0.731759931215902 0.209596495581443 0.261299427639051 0.156730049769001 0.0827266429977101 0.154852900007321 0.144583005322639
"ufb204" 0.659797871734975 0.674474870779721 0.185313925063816 0.256942917768238 0.134759917637326 0.0798978091959827 0.136558271482954 0.106816308375384
"ufb205" 0.702236430320828 0.66747383024341 0.192182228575708 0.496465543702593 0.153726210270981 0.0791881912626249 0.0881788066148537 0.127650782343528
"ufb206" 0.747226165036943 0.765237558522629 0.206108047612665 0.572586523791452 0.166903062108995 0.0975380908488651 0.104216010592441 0.1571482621626
"ufb207" 0.681219370848748 0.738868754530231 0.21299684956856 0.280502977067618 0.16047493314377 0.0916153874812482 0.158526445830916 0.150490300160364
"ufb208" 0.68383359000547 0.710941937375181 0.179573360284888 0.406027257044642 0.137117687206396 0.0868471663915294 0.0998278271386317 0.102226500822379
"ufb209" 0.67581258228486 0.729029702773608 0.227202221579421 0.212679608169948 0.164914455284264 0.0962866117415814 0.185198463248473 0.156819034637264
"ufb210" 0.762293288913725 0.746987062090152 0.185224868696208 0.475613567957328 0.13920719991163 0.102532993706395 0.120321710887844 0.0870611767075302
"ufb211" 0.752036341337716 0.741815274540625 0.192228886584525 0.550314989801423 0.153237885322179 0.101704767513549 0.103656369685917 0.118624434107539
"ufb212" 0.619471514627718 0.655132349455494 0.178821474803338 0.2131515338491 0.127059194433371 0.0627296020704909 0.132907237000177 0.110914560183741
"ufb213" 0.770020522170189 0.747804089663411 0.184681921397346 0.521604889633989 0.141931994682599 0.100910607507839 0.113809411886311 0.0934918770726667
"ufb214" 0.663561387165768 0.625914100319291 0.181095203506243 0.433571822272915 0.139864351443324 0.0710763851105865 0.0753837041151503 0.111427926194606
"ufb215" 0.658375922945314 0.630937507808401 0.169650126726764 0.347427610289213 0.127262419648793 0.0864455186011008 0.0973334582743406 0.0861132525509997
"ufb216" 0.728659378222347 0.775419943789625 0.207906306462958 0.572586523791452 0.166331025483261 0.10246798080693 0.106245066916867 0.15284171814429
"ufb217" 0.733615016820376 0.772827142791063 0.210363263648858 0.516342457019393 0.165721329747513 0.109149870045836 0.123779190496629 0.156950746943019
"ufb218" 0.68251704103585 0.649604221635884 0.166606466786251 0.42615859191091 0.123373521151879 0.0714288484472722 0.0750670335061615 0.0806974073061778
"ufb219" 0.668726316489617 0.69009318636549 0.194003702373416 0.256249917274926 0.140938972353924 0.0854202073335257 0.14119548778818 0.116982600518208
"ufb220" 0.674157303370786 0.730326295585413 0.198703807721701 0.673832683391882 0.164816431158738 0.0793628991842147 0.0684812620679537 0.139992428980223
"ufb221" 0.781609195402299 0.727222015619189 0.152374418769714 0.781442767526786 0.128188545613705 0.0609332409464324 0.0125481989472769 0.0867212974445954
"ufb222" 0.803334101609963 0.78657796856461 0.191245468508738 0.636153130875163 0.157844810622148 0.103228002295864 0.102565119313717 0.115514493644669
"ufb223" 0.659822090777584 0.634567594900541 0.175788981594097 0.297194553027522 0.126921261414893 0.0808615839068138 0.114715241984313 0.091621394225086
"ufb224" 0.710080749279425 0.719471856221401 0.189449214144423 0.493963019094029 0.150105463071774 0.0745320664182483 0.0848343106508987 0.111806765665688
"ufb225" 0.639959729799857 0.604326376857545 0.174358878148669 0.211735454947597 0.122620464401183 0.0747298866921016 0.124932211023625 0.0857232300548874
"ufb226" 0.660179961070726 0.698844321709571 0.211622754930567 0.167664385856743 0.150126387266653 0.0728434368448494 0.173086751303079 0.133302188287383
"ufb227" 0.654474994173808 0.67451883938783 0.192368091781166 0.226114757678138 0.138195196518367 0.0783129334965464 0.145758610409378 0.100961733850663
"ufb228" 0.624962087230534 0.647664233576642 0.189243535906944 0.134150070606302 0.131809291854419 0.063267510648214 0.148875106276178 0.106289462528636
"ufb229" 0.720581006695638 0.699190779794017 0.205388913133503 0.478174324103751 0.157018795275216 0.0875838784944724 0.102357589959081 0.149133097392462
