0.1246181 0.2080816 0.08054418 NA 0.1571704
0.1521985 0.07461108 NA NA NA
NA NA 0.2804302 0.03430578 0.1331398
0.09756056 0.1334821 0.09881591 0.2577509 NA
0.1067125 0.1474488 0.2951123 NA 0.07808234
0.1124584 0.1316197 0.1291636 0.1706968 0.07324696
0.1168148 0.1218225 0.152298 0.07276236 0.2065547
0.05372416 0.01708394 0.03662895 0.1456983 0.05838576
0.1772737 -0.02692401 0.2637542 0.1194976 -0.00717991
0.1704149 0.2277483 0.01156641 0.07668207 0.08267752
0.0454264 0.131759 0.01671509 0.05533867 0.03322264
0.01652686 0.1420503 0.03541251 0.03686594 0.01478851
0.2101955 0.07038644 0.2093795 0.08715032 0.02787371
0.05225881 0.1279284 0.04539175 0.05420841 0.03815176
0.05539322 0.1343705 0.04647464 0.09411027 0.03362358
0.1193775 0.08533956 0.007307691 0.0678124 0.04528207
0.01546409 0.006525817 0.01647249 0.0001157497 0.03444403
0.04187284 0.01879908 0.01176677 0.01795354 0.03070064
0.0310347 0.1403239 0.04279065 0.01145838 0.04859557
0.005678017
