NA 0.236234 0.1246181 NA -0.033003
0.1944882 0.08944328 0.1729759 0.1246181 NA
NA 0.141892 NA 0.1174839 NA
NA 0.07587716 0.2316182 0.09591855 0.1726885
0.1862552 0.1830019 0.1798266 0.09063694 0.06236494
-0.04690072 0.1782866 0.2504125 0.174373 0.1469831
0.1122533 0.05984401 0.2247337 0.2304416 0.06434175
0.06242427 0.03267315 0.02253521 0.06654589 0.1503228
0.09729759 0.3074036 -0.008649958 0.1301822 0.1620361
0.03347391 0.2005588 0.01422847 0.1889355 0.2372811
0.05295934 0.02046957 0.2525587 0.08308339 0.1368689
0.1631631 0.1473292 0.04112816 0.1083621 0.04156586
0.1245689 0.088202 0.1092582 0.1143525 0.1039004
0.1397391 0.1136274 0.09421692 0.08034084 0.1183041
0.07410598 0.05750341 0.097959 0.01260581 0.1132205
0.05265361 0.09180175 0.06683493 0.1378298 0.05345386
-0.005311482 -0.001892383 0.001432931 0.01309843 0.01399871
0.000331525 -0.01008539 0.05723381 0.03058595 0.03616408
0.06379096 0.01418373 0.005569236 0.09925063 0.01713716
0.03268263
