0.1246181 0.1027755 NA -0.002003786 NA
0.02741403 NA NA 0.1503228 0.1014112
0.01873022 NA 0.1316197 NA NA
0.1246181 0.04459937 NA NA NA
0.1550273 NA 0.02774951 NA -0.05118567
0.2070195 0.03282212 NA 0.2146556 0.1468083
0.1033973 0.05794896 0.2692178 -0.01909745 0.09697845
0.06476947 0.04044034 0.02605436 0.1278 0.122599
NA 0.01859078 0.2910979 0.03547641 0.07809
0.004981113 0.09999005 0.002164655 0.08327272 0.03483015
0.06589879 0.1127283 0.1332487 0.06020778 0.1697757
0.1087669 0.08157632 0.1434734 0.08914435 0.1801815
0.1322539 0.08674232 0.03486865 0.1378586 0.1268946
0.1161437 0.04733778 0.05959275 0.01801731 0.06953456
0.05982664 0.08779067 0.07638016 0.0330064 0.1752092
0.07721672 0.1774749 0.06012667 0.08929705 0.04474072
0.02802758 0.05059457 0.01636511 0.06443266 0.02928581
0.006992892 0.02247303 0.04850909 0.04549512 0.04357847
-0.0003292827 0.002718339 0.03590951 0.1287299 0.03659108
0.01897811
