0.2207773 0.2996547 NA NA NA
0.2193579 0.1246181 NA NA NA
NA NA NA NA -0.04266254
0.07930482 NA NA 0.004617626 0.3063582
0.1501561 NA -0.06268043 0.1166583 NA
0.008399467 0.05335101 NA 0.1496555 0.2883359
0.08564057 0.1949723 0.0413185 -0.0507402 0.1332628
0.1711073 0.1526441 0.04354732 0.2248831 0.2699508
NA 0.1774053 0.1255414 0.1001418 0.141232
0.05074481 0.2160977 0.1121435 0.2499434 0.03725141
0.0382884 0.05037114 0.009325151 0.07375482 0.1295801
0.09334567 0.2042822 0.1432827 0.09244584 0.1103104
0.1591796 0.02349748 0.01496108 0.1041892 0.04879916
0.2207571 0.02942475 0.1537795 0.1012232 0.06857695
0.1174273 0.2619421 0.04493016 0.1986079 0.1540351
0.1475469 0.1091505 0.05032865 0.06547384 0.257669
0.1223986 0.01436226 0.09294592 0.04133488 0.0465272
0.03927435 0.02192816 0.009794009 0.05678191 0.02126769
0.04993954 0.01192092 0.0451968 0.05049929 0.06399469
0.02487172
