0.1503228 0.1941498 0.14897 NA NA
0.08776664 0.1402656 NA NA NA
NA 0.2819882 NA NA 0.1939246
0.1470371 -0.0421351 0.1124391 0.04157326 0.109094
0.09202293 NA 0.1244677 0.1714934 0.3188774
0.1417651 0.1328199 0.07286283 0.1383195 0.3045592
0.1059576 0.2826458 0.08040303 0.212992 0.04820009
-0.001806396 0.282857 0.006173902 0.03191064 0.1348885
0.1047921 -0.0398215 0.1535921 -0.00480252 0.1745155
0.2999355 -0.004951678 0.07218745 0.04149225 0.03277289
0.166174 0.05356518 0.05298812 0.07728528 -0.01631387
0.131049 0.2155778 0.05158431 0.03127347 0.09565805
0.1446152 0.07764952 0.09223173 0.1173094 0.0713806
0.1209078 0.09392536 0.1959778 0.1089081 0.1469032
0.02769956 0.01932845 0.06033038 0.1387463 0.05351436
0.09126057 0.07846723 0.07003654 0.08282764 0.02270299
0.08843502 0.02175127 0.01745224 0.02421651 0.02371562
0.0748504 0.01879566 -0.007148207 0.08447094 0.03878124
0.03017857 0.02269814 0.03612626 0.05209587 0.06251981
0.03472169
