NA 0.141892 NA NA 0.2211151
NA NA 0.08054418 -0.04838251 0.05835008
NA 0.2820328 NA NA 0.03095253
0.03322007 0.136127 0.1706968 0.1238161 NA
0.160138 0.03446962 0.1308397 0.2049118 0.1493252
0.06166394 0.05439318 0.02270645 0.2705468 0.2285135
0.1694067 0.1802969 0.1036472 0.1912735 0.2521386
0.1970951 0.3006655 0.08747412 0.1827987 0.1332865
0.1652831 0.08920908 0.1305641 0.02270187 0.1488089
0.1148028 0.1781635 0.04327773 0.1274665 0.1186207
0.008017075 0.1756606 0.1011432 0.0185683 -0.02928312
0.09422273 0.09206354 0.05689014 0.0944645 0.0394523
0.0376617 0.1076224 0.1028558 0.2373176 -0.008454729
0.06586035 -0.01167203 0.01630783 -0.02673479 0.08079739
0.1513805 0.1465598 0.06544893 0.01550234 0.01224807
0.0199398 0.1024114 0.06072656 0.1341438 0.05132065
0.07807738 0.03745349 0.02435521 0.01823008 0.01204621
0.002732821 0.03818056 0.01626463 -0.01035927 -0.005957904
0.07301996 0.009351509 -0.007493444 0.06583193 0.02876471
0.0172524
