NA NA 0.1939246 NA NA
0.1651388 NA NA 0.09756056 NA
0.1503228 NA 0.2664434 NA NA
NA 0.1275826 NA 0.1276183 0.2996547
0.1016323 NA 0.1398712 0.1308397 0.1245964
0.02615403 0.2093523 NA 0.1027718 0.17672
0.07672052 0.2069498 0.1050194 0.03862472 0.2766928
0.08319587 0.06345037 0.3414277 NA 0.01984255
0.07496843 0.06297878 0.123042 0.2940794 0.03051739
0.09541703 0.04513042 0.05927224 0.09935013 0.1670581
0.1816676 0.06778477 0.05037889 0.2288481 0.1755373
0.1718549 0.07743403 0.1286222 0.07265053 0.123011
0.1853662 0.1506483 0.1570632 0.07258403 0.05313025
0.09153285 0.0724972 0.06451136 0.02465277 0.1437921
0.01684512 -0.0005668852 0.05735961 0.07204693 0.06505285
0.1467159 0.005743961 0.154204 0.07420829 0.05224839
0.03902152 0.04120459 0.04885238 0.05145683 0.05646204
0.02028891 0.07076645 0.03511562 0.09702121 0.03567353
0.03038601 0.02163611 0.06760179 0.05862782 0.03766163
0.05271595
