NA NA 0.1818026 NA 0.1298132
NA 0.1033973 0.1537029 NA 0.169724
NA NA 0.1511582 NA NA
NA NA 0.1570423 0.05717671 0.07063227
0.07181024 0.06004719 0.1646386 0.04014309 NA
0.04615116 0.06512297 0.05381901 0.08434126 NA
0.1740212 0.1709838 0.1611958 0.1316197 0.07068143
0.08764536 0.1815262 -0.009617868 0.1346233 0.180832
0.3155542 0.2446759 0.1245113 0.1769797 0.1295254
0.1504023 0.09212171 NA 0.07586146 0.1039352
0.2098104 0.04517599 0.1194314 0.1009468 0.07049255
0.187707 0.12285 0.09615124 0.06820942 0.09018651
0.1424264 0.09096587 0.1087309 0.06538501 0.01622137
0.07442148 0.06091747 0.08238904 0.101971 0.1242085
0.09139051 0.1493795 0.06464263 0.1268984 0.07175446
0.1523728 0.0937713 0.1201277 0.0832205 0.1921646
0.11714 0.009702443 0.03462462 0.04575794 0.06980026
0.022663 0.07842824 0.07676911 -0.01492334 0.03212279
-0.0006368353 0.02842633 0.003800733 0.01556422 0.03870845
0.02611959
