0.1738249 NA NA 0.1142531 NA
NA NA 0.1456119 NA NA
0.200011 0.1099102 NA NA -0.02631701
0.1991147 NA NA NA 0.1461383
0.0860399 0.09742762 0.1530493 0.1951709 0.04810479
0.135771 0.106099 0.1885594 0.07736396 0.0814581
0.1251068 0.1246181 0.01393182 0.06117705 0.03014406
0.06303237 0.05759353 0.1669685 0.2302796 0.1066439
0.2918425 0.06284232 0.218863 0.1757217 0.1216417
0.05684222 0.1012786 0.110836 0.0801257 0.1848111
0.05638568 0.1311345 0.08228267 0.1441522 0.09695709
0.1465118 -0.01804768 0.1110797 0.2446641 0.1670804
0.1013508 0.2636524 0.2702398 0.04448805 0.0371597
0.06576287 0.05879462 0.05632406 0.1105702 0.01935656
0.1100175 0.1045339 0.08447901 -0.002746398 0.07121256
0.04348292 0.04961203 0.03103159 0.06754521 0.1693956
0.03786223 0.01733667 0.05597578 0.05687187 0.01805131
0.02037871 0.02435232 0.03786019 0.03314765 0.04929797
0.01842699 0.05911408 0.03702781 0.0008906522 0.09109092
-0.002076403
