NA 0.1987224 NA NA 0.1089207
NA NA NA 0.2940434 NA
NA NA NA NA -0.06268043
NA 0.07283481 NA 0.04118472 NA
NA 0.08912214 NA NA 0.1294699
0.2623943 0.1085231 0.08912627 0.1265881 0.07301645
NA 0.1532585 -0.04282669 0.122402 0.07757054
0.140272 NA 0.1633717 0.04488981 0.134364
0.09750946 0.1207845 0.07531332 0.1067491 0.0641999
0.1946358 0.05283463 0.01488952 0.1376571 0.04344618
0.08772854 -0.003859333 0.08559394 0.1892782 0.3025063
0.06047017 0.1562885 0.02580329 0.1231089 0.1193999
0.1251675 0.0160608 0.1256843 0.01205842 0.07196172
0.07908233 0.02179859 0.1411908 0.06030274 0.09372398
0.1176391 0.1333988 0.07725904 0.01680953 0.1216528
0.1145399 0.06100479 0.05234737 0.06727653 0.1679792
0.01952166 0.02935503 0.04765173 0.01447575 0.06583791
0.0569361 0.008201658 0.02798514 0.03019078 0.02027395
0.05564282 0.02649166 0.06849273 -0.0006348069 0.01919559
0.02015712
