NA NA 0.2001415 NA 0.141892
NA 0.1606414 NA NA NA
0.1944882 NA NA NA 0.1203511
-0.04042819 0.09756056 0.1277969 0.1401036 0.2002913
0.1682478 0.1497451 NA 0.05424155 0.2664391
0.3064373 0.1955778 0.3082941 0.2212206 0.1461189
0.1702953 0.2471614 0.1469078 0.08593704 -0.0001544307
0.1802706 0.1918049 0.07667042 0.2404925 0.1123096
0.1650583 0.2743412 0.1452893 0.1278244 0.1995707
0.2487282 0.1211146 0.009953563 0.1443743 0.2315385
0.09425407 0.09655384 0.05408812 0.1215137 0.1185274
0.04077291 0.05293377 0.05948296 -0.0006798122 0.05851398
0.05220352 0.1592605 0.08406204 0.1577227 0.001856609
0.06459971 0.06017543 0.07974392 0.01494673 0.1102889
0.01695844 0.01535303 0.1255502 0.1273528 0.04706656
0.04821736 0.1158881 0.03574613 0.1217491 0.1347599
0.01490934 0.008633135 0.004097848 0.0233538 0.01537494
0.1327903 -0.00015586 0.02822569 0.04577834 0.02702322
0.03092511 0.001351066 0.04053252 0.02717689 0.004171218
0.0120847
