0.1760977 NA 0.141892 0.1976736 0.08944328
0.09756056 0.1944882 NA 0.05180769 0.1638209
0.1902353 -0.06430864 0.1831354 0.0816878 NA
0.05202269 0.1775985 -0.003910086 0.190184 NA
0.0722314 0.1172447 -0.02132368 0.1320481 0.3326112
NA 0.2980568 NA -0.0420564 0.09475861
NA 0.2623943 0.1040878 0.06249019 0.3014174
0.1949538 0.05102008 0.1392709 0.1356376 0.06763064
0.05400198 0.07295489 0.06059153 0.1621396 0.1624716
0.141027 0.1973435 0.1723979 0.06009073 0.185546
0.1387808 0.02734964 0.1140366 0.1135111 0.06372937
-0.00314068 0.08723452 0.07219525 0.08275037 0.05515383
0.07158861 0.05647938 0.1417305 0.05489331 0.01113302
0.1383031 0.1182998 0.001946513 0.08707451 0.1769524
-0.04211389 0.05668639 0.0438081 0.06103456 0.02475428
0.06034969 0.01630212 0.1076295 0.03339825 0.06325249
0.007613172 0.06886394 0.05594641 0.01739134 0.06345212
0.03787375 0.03577842 0.04492971 0.05697785 0.003660737
0.05820228 0.0524419 0.04004963 0.0103298 -0.01517217
0.02033347
