0.1105138 0.1939246 NA NA NA
NA 0.1944882 0.1939246 0.1434721 NA
0.05900772 -0.03879997 NA NA 0.2940434
NA 0.1302782 NA 0.1121532 0.1528012
0.1881721 NA 0.1135948 0.1226301 NA
0.1706968 0.1457518 0.05338272 0.1262924 0.1425424
0.1885487 0.0007061532 0.0416396 0.06759329 0.08262097
0.175886 0.129539 0.1260184 0.105464 0.1238537
-0.01201135 0.03604949 0.1261262 0.07681815 -0.003058812
0.2047746 0.05324865 0.1158948 0.08294671 0.1835604
0.09379426 0.04218761 0.1119902 0.07086814 0.1091632
0.1018209 0.3121181 0.1049896 0.06506866 0.1241852
0.06658792 0.04532495 0.1045405 0.06219913 0.04310831
0.1434529 0.1088057 0.1260115 0.1223247 0.03268837
0.1752823 0.0325301 0.08394028 0.09060042 0.0529279
0.04900826 0.09511376 0.1710673 0.2294762 0.1618189
0.09746996 0.07834768 0.04638931 0.01846795 0.03455331
0.04270665 0.09615417 0.03358078 0.0336751 0.111226
0.04062597 0.01628077 0.009209896 0.04381425 0.01294783
0.08774969
