NA 0.1987224 NA 0.1271124 NA
0.1522437 0.07649779 0.07891152 0.09193846 0.0195203
NA NA -0.06268043 NA 0.1365821
NA 0.03407859 0.1892175 0.08845026 0.1253701
0.09584463 0.2806591 0.06949457 0.1404693 NA
0.07578379 0.02506434 0.01384263 0.1503228 0.09959971
0.2081668 NA 0.007845528 0.1573039 0.2484343
-0.02465884 0.1850666 0.2128721 0.1544519 0.1015459
0.02518872 0.1817783 0.09978677 0.05090587 0.02765081
0.1074385 0.08659622 0.2736298 0.1705872 0.2222178
0.1681086 0.09071721 0.06569587 0.09889681 0.2055296
0.08067208 0.07590023 -0.02142103 0.1171676 0.06661925
0.1120349 0.09765122 0.1356346 0.0702288 0.03440636
0.0190026 0.129868 0.139109 0.1043635 0.04295333
0.07544872 0.02965037 0.04174456 0.1666618 0.1403826
0.1065536 0.1342819 0.007053111 0.1041931 0.04232584
0.05154012 0.01867047 0.05089047 0.01173168 0.04092057
0.01439201 0.04501714 0.04277598 0.0346445 0.01499581
0.054623 0.05437693 0.06715388 0.1730118 0.02278496
0.009656155
