NA 0.3011636 0.07382019 0.1939246 NA
0.08578908 0.2996547 0.3000303 NA NA
0.1124584 0.200011 NA NA NA
0.2293544 NA 0.1961103 NA 0.1183992
0.245493 0.1394426 0.07318455 0.0329529 NA
-0.04259914 0.2936547 NA 0.1254499 0.2976002
0.07864702 0.0739587 0.0633206 0.02452821 0.2426964
0.2378035 0.08248604 0.1213303 0.2828866 0.02540716
0.1374351 0.08421817 0.07664816 0.04783859 0.0750811
0.02809812 0.07652094 0.06233209 0.1731212 0.09707077
0.05673198 -0.05238305 0.1451005 0.1826573 0.01550043
0.08292961 0.06490398 0.166893 0.01576773 0.216896
0.04170001 0.05100406 0.1287626 0.1701451 0.104522
0.08485853 0.04064165 0.08408658 0.1723535 0.1074153
0.08313364 0.01803175 0.0394161 0.03748602 0.1376824
0.01735335 0.01329941 0.127313 0.04184831 0.1327687
0.01219759 0.04092693 0.02599746 0.03553855 0.07504754
0.05519439 0.02741026 0.01806624 0.08077358 0.007692001
-0.004321847 0.02710797 0.05427196 0.00799117 0.02546027
0.04312614
