NA NA NA 0.1939246 0.2623943
NA 0.2940434 0.1438967 NA 0.1706968
0.09756056 NA 0.2384202 NA NA
NA 0.1776053 0.1351867 NA 0.04833763
0.03319094 0.06870608 NA 0.1453785 0.04615445
0.1199197 0.09697525 0.08497156 0.1120996 0.3011636
-0.002590336 0.1214098 -0.02572054 0.04109865 0.08233504
0.2294798 0.07274866 0.03650521 0.2269104 0.07645298
0.178209 0.1501404 0.06407754 0.1614444 0.1005356
0.1889979 0.223026 0.03359342 -0.01302485 0.0758147
0.08899694 0.1683541 0.06790185 0.03040083 0.1667579
0.06972182 0.1295664 0.03630621 0.1039958 0.116349
0.166901 0.1794288 0.03231678 0.06294334 0.04976824
0.06693091 0.004550922 0.0908903 0.05705854 0.1038374
0.04184327 0.02262353 -0.007069103 0.08068994 0.01916327
0.0917668 0.146983 0.1130749 0.04301762 0.02837291
0.05596185 0.008197929 -8.576908e-05 0.1090296 0.04264156
0.05562784 0.003897832 0.02844438 0.02094644 0.07662271
0.04172805 0.01855996 0.04081476 0.0146597 0.02041067
-0.006234806
