0.2654897 NA NA NA NA
NA NA 0.1866244 0.141892 NA
0.2302809 NA NA NA 0.1706968
NA 0.1599075 0.1099102 0.0773459 NA
NA 0.02381785 -0.04477009 0.1956242 0.004663832
0.03556717 0.0468276 0.1812116 0.07726215 NA
0.1168101 0.2162291 0.1829224 0.05278717 0.002190283
0.178398 0.09917888 0.03642171 0.1302361 0.3131291
0.1359929 0.1730012 0.142392 0.2626035 0.1613223
0.0225508 0.006068294 0.04483306 0.06185692 0.1580763
0.1507479 0.06816973 0.04586536 0.05800904 0.05629098
0.07374329 0.03766741 0.08436874 0.09363445 0.05793271
-0.01790286 0.03668892 0.179134 0.07381402 0.1153366
0.1158489 0.09626794 0.06231829 0.1584164 0.0921479
0.0883845 0.03048471 0.1079946 0.1056633 0.05310286
0.1385561 0.03294678 0.1393709 0.1054435 0.1243762
0.00976605 0.06279112 0.02767889 0.01822242 0.02374653
0.02510394 0.05560063 0.02156127 0.008806056 0.03771795
-0.001028027 0.03672725 0.04442363 0.0308258 0.01380823
0.0002846813
