0.2329282 0.1312092 0.074074 0.2339125 0.1245964
NA NA 0.1246181 NA 0.1245091
NA NA 0.2325258 0.1009474 NA
NA 0.03603345 0.180156 -0.04891283 0.1289512
0.1831963 0.1152744 -0.03228712 0.218171 0.196951
0.04208416 -0.003668481 0.02752408 0.1680448 0.1799686
0.1284845 0.1333044 0.07814314 0.1059575 0.07309858
0.1568457 0.08954909 0.2407735 0.02540193 0.0988112
0.1264788 -0.005734596 0.1321078 0.03052883 0.2950155
0.07267317 0.08034468 0.1961151 0.08922361 0.007565
0.06859777 0.2259071 0.05927437 0.05368436 0.02095947
0.04046963 0.04425964 0.0505264 0.2312705 0.04917875
0.07247678 0.058784 0.1980564 0.08653022 0.007863237
0.1094046 0.0224243 0.05403953 0.03263261 0.0700405
0.02103529 0.1719719 0.04078181 0.1189272 0.1036738
0.09497317 0.1273363 0.1373567 0.08327871 0.1054235
0.01459634 0.001206988 0.02851559 0.06267498 0.0909041
0.03322528 0.07968592 0.009029752 0.06816613 -0.006081063
0.03815472 0.04262501 0.1032989 0.01357753 0.01918633
0.06078915
