NA NA NA 0.1246181 NA
0.003996144 NA NA NA NA
0.1511582 0.2325258 0.1511582 NA NA
NA 0.03789498 0.1034862 0.1092002 0.1726885
0.3030108 0.02505665 0.0435884 NA 0.0297575
-0.007582499 -0.06949461 0.1635993 NA 0.1564587
0.200206 0.0285721 0.15641 0.1000298 0.05912355
0.2558402 0.1268039 0.06192793 0.235572 0.2893868
0.1729165 0.1224754 0.2705548 0.109424 0.04850121
0.1950353 0.123397 0.1373362 0.08694427 0.1657604
0.1406843 0.1150583 0.1271081 0.07461283 0.02795171
0.0223063 0.1521154 0.0739839 0.02242803 0.1767324
0.05484346 0.1584725 0.09409205 0.1505952 0.1570676
0.1772987 0.04544229 0.02275665 0.07936433 0.109214
0.0516408 0.08693208 0.05174908 0.07994187 0.1350465
0.04207787 0.02952701 0.1116178 0.05530193 0.08079613
0.006015942 0.02459035 0.01054139 0.0358756 0.1438807
0.1463609 0.03763589 0.0003710557 0.07657915 0.05897295
0.02804952 0.04956267 0.002551937 0.01206829 -0.003143058
0.006036815
