"quartet" "wQuartet" "cluster" "phylo" "mutual" "shared" "clusterNorm" "wNrqs"
"mb49" 0.895271250286611 0.906420046641364 0.222389927850783 0.825384216511998 0.184891071897114 0.120389265800673 0.122812741910322 0.175668751551374
"mb50" 0.785714285714286 0.847318309473252 0.234203536248583 0.785583445629817 0.19679648617413 0.0968972892554669 0.112048066317297 0.176293585637113
"mb51" 0.790697674418605 0.858379527678639 0.218731635709566 0.790607509285743 0.178529007508788 0.087819065457673 0.0952555590018968 0.146445583893566
"mb52" 0.883720930232558 0.947051128931354 0.24429054495236 0.883607125214934 0.211047305453893 0.104509142352812 0.124853943004551 0.22090667613187
"mb53" 0.81596794342033 0.842944361248704 0.221054408698714 0.662475716007588 0.175270885834874 0.10582249614934 0.121306202289645 0.173769409646101
"mb54" 0.695742270131013 0.72311016243232 0.187776883174042 0.555634062718441 0.143154584049339 0.0870276948245744 0.0835490531790762 0.110039414081966
"mb55" 0.773924179364362 0.781730955880314 0.207531350327688 0.592895848693249 0.158689368009635 0.0923621675820546 0.106051442972188 0.144119068049179
"mb56" 0.661360409907636 0.743506806041028 0.231741016916672 0.161746828627087 0.154737681709841 0.0863028529998029 0.192075750875281 0.146926227702908
"mb57" 0.752941176470588 0.814655666322906 0.22699993022399 0.752768887624162 0.192652862260908 0.0929197086795859 0.104217036031255 0.172011733318611
"mb58" 0.755813953488372 0.886181726654921 0.270731177645654 0.628464181889927 0.230290667510319 0.112218047428176 0.155473403025124 0.219262171612248
"mb59" 0.713818475216757 0.80625394749964 0.254166463117324 0.385238095734247 0.193700504071286 0.128331716315588 0.172664277533198 0.172701973140598
"mb60" 0.780560019658479 0.75410595834661 0.205606414312743 0.595123840470321 0.159663655420883 0.0884131315225727 0.103692875793507 0.132366240174343
"mb61" 0.80717516555862 0.800319570279964 0.203166462820466 0.592623309041479 0.153761404063136 0.101542955363999 0.126397290914151 0.1370554858116
"mb62" 0.65959929120564 0.722507222536481 0.217779980660012 0.162451449008529 0.141805461832038 0.0685277266869621 0.177393613634802 0.133122709123052
"mb63" 0.737828784061624 0.720544798162127 0.19941736689345 0.461434686179785 0.145997440420849 0.0862777247534438 0.11187650930472 0.135096067339573
"mb64" 0.681993149041526 0.697983232365743 0.200987649877633 0.209776286234814 0.140880296374222 0.0876877492952687 0.149490808219243 0.111075967111102
"mb65" 0.883720930232558 0.916489361702128 0.203555070379205 0.883607125214934 0.176451243742745 0.0875711431476355 0.0776804033400405 0.167996912325588
"mb66" 0.684753506552793 0.73531286665866 0.189492314642939 0.404750814084255 0.138445665962671 0.10226571693573 0.124137864039012 0.118206418343189
"mb67" 0.679930694265955 0.745868468024866 0.222550479318797 0.274679125058706 0.166663909510564 0.100611204021509 0.147394950948084 0.144574317405993
"mb68" 0.656491663750726 0.737076284731892 0.227401018957381 0.173463417300138 0.150296491605357 0.0820943244579787 0.186967934195702 0.144567981521721
"mb69" 0.78314381409435 0.814192603441963 0.19720978543113 0.625373458156243 0.154542584252837 0.103762066505542 0.109452474602146 0.128079884849468
"mb70" 0.662915200796357 0.733754584550378 0.224929532777869 0.173474862425012 0.147364009215952 0.0834330479251385 0.18394019003598 0.142892033233661
"mb71" 0.757721422806113 0.719430680722291 0.160675889112042 0.623832872972952 0.118578279030124 0.0707619790402143 0.0525657560867462 0.0807002255144433
"mb72" 0.691927671614991 0.659376538146021 0.181260558571343 0.461550204763044 0.135960174366916 0.0783383719801214 0.0916262316130104 0.0952573804785407
"mb73" 0.679808956905519 0.71021396034776 0.205503146360941 0.233978888661069 0.149655473141736 0.0886255827831754 0.135824823382263 0.123625791074643
"mb74" 0.689245230328919 0.70962782271521 0.196396796108523 0.311606280066999 0.135359654959607 0.0830336071728678 0.135706602226182 0.120076996093667
"mb75" 0.690241226896758 0.733264261063365 0.190838268120577 0.35829645246214 0.137798478172843 0.0951646384183562 0.129884780881105 0.11948678712749
"mb76" 0.711846363825655 0.742141863699583 0.186014572006958 0.463455010392253 0.137500680421845 0.0962773999707705 0.107513811503758 0.115539711329753
"mb77" 0.709759221647378 0.736926006912605 0.184057514331763 0.474695518923301 0.135066315223803 0.0872677458674572 0.0949008795938759 0.111933593461821
"mb78" 0.682352941176471 0.72955703307141 0.178775896300827 0.682133711348633 0.13730264167925 0.0631543790683784 0.0475950483273977 0.0936853879602004
"mb79" 0.663132395050604 0.742189033722096 0.230087337645927 0.17344672939299 0.151983176127896 0.0856599833745108 0.190113117057464 0.146210416219954
"mb80" 0.742732116132927 0.741395503010883 0.20955772533148 0.529958777335543 0.160685305255047 0.0899418548431895 0.108081950260102 0.148392400861249
"mb81" 0.741176470588235 0.684787522603978 0.150001924475033 0.740950571126277 0.118987421426054 0.0544894628562437 0.0145100059802116 0.0546685371624896
"mb82" 0.653529740914697 0.673116033177767 0.184927001458959 0.174439667967076 0.12791102798142 0.0685072865666727 0.137493334485025 0.0901543334414142
"mb83" 0.711854300672961 0.687413099910275 0.172645787238494 0.4061411125564 0.124549487852394 0.0796661828083892 0.100181302157381 0.0954788795886653
"mb84" 0.732558139534884 0.77588077841279 0.202134434361261 0.73241107189321 0.164726920169278 0.0792541780585296 0.07603524196059 0.132656909377046
"mb85" 0.837209302325581 0.81375094213215 0.167245746396059 0.837107317250338 0.139778467203496 0.0671066317824052 0.0356325481705989 0.110759260937288
"mb86" 0.653086084643689 0.708462986705476 0.194207817265239 0.243781731320003 0.132064580369732 0.0857485877053238 0.142278802714443 0.119939032503483
"mb87" 0.75 0.745934759042081 0.162986891607345 0.749852587454795 0.129265905893524 0.0597564010012761 0.0296112650504512 0.0781592146370941
"mb88" 0.664714134469046 0.713510367831355 0.211338060548289 0.150979898962085 0.136126387606979 0.0689706771738319 0.170389937803621 0.125889381692896
"mb89" 0.705882352941177 0.778379251838087 0.185885419729862 0.705608183049204 0.147469376803576 0.0693637764223903 0.0562711517140971 0.104790085815654
"mb90" 0.679170755314103 0.688904941231086 0.195091577661785 0.190755264798099 0.134221901435806 0.0702472905953922 0.145168095203873 0.1031357486138
"mb91" 0.738095238095238 0.778600034825004 0.178182155008149 0.737998043102019 0.145630501512718 0.0660986044009109 0.046812085646382 0.105655908683102
"mb92" 0.6473907946613 0.699664240696279 0.201695894067726 0.139274860498109 0.130478816086027 0.0624911064587695 0.159917128131073 0.117387940445252
"mb93" 0.653623204841608 0.721098132673602 0.212244756689056 0.184690930940711 0.139276681112447 0.076340288642773 0.168530994986196 0.131722848124943
"mb94" 0.658823529411765 0.69023803985423 0.183336180882685 0.658679533925568 0.146077801406654 0.0668489579857527 0.0533160514130391 0.0982775856370702
"mb95" 0.789506514834383 0.807867167424392 0.186161958161686 0.706202495175369 0.151235417159291 0.0931283572689292 0.0816920691020179 0.120896262478944
"mb96" 0.726190476190476 0.67667372686251 0.158689698238469 0.726023434051877 0.12820692731603 0.0590808847783061 0.0246293263027236 0.0746273731149567
"mb97" 0.825095911929558 0.839716561255563 0.191640544898106 0.702302488561602 0.151848028481387 0.0936586832930478 0.0881257337474028 0.128641467627984
"mb98" 0.662790697674419 0.681912681912682 0.186018429842661 0.658679533925568 0.150701827536886 0.067567596193933 0.05737217282103 0.105750807177063
"mb99" 0.708167739735072 0.61262442141482 0.138574416592739 0.54496108377917 0.0967577575421568 0.0568663383845511 0.0277897044091201 0.0405973081884718
"mb100" 0.86046511627907 0.865853658536585 0.176149405468814 0.860385892207352 0.150388418140472 0.0721670761766409 0.0459433919456875 0.125226445950972
"mb101" 0.744186046511628 0.783587083821315 0.193955495597473 0.744109004658228 0.157685853131406 0.0744440069820082 0.0665636573962753 0.119512320421556
"mb102" 0.65269068445402 0.674126739816403 0.185243894576726 0.190321591141764 0.130385872547923 0.0713519186928357 0.136421012978835 0.0916499547811194
"mb103" 0.755813953488372 0.790254427762294 0.177254840848896 0.755748292136735 0.147161417738345 0.0666750446275992 0.0472235365934483 0.103210266383299
"mb104" 0.821428571428571 0.792903124509342 0.172980957297438 0.821281349478117 0.146085466499787 0.0700526072793049 0.0407794607426687 0.122589720172254
"mb105" 0.690179584160381 0.663509273387634 0.165878378286114 0.37122612878 0.116119049021667 0.0759314599779878 0.0984680219085188 0.0849180408165513
"mb106" 0.755209348551005 0.770232282882083 0.17796440098372 0.642721997100403 0.141391478592599 0.084973021472688 0.0724422166946369 0.106060624622653
"mb107" 0.644760021610521 0.706177234297816 0.2057751012269 0.139299599921509 0.133755586859922 0.0617308761779142 0.164538144027669 0.121984062520285
"mb108" 0.720930232558139 0.583547557840617 0.137278423568105 0.720771784414703 0.110109897302395 0.0480886401160252 0.000929019934418737 0.0494770772529987
"mb109" 0.835644898240227 0.826855548286313 0.198662807153853 0.650870858943964 0.15413162412627 0.0931920092264772 0.111223248990138 0.141258754986504
"mb110" 0.732558139534884 0.70720356131121 0.151115267399884 0.725964735866446 0.121260648918986 0.0540926959235732 0.0169527169250569 0.0640704471161882
"mb111" 0.802325581395349 0.830550349292895 0.179542008093151 0.797570926609313 0.151226150689865 0.0702169565496335 0.0498721807014841 0.116416541149132
"mb112" 0.814074666218448 0.80273857761632 0.182529466867799 0.714081436587863 0.146434783557739 0.0904304490526695 0.0775932860609108 0.12403729487074
"mb113" 0.658526484544889 0.673568731264842 0.18492541279745 0.162753628908404 0.126787660271423 0.0640529871534019 0.138701081894113 0.0902751514564513
"mb114" 0.646719115297836 0.681772023875242 0.188247151228367 0.139184640173365 0.126546139202879 0.065576275357479 0.144043384144659 0.09884805317963
"mb115" 0.830688617347825 0.820063922770856 0.204546204898495 0.650797037944848 0.161599223030449 0.098790461291232 0.117748625796635 0.147294712769839
"mb116" 0.733765321887497 0.706184678993913 0.179912893755114 0.464663728980803 0.135549207353567 0.0669048533644664 0.0904274001751607 0.123330586281922
"tnt1" 0.717159669730024 0.669410818193725 0.153564437289952 0.520457550478969 0.111096406998393 0.06914822314302 0.0606970707935121 0.0681611014147182
"tnt2" 0.697034869116494 0.675270227415653 0.169564387734658 0.368234914281918 0.118737805504415 0.0750756510287517 0.102408052877561 0.0876716511109462
"tnt3" 0.678017390994167 0.653503630348298 0.162158634333237 0.311904712255122 0.109617179891753 0.0712488773040573 0.102565910596423 0.0703897193280727
"tnt4" 0.706800777289303 0.728312776117878 0.18228772952242 0.405369558848334 0.132605099077334 0.0869570222835178 0.110797989273321 0.11294532464166
"tnt5" 0.702375927153543 0.733438027104054 0.186023913433168 0.363233814848975 0.134996337979878 0.0876169753157205 0.12038979187777 0.113949512774367
"ufb1" 0.765160989696993 0.740091419313777 0.198880436714042 0.576855868366389 0.156004176729823 0.0862762980589048 0.0960339275956151 0.127825550781834
"ufb2" 0.626506024096386 0.560707517372078 0.145638377343196 0.626298697361749 0.107663440284362 0.0442774949811561 0.00741476909109776 0.0255559016070154
"ufb3" 0.679357466120969 0.677042391386191 0.170326911128444 0.427982041123593 0.126489525097409 0.0744973310321282 0.0796699569488903 0.0981570830657286
"ufb4" 0.654181983505445 0.663730818866041 0.161610465251558 0.38176987413608 0.119095773911137 0.0722338750938247 0.0807561725181508 0.0921360357310249
"ufb5" 0.705882352941177 0.748846923679401 0.173646068045281 0.705683659428062 0.136965741093068 0.0622600752687232 0.0416457906158857 0.0906449191244583
"ufb6" 0.675489953376579 0.70520871813816 0.17623348873643 0.346365254104792 0.126964811428854 0.0774221160955818 0.109809926391273 0.110989641249669
"ufb7" 0.644734502948375 0.676661856481568 0.183418255427174 0.207137715954866 0.119939549079925 0.0669882721672279 0.132766686888772 0.11172014327751
"ufb8" 0.654645527341621 0.675648238769845 0.185133773183292 0.233797811473079 0.128613662798294 0.0652773165764715 0.136284686106519 0.0915527889633762
"ufb9" 0.633168545305973 0.665754477270692 0.178872135862455 0.230358796015862 0.117994361034106 0.0691670867569896 0.125922248973142 0.10992366376606
"ufb10" 0.63277107698717 0.684765831221368 0.190825239686768 0.185203644611208 0.123217036425331 0.0666840073256895 0.14493377653125 0.116457161310378
"ufb11" 0.653175274063768 0.707376370784192 0.208030508529295 0.173708847455235 0.134375101460622 0.0641888903278379 0.166910654350304 0.122904135349289
"ufb12" 0.659484828319048 0.70087412832709 0.203835134854513 0.17372517743084 0.130730398805425 0.0642878527034074 0.162168324799646 0.117655459985366
"ufb13" 0.643115658678692 0.688965341488277 0.195701114947738 0.173737848448422 0.125899530736205 0.0580539665720628 0.15316581185938 0.110971982612728
"ufb14" 0.746819651623037 0.740127531043741 0.18818926452876 0.511233966721372 0.145492642160294 0.0840072394647173 0.0996068641910861 0.125915418987037
"ufb15" 0.642857142857143 0.534488123638627 0.141128819151649 0.642738793512529 0.108669058881721 0.0444982653954286 0.00339938430441721 0.0404047307582873
"ufb16" 0.690866921949042 0.660117130307467 0.166001472438923 0.380563814271953 0.119694591158185 0.0636228788869801 0.0855861933144 0.0995005990388243
"ufb17" 0.664061182910113 0.698703290689085 0.205591603927241 0.187465995614142 0.130599177972272 0.0647282983881707 0.164017723005081 0.116939036535693
"ufb18" 0.67240690910149 0.695666359211869 0.203772117820591 0.187470203181684 0.129062487492022 0.0649144386240129 0.16166484473442 0.113981265483123
"ufb19" 0.655419718195346 0.663606541217469 0.189105361163141 0.173592465349125 0.121285847143796 0.0612504943369844 0.144130685789328 0.0990843153693273
"ufb20" 0.715820791122113 0.694770080169415 0.174933728928632 0.416236865767354 0.128973375258175 0.0770029977681993 0.0951576985417194 0.107746232644821
"ufb21" 0.67469409549004 0.659277596489254 0.165542680277643 0.344472748785541 0.114260887712553 0.0741053921226051 0.102521742668868 0.0791203901990097
"ufb22" 0.668539780254305 0.705435919440049 0.172335990509825 0.41677778967444 0.126348577841085 0.0841847442661683 0.0925160675091126 0.102737131019594
"ufb23" 0.717647058823529 0.623060609443018 0.144152057845772 0.717458633467777 0.114989576960188 0.0486967148491005 0.00772765529556288 0.0504643047226468
"ufb24" 0.709302325581395 0.686322373941567 0.175793012617297 0.709132496936196 0.143686253778614 0.0656446079037257 0.0455306727496217 0.111544187407293
"ufb25" 0.64175699771373 0.71698813246856 0.209757408409532 0.184732752111446 0.137556979037504 0.0773313226363702 0.166723828690864 0.129466548105324
"ufb26" 0.644006562106543 0.676289633526112 0.184677919631732 0.196198318678326 0.123786263192663 0.0610998918807906 0.139437058036698 0.0955960574084176
"ufb27" 0.883720930232558 0.896481594468172 0.196593311238599 0.883607125214934 0.170834306838353 0.084377761167626 0.0696183683595863 0.159662190398724
"ufb28" 0.652628089331981 0.601623232081093 0.157869201965451 0.372201327470364 0.11368328359561 0.0662860060143463 0.0766814169631428 0.0701362052528042
"ufb29" 0.705880124361704 0.688817536647211 0.18065786366033 0.453244350688764 0.136539877282786 0.0721078357846804 0.0912536590058609 0.118158628072724
"ufb30" 0.67427938588326 0.664155880195841 0.17334563364664 0.39967057132525 0.127530068825579 0.0740160095276102 0.0937399665874349 0.105088643276844
"ufb31" 0.658857246949307 0.708975532150312 0.201352244327015 0.219730470817048 0.134017621853347 0.090389724554554 0.156059066479132 0.125412334226983
"ufb32" 0.717954536721248 0.729307067565232 0.167666256140224 0.602311017123189 0.127375009736442 0.076305049145794 0.0611598423670241 0.0922073357677538
"ufb33" 0.714678932039344 0.649271379266266 0.169211363214335 0.441601791253621 0.123111152334435 0.0599216349477776 0.0785581500894578 0.102591932837465
"ufb34" 0.715780569061697 0.689385213096191 0.184055804194534 0.415667588679984 0.132524864694126 0.0830378382118016 0.105310030250842 0.113496931775223
"ufb35" 0.696869755658979 0.672058143645808 0.17958457370605 0.366467229031034 0.125281850252225 0.0769936821827192 0.107652567560956 0.110415794263393
"ufb36" 0.685979340029989 0.689506166563298 0.18698047082735 0.334632674767348 0.129691472084406 0.0814237707605679 0.121224340893375 0.114557234704883
"ufb37" 0.652326649703884 0.711392192733696 0.206780677412601 0.173053087265985 0.134507210306552 0.0653279880440669 0.16358499634427 0.126407246173061
"ufb38" 0.644503286621573 0.713771229944289 0.207796360903276 0.173085473414515 0.135044797114372 0.0711242981499557 0.165339720066167 0.127588782806224
"ufb39" 0.722227747658628 0.692635512793194 0.174467624729835 0.464886910123906 0.128589809180594 0.0688218201057934 0.0843879594055732 0.104204026723105
"ufb40" 0.664043023276245 0.658885724195193 0.165459049457614 0.337242229611001 0.114737365618488 0.0701836436364961 0.0981243858572202 0.0979816786990843
"ufb41" 0.657537514930084 0.730308718770148 0.22110831966086 0.163851107473562 0.145429732970631 0.0727784974268278 0.181026246946456 0.138217396985576
"ufb42" 0.715134787258011 0.691133023826881 0.171863532844558 0.429475435287141 0.124009823663643 0.0776439249286513 0.0917906438116382 0.101157294274327
"ufb43" 0.672385767866838 0.688404365772747 0.195207935534878 0.277811700617759 0.13855835139305 0.082782640843648 0.140920362330213 0.108940684384488
"ufb44" 0.642804376147388 0.671644187956039 0.189473495401087 0.173668538078093 0.1234681287508 0.0634488857551229 0.14604840004657 0.101105029762248
"ufb45" 0.681064886167164 0.649427152782651 0.160372978963948 0.359575937227721 0.108829485487302 0.0728653474710114 0.0969997158695188 0.0746305402684561
"ufb46" 0.790697674418605 0.713629253030896 0.14602449736031 0.790550167336312 0.119276552749847 0.0544182559942157 0.0110573727587951 0.0777382215451784
"ufb47" 0.78380884722173 0.773954000721706 0.196503368340264 0.534540653199987 0.145940692981687 0.100486647875522 0.126232102811398 0.121623546870366
"ufb48" 0.773809523809524 0.757787033683448 0.165043647749777 0.77360945191596 0.135695946997845 0.062393025143928 0.0315034165485414 0.100848675506047
"ufb49" 0.768333607170742 0.846061412355428 0.250217244038618 0.588061503382496 0.19974989992776 0.120358330007485 0.154004254052633 0.174466126672319
"ufb50" 0.697674418604651 0.559111372088471 0.136566626871919 0.697435867508259 0.106820421803679 0.0474584496529578 0.000104726857379103 0.0454552273726386
"ufb51" 0.776088345144963 0.686430132840087 0.144512651392982 0.697398872705188 0.113383341862937 0.0695121861468051 0.0349628579515123 0.0701358807359037
"ufb52" 0.663839056210207 0.684603141375174 0.183550457242492 0.277930446025605 0.126058258519226 0.0745120099982202 0.12548125033346 0.10526184042435
"ufb53" 0.705435680484806 0.741160460069989 0.187045152816539 0.422059923119037 0.138977914386825 0.0992548432918788 0.115998382253669 0.113237554180861
"ufb54" 0.674656822768472 0.704780254810724 0.207725697509289 0.187465995614142 0.13111633389999 0.0668587438051613 0.166263500392205 0.119507000537359
"ufb55" 0.658784022040161 0.68012844773802 0.194359560304359 0.178267568841266 0.125261372166343 0.0625217707286969 0.151183821581762 0.103801414647836
"ufb56" 0.677634511696685 0.685530616081894 0.194068313875479 0.220321631158552 0.133848828557438 0.0668854757819414 0.144103250559766 0.103615378028203
"ufb57" 0.685478003551733 0.710543485805511 0.176776849048353 0.463017149473374 0.130403180160918 0.0845993172880661 0.0868246685131533 0.104249806745806
"ufb58" 0.731995211864389 0.725208875983888 0.184480890094251 0.452026395845656 0.138248993360313 0.0778976818192777 0.0950957511239693 0.124515377615057
"ufb59" 0.648527759024782 0.665876198615663 0.180495362523801 0.219689812000271 0.124753230883169 0.0592832123171865 0.134019795582704 0.0870481909718497
"ufb60" 0.678571428571429 0.558027306967985 0.13638624785036 0.67452588464992 0.103539529525169 0.045533368884021 -0.00210371043695766 0.0313851577863276
"ufb61" 0.655453161068018 0.680334743144226 0.188348207679034 0.239812320053388 0.132075253689793 0.0685292560243679 0.138027297592617 0.0973607383402823
"ufb62" 0.662605857560209 0.672257382459248 0.189214243373453 0.283782257423994 0.136249281146813 0.0782603072902463 0.123598268732277 0.102965602647135
"ufb63" 0.719134240455134 0.710700315984354 0.186230484923527 0.369086793792249 0.130434420194574 0.0829952206868299 0.114881175923335 0.111491395588918
"ufb64" 0.643127949657027 0.656090753541569 0.176284295342881 0.225797233211524 0.122569954489778 0.0653270863055034 0.125174718201774 0.0852693302574164
"ufb65" 0.631535905629628 0.641937260508338 0.170518198389151 0.24370733872374 0.119329567387469 0.0641459545553619 0.11700812927777 0.0820460115470936
"ufb66" 0.744597889563957 0.727949247334309 0.182155567197468 0.446587353560026 0.135203407473891 0.07693090996814 0.110642313591495 0.10962778958525
"ufb67" 0.665089375592804 0.714832184658048 0.212240821770413 0.331487504714848 0.159213129855162 0.0916332764848712 0.136196324052895 0.128513230630253
"ufb68" 0.86046511627907 0.76437587657784 0.140160379211403 0.86032855025792 0.119463342696818 0.0579384946173208 0.00426645616843991 0.0804706603328328
"ufb69" 0.752619444531489 0.73340847024145 0.186791842762832 0.452026395845656 0.140373790113744 0.0696405639022008 0.0979683895664172 0.132427408561118
"ufb70" 0.667969254964401 0.681042752365859 0.192190963218599 0.285787145200145 0.137739029689807 0.0828848724953661 0.134783474226708 0.10899648405943
"ufb71" 0.691024291863273 0.571759071353194 0.133125134891993 0.555582806216879 0.0945604489605725 0.0528677051021218 0.0217973916537667 0.0342251279174311
"ufb72" 0.656151494854181 0.684903433420972 0.196311042402334 0.187469866824324 0.125071126755158 0.0587435302759146 0.15324051188542 0.108304883937465
"ufb73" 0.627424345400122 0.694260844950817 0.194919303809493 0.173661641480805 0.125524799170712 0.0683228756093447 0.150256207444317 0.121133984385839
"ufb74" 0.62200174830171 0.69824258199127 0.197730230592646 0.166103852659598 0.127009410744262 0.0671673050702688 0.154041696913154 0.12362546722712
"ufb75" 0.641899373018693 0.713102339851619 0.20900358390767 0.173480907337687 0.135798375712444 0.0718829625284427 0.166611641881547 0.131256873781423
"ufb76" 0.647373902280036 0.69981937717379 0.187306769746111 0.255546221866675 0.128106120576969 0.0759543649579851 0.13255517754626 0.114408887272994
"ufb77" 0.636763168494616 0.697828485795181 0.186616284144164 0.220360687042317 0.125287964927832 0.0770939251503608 0.136189765822568 0.113058069181188
"ufb78" 0.626363450970502 0.696957155879672 0.186080760740467 0.208749014733412 0.12448819396214 0.0784581525013782 0.137311595427702 0.114282888926399
"ufb79" 0.636362755575451 0.702215556862346 0.190536598932788 0.208676868180664 0.12595532479366 0.0827855984394534 0.143451177907795 0.118443052572772
"ufb80" 0.636534351768771 0.706027151729563 0.203000847836398 0.173636912458384 0.131070243673685 0.0741147555634886 0.15960950246851 0.127530215088022
"ufb81" 0.65770141505788 0.720667791427858 0.213624730266859 0.166090597887885 0.138954243295668 0.0774059943406721 0.171488860673309 0.134879496520071
"ufb82" 0.726190476190476 0.678650895889448 0.152467804081263 0.726023434051877 0.121452238319817 0.0538452964680698 0.0165567001093952 0.0620896740480335
"ufb83" 0.62281431108839 0.652396758093118 0.179796082117559 0.173813981302715 0.118661267600675 0.0588355326424181 0.135147184438102 0.0905463869982266
"ufb84" 0.645269580787137 0.654125353285517 0.184627222266922 0.178168763847009 0.121169062856045 0.0608498323630727 0.138396288587407 0.0944034932768689
"ufb85" 0.736122525391192 0.71353037670631 0.177851086798576 0.476306288415946 0.132942303016767 0.0667113702210267 0.0881406149062363 0.122536861147086
"ufb86" 0.680156885595308 0.682115349516335 0.191569543853493 0.201885818315558 0.12939990358432 0.0636310229657638 0.143107753654108 0.0982385985059937
"ufb87" 0.694982161086287 0.637910569393757 0.143126105498317 0.414724300008121 0.0982428429162274 0.065693701195967 0.0679135449597199 0.0518470895056432
"ufb88" 0.722013291440233 0.644967457592374 0.142409130989105 0.459991684878557 0.0980266167179289 0.0617728010047906 0.0593434290881054 0.0543809048446914
"ufb89" 0.667631780039849 0.77551738410596 0.238509920175679 0.470354777468597 0.186675108016589 0.108579989981988 0.140996986655018 0.158259245719255
"ufb90" 0.744363527436335 0.730488014680583 0.183158813518863 0.475785627640933 0.135249987771638 0.0769692477695999 0.0940275051589535 0.120812126082512
"ufb91" 0.64538887559328 0.55689118354156 0.132523631226223 0.526815929033866 0.0976498588305068 0.0567880368678905 0.0208060594232497 0.0235930925661777
"ufb92" 0.654536971347941 0.673099861121403 0.177027132077426 0.24179673163331 0.118020188267675 0.0657589827738297 0.123958271340074 0.10479212325025
"ufb93" 0.662086877838217 0.719113580647585 0.212862105071787 0.163878098536726 0.13871543785323 0.0654644810586 0.17222153721063 0.129298559525643
"ufb94" 0.643651468602991 0.703484144297954 0.202511118410978 0.152084956837117 0.132049190446676 0.0601444349274305 0.161104268108932 0.119690963752487
"ufb95" 0.643407284416913 0.667569482960498 0.18456239540639 0.198609621835183 0.126095896744054 0.0716146276136362 0.138317005509741 0.0898561454538726
"ufb96" 0.744186046511628 0.693092474728566 0.152654908100904 0.743935675472854 0.123573858979236 0.0576544447682113 0.0187356911616334 0.0767375760276952
"ufb97" 0.714951907498411 0.699004935646157 0.159410941776991 0.521273275337556 0.119887346674347 0.0761621804381507 0.0677405413147472 0.0898159676353237
"ufb98" 0.704189295131062 0.70386412504135 0.190317747540129 0.319258664810203 0.130306165645438 0.0783222181522673 0.124890297136328 0.119895866034192
"ufb99" 0.727295021253283 0.637824262024358 0.147114861241263 0.611507326349819 0.111572503175833 0.063121022162345 0.037583737937092 0.0622475807404479
"ufb100" 0.693030513136039 0.681433140734626 0.167412563910092 0.369167285274006 0.119612147884984 0.0707899539476875 0.10017745565025 0.0863383915123971
"ufb101" 0.666804677114721 0.691415429228539 0.191263257414855 0.323997977883982 0.141209037165898 0.0818044302450648 0.125855976077392 0.108904418570138
"ufb102" 0.656465647841545 0.706728460421332 0.197325193912943 0.323664061285789 0.147915371004019 0.079818732294593 0.126929654737163 0.116213495297055
"ufb103" 0.646814626027796 0.695781790036964 0.178303815818297 0.24214157979196 0.122489737710465 0.0722535769723575 0.122945689635266 0.111651545145159
"ufb104" 0.65204872153361 0.670405067209443 0.183438779657551 0.208522983073593 0.126443812990841 0.0631302187828006 0.138148273949286 0.0887300793547358
"ufb105" 0.738673559399741 0.72605267791349 0.180459941560354 0.433389388418749 0.129119381568036 0.0737040250632712 0.108734085093945 0.109242005955895
"ufb106" 0.634818881388041 0.627400467587094 0.164938154986131 0.276423098243551 0.114967589540946 0.0708155004125618 0.105547116723832 0.0693643731775848
"ufb107" 0.667340097309461 0.710513377956592 0.211411888897944 0.187457447098543 0.134535732686334 0.0662002880719744 0.170468392480784 0.124043728330637
"ufb108" 0.674418604651163 0.744388698177977 0.195055855599609 0.67438796368605 0.155977083515903 0.0700108307219289 0.0678379245246171 0.105900794485429
"ufb109" 0.659633946545793 0.676037315180247 0.185986485784787 0.207846409449446 0.125252590899089 0.0627406265229303 0.138606968338294 0.0959760874298531
"ufb110" 0.651773840856151 0.729880560067592 0.219000990126094 0.142338102716086 0.146881607343775 0.0752162488642378 0.178811577944132 0.137730472150761
"ufb111" 0.649335688480312 0.717305874903347 0.211966685907763 0.152541262899055 0.141998511231693 0.0704001050167384 0.171459125338771 0.13137241910481
"ufb112" 0.644767436683912 0.671421363593479 0.188381589707511 0.17827826093641 0.122192650648859 0.0565924498419136 0.144185571978475 0.0998097809460868
"ufb113" 0.669851936871807 0.713231158605174 0.176717576357228 0.386659533528602 0.130166116095654 0.0912099726066539 0.104768245267512 0.105780642357242
"ufb114" 0.655497548671641 0.727279049697419 0.220196365250442 0.15611283433404 0.146821971126935 0.0748593851507273 0.180067430158815 0.137361314766624
"ufb115" 0.625381997841918 0.661522172056354 0.183982877343063 0.185469907887372 0.121440794890898 0.0608387670049069 0.140262980269538 0.094711869438213
"ufb116" 0.635712307230357 0.650011788917253 0.182238776759264 0.18757671897363 0.11873727618807 0.0605941507613896 0.136881541771724 0.091578632393563
"ufb117" 0.698652214754685 0.652308059796564 0.161559208304226 0.418044847231678 0.117774233914738 0.0625304077082622 0.0807814771123512 0.096252838765704
"ufb118" 0.734515485237087 0.721954829679901 0.181146283146227 0.416360752456784 0.128442397988691 0.077468825429527 0.115013023329815 0.102577132085052
"ufb119" 0.68316513228065 0.670804698492975 0.1666598561833 0.348157715854832 0.114600320979358 0.0653500673102466 0.0993566259333014 0.091200780190839
"ufb120" 0.63859708767837 0.640013931349406 0.176729534521235 0.255326355756264 0.110126655316496 0.0777401337542892 0.127329118096342 0.088899068870337
"ufb121" 0.736821179706235 0.749053186234151 0.169732490011011 0.567985545660003 0.127170973272446 0.0846833553205223 0.0791877055090835 0.100136170637964
"ufb122" 0.691043132294804 0.656769849274786 0.161728236604476 0.371177865233586 0.114883298974479 0.0652839756934936 0.0883075290580171 0.088920909440249
"ufb123" 0.652377527733534 0.694264575818688 0.199372169050292 0.17372517743084 0.127731409231124 0.0655239939266264 0.15747179236044 0.114338567479946
"ufb124" 0.645431209416318 0.7117193582274 0.205920657693349 0.196319844681864 0.135681807430689 0.0804345459653195 0.160871422782696 0.12633243489011
"ufb125" 0.709336331532005 0.645030881527232 0.144124427604087 0.445175428789585 0.0991432983277611 0.062165824992331 0.0613013877745234 0.0571140994750494
"ufb126" 0.666644264257412 0.733835433392599 0.224060526459683 0.161785681812115 0.146452285043373 0.0675404900879166 0.183452620840586 0.141834371075327
"ufb127" 0.651966220672595 0.733604504569515 0.223819975698956 0.150091291267392 0.148778929889134 0.0765581698607558 0.183520350787086 0.14223462514416
"ufb128" 0.640928918217072 0.685362289350524 0.187204406729392 0.195707206037389 0.12142163876474 0.0687586818855044 0.13848039079339 0.115591057860121
"ufb129" 0.633351287671171 0.685045508908533 0.186836595659736 0.188743157430677 0.12129075969361 0.064843301228781 0.139500904587847 0.114482027126431
"ufb130" 0.633063101274705 0.700183259300598 0.197613335530765 0.184636960825473 0.129019301100976 0.0699261363947712 0.152092814581497 0.121523861372625
"ufb131" 0.683458647365923 0.725216978779567 0.181310543046267 0.422059923119037 0.133247253129748 0.0971141634825725 0.109735370781681 0.112749668821564
"ufb132" 0.683399550156142 0.657907504803307 0.17781503360113 0.365824713091419 0.126316468901098 0.0714019288184846 0.0983568083142699 0.110639488412178
"ufb133" 0.691168903153141 0.723313415304876 0.178553163971871 0.409989504336845 0.133816185318973 0.0870209797988004 0.0993691915412076 0.103527591668968
"ufb134" 0.752472548015235 0.752898626790469 0.196731163937073 0.451972810865898 0.142968680109687 0.102240308893209 0.131820914552348 0.119803700774605
"ufb135" 0.772427432834054 0.666939477022548 0.142794931174516 0.625708401921222 0.104854419492817 0.059825964480243 0.0327090241470704 0.0526623060830431
"ufb136" 0.662790697674419 0.589082848434469 0.147558632485348 0.662460663123308 0.114517163434387 0.0527687600179962 0.0128339712869832 0.0538528831740327
"ufb137" 0.68741731954422 0.655760866274435 0.162480699559335 0.387727830380786 0.116379034844876 0.0659011271318294 0.0816593398475987 0.092529305259612
"ufb138" 0.664968905926901 0.650275141205438 0.160692595163646 0.30048706810703 0.106296456282902 0.0709139646088202 0.104034200287401 0.0659755254482398
"ufb139" 0.716764130341888 0.632028112449799 0.162067578955732 0.511473190739945 0.117634008859254 0.052998423535232 0.054765789171488 0.0768067572437953
"ufb140" 0.674698795180723 0.610820244328098 0.161553707667882 0.674506111243232 0.12762818959198 0.0575535357921406 0.025882489933851 0.0657979938758415
"ufb141" 0.660126668141954 0.612085727393878 0.15393416599635 0.371769306067572 0.105724785672095 0.064845001249676 0.0799399331227649 0.0802634056782477
"ufb142" 0.639220816142528 0.692737672699539 0.197895916041754 0.17372517743084 0.127948019115887 0.057977692879797 0.155918280537311 0.113678865458594
"ufb143" 0.666102443006983 0.668825887656256 0.184787265044672 0.208417900309249 0.124707708972485 0.0618248052749431 0.137347082578149 0.0901936336713447
"ufb144" 0.687487857750191 0.695372319615478 0.170546213624722 0.393439179315533 0.124727637972087 0.0738727802711436 0.0905536845283967 0.104205128477237
"ufb145" 0.642518719319389 0.68151481229091 0.18799618667419 0.196323477080218 0.125761677525651 0.058992026429941 0.144478671277627 0.0998092203979127
"ufb146" 0.693313583049966 0.656014916736321 0.154869546735455 0.540780928761603 0.115683511351797 0.065773245452279 0.0467256508382219 0.0713795887521706
"ufb147" 0.642857142857143 0.519762419006479 0.14303528797603 0.642798825861211 0.109120221360756 0.0482696560280058 0.00561157636132849 0.0379925864057502
"ufb148" 0.690052846455384 0.660629440739288 0.162128207313958 0.37122612878 0.111940719487182 0.0724648118720163 0.0944147771937228 0.0802267559230254
"ufb149" 0.681106687189495 0.690524715535669 0.174932256422046 0.323756967363866 0.121804009744729 0.0720917980025398 0.116291385140477 0.0887981092136945
"ufb150" 0.605354056332521 0.600336476931064 0.166776312761818 0.231870798693211 0.113475483663698 0.0675315702460159 0.110521988066598 0.0800887294535473
"ufb151" 0.714723152802284 0.659710447371853 0.14718467209714 0.520019133766776 0.106905432067045 0.0603501745759881 0.0537116735191018 0.0647735890491535
"ufb152" 0.666666666666667 0.590094290747073 0.14751127404554 0.666626645100879 0.114892561536466 0.0496313214494432 0.011669652430785 0.0494468637711128
"ufb153" 0.729143277233088 0.647354148343594 0.146350241770101 0.588761610291128 0.109479979443212 0.057265338057507 0.0363948768257889 0.0609537879937744
"ufb154" 0.647249875471838 0.672590443659391 0.182764646738742 0.20800692814388 0.125484252501479 0.0655451759436955 0.13641777494544 0.0910786167721707
"ufb155" 0.709302325581395 0.68735873425896 0.155722962504109 0.705625649007133 0.124005568210762 0.0582335291868319 0.0222886382574757 0.0814051576044977
"ufb156" 0.667514988035186 0.668820843439093 0.190963859809319 0.265991672843399 0.134056158432295 0.0872928060366849 0.133454274614858 0.109369483161827
"ufb157" 0.649945302991615 0.684992442556041 0.196224490418501 0.187470203181684 0.124988196086469 0.0584744000913682 0.153718072796845 0.108935384795633
"ufb158" 0.66493618839926 0.669625213887509 0.184004537632483 0.231131409343705 0.125725251337167 0.0580655683380706 0.135089259144091 0.0917666789800254
"ufb159" 0.694373345516096 0.667549090909091 0.166467445433354 0.406481733970852 0.123143573470599 0.0704096207720736 0.0861625875360153 0.0968739094421328
"ufb160" 0.717389936056858 0.724850026262682 0.168477025354335 0.590531665580291 0.130226803791863 0.0771352987751584 0.0617725577728642 0.0923023291174496
"ufb161" 0.697674418604651 0.690704867328667 0.170141171157515 0.697550551407121 0.13731098307711 0.0622859070616898 0.0389855822584887 0.0896730565752314
"ufb162" 0.640487460492185 0.672155675562496 0.183365028663545 0.196198318678326 0.121449496918392 0.0636300512847435 0.138051316939695 0.0932168092717366
"ufb163" 0.697674418604651 0.577917540181691 0.133632727395894 0.69749320945769 0.103960357153812 0.0456533335834223 -0.00329286270685631 0.0305071371167962
"ufb164" 0.661643617266212 0.679207910557876 0.194251892984563 0.173705548483783 0.122706893301579 0.0616273051609344 0.151071010500013 0.105037666603023
"ufb165" 0.649906435271702 0.666224101757147 0.186670691362382 0.166328587773359 0.12070999200579 0.0590753755681633 0.142381508061156 0.0970435576141224
"ufb166" 0.702712778337103 0.676179902257204 0.180125719996635 0.392278053628675 0.130138018282439 0.0753120673702123 0.101000658445508 0.1106342981634
"ufb167" 0.685716031670571 0.676455334239778 0.180094482224397 0.322949270422475 0.125295807609619 0.0716868232531911 0.108286066421639 0.111528608965721
"ufb168" 0.669045781478993 0.686047977145738 0.192457383112794 0.300612539690907 0.138405558875023 0.0828608626074931 0.127146677720709 0.108763637950141
"ufb169" 0.654761904761905 0.531624500665779 0.142180306464741 0.654535973843124 0.10963792169063 0.0479635392580961 0.0046194891664624 0.0377930228742214
"ufb170" 0.677935692828444 0.690433240018563 0.190994539045275 0.300857016061256 0.137104395931086 0.0834556313675782 0.129941349827338 0.104877790291127
"ufb171" 0.668376145280758 0.734184045963876 0.209790414322919 0.357885715205851 0.159192054734633 0.092776410302961 0.133571732926766 0.12822860147822
"ufb172" 0.688087361328308 0.65046824957094 0.159227237947666 0.331511249932709 0.108589834089896 0.0705558111861304 0.0957743297796391 0.0700323500906587
"ufb173" 0.696825831762756 0.686798353741774 0.184051395379988 0.346148832470381 0.127945140450375 0.0761642695971263 0.118058365028751 0.112727841613226
"ufb174" 0.672226540509134 0.615532704678025 0.150660363344471 0.347225371779523 0.102391597019873 0.0638148592949934 0.0821171314772504 0.0668152658863574
"ufb175" 0.650267535277259 0.703711655547339 0.185706614315492 0.289676786982811 0.130536412843223 0.087565391426723 0.130847218759673 0.113680601531065
"ufb176" 0.640102714831892 0.638605771385956 0.170202727229312 0.283257624576633 0.119247763689632 0.07080587893217 0.107584222094088 0.0770393522567728
"ufb177" 0.656525405020649 0.689652163759798 0.192964632165564 0.196719089227038 0.129733954596331 0.0662875477189663 0.149713389414055 0.10346593901837
"ufb178" 0.658470464748017 0.677376090557333 0.166067217340024 0.339459014074688 0.119884091214339 0.0740199045814295 0.0931871167049535 0.0979084926357658
"ufb179" 0.673829906786922 0.706411012782694 0.174828441413336 0.346365254104792 0.126003682185598 0.0781866057534048 0.108291584527569 0.105012192043429
"ufb180" 0.641584820187302 0.712285870360456 0.208235251701929 0.152063070803933 0.136546843023105 0.0624716726160451 0.167355795649042 0.126027222629025
"ufb181" 0.643565586622504 0.692365643325285 0.182900004113451 0.243878029005394 0.122562729540869 0.0737816558944456 0.127851525676755 0.110635911673344
"ufb182" 0.583609700506731 0.563311644844298 0.146500990980941 0.220129969999211 0.0970997725684399 0.0528797186630935 0.0821243566759342 0.0674901562873023
"ufb183" 0.585225278801002 0.562817572732587 0.143085245909182 0.208481245451566 0.0930046194253227 0.0543733393589797 0.0822023439284079 0.0589367968263554
"ufb184" 0.698048576158061 0.664120273134897 0.166042043325162 0.392482413765614 0.123799180312338 0.0650177523683444 0.0854062718413646 0.102887807129201
"ufb185" 0.747101047289418 0.758127213567912 0.17315996392445 0.602230760849426 0.130906761324032 0.0771862213836578 0.0670564303905976 0.0987374861553242
"ufb186" 0.750727811913411 0.755973873929386 0.193053784729287 0.475843382471915 0.143816766261387 0.0968601502722859 0.122352374324478 0.122517954585022
"ufb187" 0.66959123115299 0.651977813040557 0.164740937595247 0.349049261276237 0.117515119263226 0.0683292893460825 0.0917196088095145 0.0953683849835373
"ufb188" 0.738095238095238 0.71946581015975 0.164261753020548 0.737938010753336 0.133235667421201 0.0619468935785705 0.0306664652776037 0.0938416288594354
"ufb189" 0.640663942806614 0.575823173260347 0.150514769311636 0.347563904725394 0.108697973489789 0.0653183053923179 0.0761907538396017 0.0594964206502765
"ufb190" 0.640958325847451 0.673556530786352 0.182362041061651 0.18935036664324 0.122888180955358 0.0638392058802112 0.136990956844241 0.0929178360730831
"ufb191" 0.740928211361019 0.664684898929845 0.144525004978247 0.491973614632963 0.099772337938559 0.0569105661022328 0.0507604930412336 0.0604141884010289
"ufb192" 0.703544053335969 0.597356291851465 0.157305258703004 0.461448650280076 0.116903880355201 0.0612653741673558 0.0652324853313125 0.0720666613095796
"ufb193" 0.628263607657808 0.675374937056846 0.182196642894544 0.196760737775893 0.117059355123354 0.0637842295382259 0.134607460580138 0.108678296248182
"ufb194" 0.682902191805215 0.641194094502401 0.157096327265729 0.394795014509069 0.113866859985728 0.0686031919919784 0.0833786469817256 0.0823513518476112
"ufb195" 0.640449782683797 0.718383030528478 0.213056594055457 0.130374565533138 0.142864081890183 0.0715223282781932 0.172558560209805 0.131600546645803
"ufb196" 0.644133845216147 0.702488520052839 0.204600158198759 0.177688358425919 0.134204969605835 0.0635706059011408 0.163308327489045 0.120863448570741
"ufb197" 0.642576548843924 0.690312341424533 0.19891052146588 0.173674244272505 0.13074446140614 0.0636421809020395 0.156994318728677 0.112549539453933
"ufb198" 0.693563602682201 0.657776524384103 0.165412729542063 0.41136797508767 0.120509205366005 0.0661463280895575 0.085006257365464 0.0996613459075759
"ufb199" 0.576470588235294 0.636074116965837 0.177355122982798 0.576216955412129 0.129952725100541 0.0562448010523976 0.0459473232579557 0.0510621104223145
"ufb200" 0.651644064662964 0.686362675082559 0.186459959527293 0.253540508089017 0.128916451561463 0.0773804613064216 0.128597688235626 0.111388629265351
"ufb201" 0.643830291033608 0.67650162682521 0.181895930945405 0.253783286196037 0.122371078996551 0.0746380346765981 0.126675488025363 0.108465201213613
"ufb202" 0.654828941215657 0.667377226267766 0.189689820256554 0.175605517106862 0.121278037751214 0.0624587743087476 0.145581979714758 0.100206343234492
"ufb203" 0.633235713174926 0.673836650048613 0.188742800006251 0.161989856610242 0.123675527725554 0.0595199767569468 0.145278556620158 0.10299296708932
"ufb204" 0.662899183078872 0.731467884566867 0.222928372867901 0.150091291267392 0.146663293407552 0.0666227181585788 0.182582455525748 0.140311407387812
"ufb205" 0.650501786922036 0.63657816207626 0.170881034412642 0.26718719395668 0.111219172462806 0.0745993794208831 0.119417625208673 0.0844058524417664
"ufb206" 0.639749046414835 0.64218168447446 0.174532898224772 0.237935394668262 0.111268786023962 0.0747889986042719 0.124999474755419 0.0874223552630833
"ufb207" 0.663458406064991 0.679822028579969 0.189175415492774 0.203456342845256 0.125627337004554 0.0644468366799703 0.143171323103355 0.098636881760244
"ufb208" 0.643546158406549 0.682937552521885 0.189477612324209 0.207762033223401 0.124761193837874 0.0758483123407753 0.140864261619402 0.113546379968089
"ufb209" 0.714431779610934 0.689239639938607 0.182991422015212 0.39038770589795 0.128655221950464 0.0813934229219539 0.111436724052552 0.113165823249486
"ufb210" 0.643018998643596 0.720917990365985 0.215323148620117 0.150040494883067 0.142731816544377 0.0733080864521696 0.174943583111442 0.131719609760546
"ufb211" 0.638291105086943 0.700633795339644 0.189654928904451 0.232156400630471 0.128019421119507 0.0877409508408069 0.139416794334202 0.117176341004581
"ufb212" 0.626912153543121 0.690582845507763 0.187392868649538 0.214069739581287 0.125270454328509 0.0887568046748545 0.13868319612748 0.116423724911282
"ufb213" 0.640357901972455 0.694343259257554 0.19163628283095 0.231385962252739 0.128882961562689 0.0888847064797498 0.144598427356499 0.117825129975107
"ufb214" 0.652880336492565 0.711616320315191 0.204806774579258 0.177549372615754 0.133863600201367 0.0745006216865816 0.159708258911534 0.127945616874859
"ufb215" 0.635528942553803 0.681388350279038 0.190824060364905 0.16205548497714 0.122638505468672 0.0588968676452165 0.148030834508389 0.107307654352891
"ufb216" 0.674359498028099 0.680148414158403 0.189286965150471 0.245615465058421 0.130592030285473 0.0700159977515906 0.140688344566508 0.0958043836895931
"ufb217" 0.697744288282155 0.707217370781213 0.173225987057983 0.405108484494986 0.126612385392905 0.0754145903071948 0.0934918953307462 0.103413805526457
"ufb218" 0.685719649539965 0.679075561833574 0.182678494572575 0.34566328272783 0.13180158181048 0.0715880431540162 0.103799798165927 0.113023415801784
"ufb219" 0.64273746151659 0.662404731063859 0.175198448660343 0.206994478231272 0.114243419412468 0.058495008849357 0.122011666483079 0.104449172068676
"ufb220" 0.693718212707988 0.72822847601759 0.173097486225937 0.439071109164067 0.126238818524758 0.083646150309534 0.09332105493057 0.0984005911215523
"ufb221" 0.63703898866884 0.676116116660324 0.191530618215965 0.166277778561937 0.125663336912494 0.0619537278218126 0.148785480864488 0.103666114033687
"ufb222" 0.687446004396284 0.611835893914685 0.136797372516577 0.474491722884052 0.0960342032065728 0.0609810725013931 0.0423165254158303 0.0377979018749213
"ufb223" 0.697899248099953 0.635742354348197 0.139705462521091 0.439735579783541 0.0985740367042542 0.0663065460080002 0.0566183028663787 0.0459584994608308
"ufb224" 0.635122294513002 0.683092828231536 0.19105694313679 0.166340619638786 0.12446011134191 0.0580837069205932 0.148275715054076 0.105976448064735
"ufb225" 0.684646033036663 0.656893482268051 0.168906991888882 0.429959231818479 0.123929095000271 0.0631750094899847 0.0782205666599697 0.102262129320734
"ufb226" 0.711543517178496 0.605761972657888 0.134454869486641 0.578913632325156 0.0974414952210794 0.0566878259147789 0.0232978963993175 0.0313057557727612
"ufb227" 0.651846473560583 0.715480719674858 0.203806015641215 0.20806692547013 0.134920533778645 0.0864716676408684 0.159636643066801 0.12771633125032
"ufb228" 0.661522488024869 0.66966589520627 0.18766583075588 0.277672382667538 0.132616354097162 0.0777080502238565 0.129921808218759 0.106038732919238
"ufb229" 0.656647372011923 0.663030071655116 0.186168515627079 0.297787743396098 0.133918768565857 0.0805654520667326 0.12476756501986 0.106500811293215
"ufb230" 0.66631234950607 0.718603627046719 0.208337377635329 0.372767726965746 0.157301628042764 0.0873674938369623 0.131978545395203 0.128914536490463
"ufb231" 0.638897882410625 0.719448659940908 0.211996471759559 0.173481233304868 0.140200885634092 0.0800731945490404 0.169084822840615 0.132791566857116
"ufb232" 0.644257362408706 0.720212771088987 0.213848107578538 0.173480907337687 0.14061940505698 0.0804497841997325 0.171715798544956 0.135642858369427
"ufb233" 0.661948482936722 0.705942179991602 0.182131085214677 0.311899110319562 0.129048141366969 0.0865497147976042 0.124088317084621 0.111343607019828
"ufb234" 0.656246545437585 0.726204993403452 0.219106792762943 0.150107946324092 0.143845845091694 0.0652643998554746 0.178239639151859 0.138574949156843
"ufb235" 0.684035368111373 0.659279729758201 0.16902695180201 0.336056273222601 0.113943438108048 0.0769102620912064 0.109919212566949 0.0863671669126632
"ufb236" 0.779574982563554 0.787796670736428 0.174862483294842 0.649105786719256 0.134375683998423 0.0806422357479145 0.0692769072896522 0.10418189771515
"ufb237" 0.726190476190476 0.724299835255354 0.196209426059819 0.726082132237309 0.159139697506055 0.0759051434816349 0.0673580775284681 0.113224448426565
"ufb238" 0.704149255318314 0.627899229648137 0.158671164553269 0.429933226224046 0.112022607392549 0.0649879344205604 0.0776151911478764 0.0884292959297466
"ufb239" 0.645904871128469 0.660943600035092 0.187258515622317 0.166243881337954 0.120276906356414 0.0605645462418687 0.143018331195678 0.0973379969041858
"ufb240" 0.698644764557372 0.660462247578349 0.162717664568949 0.352863217122132 0.112648783940859 0.0743885512265477 0.0950518720144999 0.0792842169596595
"ufb241" 0.671225322381977 0.650498176156258 0.162904784295963 0.324377830397416 0.110290293770284 0.0744349724451097 0.103361570671828 0.0727412198558975
"ufb242" 0.647837270163248 0.664829086618238 0.180453554119758 0.2314861998413 0.125385631725104 0.0601511541747639 0.131343619472018 0.089456218561977
"ufb243" 0.627766650152979 0.691202907998973 0.195297889731423 0.173481233304868 0.126418262301626 0.0665299382902443 0.15147690010047 0.119780075856914
"ufb244" 0.680610512410206 0.635103696239067 0.143219942268717 0.445175428789585 0.0999782070299718 0.063166970431446 0.0601642499720432 0.0547992859835235
"ufb245" 0.690209988617264 0.615455559368566 0.134548202506311 0.486027794628681 0.0953980226292163 0.0603534180835923 0.0398211750985574 0.0366387384619395
"ufb246" 0.621215244522592 0.667880854151281 0.177818107467691 0.188635102895784 0.116222491775906 0.0626790714517503 0.128512044599717 0.10686060189093
"ufb247" 0.669770328958269 0.677328758056269 0.190990668463637 0.266134473520264 0.133523303356346 0.0804672741470505 0.136418617808258 0.105678335770622
"ufb248" 0.633982012436589 0.6371840915137 0.169891037214103 0.230620151695212 0.111427464681419 0.0661137606448974 0.110915971596984 0.104178829175634
"ufb249" 0.646258119367335 0.679809585877619 0.169044710498666 0.43966041057352 0.128266700161574 0.0802485215109133 0.0782476524573604 0.093574901738055
"ufb250" 0.667958982908512 0.707482478697121 0.175828014014693 0.392710674285713 0.127769626564476 0.0878075653923823 0.10380094117601 0.109227982392966
"ufb251" 0.624166905237801 0.664639886157518 0.18457786003111 0.161989856610242 0.121129571193837 0.0570985786315283 0.140890474138831 0.0979582823214312
"ufb252" 0.639969843905085 0.681923581264605 0.189134036001206 0.163142763924679 0.125436137040609 0.0658362110243047 0.145676818812833 0.100894575635232
"ufb253" 0.666387611824266 0.68131004142525 0.195789176282059 0.233875892935656 0.134583843442349 0.0780486244579817 0.145931616506394 0.104779871252796
"ufb254" 0.684699501467068 0.651229847702797 0.17155535094451 0.406747933947311 0.122530893253293 0.0619650198653453 0.0811579068682896 0.105094818089383
"ufb255" 0.672525213639262 0.623552283256122 0.158072781584744 0.395082206027653 0.10961313632169 0.0623873868003438 0.0769591582903427 0.0875522204116395
"ufb256" 0.642478168455328 0.677237200808283 0.176305875839636 0.270181945969644 0.117197567576792 0.0732391372332534 0.117835878801678 0.104595900334651
"ufb257" 0.620997545165283 0.590763541997316 0.159120040841942 0.266752276181525 0.106690270781127 0.0608619782269938 0.0912159633347596 0.0846918406491137
"ufb258" 0.629164883551218 0.680166174265214 0.193741960520037 0.15000308138163 0.128722660324368 0.06789401561965 0.152254219259236 0.109304878103578
"ufb259" 0.703774782830634 0.790930960918705 0.227702762044933 0.532235872180172 0.175099372549609 0.102997421298548 0.128600687703012 0.154200685234073
"ufb260" 0.63543721530736 0.655137648118729 0.183362216081518 0.187566548685489 0.119369947492145 0.0616608663945082 0.138908858622592 0.0931844165127893
"ufb261" 0.677992801408017 0.67688107776306 0.180537059791347 0.411477122520186 0.134943359297295 0.0743579586688454 0.0911705671418965 0.106007581679009
"ufb262" 0.602237163609949 0.555962116189026 0.143187069018891 0.301911188155058 0.0987631600964135 0.0590469842620883 0.0682084747095828 0.050688200393042
"ufb263" 0.623529411764706 0.467641367447861 0.132557459605559 0.623469862226273 0.10109334527168 0.039928090794693 -0.00578639150441085 0.0222594765453774
"ufb264" 0.71701452303052 0.698307486267736 0.175851207306746 0.428155465261015 0.130447995596308 0.0763822688804246 0.0963856530948257 0.107432273004374
"ufb265" 0.684663896189778 0.642369766239734 0.157771590304215 0.323543443115676 0.108309982366859 0.0666984489033848 0.0897579308964411 0.0745698317024458
"ufb266" 0.669352582945182 0.635499557913351 0.155434634584519 0.312154553439611 0.10419643729365 0.0677083172685212 0.0917281139846334 0.067729351259071
"ufb267" 0.630102107004107 0.67771275887738 0.191035778101643 0.161995636494662 0.125112380188102 0.0585622780134287 0.148264477720211 0.105382533354722
"ufb268" 0.603151525712532 0.593792426870123 0.152424529796334 0.241550792779393 0.105042542080433 0.0627550598088838 0.0951733117579684 0.0586437763260438
"ufb269" 0.624642753748021 0.617234128856549 0.169714746032329 0.265111977574372 0.118787399886209 0.0706576522627324 0.10696191364826 0.0804365461905347
"ufb270" 0.702709223408673 0.72183893346974 0.17454101597614 0.427761808035423 0.129702028377411 0.0888432507067312 0.102401468189215 0.106329815839582
"ufb271" 0.694117647058824 0.743673626479361 0.170646193854911 0.693908685388347 0.130490654889537 0.059053259296431 0.0381667219664959 0.0763334243177313
"ufb272" 0.63350442807829 0.674332397007665 0.178950530279429 0.197157309808924 0.120377449435426 0.0610485129392385 0.12804876605584 0.106480165013774
"ufb273" 0.630176987669504 0.660189082616751 0.174981149321981 0.197082914325404 0.116741548791599 0.0626996228046155 0.125546907232473 0.100071332336927
"ufb274" 0.617581928427873 0.657795142693936 0.173960373362398 0.173823522411355 0.115595081233783 0.0612811120610907 0.1259107351054 0.0991859752711274
"ufb275" 0.698689538574898 0.710575195639597 0.160876421712193 0.578913632325156 0.120939590050865 0.0719230818464693 0.0535011726666299 0.0778766031612405
"ufb276" 0.872093023255814 0.885639217313144 0.194323216281745 0.871967837736427 0.165083633655119 0.082269713406672 0.0669894947399349 0.152222189555767
"ufb277" 0.623529411764706 0.609844185326592 0.159089181109783 0.623258841150059 0.11993583336062 0.0519609612097496 0.0247636129790427 0.0490969320482561
"ufb278" 0.642132115105979 0.659431903879239 0.18592227310633 0.173561286046192 0.120278536404809 0.0563018106666132 0.139756092274273 0.0991112873377338
"ufb279" 0.727854733453642 0.688285509778741 0.168895356263899 0.407023937624974 0.12279755756095 0.076298559228599 0.101823721027557 0.0867964447091988
"ufb280" 0.658267763496993 0.701533898078619 0.186070575167847 0.266237155827186 0.127040203500183 0.0786278124662937 0.131235699855858 0.114417671136076
"ufb281" 0.66939512131186 0.715022336087172 0.194137050382828 0.253854990268982 0.130403403365906 0.0833616291966168 0.144154714821413 0.117909411615152
"ufb282" 0.670941179903888 0.670745855136596 0.185122992516132 0.304110159588534 0.132589946643186 0.0756550044030346 0.119219111960939 0.0988340202693925
"ufb283" 0.706692389488976 0.603612430509702 0.13365974989021 0.474148989421611 0.0898381073773082 0.0563267110876096 0.0388354779270005 0.0414144700235511
"ufb284" 0.613625939472377 0.681630856185296 0.188695897953459 0.166114072389829 0.12135885559341 0.0648120519318977 0.14367537351194 0.115596828263806
"ufb285" 0.636756382832036 0.714739444701909 0.20906243518642 0.166090597887885 0.134745795583242 0.0727234190614376 0.166673647182168 0.132164826328812
"ufb286" 0.642892472708656 0.668704079740854 0.180917837100933 0.208057543480318 0.124448996237727 0.0599571993256246 0.135487507506344 0.0896415516065959
"ufb287" 0.690022690016964 0.630623059026105 0.167744940503769 0.359456937385754 0.119284696404325 0.0606412455848859 0.0874250251033179 0.0970792399419446
"ufb288" 0.717647058823529 0.738571803164059 0.165774771312753 0.717383855727236 0.129947423517663 0.0613984516463056 0.0329587095482 0.0857547931289885
"ufb289" 0.732138197110668 0.716769347624272 0.175242458707071 0.552660836457224 0.130070364879435 0.0754153115249844 0.069406159517664 0.105334816508904
"ufb290" 0.678912988767084 0.714795844528482 0.183945293086517 0.300229067500156 0.128469966329984 0.080708875328892 0.126031276208576 0.11326128729213
"ufb291" 0.652422345811706 0.697151125743415 0.194745491802948 0.195800064248801 0.126795334398971 0.0713721740008178 0.147886545496195 0.120713094837146
"ufb292" 0.837209302325581 0.830695443645084 0.168492019165014 0.835150363443995 0.140440056233755 0.0688169807397265 0.0370757889457501 0.114174628106486
"ufb293" 0.717064901158909 0.63992606284658 0.148381382472343 0.572982911156341 0.109859902002573 0.0615534971720849 0.0385310230191145 0.0607705252123459
"ufb294" 0.663249617702024 0.680916467724639 0.188646800274163 0.210143071120575 0.125197588376123 0.0657559278600436 0.143627740653988 0.09806424606744
"ufb295" 0.671396582256352 0.657733446031163 0.162755352270202 0.328888144511179 0.111726543984766 0.0725043117973792 0.0995307182157932 0.0757878404287617
"ufb296" 0.682894547387609 0.708412414615138 0.175091150918543 0.409989504336845 0.12858907504877 0.0833289750896413 0.0955734551911963 0.103685385766158
"ufb297" 0.670455290136668 0.652130407630294 0.162294805695731 0.356691796007042 0.116492183046223 0.0688564162756289 0.088979142954081 0.0863014421782934
"ufb298" 0.632579881359027 0.688621314733053 0.194336720680682 0.166320792221916 0.127350180162961 0.0574325512586835 0.152172708571092 0.109649834488862
"ufb299" 0.647139431702609 0.664266145345904 0.180027911498588 0.22530555594021 0.125651486257077 0.0617257413259131 0.132326568887088 0.0870550695157028
"ufb300" 0.660499919373968 0.696698540807673 0.197644583740515 0.309926514909958 0.146063261655209 0.0821199093396892 0.12727705543408 0.118340143083523
"ufb301" 0.668254096696055 0.712020416897437 0.180227712104592 0.288451115514622 0.126339164068259 0.0748399618014713 0.122049864816865 0.109178089639946
"ufb302" 0.646315874402413 0.70128767574866 0.20324706578268 0.173708847455235 0.131972981555762 0.0642105574864286 0.16187885043532 0.119307352369826
"ufb303" 0.616475410428649 0.621325936522978 0.16334881174779 0.18448980711479 0.106101364143674 0.0591178410543717 0.11692443355121 0.0729946391885525
"ufb304" 0.605818258971835 0.606252062490776 0.156360003361575 0.177302100101735 0.102054404130888 0.0559887739573843 0.108501419562243 0.0664771607658547
"ufb305" 0.631784021899612 0.610777572345597 0.158873272091602 0.276814490795136 0.109552164920041 0.0629065336370841 0.0990841298628976 0.0637996871989172
"ufb306" 0.697674418604651 0.727078526873451 0.164325303399075 0.693832510371173 0.127787075909145 0.0583581508780135 0.0322505418235572 0.0786875218406415
"ufb307" 0.669017854524487 0.683582408973991 0.190241302224654 0.231308911882426 0.1310382237499 0.0663025519574688 0.140038977013504 0.102388882031744
"ufb308" 0.6260094117444 0.667022576536318 0.186587583440893 0.138297624350779 0.121654218725451 0.0644819575302383 0.144354951960242 0.0991443783524659
"ufb309" 0.622695283269248 0.637176307589478 0.1745580365706 0.161490997216321 0.114851228554519 0.0611230000137502 0.130327206253093 0.0822995855075868
"ufb310" 0.661188023325155 0.684451064471996 0.18379674042506 0.265231551116254 0.124851113102585 0.0731443344028525 0.125745050176075 0.106798748299977
"ufb311" 0.617858818435373 0.615355867452869 0.164379841092633 0.289134141847559 0.119359522092915 0.0697515938401757 0.0968429157901277 0.0707554870423059
"ufb312" 0.648991376719717 0.694458141791401 0.201535472808766 0.31433827580163 0.150552827586721 0.0768634134923795 0.12452057131023 0.121896668554022
"ufb313" 0.642706805437582 0.677448968271578 0.183531127238277 0.256723551781686 0.125050519816864 0.0747822575303163 0.128432334672214 0.109407512421807
"ufb314" 0.634518445655554 0.694308495508639 0.18756945764785 0.208749014733412 0.125568581061708 0.0725314985141502 0.138889493452438 0.115958426349216
"ufb315" 0.732428942577584 0.725563836428906 0.164787186548093 0.498311667241858 0.123100861806596 0.0802973937060311 0.0843573529230274 0.097410621497704
"ufb316" 0.612750134721249 0.645385156273884 0.175515891310526 0.173828863094875 0.117228811072028 0.0545579052661986 0.129784211052513 0.0881102319160262
"ufb317" 0.690633376313177 0.665348084966108 0.171490477157245 0.368329417833659 0.121273035498413 0.0719010641470248 0.0914210292729219 0.0998187272234183
"ufb318" 0.755813953488372 0.655603845647307 0.132582179654592 0.752783555586921 0.104371003914014 0.0460594804494933 -0.00450944496257078 0.0400920171233309
"ufb319" 0.7404920366932 0.637001866731596 0.138403429686693 0.600385138977943 0.102228250183159 0.0570089461239503 0.027424466229816 0.0452365034464339
"ufb320" 0.685118421454963 0.603468147527242 0.134744612404423 0.427847113949195 0.0938194801315472 0.0613330168005979 0.0508673272345616 0.0412348824635786
"ufb321" 0.633588418892991 0.676538957884664 0.184651255946781 0.230884105417811 0.123824769716835 0.0748150175880724 0.134038316057647 0.10965223240825
"ufb322" 0.712220613635604 0.678313964939925 0.166406513201103 0.441413594374204 0.124893972272008 0.0705569592009664 0.0860957849220672 0.0995235012299395
"ufb323" 0.601218174299186 0.557439004620248 0.140168519212061 0.265699308848814 0.0950478072573496 0.0610976850855727 0.0752791862007659 0.0446305110076672
"ufb324" 0.659889838500348 0.631826732045483 0.165452961865031 0.322307096535559 0.112562786977241 0.0668105811823756 0.0980379352191931 0.103400717924854
"ufb325" 0.659370221973296 0.647456535737283 0.160939655344702 0.293500093071262 0.107971147155303 0.0716474536075853 0.104297938545186 0.0672631536252676
"ufb326" 0.731428719912414 0.71115915417876 0.180593824907083 0.423031010090413 0.132443424989784 0.0669249883652109 0.0909965728821718 0.118509259879352
"ufb327" 0.670914407410369 0.683389154136678 0.192017714266366 0.196598795271783 0.127507992956394 0.0662413546456185 0.147185694492759 0.100093788225063
