NA 0.1924995 NA NA NA
-0.06254984 NA 0.1486247 NA 0.1312092
0.1435256 0.1246181 NA NA -0.06254984
NA 0.0965653 -0.01817594 0.1412387 NA
-0.009138242 NA 0.2118818 0.09062547 0.004896276
0.1912603 0.1044805 0.2735234 0.1584401 -0.06213769
0.1413171 0.1505206 0.2819882 0.1178272 0.2107943
0.2720632 0.0449507 0.2186148 0.2199421 0.07240136
0.08964937 0.2996547 0.2417076 0.250532 0.1993234
0.1295159 0.03680678 0.2977376 0.1115489 0.04309131
0.05722934 0.02016568 0.01533718 0.16127 -0.03703692
0.04317956 0.155558 0.1232465 0.1295028 0.06285009
0.03434672 0.08532237 0.03164235 0.01202944 0.006658062
0.01868621 0.08315723 0.111224 0.1361979 0.09640054
0.1506463 0.2131311 0.009398573 0.02606746 0.02299537
0.0675126 0.05631119 0.04105304 0.03765715 0.1171931
-0.003104785 0.1224438 0.02575473 0.03308023 0.005589956
-0.001959543 0.02945856 0.01281153 0.007911074 0.04019949
0.04744115 0.04146901 0.007968295 0.02726668 0.009229364
0.06589486
