0.1271813 NA NA NA 0.1252394
0.0616065 0.1246181 NA NA 0.02585029
0.1755295 NA 0.1951709 NA NA
0.1706968 -0.002625303 0.03813011 0.09455664 0.3038166
0.199974 0.0816878 0.07983139 0.160138 NA
0.0195109 0.1290961 0.1159888 0.1121384 0.2674082
0.1738999 0.1628025 0.06460969 0.1084709 0.1319072
0.07787068 0.252212 0.1513241 0.06746192 0.08403806
0.1666566 0.2799684 0.1291641 0.1588179 0.05640532
0.06310966 0.03214771 0.1168427 0.07158904 0.109389
0.01868627 0.03522408 0.080777 0.05515992 0.1539618
0.0656785 0.08224437 0.05459697 0.07282561 0.1792544
0.0361608 0.2423762 0.07262581 0.08351419 0.02707145
0.05850808 0.08706202 0.04583772 0.09556442 0.04519974
0.06919654 0.03185264 0.1145326 0.1242278 0.1279123
-0.001908771 0.08092804 0.05115228 0.07909682 0.04817774
0.03879589 0.03574901 0.08195548 0.03690902 0.04128271
0.01222949 0.05631636 0.01648504 0.02496886 0.05253661
0.01460797 0.05368644 0.008464657 0.05966144 0.01512621
0.02094016
