NA 0.1271813 NA NA NA
NA NA NA NA 0.05391686
NA 0.2819882 0.2003863 NA NA
NA 0.146576 0.09648536 0.001280182 0.2227873
0.06492195 NA 0.09927896 0.2560009 0.07468943
0.1726885 0.07025949 0.3294474 0.09403646 0.1628346
0.08649957 NA 0.1782426 0.09543756 0.1764835
0.205437 0.0960649 0.002603759 0.188153 0.005605493
0.1283113 0.1320129 0.05965195 0.1668622 0.01164506
0.1464742 0.1250772 0.1984855 0.06071308 0.1093777
0.1298503 0.2730024 0.08381132 0.1342767 0.027925
0.2378377 0.1089861 0.03509546 0.02636256 -0.007795872
0.05251351 0.1069191 0.07092176 0.0966001 0.1075294
0.08853928 0.05328197 0.05251559 0.02750538 0.0351411
0.06451505 0.1313524 0.05077708 0.02156829 0.07455519
0.01639573 0.02379531 0.07411192 0.06477933 0.1045417
0.06717434 0.06179763 0.0234636 0.01730233 0.0165344
0.06775126 0.1424593 0.05220809 0.007989276 0.04364794
-0.009793416 0.04256528 0.02581719 0.04069031 0.00207716
0.0193186
