NA 0.1511582 NA NA 0.1033973
NA 0.02483563 NA NA NA
0.3080111 NA NA NA 0.1939246
0.1902353 0.07650672 0.1003958 NA 0.1466848
NA 0.03146779 0.1007802 0.07225294 -0.04664
NA NA 0.152738 0.2367881 0.1919184
0.08778051 0.03162125 0.2133319 0.0793182 0.08775735
0.03891016 0.07170393 0.05208019 0.1741383 0.1679034
0.02126337 0.2040075 0.07146342 0.03621471 0.04967763
0.2446861 NA 0.04377891 0.2272469 0.03897739
0.03285547 0.05639735 0.1124132 0.1541787 0.01309145
0.1573163 0.1623213 0.2369675 0.0147096 0.03619927
0.02834096 0.003413398 0.09258158 0.1179965 0.02790907
0.1829418 0.04285878 0.1290493 0.0442479 0.1447374
0.1460059 0.1012748 0.07022939 0.1227857 0.07552847
0.01084172 0.03105766 0.09444633 0.04681534 0.1095421
0.03149507 0.0552639 0.0917734 0.02342764 -0.004145967
0.04895 0.05636481 0.1337735 0.02612179 0.04951343
0.05710016 0.04421406 0.00992078 0.08146126 0.04864754
0.09180139
