NA NA NA NA 0.02687129
0.2226329 NA 0.1720021 -0.001932989 NA
NA NA 0.07245531 0.2835204 0.1522437
0.1521985 0.2020037 NA 0.03164004 0.126531
0.140952 0.03884381 NA 0.09006129 0.09756056
NA 0.197395 0.1358527 0.1029234 0.03023308
NA 0.08057623 0.2682652 0.2352635 0.03701154
0.1162364 0.02760761 0.02679719 0.008680836 0.03669032
0.1273124 0.1533694 0.155562 0.003353123 0.155973
0.04985883 0.1230717 0.2358434 0.1684617 0.02840581
0.1081038 0.04499425 0.1698269 0.1126364 0.04689566
0.1600255 0.04011871 0.1128555 0.2267354 0.1108173
0.06165294 0.1869793 -0.003995816 0.1377904 0.1148422
0.1159862 0.03221084 0.09525759 0.02745725 0.0766729
0.06630789 0.01432676 -0.000377112 0.05927825 0.07291932
0.1035098 0.1252152 0.04222105 0.06855161 0.06103139
0.005971615 0.009580321 0.02134232 -0.008669194 0.07430628
-0.007114899 0.0117274 -0.007469602 0.01754505 0.009049907
0.01649425 0.04719916 0.05295105 0.05838209 0.04324108
0.03767205
