NA 0.2819882 0.1978993 0.1033973 NA
0.1357592 NA 0.1706968 NA NA
NA NA 0.1706968 0.1776782 0.2083168
0.2996547 0.03349409 0.2820936 0.0006013888 0.2082206
0.01710048 NA NA NA NA
0.2395279 0.1707215 0.05081214 0.006228936 0.1589319
0.1135948 0.09580505 0.08865765 0.3316638 0.1283518
0.1112916 0.09168315 0.1606542 0.1525285 0.06973009
0.02461839 0.24284 0.2610298 0.1203987 0.01049898
0.05334855 0.2549608 0.07169237 0.08599838 0.1047403
0.1406269 0.1355227 0.09029335 0.0251772 0.1239324
0.1079776 0.06650798 0.01505105 0.080931 0.01118918
0.009130539 0.0545501 0.1548809 0.06182321 0.02818343
0.05035065 0.04524241 0.05316604 0.2027473 0.2190479
0.02472317 0.1374462 0.05903449 0.1022073 0.1582147
0.065711 0.04176894 0.0855366 0.065773 0.1379221
0.02286948 -0.006931065 0.003920266 3.571824e-05 0.04961096
0.02959254 0.1032079 0.05539228 0.08222445 0.0288718
0.04785057 0.00853367 0.04855266 0.02046542 0.02596195
0.1136549
