0.08944328 NA NA NA 0.1939246
NA -0.04550358 0.1976736 NA 0.262475
NA NA 0.09047832 0.09694194 NA
NA -0.05060483 NA 0.1557471 0.1862065
0.07183072 -0.03073016 0.301923 0.07099075 -0.06178838
0.274539 0.07934055 0.05477109 0.01426694 0.106657
NA 0.2725709 0.1582683 0.05824416 0.04784368
0.1146885 0.1799173 0.1019272 0.2551038 0.0780536
0.2160094 -0.002264982 0.05052441 0.2626921 0.1540097
0.1586573 0.1556741 0.005174922 0.2484748 0.1908035
-0.003574372 0.06066736 0.02650878 0.1087288 -0.004264073
0.03328838 0.05157759 0.05698606 0.05722877 0.01217883
0.09464995 0.09656837 0.0598575 0.2067329 0.07082039
0.1030919 0.1529468 0.1033886 0.04697242 0.01391853
0.1141008 0.08168126 0.03011296 0.1067468 0.158708
0.2198113 0.0315327 -0.00184114 0.1111142 0.08830859
0.02996992 -0.0004539391 0.02549953 0.09569362 0.06800909
0.03291881 0.06795713 0.02330391 0.05255212 -0.007160016
0.01073623 0.01769598 0.01244859 0.05453793 0.0185463
0.0313215
