0.2432465 NA NA 0.3030108 0.1457853
0.1251068 0.08162359 NA NA 0.1402656
NA 0.1392623 0.3118392 0.1466848 NA
0.1316197 0.0342184 NA NA 0.1697931
0.0439629 0.1066748 0.1938648 0.03773264 0.06119375
0.09101378 0.1825911 0.1380278 0.04345161 0.06150075
NA 0.1380499 0.08015254 0.1185503 0.1595107
0.2916813 0.2817611 0.103162 0.02511519 0.08434114
0.09853581 0.02155772 0.3450444 0.06197965 0.09770736
0.05620626 0.009484425 0.03127212 0.09433462 0.06170808
0.0747093 0.1529065 0.1590584 0.09671968 0.1002162
-0.005660513 0.1816279 0.2212513 0.2596167 0.1177025
0.1456767 0.04621716 0.06275005 0.1853832 0.03722825
0.06849226 0.05148245 0.04323495 0.09125132 -0.0126488
0.01482276 0.05870784 0.01151461 0.02172977 0.1121675
0.09725587 0.0870403 0.09799146 0.03629869 0.04948245
0.07275785 0.005242081 0.01721446 0.03151359 0.06627453
-0.006052564 0.03851107 0.09948966 0.03812276 0.01060657
0.01629015 0.08358265 0.02135607 0.04264939 0.006967772
0.05777626
