NA 0.1978993 NA 0.05075175 NA
0.1459919 NA 0.2293544 NA -0.009492136
NA NA 0.1246181 NA -0.01980415
NA 0.01462631 0.3264802 0.1706968 0.2211288
0.08933073 0.1383019 0.03943544 0.155074 0.009612637
NA NA NA 0.135578 -0.003298774
0.1251068 0.06404212 0.06130687 -0.01179753 0.07213889
-0.01442792 0.1378001 -0.01906555 0.297669 0.05724348
0.1404316 0.1903697 0.05408418 0.177041 0.2519302
0.08632779 NA 0.2186979 0.006558804 0.1601045
0.05702981 -0.01886281 0.1803511 0.1083609 0.06756162
0.1561459 0.214865 0.02558547 0.2213009 0.2100798
NA 0.1440322 0.04028395 0.1158197 0.04942221
0.03549438 0.1301358 0.09280862 0.2107787 0.03054821
0.01383232 0.03294824 0.04464412 0.1292374 0.1516619
0.08636648 0.1004831 0.1748475 0.1181331 0.02563451
0.008469992 0.01525589 0.01300092 0.001318744 0.01165226
0.05059551 -0.007169674 0.06931479 0.09610148 -0.003995976
0.0008607188 0.05269116 0.06243778 0.1326627 0.01626431
0.007538253
