0.1706968 NA NA 0.1729759 NA
NA NA 0.0476826 NA NA
NA 0.02976432 NA 0.2885807 0.2948123
NA NA 0.0674367 0.04287792 0.04196584
0.1556018 0.1314623 0.06729065 0.1522496 NA
0.2340382 NA 0.07295845 0.06503757 0.2635062
NA -0.03320438 NA 0.2444459 0.08827764
0.0002732691 0.1897328 0.05392655 0.1012645 0.02266587
0.182736 0.179467 0.07111832 0.06920466 0.1121411
0.2425399 0.1142865 0.1175331 0.07771864 0.1099501
0.01353205 0.07679737 0.1140346 0.124169 0.08413451
0.05444351 0.1351248 0.09426912 0.06400931 0.001107528
0.2386481 0.1107768 0.126839 0.07300435 0.1036725
0.186309 0.2264528 0.09408038 0.09682214 0.08307563
0.05893465 0.0259367 0.05686923 0.0009911973 0.04967923
0.06259416 0.07295319 0.05735201 0.1050764 0.1451773
0.03563946 0.08533328 0.02369021 0.01010603 0.005826961
0.07213611 0.0438469 0.01087297 0.05579773 0.002826443
0.03630983 0.0350641 0.02176174 0.08867747 0.04801003
0.01604216
