0.137286 NA 0.1251068 NA NA
NA 0.1978993 NA 0.141892 NA
NA 0.1052847 NA NA NA
NA 0.1337835 0.2316795 0.1779779 0.1251466
0.2529608 0.03413822 0.1197909 0.04170634 0.1511582
0.04441799 0.1580537 0.2232347 -0.03519838 0.1961875
0.2631995 0.01436408 0.24447 0.2167597 0.1440034
0.002460476 0.1390156 0.08075358 0.1062546 0.01800232
0.05873714 0.06919965 0.0372508 0.02396006 0.1937212
-0.01573461 0.1703881 0.2542831 0.1105943 0.1259484
0.04630399 0.0151395 0.07606057 0.09288841 0.1536067
0.07778163 0.1124708 0.1051035 0.2218561 0.1430306
0.05384164 0.1759816 0.2522974 0.2084423 0.137808
0.1271772 0.1083441 0.04843197 0.09181479 0.05482267
0.1325196 0.115255 0.02507569 0.04903793 0.09565308
0.07312062 0.06535871 0.09498573 0.04244013 0.03886648
0.00312149 -0.0004144339 0.008611135 0.01972951 0.05227019
-0.008235587 0.06926653 0.008474536 0.07583286 -0.01190844
0.02018469 0.04905502 0.07412462 -0.01190763 0.02241483
0.09547291
