NA NA NA NA 0.1099102
NA 0.1316197 0.197395 NA NA
0.1944882 0.1246181 NA 0.2963437 0.1511582
NA 0.08421844 0.138552 -0.007433617 0.2309788
0.2746963 0.1914393 -0.06919328 0.171284 0.2557093
0.2307346 0.1061634 0.1503228 0.1693943 NA
0.01887585 0.1263025 0.1266257 0.01000339 0.07541596
0.03635189 0.1378936 0.1743189 0.09663507 0.147707
0.1210699 0.05298966 0.1863151 0.2436782 0.08301761
0.159418 0.1240232 -0.06417041 0.06496469 0.1433448
0.1374492 0.07586257 0.1480952 0.06006673 0.05794428
0.1204255 0.1759921 0.09729044 0.08733961 0.04097969
0.04859733 0.017769 0.05451825 0.06006581 0.1279537
0.09301074 0.03649756 0.06719934 0.05852209 0.07952666
0.07302315 0.1258207 0.04452873 0.06725904 0.1769699
0.1734772 0.1744314 0.06888958 0.008845799 0.07742004
0.02328712 0.0001326537 0.0173329 0.02148302 0.01140848
0.07899636 0.02713813 0.09045106 0.002415357 0.04093648
0.02325499 0.07568573 0.09545463 0.0103921 0.007335369
0.04937601
