NA NA 0.2346813 0.1706968 NA
NA NA NA NA NA
0.03918051 0.08234067 0.1706968 NA NA
0.2996547 0.2752527 0.1079127 -0.05061746 -0.0637358
0.01352923 0.1477079 0.1615943 0.1929161 0.05870806
0.08041617 -0.04035014 0.1793053 0.01794306 NA
-0.03243479 0.06545499 0.08773647 0.1416443 0.128776
0.1814183 0.06879713 0.06233768 0.1327105 0.04364508
0.05196735 0.1006894 0.1503931 0.1384048 0.1347081
0.2938336 0.02005446 0.1658791 0.04819039 0.07605057
0.07266143 0.01085031 0.1266218 0.03953585 0.1350671
0.1317607 0.06264644 0.01918083 0.189792 0.07656588
0.07048626 0.160508 0.06750752 0.08718178 0.1796976
0.1041482 0.01945448 0.06710809 0.01462561 0.1867368
0.01654582 0.08519097 0.06583196 0.1068102 0.07769472
0.03818608 0.03960041 0.08377087 0.02272367 0.05094756
0.04725163 0.02085664 0.03916978 0.006730686 0.0167023
0.07823855 0.01498046 0.01628865 0.0315955 0.03503392
-0.008984212 0.04926103 -0.004355726 0.02202617 7.947299e-05
0.02980007
