0.1246181 0.1858932 0.1939246 NA NA
NA 0.08434114 0.2652405 NA 0.1939246
NA NA 0.06934354 0.09756056 NA
0.2819882 0.1200725 0.1503228 NA 0.1343532
NA 0.1611259 0.08498461 0.142985 0.2883664
0.2069851 0.06264049 0.1099102 0.06518729 0.2139195
0.2734948 NA 0.09893449 0.08242528 0.07474358
0.08513962 0.1447435 0.2511109 0.2153157 0.1643094
0.2761899 0.09152159 0.1052211 0.07556323 0.2094033
0.08516981 0.02450229 0.1711761 0.05502468 0.1576559
0.2497319 0.1217263 0.1244267 0.1177497 0.1444904
0.1184178 0.038546 0.05707428 0.1825831 0.07163076
0.06604153 0.1097124 0.1390878 0.04345733 0.1139796
0.08614664 0.04533113 0.01438505 0.005625857 0.05481665
0.04418703 0.05499196 0.0338103 0.02443243 0.01790309
0.1439805 0.06280791 0.08272051 0.03211236 0.1123667
0.03473194 0.008745256 0.02408295 0.04261853 0.0419033
0.08214362 -0.009966813 0.03932651 0.07404406 0.1017016
0.07372901 0.01235429 -0.003191273 0.06411938 0.04885082
0.05007764
