NA NA 0.04440696 NA NA
0.1312092 NA NA NA NA
0.03622075 0.04427335 0.1503228 0.0339352 NA
NA NA 0.1827295 0.008465406 0.1677387
-0.00111299 0.05018721 0.2378083 0.2544953 0.1706968
0.2140966 0.3016322 0.13678 NA 0.1346014
0.2329109 0.1680618 0.0105151 0.08493121 0.05846106
0.1373491 0.1587138 0.2005994 0.1386928 0.0329587
-0.06952997 0.1931181 0.1810767 0.08512814 0.1086108
0.01247383 0.09066132 NA 0.05220245 -0.01109277
0.04172858 0.1773973 0.2099618 0.1572436 0.0384946
0.0261823 0.09454321 0.09459696 0.1343505 0.06003376
0.1153692 0.1786786 0.07669125 0.2008564 0.1579214
0.1062251 0.05277694 0.01158397 0.086778 0.04758711
0.07762858 0.1307045 0.1530755 0.1043431 0.07127998
0.0100908 0.04796345 0.07328603 0.05518096 0.1176964
0.00928527 0.0355015 0.07490029 -0.01408471 0.03609118
0.02466853 0.05310322 0.05078846 0.05162131 0.07213161
0.03150646 0.04696994 0.01188862 0.0446028 0.0127096
0.01198811
