NA NA 0.09845953 NA NA
NA 0.1879419 NA 0.2329282 NA
NA 0.1096629 0.2803574 NA NA
NA 0.1862308 0.1011399 0.05956353 0.02010198
0.1056105 -0.01714746 0.1219372 0.1669134 0.1146325
0.05880878 NA 0.2525346 0.01024631 0.06873258
0.1521985 0.1310498 0.2328349 0.1947815 0.057177
0.1236908 0.1632466 0.1414046 0.1360261 0.1329478
0.05837467 0.1316197 0.1949822 0.2239851 0.146019
0.1870177 0.1817791 0.04066134 0.1833521 0.08712944
0.2232229 0.06539673 0.05834477 0.1146188 0.0887804
0.1146864 0.02655185 0.1141504 0.05951201 0.005885267
0.240087 0.01417615 0.1232157 0.119803 0.05168511
0.0484468 0.03535657 0.0991671 0.06021636 0.07830904
0.05260662 0.1024806 0.07467399 0.1331852 0.1173319
0.06351811 0.01153833 0.08011292 0.0847035 0.09026037
0.003286722 0.08065917 0.002836613 0.09772804 0.06691247
0.06793866 0.005819612 0.004879596 -0.001843834 0.01786906
0.0394808 0.024242 0.06807037 0.02121396 0.01981626
0.01724307
