NA 0.1425424 NA NA 0.2565104
0.08944328 0.09040955 NA NA 0.1866244
NA NA NA NA NA
0.2329282 0.09388508 0.1118902 NA 0.04417698
0.1977063 0.1355608 0.1501578 0.2228479 0.08561003
0.119582 0.1811089 0.1587074 0.07796333 0.06952074
0.2010856 0.189136 0.08860831 0.04013202 0.04840196
0.08803302 0.1389798 0.1043327 0.05144951 0.08693782
0.05793602 0.1177075 0.0445633 0.06015798 0.09891421
0.0360945 0.0914003 -0.02561629 0.05438805 0.05499543
-0.02227084 0.1469446 0.196032 0.1549458 0.1308826
0.06348189 0.04008163 0.1851893 0.03419464 0.09063673
0.06955559 0.1860724 0.07990077 0.1094157 0.05444578
0.03247744 0.1787305 0.03270192 0.1005405 0.1118864
0.02187796 0.04214985 0.03411484 0.03927967 0.1126096
0.05639725 0.02925205 0.1875039 0.03543155 0.01702009
0.04169099 0.02765128 0.03218289 0.04925264 0.02011933
0.01467589 0.04059373 0.06296027 0.02986156 0.01981375
0.04914319 0.08428852 0.02005047 0.04025384 -0.002282768
0.03680383
