NA NA NA NA 0.007332733
NA NA 0.1474488 NA NA
0.185941 NA NA NA 0.1405108
0.2203549 0.1261181 0.1135309 0.1335839 NA
NA NA 0.1537357 0.1133514 0.06685717
0.2624803 0.1802592 -0.002259928 -0.05118567 0.1226355
0.05904677 0.141892 0.0278184 0.2257895 0.0958327
0.1006383 0.02345581 0.0998205 0.1927776 0.1904786
0.04894168 0.1511543 0.04445569 0.1178757 0.09532272
0.1038183 0.1191877 NA 0.05734165 0.1536719
0.201799 0.1042738 0.08826636 0.1082101 0.155168
0.08212526 0.149022 0.0707104 -0.006147959 0.1182509
0.1062395 0.05625419 0.1402406 0.1897086 0.07123992
0.05552069 0.07247426 0.08302011 0.03242993 0.0774049
0.02486193 0.01095086 0.09107307 0.08682096 0.07157847
0.09439517 0.05193805 0.01109533 0.1001341 0.06112772
0.05002571 0.09222939 0.02495901 0.07096218 0.003063599
0.02394693 0.05493585 0.0362831 0.01100032 0.03556316
0.02132447 0.01778907 0.07956602 0.009803355 0.03293085
0.004019842
