0.1136496 NA NA NA NA
0.08054418 0.2414539 NA 0.04162171 NA
NA 0.166994 NA 0.1066248 NA
NA 0.06313868 0.1380002 0.12487 0.1640461
NA 0.1604442 0.06349112 0.1563156 -0.005169692
0.1238161 0.0414125 0.2546398 0.03566635 0.03258126
0.07784065 0.18735 0.07838799 0.01517248 0.2150017
0.202114 0.07917768 0.07329821 0.02108149 -0.002890834
0.05966988 0.2025936 0.02253036 0.02121391 0.2694606
0.03856038 0.1064499 0.1054964 0.2032393 0.09879976
0.1063689 0.09297723 0.01169984 0.06938524 0.05939525
0.09530101 0.1771847 0.05577233 0.1726402 0.2027609
0.1432291 0.08383361 0.1082832 0.3185435 0.04699807
0.07588333 0.01641646 0.06798041 0.09758904 0.119442
0.1604072 0.09348874 0.04975182 0.06332091 0.03217722
0.1073946 0.006718112 0.03246636 0.05589006 0.0673636
0.05339779 0.004732757 0.01808088 0.02179784 0.05546006
0.007962321 -0.002947541 0.03622207 0.08259112 0.03316779
0.03042806 0.04180007 0.1042408 0.01319753 0.08842523
0.02063357
