"quartet" "wQuartet" "cluster" "phylo" "mutual" "shared" "clusterNorm" "wNrqs"
"mb49" 0.74390243902439 0.852746978946057 0.234020588266116 0.743640602414216 0.185890897855361 0.090780883894003 0.108777950094181 0.18993902788463
"mb50" 0.70705637007435 0.780084060410879 0.240252852422294 0.363677720996087 0.177948272027215 0.121819883417092 0.184243487824123 0.184649266560848
"mb51" 0.674193798197297 0.775668225688516 0.266243412001629 0.15275364744807 0.180989517130365 0.104011751869781 0.229681550775587 0.189306077524181
"mb52" 0.67578223956941 0.779326180052046 0.268872533691622 0.152744762395672 0.179967662435679 0.105515456312409 0.232982970229965 0.187209562922795
"mb53" 0.797789688719442 0.828758103727715 0.223292710793778 0.658409791985976 0.177117878018746 0.108623841058858 0.124279747027842 0.159792024141107
"mb54" 0.916666666666667 0.952783825816485 0.25109186251766 0.916627409589235 0.215695849334906 0.109140405444572 0.129856066706085 0.211288578811446
"mb55" 0.874981340660729 0.885025306599182 0.221289930596475 0.775093355090459 0.177518245618783 0.115622070038161 0.121746661873536 0.157183205166751
"mb56" 0.698898770920707 0.718992133435855 0.19579578954864 0.309233758446974 0.142285873970768 0.0931233503549575 0.108651523691028 0.121503881404995
"mb57" 0.827633894810134 0.876692862525568 0.264750710172906 0.70404893032658 0.211638284399259 0.137443829220985 0.170745781400702 0.180332788610264
"mb58" 0.752941176470588 0.861345349211458 0.228718085646629 0.752813866121291 0.187368013411735 0.0913664016556211 0.104635848009032 0.174283019724121
"mb59" 0.748063172731764 0.770493045818016 0.215193572146383 0.507248408153725 0.168553247216742 0.108894896170586 0.129928403903264 0.145174891238417
"mb60" 0.650602409638554 0.74829105271153 0.213890470552132 0.470410669012801 0.170852296377835 0.0806126124784103 0.0861662562851412 0.141922109206079
"mb61" 0.756274623428532 0.751118597673317 0.196123119592754 0.610847549982089 0.151260772686723 0.0936565586088944 0.0926640327800527 0.126336973844095
"mb62" 0.84837326204271 0.8448432760364 0.23029579883675 0.676763978454805 0.183835754137231 0.109554546453631 0.13150726972229 0.16154726496734
"mb63" 0.757388743727619 0.792982755676968 0.204124423250947 0.66852671794464 0.163024227887405 0.104528999110758 0.102380448463769 0.163368851205283
"mb64" 0.845238095238095 0.914579580452089 0.255687166888338 0.845056140060905 0.216704513438687 0.109917019348523 0.135971779983171 0.207942826699048
"mb65" 0.763420910791381 0.740244388547551 0.175235585209285 0.597095113229036 0.137251676113259 0.0915562441315275 0.0858473851066339 0.116385333210949
"mb66" 0.775271024535096 0.805299973096583 0.229010352940252 0.542512987623416 0.177733393128525 0.113379390620229 0.145581304352364 0.132582316985659
"mb67" 0.678631498296753 0.750126942989991 0.242063798530786 0.187811190708767 0.167972252663935 0.0905462830644464 0.201769115163093 0.172612639584138
"mb68" 0.657238197700254 0.725737349795319 0.218988556614371 0.0943954203945169 0.145423937965198 0.0736783055079157 0.180664244527729 0.137844416097342
"mb69" 0.833333333333333 0.900064336264208 0.213457834396549 0.83319610039126 0.176915294963271 0.087872663059829 0.0856579634023793 0.161511552456382
"mb70" 0.771084337349398 0.786159786159786 0.195987576900848 0.76810166110987 0.159518716205684 0.0786297285009316 0.0646887147069288 0.130142572884594
"mb71" 0.729411764705882 0.804933857704684 0.216445720361885 0.729139688321024 0.172516046705709 0.0835605232475979 0.0903891300040982 0.15330640213922
"mb72" 0.785714285714286 0.814696083977623 0.204719724294033 0.785521066563846 0.171159337552788 0.0828011040524329 0.0756592203205006 0.172949935389507
"mb73" 0.678348413674591 0.767101894270103 0.258260085581406 0.164594371955508 0.175808568010419 0.0927034361997205 0.220865919259418 0.184212709343423
"mb74" 0.761904761904762 0.785406041584935 0.196095775639268 0.761756575769461 0.156399118720127 0.0754940392960916 0.0653547725437415 0.136733488513555
"mb75" 0.679448002672175 0.737938996948669 0.229192428005004 0.234832616233982 0.158836727753436 0.0893216911375256 0.182976838004085 0.163291131750752
"mb76" 0.781558538142933 0.753312621152978 0.176511462369989 0.655012391074611 0.138154163164528 0.0853587560893446 0.0709821315608372 0.127155138052792
"mb77" 0.668461386525139 0.669839802252958 0.180929354373967 0.237258774695024 0.130993870491016 0.0741199375774344 0.10257018145516 0.110244037072455
"mb78" 0.788235294117647 0.788182831661092 0.157039283345627 0.787976949565668 0.124558282937459 0.0591187394250271 0.0214255083866249 0.0764762420385288
"mb79" 0.729980514173933 0.772286773794808 0.208731736794397 0.536283024254282 0.160782901852404 0.0923025575238663 0.107237427580832 0.138643592222097
"mb80" 0.655436538963265 0.63461907258013 0.163958043187291 0.189461116900369 0.113601058718354 0.0709431267730022 0.102408170539565 0.0786702014435051
"mb81" 0.730285748026535 0.785812495630491 0.207803023592957 0.579938162658547 0.164509984598117 0.0903228965780313 0.106376994345757 0.152933930947694
"mb82" 0.673918850941436 0.77582047948354 0.265405405545041 0.152749707385793 0.178083616293758 0.101972434003899 0.229120529532254 0.186131788110372
"mb83" 0.745881902343727 0.815934802024412 0.224563757801631 0.518540416160891 0.169824681691811 0.118916165084416 0.150406978808741 0.167035528852447
"mb84" 0.756460158696607 0.743448582875798 0.193327974869287 0.487395957862737 0.145578250109655 0.0818125103063759 0.106071669569364 0.11799144162397
"mb85" 0.655567509797819 0.638196850663831 0.169056583108743 0.215762514649777 0.119943259538442 0.0727004014150714 0.0971568967590888 0.0924713587737095
"mb86" 0.654660518997255 0.646000575528146 0.171043393119132 0.153715506056473 0.117735940961258 0.0704753367409337 0.119357343050857 0.0895299820499469
"mb87" 0.80952380952381 0.779414935671674 0.176585542888725 0.807070431137396 0.149335232971195 0.0721260988304622 0.0436014800201263 0.142120618492022
"mb88" 0.71061118137009 0.704961318994842 0.202467547040145 0.363508178666025 0.14254872924805 0.0949970440705337 0.133446686976557 0.10931773808367
"mb89" 0.665642234145372 0.65374307353124 0.172213478041037 0.153660813993197 0.116377093874636 0.0674905877178271 0.122717120410138 0.0887684455923187
"mb90" 0.734763111448198 0.777480117203851 0.213849437410815 0.527809488809497 0.165081878477275 0.117708695208921 0.138741804191437 0.16809627960878
"mb91" 0.670684331211264 0.639130388666344 0.162794412000347 0.177516808903301 0.111303771382919 0.0677697449213697 0.104919585618172 0.0747592439507231
"mb92" 0.734939759036145 0.707495285983658 0.168064446485475 0.734758982534484 0.134063544134386 0.065419938030936 0.0335566815117509 0.10454091097753
"mb93" 0.882352941176471 0.846985446985447 0.156089641734695 0.882209416425371 0.132109986363754 0.0635888799408224 0.0203230903993185 0.0983153585967957
"mb94" 0.643043735153552 0.640840133826627 0.172023308438633 0.106429638120035 0.112097929675736 0.0705970446798205 0.125770583364209 0.0844047688194838
"mb95" 0.74390243902439 0.794374678710435 0.198247903218025 0.743745123990469 0.15829184733888 0.0764810658706675 0.0685958353915622 0.131898311079261
"mb96" 0.662019420275219 0.687422607248611 0.196518820191145 0.106446522330112 0.125615144109505 0.0688703296325875 0.156056909206013 0.106842566464828
"mb97" 0.638776804238507 0.668382688111975 0.182393472275095 0.0826074538918988 0.121720999521919 0.0703615356956281 0.139908645906701 0.101979335220359
"mb98" 0.654812176824705 0.714365638922929 0.211654844671385 0.0944082680663265 0.140578208247527 0.0758293223623371 0.172736340865674 0.129873033408575
"mb99" 0.728234306981977 0.793937759692108 0.210058042202074 0.530973179564973 0.164131565001493 0.105304262229212 0.124506302978647 0.147439136409894
"mb100" 0.727723204416813 0.691294944043178 0.174727211366669 0.456780013720527 0.127853271242635 0.0748228388479069 0.0960373457500062 0.0937348797228861
"mb101" 0.669046024956826 0.750783733493266 0.241983804453285 0.175970706010377 0.168458333941574 0.0811972085354344 0.202519320008192 0.171540534297176
"mb102" 0.793572078110922 0.746141315742787 0.190359220624734 0.526104808610149 0.144101672693088 0.0807571856268584 0.102494202766251 0.111069003692513
"mb103" 0.738756541692073 0.768500695410292 0.20357462610298 0.562889777866393 0.159985014701184 0.108266651214786 0.117421596115913 0.162625730531413
"mb104" 0.8 0.87000814995925 0.195716937861043 0.799756007923131 0.158184019300962 0.0763115707541148 0.0663255438882077 0.14946853850947
"mb105" 0.652535452601162 0.663945891485214 0.17448701496542 0.129987855587729 0.118082502978816 0.0662315670842876 0.128374030360476 0.0909135618190872
"mb106" 0.651139207222489 0.627730616864743 0.163318314182519 0.203590656307234 0.114034019571661 0.0701922779461502 0.0969639144036786 0.0823724024950197
"mb107" 0.738095238095238 0.70832239432922 0.156044509454349 0.737904751523642 0.125276728388088 0.0589831307544405 0.0201293674227071 0.0831383760194882
"mb108" 0.773809523809524 0.696492271105826 0.146417305196088 0.773602308106993 0.118821848905411 0.055611655551492 0.00781728204298724 0.0759904702521443
"mb109" 0.65152557182053 0.702910288308406 0.203840376015123 0.0944230698544082 0.135181489190349 0.0769963472716922 0.164198251183535 0.121133678209542
"mb110" 0.718261025865664 0.777000909715389 0.230590576142592 0.399032915842507 0.171985604472984 0.120696778822697 0.169588498696936 0.177775087037239
"mb111" 0.673979200773199 0.774867688092803 0.261961893537096 0.152749707385793 0.177004940741931 0.094261721461371 0.225506927236142 0.183789460713147
"mb112" 0.696990924999184 0.720230760613868 0.197991416067709 0.373316238976489 0.148233369519232 0.0855954896738894 0.0951502746951977 0.128071997486371
"mb113" 0.717647058823529 0.56135881104034 0.131498233947304 0.717476691048903 0.10591971788441 0.0472226192208465 -0.00822453216263597 0.042933708342806
"mb114" 0.685733013550096 0.742823062806107 0.226553814816127 0.25754719843736 0.160317778737372 0.0901821281586578 0.180210477801994 0.163595313345249
"mb115" 0.790038960054742 0.743927740637509 0.179030396274385 0.516162574780758 0.133635005079979 0.0850206396352051 0.100755298838664 0.0940927276986529
"mb116" 0.726423470068453 0.766734003677055 0.202044275150449 0.52743017858226 0.156133731848478 0.101962306462096 0.115725699996408 0.158233688620784
"mb117" 0.646972668239759 0.62164946263965 0.161721667268061 0.189618499443026 0.112902077536277 0.0697897592607219 0.0952167788370407 0.0809939825845039
"mb118" 0.751359614827008 0.800800462918314 0.212835725266835 0.530973179564973 0.163563770632694 0.10403598917483 0.127584812724224 0.159814565032935
"mb119" 0.716178159964799 0.765715428984121 0.21405421401573 0.457349985839895 0.163579989905258 0.111973112194716 0.146284411839907 0.16501341164167
"mb120" 0.657126860756384 0.67078096602555 0.188969706716769 0.10646144422266 0.120260038169417 0.0742018011366295 0.146811968094318 0.0963562447909408
"mb121" 0.684876009952779 0.649681599366529 0.174900996507735 0.364065259837741 0.122078230507994 0.0764720335830207 0.113867721353917 0.10597368598435
"mb122" 0.658647310018337 0.644436474810446 0.163545919283392 0.153839202614119 0.110721982967652 0.0700871359918715 0.111389088278198 0.074487963178651
"mb123" 0.660583949529836 0.68002137380246 0.192945100727161 0.106452050711742 0.124214549249043 0.0728239512047815 0.151715039816753 0.102008964879168
"mb124" 0.788235294117647 0.792449250616581 0.189721599966674 0.785521066563846 0.157053283509625 0.0761712994075878 0.0593656884452191 0.158109112593638
"mb125" 0.80891525048001 0.783466881168208 0.189086998104209 0.563039668335752 0.144933333585048 0.0874151996188852 0.101593245936151 0.110291561661898
"mb126" 0.730228256951313 0.677880888812333 0.169803692533632 0.43452573353529 0.121754686064444 0.0744114016540461 0.0902807814207391 0.0765304677891022
"mb127" 0.688611580368866 0.688963508855343 0.187270047788869 0.3251464016892 0.137614901378302 0.0778871165692791 0.083131103255331 0.109451129300934
"mb128" 0.702380952380952 0.753475087273881 0.194696308917586 0.702031038578663 0.156964936828404 0.0734917855080024 0.0640091745855018 0.157454171986144
"mb129" 0.752941176470588 0.819623461259957 0.212888233733648 0.75269780503595 0.175631757704757 0.0810919397200901 0.0862593222919841 0.165667896575533
"mb130" 0.761193316406425 0.77368890139788 0.210759692237165 0.597334978933424 0.168355385398775 0.0986555717551807 0.109918926670985 0.150376111531766
"mb131" 0.752941176470588 0.801588975602897 0.188346430043061 0.752755835578621 0.151502238432202 0.0716884416153102 0.0577692840312355 0.128609187569188
"mb132" 0.652750204548419 0.712310313872419 0.20931328996942 0.0944082680663265 0.138306608494063 0.0722111846201114 0.170279189835167 0.127473090532557
"tnt1" 0.819341903458757 0.771107951270128 0.154343056321381 0.690123673608167 0.115422828770678 0.0710348832007575 0.0463177533929082 0.074150264012896
"tnt2" 0.633154255041296 0.611540275713536 0.16119853210402 0.106411376163082 0.10291794492536 0.059356117600683 0.111039723404326 0.0751301422666997
"tnt3" 0.671117200378093 0.76094360528997 0.251412067419036 0.12960725460441 0.167243183297554 0.0863477021869458 0.214800815290374 0.171347414809845
"tnt4" 0.666290331649999 0.739830575734374 0.232829242679142 0.176129173801726 0.160159841847236 0.086730436054748 0.192074112744629 0.161857044235545
"tnt5" 0.678571428571429 0.673789599521817 0.181353374797325 0.682945366413003 0.145419128983176 0.0678246042359076 0.0483370691674221 0.10710264610119
"tnt6" 0.674345607353306 0.73786636580168 0.231568518662098 0.199801508772481 0.159208426275287 0.0879082973558985 0.189747408534159 0.163500178397983
"ufb1" 0.764705882352941 0.874527933324652 0.240551932564865 0.76168354965014 0.195447450905428 0.0952653176281491 0.118373499720496 0.16965519772085
"ufb2" 0.71280020533029 0.708418052256532 0.196556911441103 0.424124934536714 0.146487396042584 0.0904742277049029 0.11977070137968 0.0913571272606447
"ufb3" 0.667997728927534 0.727386929797438 0.22837664497416 0.188183893470376 0.15566986097725 0.0735975869320446 0.186361932241258 0.158790015802231
"ufb4" 0.687823030396701 0.669759350536387 0.182868138428628 0.328181994177646 0.128294421896894 0.083914839386006 0.118010943127146 0.082387511240274
"ufb5" 0.657886310830734 0.645225025556443 0.1718122504494 0.282140472901215 0.115392658984501 0.0754367904117364 0.110706602925037 0.0683558868709682
"ufb6" 0.8 0.755785675060799 0.162663946343047 0.799814038465801 0.136747086988534 0.0653720893035876 0.0279550555226316 0.112858058348072
"ufb7" 0.638253394144277 0.649558258618099 0.168640612071325 0.209814545443733 0.116423654914225 0.0683628279167164 0.120707760279382 0.0864584814576321
"ufb8" 0.639498077284081 0.644930985245121 0.166654595348765 0.200730744370583 0.115401896113624 0.0657351569825017 0.116826692674155 0.0846401253064264
"ufb9" 0.660002519855201 0.640533778148457 0.167113119529404 0.366675574039855 0.120150080176932 0.0678614186576732 0.0873482290919701 0.0892661274403972
"ufb10" 0.797619047619048 0.748536743984392 0.148439958824576 0.7974398250207 0.118811176275387 0.0570089649855955 0.0105197878537672 0.0740506718855148
"ufb11" 0.751384464604685 0.709317877842176 0.153456715721694 0.656888081012221 0.118002585799985 0.0745008310400321 0.0453181905078778 0.0729849817520283
"ufb12" 0.642487018847357 0.642223919224144 0.171376499837162 0.198542557103534 0.111888899823819 0.0651803656128083 0.126356759686868 0.0831902923338398
"ufb13" 0.660943533549019 0.651422805247225 0.170313002940116 0.374301223057443 0.125403516368691 0.075231743439084 0.0909381807336502 0.09015258610774
"ufb14" 0.635533814287106 0.654984756991265 0.175770576076084 0.162877302730329 0.11567340525625 0.0626582103397864 0.132050417445548 0.0961151732545438
"ufb15" 0.78818067183048 0.736881229424883 0.176934513860822 0.527655014286298 0.131826241119934 0.0720453696081299 0.0881295650019581 0.106883192947654
"ufb16" 0.733815943977669 0.683996886120996 0.181285769333281 0.35114742582433 0.1231900701866 0.0781259953238974 0.116319120759055 0.09428399311127
"ufb17" 0.719620667726992 0.757259797868935 0.216416685184171 0.422657438599729 0.161634684524829 0.112988156470061 0.14870173890875 0.166154358195566
"ufb18" 0.640431841131756 0.630072077866519 0.159608885827782 0.268825095337074 0.108313257563507 0.0731873801134355 0.104630175773439 0.071976449744818
"ufb19" 0.659816486187917 0.652199934868902 0.172150638843388 0.269473787727285 0.115266774563824 0.0773578054479796 0.117908994636844 0.0669514211508884
"ufb20" 0.654874891915991 0.657248549985538 0.171448818105758 0.245921575006087 0.114552693261087 0.0723800699264456 0.119717603606144 0.0660200296119772
"ufb21" 0.768624639347916 0.82664363845711 0.218441070477809 0.627782329532596 0.171964628616364 0.102511613168886 0.118377044478046 0.170400163480412
"ufb22" 0.72895327750939 0.70310672236992 0.179894293245036 0.463550393215197 0.133815559418896 0.0740009303616957 0.0913606586241787 0.102211511801337
"ufb23" 0.720167058321034 0.733717666691952 0.193716559386775 0.499243142401649 0.147561329454214 0.0922606169198747 0.106444197233623 0.109944024101056
"ufb24" 0.652515407129607 0.656977800104334 0.170943352832272 0.200857212956882 0.116265890238713 0.063890190370822 0.123143267847576 0.0879317211065569
"ufb25" 0.666441539484209 0.627455601019731 0.161057200465651 0.304319583371601 0.110594185350131 0.0618797771622357 0.0944995964999033 0.0809645122713399
"ufb26" 0.671044595271601 0.634825534787562 0.165353494568625 0.319175241440043 0.115037507347011 0.0624278405188408 0.0931941139806189 0.0891388550173694
"ufb27" 0.648720623649069 0.634907889473124 0.167822421771863 0.247980122367356 0.114453186116937 0.0698482173852573 0.113366692259659 0.0883534778505504
"ufb28" 0.811764705882353 0.870450245932652 0.199836099544231 0.809299864690344 0.163162735886466 0.0791986385817644 0.0711073877753075 0.139145834830639
"ufb29" 0.665196726117331 0.674032162001191 0.182941400156664 0.49119769212861 0.134360690626718 0.0837702040345361 0.078550811421918 0.0972669483608218
"ufb30" 0.55421686746988 0.580206105385962 0.18338758965513 0.548619865346536 0.139295907999344 0.0617673565127467 0.0495173327644203 0.0669186796640481
"ufb31" 0.768097923013475 0.742745142276996 0.165403980534588 0.662347407153763 0.131815120133568 0.0821171570998143 0.0587163299659544 0.101940494036639
"ufb32" 0.718516000189034 0.693534853156751 0.1743372028806 0.433240187609506 0.126857555319336 0.0731545233885818 0.0956101499050661 0.0899968747128587
"ufb33" 0.680371437563429 0.727338330017907 0.219700608622456 0.235052023542004 0.153599715983691 0.0871652988080189 0.170968883654515 0.159776860674597
"ufb34" 0.631933084949047 0.638844900606051 0.170081482938171 0.153189069588107 0.109906436265548 0.0625335199027516 0.124993432569873 0.0898443060591242
"ufb35" 0.620337683131998 0.624691074909373 0.165043621268588 0.162989456070757 0.108184570673018 0.0622333245256267 0.11840334182014 0.08716809349525
"ufb36" 0.768773064183976 0.77155992854842 0.187532235755768 0.539250045010305 0.144724190557789 0.0883218643005664 0.099870731940768 0.110303019793493
"ufb37" 0.67535787271956 0.74020896870962 0.232934118475446 0.187734949156486 0.159499874129549 0.0831913559702088 0.189979069587574 0.166792620129667
"ufb38" 0.677270141232631 0.743750388401106 0.235091744043088 0.189965370499961 0.161826883406822 0.0802967703687013 0.193426365200318 0.169192451477
"ufb39" 0.648163718712144 0.631248477960873 0.168063333272992 0.256218363779025 0.113211807103331 0.0649309682329896 0.10679884193584 0.0931884423507744
"ufb40" 0.773809523809524 0.703511346957209 0.136905062396602 0.773543589319784 0.108573389352549 0.0510235012024612 -0.00288332080887303 0.0589185320144047
"ufb41" 0.68915743524199 0.692504359899087 0.187628728996566 0.392993976812518 0.139661830253558 0.0884408862244111 0.10963597431491 0.116431784470785
"ufb42" 0.691063654177932 0.667249307226164 0.181470576065253 0.37527137153634 0.131478596688916 0.0842455145575723 0.110498726884988 0.117243076510574
"ufb43" 0.638564396615591 0.627901285732611 0.166312395678679 0.201108873878432 0.10732379179115 0.0614203456776183 0.118242452272824 0.080699428023492
"ufb44" 0.665522313943365 0.620638373435142 0.157790833093181 0.327357756767803 0.109679748073884 0.0647097264092819 0.0849776224536331 0.0748414877736748
"ufb45" 0.718622127953079 0.710087977710982 0.207530737972099 0.377177372281822 0.149553950520797 0.100561743398928 0.144739167160816 0.104165677908827
"ufb46" 0.645916393055578 0.702790669509816 0.207758117475409 0.15202075990331 0.137996719790638 0.0776261145499102 0.168647196642071 0.124073782680958
"ufb47" 0.629008732560543 0.624173297407492 0.164846357883085 0.210059040233775 0.10731318856475 0.0623385818861258 0.116691883588803 0.0803990451971432
"ufb48" 0.643523249679674 0.704317484704062 0.204971507947374 0.151832502554415 0.135619944961513 0.0676613884460091 0.165723065581161 0.123837136046583
"ufb49" 0.660978301664543 0.653276926084164 0.173727425133458 0.261526702162118 0.115595923362549 0.0774451079625904 0.11650857180232 0.0696385904005427
"ufb50" 0.647671144311404 0.62837164524465 0.164348627177758 0.247612723088948 0.109992741122276 0.064251779774068 0.106590231082308 0.0866541209602742
"ufb51" 0.678571428571429 0.57247790657638 0.141694742611099 0.678310959239374 0.107944323905545 0.0482807176301821 0.00377795665839864 0.0403881587602005
"ufb52" 0.705128912926279 0.756700148641953 0.220880576019722 0.375426520662736 0.163521558259059 0.111379213769504 0.15910864813927 0.169490976330737
"ufb53" 0.657202467802266 0.676077147878928 0.191007240711797 0.187131886118863 0.120954614656948 0.0705215715017894 0.14967818023328 0.0996578553743387
"ufb54" 0.652245426230969 0.628433631675823 0.159541302179398 0.272594760879709 0.108586465111071 0.0707292800290528 0.101441592962244 0.0719654103307833
"ufb55" 0.729411764705882 0.675235849056604 0.143937510542331 0.729197718863695 0.110555860971613 0.0504183138702257 0.00621594949863258 0.0475434151463738
"ufb56" 0.648240775094452 0.70593937722763 0.206796855666316 0.151832502554415 0.135816632335889 0.0676613884460091 0.167638525862685 0.125612824125108
"ufb57" 0.719102364382121 0.784176900183848 0.22200523492996 0.435474331138623 0.165642292326958 0.111684335005928 0.154760772615534 0.167047035102553
"ufb58" 0.623033685806332 0.638719829755048 0.168152802931983 0.153189069588107 0.111329343951659 0.0593006189418534 0.12295949326854 0.0900520047950355
"ufb59" 0.724653703644317 0.709237953856621 0.180511038294489 0.463625991000055 0.139041305909519 0.0769527855656766 0.0920439837259505 0.100157106766114
"ufb60" 0.649769211703504 0.633809355979992 0.167666783861903 0.244818887266547 0.11222417658485 0.0663638717638307 0.110115073882256 0.090376160100516
"ufb61" 0.645654332695397 0.619860389352071 0.163385277594222 0.268162301478654 0.111481864696838 0.0684170735124564 0.101776290440178 0.0842108595123822
"ufb62" 0.669104859114189 0.655143390784216 0.163767966112166 0.374581607348744 0.113736486869184 0.0750417364500043 0.0973723245835357 0.0979516004627857
"ufb63" 0.640033631405063 0.626894498054584 0.158165786154613 0.272484033171383 0.108834109614193 0.0704429685440361 0.0999760174115825 0.0714338424862071
"ufb64" 0.637343365818797 0.734387571064304 0.225006053809417 0.140367990669269 0.150335645172072 0.0821435806357449 0.187110241789998 0.145014114799251
"ufb65" 0.639750638136219 0.674381725457293 0.184883705094572 0.151399410710336 0.122436182059985 0.0631930723612938 0.14325372318496 0.104644038732949
"ufb66" 0.716522212762561 0.643235005249433 0.170310681331442 0.388168207860584 0.12163687968733 0.0755620032316083 0.0984568333086201 0.0947326701001469
"ufb67" 0.658145915062273 0.644320532170608 0.170699787812273 0.339203636964802 0.122448551962228 0.0727626239287378 0.0990026211152881 0.0942194956125883
"ufb68" 0.744299025908542 0.711915962225445 0.156249661316056 0.635048309707234 0.121365638373108 0.0725971311038088 0.0486901947414758 0.0700994610037796
"ufb69" 0.705005103056458 0.696440434157186 0.196816666867022 0.308155335227238 0.133337319986238 0.0905517837348228 0.133078003779503 0.102004187038815
"ufb70" 0.777638783562562 0.755619088171781 0.179540593100334 0.551219801907708 0.139081809255217 0.0795595575644505 0.0910168281053118 0.103314740783311
"ufb71" 0.777427500640356 0.75154587233003 0.198047713569206 0.496382657920118 0.145699306915915 0.0863320063461741 0.110843215622549 0.118604503201822
"ufb72" 0.717647058823529 0.537056813327638 0.123893391966625 0.717476691048903 0.0966138084572759 0.0453558381778086 -0.0170528253772702 0.0327297936643553
"ufb73" 0.682683677080953 0.66495106694685 0.178111912792652 0.3039578790548 0.120302679393112 0.0813551442366318 0.121196682459462 0.0757759991667301
"ufb74" 0.686031983323403 0.655175478396722 0.176503721536891 0.379881330855197 0.126545570385555 0.0816229523351862 0.110951353933708 0.111343593385209
"ufb75" 0.670470537571966 0.728816723800196 0.222583393412133 0.187627312650574 0.154057275721543 0.0699504029082344 0.177652082790304 0.156639935189358
"ufb76" 0.644342589690508 0.645369737085215 0.172671793231042 0.210211016546231 0.114267528804455 0.0666267247763685 0.127722427348433 0.0850041475757938
"ufb77" 0.647468421660724 0.696252189858145 0.201331427304737 0.163263961894802 0.132710522050887 0.0692587087669647 0.161564377703069 0.11938249306476
"ufb78" 0.645649470342293 0.686303846468654 0.195087828672639 0.163177957624324 0.127874230005701 0.0702748454529206 0.154554256559739 0.112096458198727
"ufb79" 0.737389260208735 0.671097557268923 0.163009737240918 0.469082922558716 0.119388333018703 0.0710452486021804 0.0832071549371362 0.0840526671937905
"ufb80" 0.696093935510912 0.659082412241541 0.172147114280193 0.317047673118671 0.115147354167783 0.0750954108325043 0.11107816141841 0.078876933314918
"ufb81" 0.685490486924678 0.742551270955064 0.222583250749559 0.257439124113493 0.159211063188782 0.0879892944989419 0.173996004908217 0.165244044546349
"ufb82" 0.741176470588235 0.623667492193389 0.13229642817318 0.740976777221158 0.105161313497352 0.0481369300303352 -0.00729792610215997 0.0478602194548795
"ufb83" 0.626006994377243 0.612837836332734 0.161018366118922 0.209950218488643 0.103277714482406 0.0592965191130921 0.110849630221411 0.077895724123655
"ufb84" 0.76528423699573 0.735767656184025 0.159651227429166 0.583005009807475 0.120618875996853 0.0798593715520553 0.0688063132260135 0.0743337261734813
"ufb85" 0.677120740384517 0.642161877462549 0.166678771938557 0.338630046302273 0.116681156956685 0.0636347759567657 0.0869562686901705 0.0865443938840641
"ufb86" 0.669792212713117 0.762540346309123 0.251344753326969 0.152738782662442 0.168170393758439 0.0919800485519766 0.214730209062422 0.169103316213728
"ufb87" 0.65047077380438 0.714312464179528 0.214600857401899 0.140407141232603 0.143004895369724 0.0777305241153919 0.176061207910879 0.132338731078252
"ufb88" 0.703799594468998 0.671616636528029 0.166770576585957 0.409857987611106 0.118126013026642 0.0725243061942465 0.0949283991195371 0.0774220258596996
"ufb89" 0.676017088330569 0.647387745598481 0.162230458058705 0.268132957095218 0.109840857291422 0.0718580165089272 0.104344362183178 0.0713299786755448
"ufb90" 0.671681040680836 0.647140290687544 0.160092566285373 0.268265707753329 0.108134183685835 0.0718959993983063 0.10516492854626 0.0690723139040966
"ufb91" 0.705882352941177 0.71702418986764 0.182080899568341 0.705639602148769 0.147510946170246 0.0691992255326603 0.0504957679849339 0.131144503241375
"ufb92" 0.625216630060262 0.650602975609398 0.172894854517705 0.162877302730329 0.115797643557908 0.0625119081034267 0.129022157044147 0.0942048012702096
"ufb93" 0.780661201046836 0.731555799310221 0.172305486871868 0.510420337324669 0.129666660104444 0.0832246127415944 0.0933065948626247 0.0857185045482201
"ufb94" 0.778908823255895 0.725413723243621 0.174068047663001 0.474808799399814 0.126981748667112 0.0864515170905865 0.102800118041523 0.0861293130792408
"ufb95" 0.767556911080826 0.733556931771665 0.216054868041186 0.412847951133954 0.157494410883233 0.0980541695989129 0.148354197464678 0.120376782206697
"ufb96" 0.695183276505278 0.68043177951111 0.187714546604452 0.315546103310755 0.12529077012697 0.085564371453273 0.127789759301972 0.0903371800407523
"ufb97" 0.755764673627194 0.721353309788609 0.175098711677444 0.457438795092324 0.130635809893055 0.0862427548858069 0.103979258551315 0.0882033220475616
"ufb98" 0.694756699959163 0.656954900957532 0.165766373008501 0.456692760343322 0.1216789009989 0.0740503229064885 0.0753193280583901 0.0926562462827513
"ufb99" 0.656534145450899 0.726401717809074 0.227886411913268 0.176348243096283 0.156550710456215 0.0754949245844127 0.186851552238859 0.157923474282496
"ufb100" 0.694117647058824 0.543983928949038 0.131718406882045 0.693860543791306 0.106140170861229 0.0458854594310782 -0.00796893826196554 0.0382859233741094
"ufb101" 0.75 0.707149009474591 0.157714722898587 0.749882228767704 0.128364644294614 0.0588979989241629 0.0212967091274472 0.0901514406791732
"ufb102" 0.650409483780076 0.644872118531931 0.168060588488656 0.212700935781621 0.116172390854498 0.0677730720068686 0.118315914533399 0.0851001453079001
"ufb103" 0.631689035930759 0.61330695956179 0.154179859814053 0.271562441983617 0.103728570691288 0.0721220835060058 0.095691548518027 0.070246163310608
"ufb104" 0.73911350132057 0.670312530088001 0.139810610656981 0.562814832631714 0.104201215313635 0.0721478962061288 0.0467654254590607 0.0498361817968476
"ufb105" 0.663104045843729 0.656130392443464 0.171601135794774 0.212824556471273 0.116749888420429 0.0651949930208722 0.123838766354528 0.0868100536302689
"ufb106" 0.680523899923052 0.746404750304808 0.219258427185625 0.269398580628827 0.162004087664896 0.0869697773449141 0.165221563174915 0.161410083017061
"ufb107" 0.670404498529494 0.733272374734547 0.220866010574986 0.222133255357052 0.157477302044558 0.076400769327206 0.175862068212913 0.154924991046945
"ufb108" 0.620434600955332 0.633409373836933 0.166439586566069 0.153189069588107 0.109379882156248 0.0612913011817414 0.12115367821089 0.0878756976920814
"ufb109" 0.621977405021949 0.598986203933671 0.158602335544913 0.200979524062996 0.101245676420165 0.0598882656741761 0.106135474546709 0.0765391937356333
"ufb110" 0.612603819878083 0.580670303975058 0.158127792294484 0.221841906074814 0.10053831719433 0.0585597459236218 0.0999303691581302 0.081737328735903
"ufb111" 0.609881547089466 0.574264278739788 0.159020331627614 0.236038685840483 0.101944432235896 0.0570583531383764 0.0970777435354743 0.0854917553252862
"ufb112" 0.757222066814648 0.717907459057427 0.194401968988377 0.386308094532347 0.136073348136112 0.0824185186402977 0.124705175775829 0.110430409391983
"ufb113" 0.738095238095238 0.682028144806102 0.145499017291224 0.737846032736433 0.115014019884541 0.0518337074108404 0.00674988764188098 0.0644491985569614
"ufb114" 0.690770418965544 0.678858775342362 0.18572216831743 0.30454249548764 0.12760368055831 0.0797348921830335 0.121091502395843 0.087937010929114
"ufb115" 0.670109496063456 0.762799038825413 0.253559824598742 0.152738782662442 0.16825420786959 0.0975432455502424 0.217053613008666 0.170181974370627
"ufb116" 0.7100810542347 0.704368980240294 0.182760147787844 0.420765034412405 0.13195827551661 0.0802309024707477 0.104666349764323 0.0987664337986122
"ufb117" 0.694052307054888 0.672660246147278 0.190306795113427 0.341526102544964 0.135228269422528 0.0849605147898559 0.130649811885612 0.0865747543751649
"ufb118" 0.672962867908972 0.653412329229961 0.183638674745645 0.306045985061994 0.128727421518266 0.0819024803425541 0.127167150961524 0.0789307265652731
"ufb119" 0.644258635830275 0.652694105686545 0.190442703571353 0.188126258316869 0.126082084125634 0.0795032393412337 0.141949270972036 0.0852881730515923
"ufb120" 0.702799971520785 0.773811848469372 0.22580223774178 0.368754306891166 0.166826933025071 0.113298569401999 0.164420520300946 0.173643033559461
"ufb121" 0.652220784121465 0.662539808246415 0.184954820990377 0.198495874512522 0.118771053070144 0.0659633355302389 0.142588386707043 0.0943153024054913
"ufb122" 0.650350365893077 0.654867980797207 0.182203113451373 0.198418955395453 0.116316608621975 0.0673028497711219 0.138806144167327 0.089965910884124
"ufb123" 0.805667109004194 0.774209417805587 0.184584671116925 0.563039668335752 0.142695645644758 0.0810617242597861 0.0966051387471888 0.111451973226085
"ufb124" 0.671462071671068 0.734541261636423 0.226857383969915 0.189848513815293 0.157346999289869 0.0726879475537233 0.18215404603418 0.162512039348021
"ufb125" 0.649045234081123 0.66464210768074 0.176537953386984 0.210083319213921 0.120267056332616 0.0650700472056113 0.131800199386195 0.0926839959205518
"ufb126" 0.639686808029224 0.675442646632824 0.186358920544507 0.163040202724009 0.125167470962952 0.0656688388640225 0.144804281494408 0.106341935575067
"ufb127" 0.650421142647891 0.663967017489626 0.175332991773588 0.198410671842708 0.117647778094035 0.0616185435583376 0.130529773582358 0.090464994842779
"ufb128" 0.645549336924108 0.6495947798105 0.174051537435011 0.198603721206159 0.115328087260914 0.0640959962011094 0.130239047399791 0.0863067426858978
"ufb129" 0.756756724256104 0.720726599405469 0.176170838108394 0.415331343920376 0.128418221203168 0.086495633530868 0.110963693814385 0.0878227740906199
"ufb130" 0.674815670238547 0.650988247633622 0.172897873127583 0.296336892636127 0.118333005358459 0.0764636272708884 0.111872325407586 0.0718703406181163
"ufb131" 0.674832401847319 0.665634582927235 0.175085715685293 0.280525303537004 0.117036444730264 0.0769377793274989 0.121036381095991 0.0707397232160894
"ufb132" 0.675235415362315 0.667890872278534 0.174351821185219 0.271959238838958 0.116019416400306 0.0774049132986891 0.122816178681925 0.0703260912274323
"ufb133" 0.741351295324306 0.691174472017613 0.158477541040925 0.640750398000153 0.12645431577675 0.0770661692339273 0.0506371790968432 0.0968134613801077
"ufb134" 0.672489980866117 0.764228179317552 0.250870258940656 0.142929189176687 0.172509623392926 0.078349403664287 0.213103167306633 0.179240650181558
"ufb135" 0.646586347500508 0.655072037683487 0.178182869465904 0.198481909014221 0.115235218829331 0.0681968101209468 0.13351452467803 0.0917743243808561
"ufb136" 0.689791092176036 0.676550927995968 0.19481887920402 0.317997121381395 0.136804076877434 0.0879865247264315 0.135494339577424 0.0910411865396495
"ufb137" 0.672822582131418 0.664830787164529 0.183211898241154 0.294056474629518 0.123607417392602 0.0804827817064079 0.118381987761555 0.0852347656343134
"ufb138" 0.646797874552677 0.624242255132435 0.164031513773958 0.319265407788659 0.115891041430648 0.0690847033628017 0.091757841309484 0.0882481022247686
"ufb139" 0.753071127323357 0.63779292005983 0.140695954820389 0.646695536552813 0.10640543134163 0.0647589726057594 0.0311537354133297 0.063820756675536
"ufb140" 0.647276146137488 0.667114139711223 0.186098852659984 0.187131886118863 0.118672130570423 0.0631725452981844 0.144519037073567 0.0963353792296189
"ufb141" 0.65625315968455 0.635936100328456 0.164754015872742 0.319596199354475 0.115302757743358 0.06762202797385 0.0984896990964616 0.0844038869432285
"ufb142" 0.652775491837531 0.638281970869851 0.16663730686983 0.236010370197784 0.112670951465018 0.0638575373816855 0.112122039657111 0.0869787592421889
"ufb143" 0.731707317073171 0.764181322764429 0.190544496093259 0.731718586093666 0.152092020361979 0.0709570309032983 0.0569952970042573 0.121199449101367
"ufb144" 0.657406106295134 0.638353387994544 0.160526495827312 0.260610895080099 0.109491274896523 0.0679719668707619 0.105607816172215 0.0725465926682956
"ufb145" 0.697638005274427 0.647739030325993 0.159974665915115 0.409946796863535 0.113131107483075 0.0714855740361319 0.0875465357605868 0.0708100469661772
"ufb146" 0.6280248120109 0.61120483250961 0.160845325789756 0.221649204817437 0.104759286634635 0.0610330779078551 0.11066624256851 0.0767297691409215
"ufb147" 0.621079451204672 0.587389807302378 0.156250312620093 0.221953266304144 0.100752002335014 0.0557649946942352 0.101048767966132 0.0742375168692157
"ufb148" 0.677557494371367 0.763650181335437 0.250683568084619 0.15275364744807 0.170519984528409 0.0688666319556585 0.21334638590978 0.176802878954678
"ufb149" 0.677708523533659 0.764946237773399 0.252204743614874 0.152749707385793 0.169960120603573 0.0699538022941847 0.215267828524971 0.176613831801842
"ufb150" 0.697974542168059 0.667216397041384 0.163739341016747 0.390960306131208 0.114087210244815 0.075295230871367 0.0975436310257733 0.0712667114290357
"ufb151" 0.751742634118108 0.701382205818589 0.175497559938855 0.449437253301455 0.128078448957754 0.0814063120562912 0.0965479120221818 0.083863976617123
"ufb152" 0.685481646075046 0.639647640045729 0.161840208805318 0.410916503976117 0.114127663858157 0.0689938190597608 0.0818933652276858 0.0754862049281517
"ufb153" 0.70235561311858 0.651835150408128 0.15779843310475 0.350970740955094 0.106565131168296 0.0686684582930027 0.0911562429239913 0.0661544526685581
"ufb154" 0.641982919029117 0.615975224880782 0.159873620331848 0.26848779512032 0.109894149454324 0.0682780564369747 0.101783051781368 0.0804555354052262
"ufb155" 0.665362513924789 0.747897139414443 0.24013099934494 0.164041671780708 0.158833205160783 0.090589482618978 0.203015346852856 0.155184657440144
"ufb156" 0.66783740525096 0.660161907044102 0.178563219069018 0.281220118144905 0.119121612147249 0.08291284328291 0.121679241410091 0.0772439010699876
"ufb157" 0.687969617196717 0.672516356785839 0.182698683407179 0.296336892636127 0.124004361886511 0.0807308579354723 0.122403860504555 0.0821227486861432
"ufb158" 0.712035538233405 0.73459964057508 0.191621506340699 0.550834509582337 0.147694923002272 0.0881547880774805 0.0876929876131228 0.116276679690825
"ufb159" 0.705882352941177 0.65207942309592 0.153498072612618 0.702265913727499 0.120994321584365 0.0552219416137293 0.0173145950020684 0.0694617178277991
"ufb160" 0.669547984925107 0.649248941367026 0.19111941454106 0.258007251861461 0.124486100198199 0.0810051509734233 0.131365158513546 0.0810732251121265
"ufb161" 0.69047619047619 0.559202555347505 0.132724881565393 0.690229717696228 0.100579535443798 0.0461892035135337 -0.00809844138489131 0.0362382805520015
"ufb162" 0.724326730595031 0.608832351559394 0.129755508947975 0.618733746821124 0.0992430180166357 0.0602561532813495 0.0185095274181988 0.0457258720346362
"ufb163" 0.638981044980208 0.717543339083379 0.222106708661196 0.140649529922352 0.145180468628795 0.0794371917411371 0.184067660247846 0.137171127673987
"ufb164" 0.630548590311672 0.698315573593404 0.211002517438028 0.140650022510674 0.136734548037806 0.0758502771006203 0.172283323070884 0.124724208015797
"ufb165" 0.632094430170754 0.65757846904223 0.18488014824478 0.140330738478711 0.122812734807651 0.0687844104224551 0.141627073577318 0.0948839104554926
"ufb166" 0.711375620087851 0.667880419815795 0.168358759672093 0.433322186960687 0.121428431317692 0.0739303301571461 0.0890616613743896 0.0844552166245026
"ufb167" 0.695889207833528 0.644536281665951 0.157642395557068 0.377191385144347 0.108684756440794 0.0714150889914198 0.0847422319035628 0.0588583051485032
"ufb168" 0.773591919815978 0.733499758004942 0.169436253677164 0.674411330944121 0.136425839174971 0.0847234508254222 0.063295874804555 0.120906642968881
"ufb169" 0.647244217036152 0.615576227845869 0.156705326608387 0.339203636964802 0.112731779860669 0.0664533078293405 0.0837982684836377 0.0738468201228023
"ufb170" 0.707034894306841 0.677597871420299 0.167345203680224 0.414717474188011 0.118929002794778 0.0754124360863026 0.0954924617558113 0.0776428870659256
"ufb171" 0.623655330313032 0.5936484404743 0.155227780540232 0.210329980811186 0.100187709869519 0.0574461568432804 0.102550493110103 0.0704417754637953
"ufb172" 0.650436850134951 0.625602042292825 0.168113522284301 0.279471833036288 0.114921079957451 0.0689667919570423 0.102155814151315 0.0931259023094375
"ufb173" 0.736771077519563 0.751020522283733 0.195294199103805 0.587997435934082 0.147400066961045 0.0914001234428177 0.0924913626716386 0.121013064101229
"ufb174" 0.651107738849601 0.658133564012101 0.194938642625706 0.188226829185923 0.129171812060442 0.0823276720537858 0.144636943258677 0.0906072539766671
"ufb175" 0.650543715714482 0.636253131375057 0.165880742246526 0.261526702162118 0.110919249070896 0.073305503249632 0.108113523829878 0.0616583155911647
"ufb176" 0.718036614207656 0.702335603524568 0.191513164054791 0.447664760647735 0.144538586843905 0.0885598794054341 0.114244915810681 0.0877745202534594
"ufb177" 0.636821313907722 0.688340960397393 0.199479461839932 0.152044283325363 0.133486934166108 0.0761759790575124 0.15916698901915 0.114931373048106
"ufb178" 0.714285714285714 0.76398876789261 0.196503533051692 0.719405846918939 0.159536857275439 0.0745650725018421 0.0668658619128842 0.141767549421528
"ufb179" 0.708742960411489 0.771886387680733 0.226550594320362 0.376836544470157 0.167769260824933 0.112090261078351 0.16527801321609 0.176321917579873
"ufb180" 0.740391914305509 0.679039371946814 0.168158840855906 0.446362731026318 0.121917823169583 0.0746611733732642 0.0884783725573379 0.0779560810314969
"ufb181" 0.670208051103637 0.635185559778094 0.16166147879998 0.292732420051805 0.109904573055933 0.0632064930548671 0.0999425318080603 0.0781877542122361
"ufb182" 0.64800871281249 0.653870604238184 0.170313018074318 0.198278168680994 0.1142119154673 0.0596911612141567 0.123966874866336 0.085807806386134
"ufb183" 0.775867502708788 0.741909818630555 0.188546495313365 0.478677699835328 0.140371240351447 0.0739628776109492 0.100484754234024 0.109560479037524
"ufb184" 0.642180688003425 0.683853692293424 0.190752617590907 0.151470904708809 0.127661492541539 0.0652454155717826 0.150009733141386 0.111187508236644
"ufb185" 0.742834545337676 0.792590628615503 0.199321690581489 0.609573116539973 0.155412621457588 0.0956235924605422 0.0970228545675914 0.140296682096725
"ufb186" 0.625561921832479 0.600810509014717 0.158259005040078 0.212820491202404 0.102313800228223 0.0579112161454984 0.105772510160818 0.075913940537539
"ufb187" 0.778689603814816 0.73811043965018 0.181736335026951 0.539399935479663 0.138061287580969 0.0765340199521033 0.0934494804027131 0.10818924361465
"ufb188" 0.696451944839738 0.659008699750997 0.163269788196299 0.403940748867559 0.118369475869895 0.0681106416486518 0.0834593032953207 0.0775481694594756
"ufb189" 0.702380952380952 0.810943213965363 0.223270764524918 0.702089757365872 0.178886714831745 0.0859872405473561 0.0983415186368456 0.142130790653157
"ufb190" 0.69425786268023 0.655917125131687 0.161489707459752 0.468511264777819 0.119585576729096 0.0733353404712305 0.0705789893267228 0.0868825623383169
"ufb191" 0.738095238095238 0.73680705843183 0.16657996230957 0.73469955898158 0.134443337738773 0.0631961994373668 0.0323615064032342 0.102472970809222
"ufb192" 0.63337624844517 0.622136041931485 0.163483837545889 0.210059040233775 0.107040155097303 0.0621418278847252 0.11525080111975 0.0777419450025162
"ufb193" 0.672052286669861 0.664584273403924 0.184704680374384 0.317687979144698 0.129185180734254 0.0844482447384012 0.119960394691472 0.127932210868877
"ufb194" 0.761269644829321 0.721364463691709 0.170561906581467 0.492622748669737 0.128477413839786 0.0788423341342818 0.0914793835689183 0.0831380433414805
"ufb195" 0.649636056812109 0.615934565803251 0.154243745414421 0.272245590270551 0.103242577643352 0.0639679927686742 0.0919865530531433 0.072952691971197
"ufb196" 0.656122831544523 0.629477130953203 0.16127246341357 0.245147773538738 0.107436778427932 0.0600319771467204 0.106406249515832 0.0811147599131239
"ufb197" 0.682352941176471 0.578286761337609 0.142224901788763 0.682197546519185 0.112984082803064 0.0519774089265086 0.00422781979431206 0.0540203424464243
"ufb198" 0.616777846319084 0.602775513849658 0.156517163594338 0.212314378955203 0.101139160273338 0.0591207187503803 0.106067463080811 0.0746165292486673
"ufb199" 0.71936237979967 0.675297913305927 0.168280197231558 0.409618362147303 0.120409552396832 0.0689373920927923 0.0889756079951325 0.0838798541353645
"ufb200" 0.708160578961666 0.657939631053386 0.161729408870148 0.374438809757481 0.110879680448843 0.0698929475101423 0.089452575046788 0.0726756902568104
"ufb201" 0.649964143639067 0.624811795316565 0.162124285100708 0.303665996373806 0.11339973790815 0.0636251907296361 0.0896857231425319 0.0873674167342712
"ufb202" 0.641052077978571 0.663214085111442 0.183740875856737 0.187274932195957 0.119656034854609 0.0692233805347422 0.141312841770194 0.097576771125415
"ufb203" 0.67549889354848 0.742961483436069 0.235970499565967 0.189965370499961 0.16272110360817 0.0819845740248495 0.194371456859592 0.167576572779514
"ufb204" 0.669265543549535 0.638477568396297 0.16108740426683 0.260728685789038 0.108893859058708 0.0675499885298788 0.106202321870014 0.0714158198462176
"ufb205" 0.692959199990402 0.654769644785418 0.159269377213802 0.374674288607677 0.110810828122382 0.0721042344235406 0.0927435807099417 0.066131869973782
"ufb206" 0.635209687827468 0.626057606114457 0.16585922076981 0.210059040233775 0.107652626332245 0.0631801322620397 0.117763147561726 0.0809695230414138
"ufb207" 0.622272555166855 0.59238630556975 0.149438918510329 0.290627046517838 0.102535728717174 0.0634389837222901 0.0759221364955948 0.0721884568582663
"ufb208" 0.656183359645498 0.632538118035161 0.16276108700027 0.306820473779614 0.114104136741868 0.0612469656371153 0.0826637851271743 0.0871974316825582
"ufb209" 0.743359702449167 0.686135267535032 0.143065998759884 0.630519029478099 0.106720669781967 0.0658249757819409 0.0335215373419767 0.0494266075418859
"ufb210" 0.691725045952916 0.684384886289023 0.187209063050066 0.2843811632112 0.12507420978005 0.0813936866663699 0.127246984676627 0.0879795123751449
"ufb211" 0.685518503815265 0.677402145223788 0.182854786851493 0.29213401328036 0.12235947822182 0.081828655398596 0.126267997547808 0.0817235547340317
"ufb212" 0.645216285887315 0.638012222789097 0.1672443338878 0.221911536770583 0.114347496099183 0.0644844369273341 0.117450853110288 0.0843407922547194
"ufb213" 0.633912951153741 0.657771054534384 0.184833656114597 0.163799018128176 0.123901223436066 0.0709326267129106 0.140527033731612 0.0946487952245932
"ufb214" 0.628563143652568 0.646942790468915 0.180336059354035 0.165635853999149 0.120632329524377 0.0701470478354509 0.134518408529056 0.0904588079785219
"ufb215" 0.699771663859798 0.679177465585596 0.190535390157741 0.306181432914627 0.13439213407555 0.0828500311901557 0.130895249470585 0.0843380363666259
"ufb216" 0.692954143571529 0.666310448974443 0.18340296140759 0.282419752690882 0.128134408334129 0.0802963475586087 0.126915132231526 0.0767069737308491
"ufb217" 0.738865659359793 0.729217953855842 0.18244869457111 0.492195415002165 0.137262719182115 0.0742231748705313 0.0942387002380073 0.109538763035221
"ufb218" 0.665926388358452 0.614937668586426 0.155204723977217 0.331162047809475 0.107583490659279 0.0602766374772171 0.0821064670550415 0.0727037960631384
"ufb219" 0.632450469505034 0.667594763831268 0.185847114571823 0.16307948892214 0.122145626105745 0.0671339163741137 0.144255020565587 0.102878464524991
"ufb220" 0.714344714317489 0.646048886278408 0.168745083829906 0.456768175118255 0.124849217568307 0.0732374580942363 0.0786209886900645 0.0971505600006587
"ufb221" 0.664119595008859 0.741992960119748 0.233915319806581 0.164131901967188 0.161340351229459 0.0706460580816505 0.194734620111186 0.162423072790026
"ufb222" 0.659312639253535 0.652639062283257 0.174621780831167 0.270324784434446 0.116720719423536 0.0780722337178711 0.11372342709171 0.0748423308655248
"ufb223" 0.705882352941177 0.678136419001218 0.159503168576393 0.705755663234111 0.126438606253155 0.0564769183496356 0.0242857783724665 0.075808580421705
"ufb224" 0.757349965183055 0.716698069607878 0.154943576891772 0.630722498731657 0.117457900444856 0.071464810890123 0.0469949852314034 0.0732988330481156
"ufb225" 0.857142857142857 0.866587628147012 0.199263587967847 0.857033617304967 0.168931172837026 0.0822726114547303 0.0691573906992865 0.152842669624967
"ufb226" 0.645157594531883 0.615758046088512 0.155909918243132 0.275420212038389 0.106278830621192 0.0686158787880848 0.0937382318002035 0.0721909737487625
"ufb227" 0.719618342157859 0.636957494407159 0.165479786741915 0.433605492323392 0.117904453470198 0.0756605271917005 0.0857682549156645 0.0902055454606145
"ufb228" 0.63855421686747 0.720602710683728 0.198985313166627 0.638383333432537 0.156371698204679 0.0706756307256843 0.0698575628237202 0.121531849994283
"ufb229" 0.787673153968011 0.821724865244903 0.194809323267518 0.670258104594304 0.151704602359353 0.0943380961028176 0.0921653589222643 0.140352777435022
"ufb230" 0.644743951764107 0.653267877763476 0.172490757698447 0.210153548992126 0.116276371452019 0.0740491085196225 0.124735349808155 0.0758417592259942
"ufb231" 0.676800116784311 0.763079093020422 0.218906561502341 0.364604064470669 0.165329879414459 0.113803822971003 0.1570456696228 0.166577378743398
"ufb232" 0.687379390746653 0.752418820410868 0.217124541812478 0.363575364447547 0.16118625226967 0.11091391784701 0.15505481943862 0.162478235828742
"ufb233" 0.717647058823529 0.551791598023064 0.130347856216525 0.717418660506232 0.105050128890058 0.0470734030131207 -0.00955998028117742 0.0432064065562735
"ufb234" 0.657488670660713 0.648127139250701 0.170382823594188 0.222025461002482 0.115576083414891 0.0649398217358476 0.122550210844913 0.0859555569260897
"ufb235" 0.631793560829331 0.664952537250755 0.184624040377397 0.153402899187615 0.121329335864365 0.0664982738701465 0.142970143568455 0.101349480910126
"ufb236" 0.61948408076994 0.647720973803532 0.177526997534479 0.153315472035201 0.116427195317004 0.066177230816798 0.134775974542246 0.0942841248465111
"ufb237" 0.694513430942415 0.555108781503554 0.121593014894932 0.623267025686489 0.0948760940542965 0.0590536901063941 0.00961559406135379 0.0275832592272702
"ufb238" 0.658364105646514 0.652812264805059 0.175235246976886 0.233359130525043 0.117634106959512 0.0808389721989975 0.121199316436533 0.0785761904152658
"ufb239" 0.65815053102304 0.638937160434644 0.166474967205308 0.236213287689002 0.111883788163401 0.0631228949074576 0.114489626009448 0.085835228040406
"ufb240" 0.747951339128473 0.677842722415462 0.140563734837412 0.642507781388632 0.107475442758853 0.0649967535235464 0.0306994014651691 0.0611289014590733
"ufb241" 0.72351247574731 0.676235682779401 0.18151009716136 0.388281817119346 0.133248476018551 0.0773872910366411 0.103042827669548 0.108803156893215
"ufb242" 0.663635973177159 0.756005374574661 0.248580584445336 0.152738782662442 0.164747400396813 0.0918736122035109 0.211830852743953 0.165616567370056
"ufb243" 0.671626125973607 0.644558062872076 0.16669511620402 0.292237317847574 0.115872384578735 0.0731055921294141 0.100761483872716 0.0788761295761313
"ufb244" 0.771467502855288 0.82763087800862 0.2201221468924 0.578472191151842 0.17063518362928 0.115281706879311 0.135660363268223 0.165866784066852
"ufb245" 0.643928362615625 0.639469346171168 0.163509809091367 0.203018149907663 0.110488969401548 0.0601869462503063 0.113482163988461 0.0827668996347143
"ufb246" 0.65636636603581 0.634955119064506 0.16364329181869 0.233602408838678 0.109922799737636 0.0656765305068378 0.111495840027876 0.0819009844477308
"ufb247" 0.672662471140834 0.684209884819306 0.194454241648224 0.317291011233518 0.140317490430123 0.0880985876952989 0.124536662680242 0.12586705502551
"ufb248" 0.678521284091688 0.721115723953498 0.216548253571253 0.246540892139529 0.14928587556463 0.0869517710624818 0.167548049545747 0.155072543192853
"ufb249" 0.699616333252379 0.741782991960803 0.198364980073421 0.457108011125252 0.150037921577884 0.100224222849223 0.121777985269072 0.151832614832358
"ufb250" 0.647493881556267 0.624959622062505 0.161755292197645 0.338712406853189 0.118453600145207 0.0650554368098361 0.081561767551483 0.0832024042411944
"ufb251" 0.759572998345952 0.734706446564693 0.177218963781885 0.469000923207535 0.133679685401294 0.0801271321030774 0.0987711558655265 0.0938671804012844
"ufb252" 0.634408055289225 0.641328815823838 0.174006495654708 0.19836107745595 0.114654767328504 0.0685664980948929 0.127842192146085 0.0877155164936916
"ufb253" 0.661275448886974 0.658692415218184 0.193983051426774 0.211098968665372 0.129386955199569 0.0804125378626998 0.143621644981812 0.0893348254863537
"ufb254" 0.682582710033176 0.643568369849915 0.161839278291198 0.399213380343182 0.116830350268253 0.0678507497638748 0.0818923459576175 0.0737922156838699
"ufb255" 0.709197247485009 0.696826715729915 0.196416440303787 0.387095563121936 0.139926698051407 0.0923553222891 0.119442713228889 0.106004764411352
"ufb256" 0.670105621909044 0.655705295564644 0.176149640374658 0.391987161105524 0.130074874483387 0.0703377540636473 0.0868252292010816 0.105538550384145
"ufb257" 0.647709030632186 0.620731182795699 0.174419052184253 0.458109462619641 0.130030761091079 0.0654994798922327 0.0685552389162149 0.095875631919689
"ufb258" 0.635711696476803 0.626733674785049 0.16439513604551 0.198466002110769 0.106758882066361 0.0569923950026096 0.117716283322669 0.0776593635701027
"ufb259" 0.661806292889553 0.622445531081303 0.155480646308238 0.269387872566057 0.104603790793206 0.0584571683111755 0.1002287469461 0.066612056652839
"ufb260" 0.658378570953707 0.738545562240134 0.234451292193081 0.152475929982254 0.15436220826898 0.080116233599022 0.197058215517719 0.152439500780871
"ufb261" 0.768337131090767 0.738279888462879 0.205213099288104 0.483488600717873 0.154434239930871 0.0894757001238081 0.119208941891978 0.110328382919238
"ufb262" 0.720870980759799 0.666066923316614 0.18175933141077 0.435853847916633 0.132249211167789 0.0797982537290765 0.103558895370196 0.0792633573542874
"ufb263" 0.68565192000516 0.641240292270041 0.184819120092794 0.281561915840938 0.123477552835093 0.0795002838345538 0.124599443811317 0.0766129989144611
"ufb264" 0.643584830579089 0.658867548533212 0.181267730762864 0.198583836762965 0.117957098920051 0.0684859766465973 0.137822881999204 0.0952223360444941
"ufb265" 0.65073272302716 0.627146139705882 0.166184572204984 0.245015015925467 0.110665569775504 0.0668060124924051 0.116258437411598 0.0734134929456886
"ufb266" 0.667510040075206 0.745886195322484 0.239452780018886 0.164041671780708 0.157996455471065 0.0854945352103467 0.202304000036673 0.15688026806268
"ufb267" 0.708193860098555 0.777286580765865 0.227062282063385 0.387277676877925 0.166855408873071 0.114888751477475 0.165780466337956 0.172129744403588
"ufb268" 0.742755948088122 0.691615618230252 0.162337817266815 0.479500832191733 0.118308364915633 0.0717181990683974 0.0824993528276339 0.0818964837453572
"ufb269" 0.728037989896951 0.679439475660545 0.158654498603547 0.409490848046464 0.113757265571502 0.0755015296564284 0.0920965897752025 0.0672459411952125
"ufb270" 0.678526864112649 0.758259149768481 0.246277754811028 0.154931828204809 0.170047844358262 0.0814787829539279 0.207719399135154 0.175761709426408
"ufb271" 0.647058823529412 0.461058871627146 0.13177628837315 0.646860371446796 0.103726002530355 0.0451331516288869 -0.00790174491640113 0.0287916590688413
"ufb272" 0.643693386954955 0.670611537034832 0.195022642988284 0.175946177686129 0.127563016332537 0.0766710353934869 0.153172475023122 0.0941496560434981
"ufb273" 0.663978102537732 0.625370284178154 0.158405795766569 0.295882380072585 0.107139305978607 0.0627983300635786 0.0964179438670629 0.074484757848534
"ufb274" 0.663069211216127 0.748793537904625 0.237965860484628 0.168668547524979 0.166736533769072 0.0782658251293947 0.198292190420304 0.169788166756746
"ufb275" 0.662399531842534 0.643485643717197 0.166591396670013 0.233602408838678 0.111267130071405 0.0615905584145511 0.114627761370542 0.0851524612330469
"ufb276" 0.648886976486466 0.668002961831708 0.179455112313285 0.198522986209937 0.121449430570026 0.066198166960726 0.135930395029654 0.0945344684565105
"ufb277" 0.656204002061804 0.672034769518844 0.188311565171078 0.305520380322271 0.135361951014481 0.0841331463009671 0.12372293185294 0.119486858761363
"ufb278" 0.590361445783133 0.675823751832703 0.188237640233723 0.585036687342264 0.143143221315926 0.0658749751625973 0.0573773088906683 0.0876898250346023
"ufb279" 0.634553133558572 0.649230545424317 0.169667674003338 0.209961443817489 0.117293362660612 0.0642331045526179 0.123285482009027 0.0871978993742311
"ufb280" 0.664337429571764 0.675981313244497 0.183561312713758 0.352939310994474 0.136979333266817 0.0830957244056087 0.105290689854944 0.111678858856778
"ufb281" 0.666750921029201 0.687563875663684 0.193728399297053 0.293682095244865 0.138018909580607 0.0855477534723967 0.134105184926147 0.128473270458482
"ufb282" 0.662264741632838 0.704354438599539 0.202060197726141 0.281855884489106 0.142693558228006 0.0907719020962954 0.146685725044234 0.13783875251249
"ufb283" 0.729411764705882 0.621379850162138 0.132415633228311 0.729197718863695 0.103131868462903 0.0484084204973492 -0.00715954358454346 0.0395757684059517
"ufb284" 0.632385981268003 0.615020101159947 0.162142668224548 0.209950218488643 0.104262696038139 0.0597872001332686 0.112041162422583 0.078666406120186
"ufb285" 0.754436829448573 0.721726308446037 0.185725450673665 0.48180047333582 0.139936065171753 0.0759940054946168 0.0973575600722635 0.1038275637599
"ufb286" 0.678158948889245 0.674077498672968 0.188556580136616 0.294018957567804 0.130819541920485 0.0791155585736886 0.128655393334678 0.135400121750491
"ufb287" 0.672778953029901 0.676870710277449 0.189816320994241 0.282242270950285 0.132963243309358 0.0777247611772572 0.133677238564449 0.136455313258298
"ufb288" 0.677856198092739 0.713284565172444 0.212302953096388 0.246664751456147 0.147667496576608 0.0808949580997625 0.163037231008837 0.150934679791736
"ufb289" 0.658275914536636 0.663111840306262 0.172419145898343 0.24879440489518 0.114979932362886 0.0740709253834706 0.122889259379151 0.0675802575348857
"ufb290" 0.643331917793233 0.691182048148448 0.197874084630995 0.165160607462969 0.129707810695055 0.0700718941750491 0.157933006450166 0.11654923852409
"ufb291" 0.630195771422009 0.671937275874973 0.187909901392929 0.163149305766686 0.123296065219027 0.0666050613622054 0.147012361443795 0.106583861009317
"ufb292" 0.636813329159406 0.623825383608897 0.16221764624246 0.236213287689002 0.10993396199853 0.0615630693589495 0.109966784187446 0.0807732080939925
"ufb293" 0.647199999403053 0.62304368888845 0.160692595728022 0.374218862506527 0.116731382282283 0.0653716231479323 0.080397404617717 0.0844190958418649
"ufb294" 0.66090279394574 0.725577175272195 0.220573459139773 0.211305219259594 0.153905653424712 0.075873473052759 0.175525983027837 0.154270790795015
"ufb295" 0.723085668421929 0.785464376590331 0.21938642749021 0.428848538822286 0.162132153772052 0.107933638658796 0.151915613655057 0.160562081746055
"ufb296" 0.650571639741041 0.665791421467702 0.18421823232694 0.187131886118863 0.117874553893521 0.0626937430763801 0.142542341379415 0.0954125621314526
"ufb297" 0.641444009751209 0.650281266534852 0.178257581319957 0.198755011641701 0.114409050587486 0.0614324530063243 0.135543021347786 0.0883044019649605
"ufb298" 0.715899783162342 0.778094190879102 0.227836355958648 0.404778996802111 0.168959794144848 0.115231984469154 0.166608856158922 0.172484329745829
"ufb299" 0.700105510014814 0.676920216721555 0.206358077280233 0.292065542968413 0.13831363653998 0.0883199143728315 0.14327572851191 0.0983576450957064
"ufb300" 0.613401965917533 0.583417563990956 0.154767012613956 0.210240128501332 0.100023728216793 0.0583056591002736 0.0994684244259368 0.0749934786075172
"ufb301" 0.769844395881496 0.726095980480695 0.185044200279217 0.48180047333582 0.137597447542928 0.073819973487114 0.0966023780286208 0.107729719597173
"ufb302" 0.694117647058824 0.552829533618794 0.133370415283922 0.693918574333977 0.101174376350702 0.0461657748831685 -0.00605115816845964 0.0306251920970297
"ufb303" 0.644795783281935 0.617628699677374 0.155522084743064 0.292848629636135 0.10836219625545 0.0607331525755303 0.0971445327658346 0.0702838165762261
"ufb304" 0.662166750940534 0.645298045376148 0.172027932062766 0.233359130525043 0.115390465308281 0.0739411140386232 0.117781868578097 0.0754117465007698
"ufb305" 0.640698798593643 0.637191223205581 0.167260749156021 0.210589842071294 0.112401591034869 0.0714908824479267 0.115271345297854 0.0702061360960424
"ufb306" 0.74255317387092 0.716904276985743 0.18353240958049 0.451627610891426 0.1371611505427 0.075990593122612 0.0952691424439128 0.108858264362143
"ufb307" 0.644253251912715 0.605816710534902 0.153458145846142 0.331252214158091 0.110137452220222 0.0640500760353113 0.0802087614016146 0.0711904406505892
"ufb308" 0.63855421686747 0.683258317888977 0.1857570490259 0.64610016300918 0.141856172709341 0.0653926428606682 0.0530539506188196 0.0951222742692949
"ufb309" 0.658673771189873 0.634853269577498 0.181469505417021 0.258009712667874 0.119752406861531 0.0771660410565929 0.12472173993667 0.0709820391636496
"ufb310" 0.607792060945051 0.583247924790156 0.153795977028106 0.233013126188498 0.0993466010928491 0.0587153058000959 0.0984186931123281 0.0759280841382294
"ufb311" 0.788235294117647 0.828058237062826 0.198845804873967 0.787976949565668 0.161101268403779 0.076124005497639 0.0699577765486448 0.142686236690768
"ufb312" 0.641203077241538 0.693947219894303 0.199370659216619 0.165160607462969 0.132650736001138 0.0692587087669647 0.159505979678726 0.117625496791484
"ufb313" 0.637622700585994 0.682888873596689 0.192484178717862 0.163177957624324 0.127989448456673 0.0702698996435951 0.151819492631342 0.109903709641549
"ufb314" 0.634425535103732 0.658835807428264 0.176832870485008 0.151314950714463 0.115658258903837 0.0563126397331107 0.134059101705388 0.0969309839138223
"ufb315" 0.659141528720519 0.647561802709389 0.169423772776565 0.200997813988074 0.113448078026885 0.0599169975309726 0.121535864756565 0.0837994203534828
"ufb316" 0.709620081635921 0.750817116709408 0.200642323984989 0.553099631244589 0.15686024306743 0.0927781787360983 0.097873559287037 0.130747508046323
"ufb317" 0.781111713643502 0.787394620634283 0.207415018509759 0.602798191806315 0.166138166957512 0.0843797242104195 0.106079463668992 0.131901989701998
"ufb318" 0.638665031815793 0.700248812681448 0.202582925813678 0.141959231858869 0.134262347599475 0.0671260883261026 0.163216984997639 0.122348827917878
"ufb319" 0.631352356367831 0.658539219398698 0.180914647750735 0.187274932195957 0.11966366583606 0.0690829656809166 0.13833971018848 0.0946939548135416
"ufb320" 0.628978586728882 0.647525315415493 0.177172440885043 0.187224658507434 0.116440687764676 0.0680529645800222 0.133510281461878 0.0900909319344001
"ufb321" 0.640722129937567 0.634005623871739 0.168153006463867 0.233594367433566 0.113147371099417 0.0692186831869769 0.120134803272691 0.0758159622662637
