0.1219988 NA NA 0.1902353 NA
0.1316197 NA NA NA 0.1486466
NA 0.05955678 NA 0.1042514 NA
NA 0.1153618 0.1912223 0.2752348 0.212545
0.00867969 -0.02194358 NA 0.182205 0.1527013
0.1009508 0.05071641 NA 0.04105225 0.05628083
NA 0.06118111 0.2359454 0.08676103 0.1678888
0.05529081 0.05449263 0.0451216 0.1522509 -0.01883174
0.1731142 0.09817539 0.1571035 0.1079785 0.06519157
0.2348336 0.1599384 0.1013548 0.004438132 0.1507392
0.01955941 0.06101362 0.07723523 0.1641643 0.04236782
0.08189127 0.02621494 0.1544591 0.1944792 0.07872415
0.08042742 0.03687322 0.04271252 0.07264954 0.03238195
0.1665546 0.1599923 0.1242811 0.07070755 0.07562809
0.05875738 0.1179853 0.08474662 0.1369461 0.1416725
0.008634092 0.06931333 0.04441465 0.05403437 0.04595921
0.05812755 -0.01169922 0.05667723 0.06128762 0.01085923
0.02993509 0.03778477 0.05872891 0.02897123 -0.01133478
0.06607443 0.03335933 0.04956137 0.01623839 0.06756603
0.06343903
