NA 0.141892 0.1824461 NA NA
0.05100704 0.1632143 NA NA NA
NA NA NA NA NA
NA NA NA 0.1693652 0.01314253
0.188038 0.0339806 0.1190795 -0.03603215 0.07321381
0.1154019 0.02784719 0.2681018 0.03894228 0.2435099
0.08234332 0.1962232 0.1639086 0.1209209 0.1517817
0.07183591 0.2625781 0.1142435 0.2557739 0.217461
0.04877308 0.02860868 0.02005314 0.1582247 NA
0.1813651 0.01043257 0.1169716 0.04569456 0.04154475
0.1533428 0.1876569 0.1838733 0.04367052 0.170822
0.008246544 0.09544554 0.1855188 0.137627 0.1460011
0.06790545 0.05259874 0.09448065 0.02566622 0.1756859
0.03121603 0.09567607 0.1435113 0.0852395 0.1372878
0.09057461 0.09885887 0.03747949 0.08021215 0.04344672
0.06037505 0.128099 0.2045696 0.04146607 0.1641741
0.0875987 0.04191185 0.003741275 0.007153794 0.0536127
0.01964439 0.01893094 0.01582667 0.03043513 0.01746287
0.1151521 0.005264029 0.03177989 0.09933791 0.04939314
0.008255956
