0.09027623 NA NA 0.2267783 NA
NA 0.1655164 NA NA NA
0.09992041 NA 0.1327703 0.1099102 NA
NA 0.03943847 NA 0.1201815 0.3018332
0.09461101 0.1408758 0.2628194 0.1091798 0.1604453
0.2012226 0.06803969 0.07749938 0.1293042 NA
0.08555351 0.1573472 0.2583485 0.1313533 0.2109218
0.05973316 0.114052 0.2930611 0.09756056 0.0280804
0.2142121 -0.004379399 0.03188062 0.05092693 0.1167151
0.03217982 0.2549233 0.272484 0.08700377 0.1280708
0.04542083 0.1624795 0.1201426 0.05233344 0.03580049
0.04464789 0.1587656 -0.02338133 0.003556944 0.07262208
0.05542553 0.1002063 0.1323754 0.1541276 0.05514925
0.02834893 0.06903622 -0.001809065 0.1196398 0.1159837
0.07412595 0.0308921 0.05093018 0.09109906 0.06577274
0.1458178 0.02361847 0.02484861 0.02231529 0.01459548
0.06311466 0.03257777 -0.01144379 0.07764449 -0.002238675
0.03010625 0.06854675 -0.0033441 0.01479348 0.03369406
0.1530852 0.02038884 0.0967578 0.047542 0.01724544
0.0395938
