"quartet" "wQuartet" "cluster" "phylo" "mutual" "shared" "clusterNorm" "wNrqs"
"mb49" 0.809602660263349 0.827032920152632 0.208557385174699 0.716014868125685 0.1674126484105 0.107963130716675 0.106482026339965 0.147509746598083
"mb50" 0.626137159066785 0.728848174719576 0.231319048927354 0.128812735135749 0.167732542387373 0.0908577142616625 0.193959516541504 0.159421515303664
"mb51" 0.710843373493976 0.821504992867332 0.236609571835009 0.710627912322815 0.191823040031083 0.0949125069924041 0.111344505325322 0.181873091695158
"mb52" 0.835294117647059 0.869951534733441 0.251659660707075 0.835180124694091 0.214390121241094 0.107047523174359 0.129717769853589 0.230746875387146
"mb53" 0.700894715161133 0.738160206332 0.220616773976413 0.286285593621589 0.160810127386899 0.100397323087946 0.13554406187937 0.14744467138438
"mb54" 0.917647058823529 0.956118939309886 0.257705167548515 0.917619072529687 0.222674479309428 0.111544788892225 0.136748390682215 0.232129255670038
"mb55" 0.838147536926301 0.864959280850874 0.235126781605413 0.70224129775679 0.191388366507778 0.112850775629553 0.136447939246617 0.177347885330288
"mb56" 0.801941600068209 0.808530908892942 0.190859143866293 0.682170818035668 0.150174331105698 0.0915664329731349 0.0867823105957915 0.123207736079948
"mb57" 0.814390004940648 0.85289036280954 0.250507237294807 0.6686615617712 0.202039191825548 0.125921432166303 0.153804665336157 0.199803527937353
"mb58" 0.723873866144749 0.762230994247436 0.227456523953056 0.480268473647533 0.171885318215119 0.117499239478494 0.143743007828006 0.168801778173291
"mb59" 0.743995771740622 0.815336143050043 0.246782369642653 0.571862173991615 0.193215948093827 0.123844356941137 0.149391835755893 0.188570311262333
"mb60" 0.716625033342662 0.767738830412281 0.243265751188817 0.279220088112639 0.175378097222047 0.118564773080235 0.18818261136181 0.168340744619349
"mb61" 0.70995454782962 0.71686393860984 0.190759235697533 0.434706498428354 0.140484956701653 0.0950199932121489 0.121386398933044 0.116419706068173
"mb62" 0.744611890337065 0.775183892975399 0.227695749761761 0.495198009484865 0.176658784292607 0.105149326904484 0.143920470650512 0.171974657332589
"mb63" 0.821428571428571 0.887532647513459 0.252233199112006 0.821250349600171 0.212025330580511 0.10516223406663 0.130451703866154 0.227652508460203
"mb64" 0.625303496804532 0.73179791666493 0.229238219487991 0.128898731900245 0.167537684719904 0.0908942057599541 0.192330530667987 0.154807734346844
"mb65" 0.775193833525682 0.8135110314057 0.247295494698225 0.467796075578378 0.188582134077204 0.132558436720964 0.175653090592512 0.185992908849035
"mb66" 0.739987454009588 0.783102757184831 0.234450060453433 0.559151666276765 0.183343355588226 0.109578085802833 0.135775312309252 0.189322977649579
"mb67" 0.610678316053243 0.721459860058078 0.224100300881743 0.117737724437981 0.16232409350759 0.0978232904941207 0.18693503641297 0.150580579851929
"mb68" 0.630943789455036 0.676555306025103 0.189230717320905 0.153660186342854 0.129169519371621 0.089346800958626 0.1395722284498 0.104417263954581
"mb69" 0.763271375739611 0.812914458071814 0.244359844048398 0.490575083710651 0.187749939469881 0.128592031309791 0.162287022208874 0.191381821536759
"mb70" 0.716049382716049 0.76468797564688 0.200287732518181 0.715929138009616 0.161205885749175 0.0737133946126753 0.0676343305059184 0.136809179636789
"mb71" 0.788235294117647 0.819780721790772 0.189115003209925 0.788072154502322 0.153747286727549 0.0750880877067867 0.0569814744110725 0.12578531732158
"mb72" 0.653258174115185 0.676206904605406 0.181997674322407 0.291324628839637 0.131037753776278 0.084105264099311 0.122642849726936 0.11052484905447
"mb73" 0.72289156626506 0.785938858786541 0.226366312516403 0.566803355259944 0.18454433125451 0.0872417928843974 0.0986653238122748 0.153776187125438
"mb74" 0.680187598635107 0.703691853310362 0.201061947464674 0.24961749856906 0.145855823939502 0.0899374006610171 0.124725821931079 0.125554647390472
"mb75" 0.785714285714286 0.770043206913106 0.167867582879143 0.785559127887207 0.139763670506288 0.0661296778278103 0.0321457234786969 0.108086724451221
"mb76" 0.618127508201621 0.677923875635482 0.190214860622879 0.129931747464154 0.13070102709661 0.0818270259166037 0.145891083685145 0.104687419293566
"mb77" 0.62920532420604 0.69564128937543 0.210786182031216 0.151766373676644 0.14823533419972 0.0822617960814787 0.169856126647699 0.141997826559184
"mb78" 0.663451209260515 0.690794514364454 0.19009356088317 0.237257251221302 0.135966004248068 0.0880342089592178 0.120464746270673 0.107396687012001
"mb79" 0.624296057680304 0.67244613774396 0.184387386490661 0.129950742749085 0.126775499699147 0.0787318012552664 0.136521268283905 0.100227860714968
"mb80" 0.613524147797372 0.70737954082018 0.211836421062901 0.105979531491891 0.151032193545415 0.0918130757631991 0.173510452337215 0.134965779821408
"mb81" 0.730264987337414 0.758684070536487 0.236681970445392 0.32333843112708 0.170083055369891 0.108769084284825 0.176701228087358 0.166987330525464
"mb82" 0.623927985797969 0.727958737025329 0.226627761133154 0.128857765945044 0.164808604009621 0.0861221528288307 0.189368449265279 0.154187021755692
"mb83" 0.622360091324851 0.717051105087226 0.222699350743085 0.128762876554121 0.162107420146233 0.0899142807230894 0.184479576022313 0.155261752242077
"mb84" 0.647058823529412 0.77375 0.230027800108018 0.638388862945416 0.183119969244402 0.0867061909307867 0.104561002409847 0.174100686584382
"mb85" 0.823529411764706 0.82188527584947 0.162979007123693 0.823403132146149 0.134682868079639 0.0626924754291933 0.0265866236102794 0.0999908618159444
"mb86" 0.764197098337113 0.750358538848739 0.176922275969409 0.573478501878135 0.136339826850556 0.0896166705331246 0.0877348525059827 0.102564200461763
"mb87" 0.768317328324457 0.746076534451252 0.165414882748642 0.685545292119287 0.130492396751856 0.0816772573600656 0.0577236219870858 0.100913703386547
"mb88" 0.709639242131977 0.707927014259091 0.167021263944312 0.517372002604774 0.127908359578606 0.077162295567265 0.0768892605558026 0.0947947758734435
"mb89" 0.72289156626506 0.755387748175802 0.176931053796002 0.722746971060494 0.140580578825867 0.0638521096847119 0.0400616814519222 0.0948151476219891
"mb90" 0.858823529411765 0.845164820134045 0.192812023335762 0.857058988047139 0.163944317749876 0.0796965405003171 0.0612809231392399 0.145965786040836
"mb91" 0.619183008551756 0.675914225200109 0.188438437078441 0.131446074743261 0.129542175296589 0.0803946930221457 0.142536974280731 0.102899116661752
"mb92" 0.741629142282347 0.733951622790885 0.182129709396636 0.506759614174642 0.132453878357938 0.0877733594411348 0.104387018974492 0.109139677226279
"mb93" 0.668120237171392 0.701053228308867 0.199674372681417 0.36294265377937 0.147651484228527 0.0872557626805674 0.123641736764471 0.137023326356536
"mb94" 0.668908205614501 0.687141107633692 0.190008551579105 0.351444238627235 0.138870872392958 0.0885954651101927 0.120697326410858 0.124364933867074
"mb95" 0.778721589031028 0.774481637959051 0.204339074881262 0.551321463497596 0.160277118888424 0.0924027580184271 0.118058564910281 0.13532205938346
"mb96" 0.797619047619048 0.759453573549792 0.160149977112857 0.797534479614199 0.131167287319483 0.0602567444938879 0.0228996671560142 0.0864316785230959
"mb97" 0.773809523809524 0.825358677445197 0.196497337717195 0.773701192894221 0.160713169054946 0.0751913446335057 0.0653844361490272 0.140071547775009
"mb98" 0.729411764705882 0.66608676742416 0.149121628886453 0.729187191762611 0.118969497390609 0.0529041503617088 0.0104711886897415 0.0541876687493424
"mb99" 0.609170927789167 0.713084503805443 0.215227492570706 0.105947906732442 0.155091095142885 0.0882666330898165 0.177401093239362 0.140362373248017
"mb100" 0.686746987951807 0.8046875 0.237893224152554 0.686508620609626 0.18770531962691 0.0930901858219287 0.112160230958287 0.183535300863487
"mb101" 0.769069196084552 0.751365710782644 0.184365456225063 0.542616621556529 0.140027192785158 0.0817342407698154 0.095927346787648 0.117980425339223
"mb102" 0.749485404415309 0.799606638759755 0.239186665078751 0.397647702972059 0.180817301123702 0.118409751806866 0.174080167481622 0.17011775215803
"mb103" 0.677049132477606 0.680569189977706 0.178077317247086 0.375737255254662 0.129791268580307 0.0806335202250056 0.113605214072816 0.104194518388813
"mb104" 0.624758613349236 0.728024270974679 0.226865442429944 0.128857765945044 0.16484082045165 0.0868949341997405 0.189617581505247 0.154573889201034
"mb105" 0.654761904761905 0.641410842586545 0.175341063144931 0.654593467661338 0.139066277025987 0.0657952996498055 0.0397031369540184 0.0880592548036729
"mb106" 0.734939759036145 0.846969696969697 0.237709007318463 0.734806616917088 0.192111619209314 0.0928230044830426 0.11194562188169 0.186321289720254
"mb107" 0.785714285714286 0.790510543840178 0.191861991273073 0.785559127887207 0.15852159992614 0.0755721728892432 0.0599927092340108 0.144296799059271
"mb108" 0.941176470588235 0.94667530224525 0.152576664276807 0.941115037260289 0.130045217581545 0.0633336834181165 0.0144892213239217 0.0964713927992683
"mb109" 0.657736380271339 0.656881642204105 0.16615752239756 0.340332862565256 0.118630067511936 0.069259705086275 0.10555944713258 0.0858996758472521
"mb110" 0.631544270882806 0.65885570070573 0.183438799190103 0.153830011770629 0.123340918776867 0.0834047822405628 0.127744392871805 0.103444957787363
"mb111" 0.752941176470588 0.752862218712989 0.166394912512561 0.752683156493213 0.134245792617659 0.0631140247454308 0.0305591500179857 0.0974345608982463
"mb112" 0.703516173736365 0.640137542982182 0.148219050141861 0.621375608543012 0.114785860163818 0.0695964324038647 0.0383773301956076 0.0607716753953259
"mb113" 0.613698182616529 0.713435579505109 0.217623411083604 0.105947906732442 0.156620874476125 0.0966546431725455 0.179912496137322 0.143201107654097
"mb114" 0.731463105591805 0.745476151893264 0.187886754292714 0.565837920405621 0.141833408491437 0.0826199313255179 0.0826289074695573 0.115481357984246
"mb115" 0.667942850490158 0.681603316509239 0.185033024292883 0.299940954528059 0.133746325549553 0.0854827727081654 0.121218399564076 0.115387916542036
"mb116" 0.644453630884814 0.676776027980776 0.178764748722748 0.177567556281592 0.126841690984391 0.0836058227662003 0.11895294442521 0.0912209950599337
"mb117" 0.702380952380952 0.612020391735981 0.151965234555874 0.70220133273429 0.119726282639465 0.0536801914777527 0.0133773542921309 0.067899143286531
"mb118" 0.717066580333502 0.714450886708721 0.188749946610037 0.458334320431431 0.140618966287986 0.0905480688903218 0.111498334973958 0.11825992838475
"mb119" 0.671123030752794 0.67345597165428 0.171475560369963 0.353722830972485 0.122894090033186 0.0786868757272391 0.111207658884654 0.0901738744150625
"mb120" 0.729002605131267 0.693600691817101 0.168028405887185 0.568948405306497 0.129058055707707 0.072567380700744 0.0607920733390195 0.0900849819823053
"mb121" 0.645558447089739 0.667923551346453 0.180478754747674 0.287857481674583 0.129356413820834 0.0823888744292559 0.116298507798368 0.111027366025822
"mb122" 0.752190994763387 0.744869497257893 0.18362572673755 0.519057172035564 0.13924083963233 0.0781781472277665 0.0951074094694717 0.11861979236869
"mb123" 0.742690605640599 0.721721430648444 0.171042465900963 0.60217896806519 0.134835510558078 0.0769299494816494 0.0641185158712906 0.0981793333181971
"tnt1" 0.8 0.80456920216063 0.164112520858254 0.79996518778083 0.13320150567991 0.0623706527743105 0.0279048431542738 0.0967403219515049
"tnt2" 0.673178226362013 0.64467668190725 0.146561507900723 0.445434591946121 0.106653049297074 0.0726590677514526 0.0654524355119205 0.0532579846260693
"tnt3" 0.669558889432525 0.655405175754033 0.151002871736664 0.386676336494247 0.106200507000576 0.0716587387208219 0.078330845909632 0.0588315359639519
"tnt4" 0.683146883242841 0.68048900294725 0.15909494291386 0.37504591971396 0.111016664204765 0.0764265577027343 0.0932110278866718 0.0663383281624182
"tnt5" 0.650062519440947 0.680096738316385 0.17201008059307 0.293370712716327 0.120425970013787 0.0773397849683283 0.11881730368115 0.0805848136007198
"tnt6" 0.752941176470588 0.774551043520466 0.18047403654221 0.752857217589061 0.146106497854616 0.0687440281362719 0.0469324641581903 0.112578810375254
"tnt7" 0.630798646710132 0.674535274623094 0.181599079932528 0.245670877058663 0.13046857966318 0.0847251826811239 0.131621295904326 0.110157886374074
"ufb1" 0.776470588235294 0.758982538616521 0.158740137900555 0.77629516195438 0.128790040645055 0.0598673704923899 0.0216570315956391 0.0859106856907562
"ufb2" 0.752941176470588 0.685675897589012 0.156841569028518 0.761667132800228 0.128521440443797 0.0608730545070054 0.0194490913506904 0.0937449531686105
"ufb3" 0.601309320942579 0.622257613596862 0.163357359013056 0.246446686201805 0.107996585946105 0.0680805160152297 0.109573932482377 0.0917337565182991
"ufb4" 0.605273916039959 0.638830152968053 0.170368175835665 0.234635488106103 0.114684443802425 0.0757288783920537 0.121715530236179 0.0918196913954524
"ufb5" 0.611688667327035 0.617679927626027 0.164411499366695 0.233904180952345 0.110488595422896 0.0678570591627687 0.103497284598803 0.0797675640091152
"ufb6" 0.833333333333333 0.846509598603839 0.170539302968101 0.833225701327162 0.138652985796657 0.0668691134988112 0.0339116828876003 0.107934029506585
"ufb7" 0.782123136233461 0.759373173379353 0.168418069761268 0.662348829189228 0.131136425446999 0.0812215025231624 0.061530790643268 0.0948898674272701
"ufb8" 0.605623113599676 0.671442703194154 0.18614743439092 0.175717151533428 0.127767720402701 0.0743754482452818 0.143930079092086 0.102709927468427
"ufb9" 0.615322778988102 0.675607539330462 0.190465747399745 0.187516336355147 0.130021820729033 0.0804384733707361 0.147410841589972 0.104993807831741
"ufb10" 0.623828333807204 0.675711907362822 0.189635766534126 0.202048176125966 0.129292165743229 0.0877376646869286 0.1420514282214 0.103957282509029
"ufb11" 0.66619687302946 0.718550312266403 0.211059225497978 0.432765076034061 0.156140237964297 0.0831793080890931 0.108771540444376 0.132199944308368
"ufb12" 0.679362514883154 0.68172170028978 0.17538570523988 0.368236917165013 0.126831660764111 0.0807279659691508 0.110632458418538 0.0978330536088762
"ufb13" 0.663709724223001 0.65457964218841 0.186122056734741 0.341447821736743 0.138914971453842 0.0771796302410267 0.108731301255246 0.116564515876406
"ufb14" 0.620002166977003 0.715677079329284 0.214969590545541 0.105542721726213 0.155177730921249 0.0767986849782675 0.177510688237434 0.140350601969817
"ufb15" 0.644412434903385 0.663427578754428 0.174133077444316 0.268037042759725 0.125473388627338 0.0743724273079969 0.118035549219414 0.10354510274817
"ufb16" 0.62904058895825 0.674972880777171 0.181239214195005 0.245753880804099 0.129935449472352 0.082983700454767 0.133316781062905 0.108646504495238
"ufb17" 0.636260853998681 0.660289978323265 0.174517969209295 0.268965451878263 0.121919237162472 0.0682698475725641 0.10960578585542 0.0927200235123767
"ufb18" 0.643560743113652 0.654098310943991 0.177847899158207 0.292310671154523 0.125108227564434 0.0679963503713024 0.107166307497803 0.0997489978434337
"ufb19" 0.686010665857654 0.688160279617843 0.176463767245016 0.369682842555741 0.127727035145343 0.0787062544542095 0.11186509625069 0.0995304520240389
"ufb20" 0.658823529411765 0.621213414113832 0.152247490624931 0.658641277205523 0.118159306150372 0.0520977748480067 0.0141064088991226 0.0668475581992105
"ufb21" 0.69047619047619 0.75685970688876 0.210915017420814 0.690225981007298 0.167038338750824 0.0792943770938063 0.0816478112261576 0.145919009308219
"ufb22" 0.637229900269666 0.656014359609778 0.17591862187119 0.290839678152006 0.127472380710321 0.0791296175207495 0.111401792951512 0.105867983321672
"ufb23" 0.629715722410661 0.707765444472505 0.216364531358054 0.140133465326753 0.155738174001237 0.0864927811999731 0.177267603305032 0.148646655815964
"ufb24" 0.708873692788182 0.750894974196848 0.218588934650714 0.518002727666829 0.166246912418388 0.0957548965817828 0.11718871722071 0.146977220299667
"ufb25" 0.652703435194125 0.659072347685104 0.168201509024722 0.318045879272746 0.118179668564061 0.0732671166098374 0.111583649459967 0.0853104849913455
"ufb26" 0.665316498673307 0.736776115957843 0.224887339424559 0.177496526615462 0.16034919588977 0.101113566006731 0.172097763022973 0.15016050741707
"ufb27" 0.687061975357518 0.696556616139031 0.193466289598049 0.343518744392003 0.142798030947725 0.0833358705318425 0.116878356883742 0.130217612609074
"ufb28" 0.635867435550534 0.635806203754681 0.156711191619078 0.306335217867687 0.113037235661 0.0700074562094417 0.0993112229446222 0.0746327258390614
"ufb29" 0.585084223611287 0.617265907746178 0.155456478986588 0.223642994837193 0.108839700117354 0.0680935745067499 0.105902053784276 0.0786810512769014
"ufb30" 0.595356781885324 0.682762595959861 0.19636674960125 0.128895777929263 0.138564238017522 0.0814561656043606 0.156827146439166 0.122365330372856
"ufb31" 0.605905307438843 0.620406164509339 0.163199498417694 0.245269600788855 0.111852209073759 0.06406416169033 0.0973972815756209 0.0831395381004607
"ufb32" 0.642099960753674 0.654411010429133 0.185026209768885 0.303789440950725 0.129017340454037 0.0738054581114425 0.107157917777723 0.107328704153078
"ufb33" 0.772759284571556 0.767082504511863 0.203756231953912 0.534032765899729 0.157016003369919 0.0934261403394926 0.117206489151825 0.135098021965492
"ufb34" 0.628481936467101 0.666732697664194 0.183674237577951 0.234221539400249 0.125234858777373 0.0852339370540282 0.13114801210978 0.101552652727683
"ufb35" 0.655975804179639 0.687134870544059 0.191783120521338 0.363222178705263 0.140739841679745 0.0887293096287503 0.114560431009344 0.108431256255931
"ufb36" 0.720000154752247 0.722198392078043 0.180669398723754 0.47115227630673 0.12959683383836 0.0943595470690136 0.110525061825917 0.100532008113378
"ufb37" 0.623529411764706 0.469928741092637 0.132268313976036 0.623310299561697 0.0989643129004123 0.0435309510546259 -0.00912837011455312 0.0165022813655622
"ufb38" 0.640368870561692 0.696015111622264 0.202667637274011 0.186484248282708 0.143684550489859 0.08703781431086 0.155896344259227 0.130773967059908
"ufb39" 0.621560310503415 0.675019821920195 0.189465458566823 0.210967652929168 0.129593033138244 0.0895976087941943 0.143622083523382 0.104105942037815
"ufb40" 0.732123817324658 0.656053746166204 0.151935977374525 0.597631602239473 0.118369547853426 0.066930859170189 0.0425054568497409 0.0819346863388189
"ufb41" 0.600716208528923 0.589843592427385 0.161662104534695 0.188159687442221 0.108330901761969 0.0568731790094252 0.110355343119692 0.0846411995310112
"ufb42" 0.59638359583644 0.586516721351411 0.157921808462709 0.188080168187825 0.106365533434748 0.0577906617896252 0.108537737146768 0.0781118156038458
"ufb43" 0.781824580774719 0.790798809796292 0.176667233019224 0.664783085492709 0.138185023115857 0.0849424138725735 0.0705443953856845 0.101897051955475
"ufb44" 0.800057471768259 0.785328753680078 0.162404212109831 0.69388270032307 0.126708279430975 0.0767774314619729 0.0546673248874238 0.0839196105640061
"ufb45" 0.641198437824452 0.650120348674392 0.184743172424956 0.245754963754257 0.12221357231062 0.0843462260608125 0.125302810701196 0.108455843834875
"ufb46" 0.69303352062493 0.710051254138885 0.198807555389566 0.374750638953506 0.146724645424519 0.0866091676930984 0.122692569987224 0.137377145664215
"ufb47" 0.835294117647059 0.86864896073903 0.202069691814472 0.835180124694091 0.17017629230377 0.0838543840315129 0.0720471266252381 0.157194358777044
"ufb48" 0.622499814192533 0.658023541366754 0.180243983385023 0.246056203080574 0.124109887770529 0.0858621002571819 0.127497039285339 0.0977212070116419
"ufb49" 0.616767771255448 0.643650632175556 0.178067964039653 0.245972897984395 0.119156632931028 0.0820623391736413 0.122007234321663 0.0985592606059537
"ufb50" 0.623867347334344 0.644967549380711 0.174690281284685 0.292399905181361 0.121129754795948 0.0748497269273267 0.103737224700785 0.0924184924687371
"ufb51" 0.641443807224868 0.606291374844095 0.168041301835734 0.305907155773357 0.120970438978994 0.0654834256825177 0.0967960887821722 0.0914898514517401
"ufb52" 0.62192380220739 0.678695515574899 0.19411705442175 0.164390549126384 0.134997529282638 0.0858922951720416 0.153173763400288 0.111292518943601
"ufb53" 0.756067225522953 0.743766781741465 0.196832115854116 0.498595040175238 0.146283242414061 0.0950931193245705 0.120350132025162 0.125062795515808
"ufb54" 0.714430044475092 0.711418679319624 0.186768986716135 0.462667822855559 0.142815555043105 0.0871140732761411 0.109470705291397 0.115008726884771
"ufb55" 0.72289156626506 0.734920044626255 0.184258860903693 0.722806383941578 0.14949986381833 0.0714135579870735 0.0496855358362375 0.120656967389876
"ufb56" 0.747366541971491 0.774183583634089 0.236201342620284 0.355391176331108 0.176622091480612 0.115014950302522 0.1707702836392 0.170265184781225
"ufb57" 0.69047619047619 0.661794073009026 0.162555673687925 0.686508620609626 0.128242686211219 0.0587568807560624 0.0246130012221104 0.0804378553342505
"ufb58" 0.652727262855014 0.67187662716937 0.180419161059303 0.304509228512377 0.128563093435673 0.0802739853300684 0.11597102081368 0.096514942049893
"ufb59" 0.682352941176471 0.560124978888701 0.143619558469805 0.682137241936125 0.113874710994169 0.0504904842769772 0.00407255712973922 0.0573751353928126
"ufb60" 0.724205813948891 0.648854498558641 0.146809833268594 0.611430419251616 0.111315906110556 0.0658827605015085 0.0370670980478885 0.06684877206717
"ufb61" 0.572328286142235 0.63785657211597 0.171391304700169 0.128982329546503 0.11997921982976 0.0699761372371739 0.128383252846852 0.0986080513500531
"ufb62" 0.593824282392772 0.623992690452653 0.160448544158311 0.235570234913439 0.11244524517553 0.0732950836712954 0.109037918794664 0.0844153108881694
"ufb63" 0.611350038135676 0.692439422473321 0.199220904171082 0.140277628812912 0.141698633014372 0.0797390357396647 0.156656524353366 0.129989915692984
"ufb64" 0.602952186347694 0.694439714152344 0.202466869278485 0.140718409414597 0.144806318170748 0.087095590316992 0.163227398435664 0.125909486733222
"ufb65" 0.62263190525202 0.658894766818871 0.182181575290996 0.234221539400249 0.121598627210566 0.0842498996921783 0.129559304935549 0.100540401501507
"ufb66" 0.736555131887182 0.713497158881263 0.16866103502842 0.523575584133494 0.129263704239392 0.075272931223604 0.0787563258283327 0.096846712892318
"ufb67" 0.692556378895898 0.696316354638405 0.166498309665731 0.426989460691261 0.119008138157405 0.0746277382269529 0.0874667612719603 0.0914597540698242
"ufb68" 0.645697743621243 0.66352325655586 0.154345923975518 0.385824666929838 0.11293260267363 0.0715367500769303 0.082096572892181 0.0736068487138191
"ufb69" 0.635381620329405 0.653450752245129 0.180962399036551 0.245863403403852 0.120827430964305 0.0807770979597149 0.125099087269131 0.101849839867149
"ufb70" 0.733626459103342 0.726686454398273 0.179834642217396 0.495497722514599 0.134540972465033 0.0765828684501771 0.0909052629728001 0.111670541477932
"ufb71" 0.683120131781502 0.687406224287305 0.18784268167737 0.493780042001033 0.141995614966869 0.0729448992748248 0.0828810712443618 0.117177461333936
"ufb72" 0.632302563013384 0.658898467958926 0.180947750065153 0.287630107306045 0.131947183769767 0.0802055044231167 0.110878701316617 0.113190917223951
"ufb73" 0.622226435057399 0.678214497494036 0.203225257626679 0.14003226356817 0.143502825349143 0.0809443924706168 0.15964266301618 0.134281127819882
"ufb74" 0.625234231411298 0.686387033560644 0.206193599696981 0.129963553220332 0.14451740791775 0.0809841756482748 0.163996538096384 0.1380950499358
"ufb75" 0.685822028028542 0.674882373103169 0.16674184457083 0.400332938935285 0.11634763901329 0.0748557186430831 0.0954051452137564 0.0886664430455379
"ufb76" 0.691463984796232 0.670278447168915 0.154821607505842 0.455962018588182 0.11494530322526 0.0741917413069094 0.0746828893696091 0.0769748194568227
"ufb77" 0.675468959850299 0.674443238662649 0.186197518141187 0.317661028098648 0.132483365122307 0.0902676926348164 0.12245379112626 0.117395632662398
"ufb78" 0.647294252938962 0.656339430515639 0.165729331831106 0.318045879272746 0.11968871667984 0.0728347652703385 0.108943199081577 0.0818462195110073
"ufb79" 0.617631999700509 0.660450866343138 0.174402502585791 0.19879913586468 0.119589802241204 0.0723950967866876 0.1238410473754 0.0869365377348632
"ufb80" 0.614430190597963 0.648138190617018 0.169123426972343 0.222386875719923 0.115559057777488 0.0732486257543458 0.11566708899501 0.081057954691361
"ufb81" 0.6115302853695 0.636428809809278 0.167399541130264 0.222289897007291 0.113645262488054 0.0698791356960148 0.110618387523018 0.0793175013081401
"ufb82" 0.764546636320801 0.742731558785974 0.198000853733317 0.56458289010201 0.156490811380633 0.0790396211123621 0.094842632520855 0.140015856406195
"ufb83" 0.739365028779998 0.734592985634787 0.193509056510565 0.475970932802202 0.151890721967018 0.083234409701656 0.106054152424555 0.120724486165039
"ufb84" 0.669587034381577 0.675137515247981 0.17452733711936 0.340288262694156 0.123006493689632 0.0728299623290499 0.109776771396405 0.0992331970196093
"ufb85" 0.63834939523619 0.667454420672575 0.177214518683268 0.249200120046267 0.12666187332669 0.0811491317384543 0.126967296688868 0.104045510126689
"ufb86" 0.6311319999224 0.640751668624137 0.178867851227096 0.25760574655617 0.11942640200224 0.0784774980452719 0.118999119932629 0.102070618823272
"ufb87" 0.617831911312061 0.658159590773947 0.17985070993041 0.187270542582889 0.123212506378282 0.0705729536168578 0.131691796106313 0.0960216635108043
"ufb88" 0.614769834637767 0.645935664323701 0.174655487649668 0.187216224585409 0.118797373493986 0.071337778268351 0.124072586991241 0.092267721342903
"ufb89" 0.625649238846715 0.647941189601036 0.171492061219274 0.237736127100352 0.118110056655544 0.0703804668233776 0.111094017826453 0.0856639599022003
"ufb90" 0.648658855935826 0.663005366393542 0.179762403278106 0.261721982148846 0.124588578754067 0.0743918719454154 0.115192606919872 0.0960694777394233
"ufb91" 0.623846368368715 0.642756154802224 0.178622686166619 0.245857663654745 0.120230605011591 0.0799799993801946 0.118736079891675 0.100955997033988
"ufb92" 0.733782931487482 0.723499986406764 0.178477970260542 0.483530677110533 0.131833102973452 0.0777589076911801 0.0894014889787569 0.107735781422022
"ufb93" 0.695181668158233 0.668064186266027 0.188095970803937 0.376953756285249 0.138170064055558 0.0702020411021839 0.110892912634993 0.121475254361678
"ufb94" 0.606672757914225 0.707799199437995 0.214066920162165 0.117211742385726 0.155201571163163 0.0702482542678732 0.176560490901683 0.142663804302826
"ufb95" 0.590548057764247 0.679638392757281 0.193457114009587 0.140693715429885 0.138317630934704 0.0813902541428096 0.153781851835213 0.119971107810185
"ufb96" 0.639161729841087 0.695862608846923 0.202492885750051 0.177160783267995 0.143160738717922 0.0851297755875636 0.153665659149659 0.131648510642966
"ufb97" 0.75512454333134 0.76653002272679 0.219186984917051 0.54730099026691 0.168234540256651 0.0981394165493865 0.118753858385127 0.169532757630705
"ufb98" 0.615192128397062 0.702267244301831 0.211288240988764 0.118636600953447 0.154628365607798 0.0853097498783583 0.171935600024919 0.144662747575042
"ufb99" 0.62289741611129 0.649579913260708 0.170942160075785 0.222289897007291 0.117962475614398 0.0682056351231235 0.114402603729716 0.0852059415877405
"ufb100" 0.630664347603562 0.663011259744009 0.183761767755329 0.234221539400249 0.124477884328554 0.0847566082950007 0.131241174389003 0.101497448926486
"ufb101" 0.764705882352941 0.803399480867454 0.180161447354374 0.764576189771721 0.145218849106576 0.0684890139835932 0.0465689386321354 0.113111726939606
"ufb102" 0.621606911755246 0.646870766729884 0.173847330734044 0.189216624716771 0.118509773638893 0.0686835548700946 0.12068879602329 0.0932260214431474
"ufb103" 0.694117647058824 0.807259150446811 0.224312153119797 0.690284689374301 0.180065994399425 0.084290919828916 0.0979139920237188 0.172313781040481
"ufb104" 0.601444843105929 0.720237659301686 0.222086353029401 0.140571120257511 0.161918582574057 0.0903980334386806 0.184962628479103 0.151966170625005
"ufb105" 0.657999382430435 0.663837227998714 0.175780075083373 0.271757587523056 0.125989621348547 0.0753738433115078 0.1159666114707 0.10689933957438
"ufb106" 0.654986795295744 0.654197352378292 0.162107807890743 0.340537590701538 0.111367000651169 0.0757879098976629 0.101207241681494 0.0757391151916822
"ufb107" 0.585700758765791 0.664436553754191 0.187471172461856 0.140750387720496 0.131640648031841 0.0813382501055454 0.146901474146493 0.114502745999268
"ufb108" 0.640129731598277 0.643221124845822 0.185679583018925 0.257461728942781 0.124021158809456 0.0808771047303363 0.121565767235298 0.111793370115594
"ufb109" 0.68727602056426 0.633021758844902 0.176480950979368 0.364923270249562 0.125029809698765 0.070555497875925 0.105958471641629 0.100167570007841
"ufb110" 0.670588235294118 0.754231243110045 0.208727184043969 0.670360249388183 0.163191468101202 0.0762248618039025 0.0797894557239777 0.151609401307557
"ufb111" 0.622480305284736 0.687548541843203 0.198984770407814 0.164363149938261 0.140067893390061 0.0892343636575614 0.158999913664458 0.11778698904914
"ufb112" 0.609547691171043 0.674915339069688 0.186765019611658 0.199183641450951 0.130712547675757 0.081566044945335 0.143513291387228 0.102707037233465
"ufb113" 0.788235294117647 0.849563465413029 0.184351581235813 0.788188195232888 0.151690072816676 0.0707118551770441 0.0514418538920516 0.118524348614644
"ufb114" 0.610428727146418 0.655592169733289 0.177520437040129 0.187843983474575 0.120180421731358 0.0749220185875466 0.131023998149997 0.0942021520781817
"ufb115" 0.623776230726936 0.666367968793126 0.184541128203771 0.211510945668104 0.12570596104315 0.0835324884574997 0.136684032686084 0.100288432726673
"ufb116" 0.612192706984649 0.639866825081908 0.171862265002155 0.198971644859918 0.116480364607595 0.0711793513110566 0.123234272151171 0.0899523908083846
"ufb117" 0.610609526246116 0.623255803779429 0.166613266560408 0.198929791987995 0.112618769609485 0.0682987013270801 0.115537482185733 0.0857170349797059
"ufb118" 0.688319940442445 0.603548455734324 0.138665780797158 0.503827923168498 0.101927049609049 0.0636026207728153 0.045243759798895 0.0562176765519043
"ufb119" 0.689051372044824 0.629974059027948 0.143230862058831 0.482897706748073 0.10655064537775 0.0691314783579833 0.0617790214916614 0.0638228891868571
"ufb120" 0.654643016692899 0.672161547796066 0.187059806384364 0.32756253605254 0.133229706515594 0.0758898125188914 0.109385818427202 0.110392077478832
"ufb121" 0.717140286400849 0.765176347187623 0.216454780120553 0.529879063351382 0.168478313204208 0.0968129978252441 0.115670220063909 0.16430857313503
"ufb122" 0.651119588537225 0.697964121020809 0.203520317562519 0.187339957894111 0.143972654802459 0.0811174019200636 0.154754361466955 0.130769385219732
"ufb123" 0.656485316012464 0.663317200793762 0.17723237243672 0.282259784499104 0.12477502644384 0.0799840465401972 0.117507988842516 0.1059645220868
"ufb124" 0.598503285678862 0.699122332357302 0.205010886907505 0.140684834814904 0.147343496837047 0.0836183964359356 0.166353013466139 0.130524267357913
"ufb125" 0.6135166881247 0.71173749579364 0.214777023536507 0.105542721726213 0.153943113460137 0.0796064787524737 0.177308932605014 0.14203683163114
"ufb126" 0.645549698874783 0.648909991921281 0.161502681834088 0.317756825484655 0.114911714907278 0.0700690306142449 0.104475279465815 0.076476266342608
"ufb127" 0.628757172480185 0.700921323426358 0.211763425433755 0.140040146661839 0.149956638875876 0.0833975996619553 0.171731997963873 0.141475985271357
"ufb128" 0.681652533466167 0.6961576295943 0.194613358270278 0.339244704404999 0.143246134816081 0.0804900491364914 0.118099915225635 0.131741589323695
"ufb129" 0.695209536252513 0.684086783319046 0.164620565423979 0.409292870121326 0.117534929307358 0.0779997727617119 0.0932490392081751 0.0907429037223216
"ufb130" 0.623665971466976 0.688338430539567 0.197541746535511 0.163702745143085 0.138977168297162 0.0830221132095703 0.153651676869048 0.126834267987932
"ufb131" 0.790306254593524 0.7599645928174 0.20112181645612 0.566131949313604 0.155214791104095 0.079467977857299 0.0980380242791375 0.143917088517441
"ufb132" 0.70773583285626 0.701228752283886 0.181147267249339 0.441166806845305 0.133424748701449 0.0876580320174083 0.103300086156574 0.115754615732748
"ufb133" 0.631554191622732 0.664722719141324 0.171481645823287 0.233808826428285 0.122638158587425 0.068780910338638 0.115024930339823 0.0856587167666354
"ufb134" 0.660182395615802 0.591954333946543 0.139813808019772 0.517199240884241 0.10294492754777 0.0621974982600423 0.029171199621414 0.0584940295836876
"ufb135" 0.656569818288042 0.671835599128782 0.183456964446134 0.299716500803395 0.133576771369442 0.0802636936541282 0.113611330426426 0.116368787934036
"ufb136" 0.682352941176471 0.607634482085327 0.144111276945072 0.682137241936125 0.109872962083009 0.0495158854123899 0.00464440102053388 0.0440501740653426
"ufb137" 0.63551790309162 0.687814278138231 0.198336345498062 0.17626453058082 0.138883946750837 0.0786427098309894 0.151302846237574 0.125007897608826
"ufb138" 0.728123211480382 0.754898232377012 0.225768026275203 0.358119144343835 0.165442793782782 0.107076808119841 0.151837624092745 0.166888707358144
"ufb139" 0.685702430714858 0.728737249199123 0.220801662607341 0.233432803487268 0.156228517266865 0.0943776200803238 0.167729280140881 0.149206199977174
"ufb140" 0.788935344418269 0.765153010858835 0.200688865906031 0.595110549396375 0.157914620629116 0.0829114680155891 0.0978763938824869 0.145400281267661
"ufb141" 0.71086078380015 0.687130397213296 0.178885789273446 0.481599648467584 0.136646952489059 0.0806336250002122 0.0900375802855383 0.115066106442994
"ufb142" 0.683937463508361 0.644917224515974 0.148431576343425 0.468968583268293 0.10476734390615 0.0709976144283779 0.0675002314863602 0.0606084134894653
"ufb143" 0.653115102955437 0.715003097571233 0.211419015124284 0.176973947396579 0.149677829505198 0.0895705251249032 0.160712689147111 0.137566072586237
"ufb144" 0.68527152079444 0.651250968670431 0.154845793999717 0.564448860084969 0.122231872870628 0.0680789796551578 0.0461366950598171 0.0760715689197917
"ufb145" 0.600361898715697 0.706740781505984 0.211917512918429 0.140649337840479 0.1535636683573 0.0926279027442765 0.173931571030586 0.13917377714787
"ufb146" 0.694117647058824 0.608684924747101 0.151988472865886 0.690225981007298 0.122929370989823 0.0557045820877602 0.0138051842541937 0.0695500836856683
"ufb147" 0.60566890467145 0.669452528854375 0.183135629300523 0.175693336600159 0.126264740728163 0.0714450949392202 0.139690872729868 0.0997073249109482
"ufb148" 0.715686233002501 0.741726892354507 0.215137208381502 0.481511925673947 0.160352443561945 0.0873951214886432 0.113208915034365 0.135631075872008
"ufb149" 0.688327042701671 0.666460107196317 0.187556699674706 0.341529800762842 0.137747445827417 0.0666910742511335 0.11030236280919 0.122289827936582
"ufb150" 0.690203432069164 0.703986614856571 0.208813294056573 0.331719241747922 0.151557493351185 0.0957691472784565 0.133169272794755 0.144981576701818
"ufb151" 0.711174147191942 0.733722751006055 0.221531864210621 0.320116474564507 0.158866438283835 0.104494638703949 0.15466859879472 0.155966303978782
"ufb152" 0.63874608401908 0.678657459691953 0.206004082988059 0.153486988276289 0.145613681148089 0.0845557029351228 0.161131841162973 0.135244071378999
"ufb153" 0.637612671453614 0.681655389806549 0.205101152214664 0.153598538446823 0.143975555372358 0.0832973086553183 0.161621361457036 0.135077091378804
"ufb154" 0.627133295271676 0.633783329159679 0.157923116508014 0.282548639049764 0.111679032655991 0.0710390733772912 0.103796583304509 0.0740183948057481
"ufb155" 0.587191533325299 0.612442177230091 0.154487301393221 0.188292165672269 0.106965148273374 0.0632571968755463 0.10485240902099 0.0770522846938988
"ufb156" 0.594232360555252 0.623640539018155 0.158622675856981 0.18819015391521 0.110123860005217 0.0651231084491946 0.111046063645709 0.079428929350085
"ufb157" 0.671449727514806 0.666016421808837 0.176533390767729 0.339503229507072 0.123959436662246 0.0827233328459773 0.111834168340623 0.0973873378821533
"ufb158" 0.684178232834855 0.652535038036959 0.167691381797063 0.44338423864353 0.124650948868041 0.0760528206126834 0.0771597405841232 0.0878113365832129
"ufb159" 0.699156896080679 0.664945836154367 0.177990268397615 0.488776747728129 0.134908272085223 0.0650528289541665 0.071490419622054 0.102874511960676
"ufb160" 0.647906768419703 0.670981311608844 0.161674534183314 0.351054880964734 0.114057116756701 0.0764644969320113 0.100888803728744 0.0826023488335332
"ufb161" 0.752912109340501 0.792841356891451 0.233745106656483 0.466791755706489 0.179660018959842 0.117527649771388 0.150519379635864 0.177381744370099
"ufb162" 0.597550014750635 0.588161278072613 0.157931592182278 0.188080168187825 0.10561404265211 0.0571171008517381 0.10854809463717 0.0765208764671936
"ufb163" 0.723294366323485 0.774055500103047 0.235605472410364 0.306238164369248 0.17201415291867 0.107671221611688 0.175595259983753 0.166295574921467
"ufb164" 0.619047619047619 0.726365677226241 0.209380197374115 0.618726120847367 0.162644423574166 0.0765670701685584 0.0798615583124934 0.138084988553332
"ufb165" 0.69047619047619 0.606210951855935 0.149629913666968 0.690343397741304 0.115872972444735 0.0527007500290589 0.0106603896488451 0.0519954450017647
"ufb166" 0.605200671985569 0.623177010530239 0.165099381709974 0.246435059550891 0.11105137786437 0.0698331509031325 0.108263137085135 0.0952143202657299
"ufb167" 0.68144682329407 0.691692894789762 0.170595664833891 0.386124607968602 0.118939018784924 0.0823836265722501 0.105715075151905 0.0949343631250129
"ufb168" 0.703715185628717 0.703264354161025 0.173420486198932 0.459609652504198 0.124844056308075 0.0844469911937645 0.0948499402468159 0.0999603041036076
"ufb169" 0.593391680441246 0.66761196759583 0.187034701481519 0.128926278632585 0.132744969326341 0.079509991404408 0.14644321009815 0.111071405961254
"ufb170" 0.624220663183198 0.663010647325036 0.173548247517245 0.201813522322175 0.121108086477244 0.0697799016607087 0.120376590454281 0.0869236467143366
"ufb171" 0.595647902659842 0.618503470668094 0.159175298961589 0.249364294213736 0.11019035260655 0.069085564075496 0.105084476581104 0.0858923301582591
"ufb172" 0.609983169528381 0.643436452085203 0.173297568065675 0.187270542582889 0.118357955599658 0.0704626473496376 0.124753855768712 0.0902652276424989
"ufb173" 0.582128928029225 0.647415923062015 0.176916277595503 0.128955049881933 0.123920300285547 0.073567077152817 0.135086759639363 0.103322155459561
"ufb174" 0.584434531453057 0.647488440235062 0.176337754163087 0.152616528185581 0.122086169588425 0.0790978985599963 0.132520705360097 0.0950703420370006
"ufb175" 0.680481092583272 0.682830644749723 0.168646518763727 0.388369099733352 0.119520008393546 0.078829371620286 0.103500981140631 0.0847700661305766
"ufb176" 0.677529355954802 0.66561937286557 0.173045636441353 0.387503288705946 0.12819611316763 0.0774948247774666 0.102154286665758 0.101309812817086
"ufb177" 0.574646661001825 0.611177713417529 0.167773753157146 0.129270440482385 0.111689960311416 0.0673014800452626 0.125487664047788 0.09082086086366
"ufb178" 0.676433099245023 0.651092021428345 0.181118601857752 0.329721815588706 0.134680025559334 0.0644442085688672 0.10325207337551 0.11157456402761
"ufb179" 0.686746987951807 0.706133158412594 0.176131360997931 0.678860536737141 0.136161724641985 0.0610957697414518 0.0411972758062134 0.086200855262544
"ufb180" 0.62028919305794 0.70205101281883 0.205806131346797 0.105593602137069 0.148049658512601 0.0739887970644159 0.167951668901012 0.130737423773273
"ufb181" 0.605996966927776 0.656935202948493 0.175880434669071 0.176006234750068 0.121567893108909 0.072238198466387 0.13079121340712 0.0928115440278145
"ufb182" 0.745552918790047 0.731095158417445 0.186395581487453 0.549368981779184 0.141790743854728 0.0838863588095241 0.0809444640341806 0.11904025063064
"ufb183" 0.677228964089615 0.665946615299945 0.171786456620464 0.434577057441493 0.124029106218245 0.0740740375224675 0.0818573982216014 0.0971548227277621
"ufb184" 0.623625837803898 0.656305736750877 0.177436475129266 0.189309292600388 0.121227365507961 0.0685042341496135 0.127055605357541 0.0960482220765626
"ufb185" 0.742148904591846 0.718146452774685 0.191215945664186 0.474320593823761 0.14351329387372 0.0797973934528964 0.103346391862173 0.117125717655473
"ufb186" 0.694372592543046 0.715296570793953 0.179970833347537 0.435571486187703 0.1286320772628 0.0970526230185777 0.115712678261985 0.0942403659086813
"ufb187" 0.665824467334417 0.688142969482177 0.171239540012886 0.352850293776774 0.121637232984707 0.0798537529452377 0.111058910133612 0.0842304541157437
"ufb188" 0.729411764705882 0.761142498430634 0.179414298969027 0.72936125285846 0.14585794216327 0.0672409535049864 0.0457000425845643 0.109138323672958
"ufb189" 0.729347580193417 0.779302054768792 0.225095481460367 0.408872270730284 0.171028179173576 0.113244266385677 0.15134008041052 0.159160764873909
"ufb190" 0.611711720471031 0.64295216016426 0.169141709716982 0.198717548359273 0.114953634877533 0.0691626762776196 0.115686548001694 0.0821605311579129
"ufb191" 0.658823529411765 0.547876058088064 0.139402153594082 0.658583256840241 0.105875993868984 0.0498923830274594 -0.000832072926877492 0.046993806861973
"ufb192" 0.622489501300539 0.692969602766402 0.198554955120553 0.130727396711978 0.138997755881096 0.0787156102817754 0.151535067109646 0.125983491770369
"ufb193" 0.78009097747505 0.801904623437046 0.218405791238891 0.595591196542146 0.173421074930781 0.0966248428754257 0.117346184816866 0.16662880576225
"ufb194" 0.622277152699815 0.638985536417747 0.159642789023927 0.294115283340556 0.112247251557808 0.0691547020257532 0.108220379865357 0.0710720910728216
"ufb195" 0.608352656325709 0.658227516175767 0.175014546474642 0.187220010809642 0.120868113540399 0.0699245740955303 0.128376444505217 0.0924930752210791
"ufb196" 0.598292299786557 0.709285864116224 0.214497814739008 0.11715028324657 0.156088967971034 0.0685348469475091 0.177057632754893 0.146438755417668
"ufb197" 0.738095238095238 0.746599050148917 0.17233314977299 0.734866029798173 0.139735990540712 0.0632663961987599 0.036200489197111 0.099753865442513
"ufb198" 0.797619047619048 0.762231972845434 0.157524343629148 0.797475771247196 0.127528761869313 0.0618965386474043 0.0201154887044913 0.0955142403073366
"ufb199" 0.6245713575342 0.643050591741588 0.17229559582231 0.280537042620295 0.120318700007552 0.0713433091282479 0.101136664705179 0.0900286717296105
"ufb200" 0.764418210604274 0.744644738382301 0.158516522880769 0.670391920739746 0.124708117674863 0.0752226729481845 0.0502795763910117 0.0782814511329993
"ufb201" 0.605581545887229 0.685384770346495 0.197998626037976 0.128895777929263 0.141044626866198 0.0849624046567088 0.15853931291701 0.121451629539607
"ufb202" 0.614359383990108 0.657789675534282 0.180071933368887 0.187310869984199 0.12355957666445 0.0727027042478602 0.133697265855334 0.0961667265480906
"ufb203" 0.658025094762773 0.621959907710609 0.151952144609219 0.36394615106798 0.104984846885835 0.068237342830997 0.0792573609106979 0.0693261905756223
"ufb204" 0.622439484784116 0.628062320809716 0.176533386511235 0.259870941429395 0.119232573629932 0.0729019735786128 0.105746419790707 0.108600479566742
"ufb205" 0.640702270823883 0.656911145429842 0.18467582971902 0.315758512960932 0.131806519578955 0.0728744398865122 0.106774059968992 0.106718726663944
"ufb206" 0.618802633034745 0.713038747539059 0.214582687007828 0.116989559170941 0.156787811044335 0.0637615062902717 0.176409731765225 0.146305845575646
"ufb207" 0.680877651599932 0.673359294898929 0.170215347625827 0.352104593547658 0.121264795769608 0.068535593330241 0.105126546887162 0.0934355092918392
"ufb208" 0.668934528496601 0.691766320197161 0.214327313015254 0.186247766655729 0.152726258304944 0.0897830657208902 0.168236249569447 0.141667224308556
"ufb209" 0.682352941176471 0.536422458776873 0.134093045436999 0.682195262301408 0.100881186444759 0.045122377328729 -0.00700629907029277 0.0251593514757998
"ufb210" 0.613717441931492 0.65919510391881 0.177853476977329 0.198990623632878 0.119626839524432 0.0726392036614428 0.129603901134022 0.0953254100321507
"ufb211" 0.685680925983312 0.660816686621715 0.176197114690251 0.350944662155277 0.123357628828085 0.0771564650693968 0.105441814532172 0.101368650129631
"ufb212" 0.670588235294118 0.528590135312091 0.135479675918627 0.670360249388183 0.104844382052524 0.0473465230299944 -0.00539371746192879 0.0444044521781317
"ufb213" 0.709694382814861 0.6795940142677 0.175684875180176 0.44551657097222 0.135328855875213 0.0745294870503054 0.0973330397728004 0.102238576762086
"ufb214" 0.747609072918918 0.760744885224293 0.192455343714219 0.493808813421137 0.142741924828362 0.093072645667805 0.104579840602207 0.122214856874865
"ufb215" 0.697360228517917 0.739153693896111 0.221736333157628 0.278596804909046 0.159153953716915 0.10084750740894 0.160581178058344 0.15033478547482
"ufb216" 0.684244597897016 0.714372086149216 0.209955541985327 0.244153757302729 0.150769997181142 0.080338230061143 0.156144413766591 0.13220628125736
"ufb217" 0.664863597468683 0.614981733535935 0.140300843663369 0.468526213015768 0.101674118679093 0.0641551787389693 0.0471020548140642 0.0480612171424779
"ufb218" 0.61830975495391 0.665426281160988 0.181983651625272 0.187843983474575 0.125731838822908 0.0772721200724075 0.135739527313589 0.097864365504732
"ufb219" 0.695053404527206 0.739910784995071 0.222948780498245 0.290572642740416 0.160319518358401 0.103266088648373 0.161888898258692 0.151277505417433
"ufb220" 0.685828001206185 0.636411282637698 0.146048929979978 0.511504365151557 0.10530437840726 0.0686392467925555 0.053473283167001 0.0624571622857789
"ufb221" 0.631938610985709 0.64693241042761 0.163840657684989 0.294248822595012 0.114611540844556 0.0704022564130114 0.110094488787022 0.0782239539205626
"ufb222" 0.646723610233378 0.678791395569852 0.180580232240367 0.304509228512377 0.12842216794592 0.0830763676034084 0.116144757905871 0.097400699819481
"ufb223" 0.682294333764693 0.669119260017549 0.155744395474869 0.445542956670413 0.117399563086109 0.0739697987409925 0.0756650868927269 0.0772001948679951
"ufb224" 0.612117420648452 0.660901494426761 0.18016032578711 0.187310869984199 0.123526974255744 0.0733001635760344 0.133790657698718 0.0961203884501178
"ufb225" 0.626784513733526 0.61687639592526 0.173584043956 0.270763868744127 0.126407751772363 0.0596445394126969 0.0950010626775543 0.107830619495262
"ufb226" 0.615178246586164 0.694630708237482 0.203026992171005 0.164305297042109 0.145072468424947 0.082966941718399 0.164278956360216 0.12656274593839
"ufb227" 0.69927721583859 0.676362822700193 0.179823178490194 0.500675106340022 0.134880311744628 0.068240225607911 0.0735608021436988 0.0959166678400047
"ufb228" 0.628986069165899 0.661872643497085 0.172802648180399 0.245416094377534 0.123838375293905 0.0765083582173215 0.116614749714063 0.101535081829251
"ufb229" 0.574099823483301 0.618782323883641 0.16915423223587 0.117446116052499 0.112022644629068 0.065511578887797 0.127676727159905 0.0925622595060423
"ufb230" 0.65885958812545 0.559458068941862 0.131718433795988 0.564381845076449 0.0996786987663121 0.0594127816433666 0.0200345469762479 0.0289652263114898
"ufb231" 0.694932536577352 0.621742755889097 0.13904236670902 0.529003134860128 0.104331331869537 0.0697898427146595 0.0458829222211632 0.04715582040063
"ufb232" 0.654108207654914 0.640696958869303 0.155329207453244 0.353062817939411 0.10798333306967 0.0730047403953406 0.0891401144417408 0.0724553216692424
"ufb233" 0.653635516232195 0.673740919108644 0.179635285161652 0.290839678152006 0.130598261247286 0.0839068639949874 0.115409431546145 0.107373819054169
"ufb234" 0.602585532825477 0.645462368829313 0.173374471820376 0.21164964231483 0.121152086057468 0.0757165081107418 0.128155075288728 0.0937683238517263
"ufb235" 0.727095044317654 0.675309734513274 0.153562627562092 0.554283953930861 0.120581608305911 0.0725228690407813 0.0617563481659336 0.0859586013249768
"ufb236" 0.589998524872613 0.586536605519189 0.155038277385499 0.178277495553644 0.103019474028482 0.0534326975309445 0.107278416324682 0.0732901239526864
"ufb237" 0.630952380952381 0.546435551023876 0.141240851454533 0.630760180941361 0.104710688975717 0.0488689933827205 -0.000212769082249024 0.0354259442263946
"ufb238" 0.635014584570333 0.628081938020628 0.169485574397451 0.281657695513529 0.114847872397887 0.0724858594181985 0.0982134152015339 0.104331258567331
"ufb239" 0.690653822065844 0.663067016184181 0.157784107967184 0.540958080501646 0.119042214600718 0.067464120638013 0.0494529536219364 0.0840745377193058
"ufb240" 0.604870424179972 0.70674396233562 0.211350128272065 0.140649337840479 0.152153400283111 0.0907092580312279 0.173336838180755 0.137887749178959
"ufb241" 0.679911556631336 0.661378271478783 0.162711594535776 0.412377711807656 0.116548729675138 0.0703855332657312 0.0831231144944791 0.0888983494318838
"ufb242" 0.589447709401167 0.673684346289601 0.18951506643167 0.14072003198958 0.13345190060441 0.0782037748945592 0.149056740872365 0.114356821744417
"ufb243" 0.615293759261784 0.671178624912889 0.186942375985254 0.178233880072727 0.128794559982925 0.0790298146788721 0.142439478843831 0.101118008694865
"ufb244" 0.696733727541564 0.682683005482103 0.183088920241389 0.51250577027866 0.137454032772517 0.0720627014665216 0.0772496544607072 0.103150003452764
"ufb245" 0.670588235294118 0.544941808415398 0.138679910787463 0.6703022290229 0.105422035423474 0.0497443047788693 -0.00167200503723905 0.0397507292136051
"ufb246" 0.731572421294237 0.690778234735843 0.149262728975817 0.576050534329336 0.112780518127069 0.0721982024656436 0.0572091731338386 0.0622822429113975
"ufb247" 0.618641739254725 0.633900972892896 0.177704658519108 0.245857663654745 0.1173709360184 0.0778169655563314 0.117751118863669 0.101137800649897
"ufb248" 0.619782821861539 0.713230211241685 0.215052934580434 0.116989559170941 0.156765123557542 0.0644887240840426 0.17690283437202 0.146893341365925
"ufb249" 0.682352941176471 0.5419062554452 0.137985594165111 0.678368046014312 0.108315431489993 0.0486446418637865 -0.00247946039785636 0.0488244898118533
"ufb250" 0.721027660678601 0.69714356818936 0.18214805993055 0.465512322869433 0.136129871895154 0.0811301340233514 0.0934422133320597 0.118752171447361
"ufb251" 0.650609314163298 0.639262790963131 0.159394064726044 0.387329978490258 0.114480336479983 0.0722145237332097 0.0794001635343387 0.0820692315955797
"ufb252" 0.613024437911502 0.655577884297897 0.170036821239893 0.258145720955949 0.116714208303688 0.0795215173551468 0.113535632354042 0.0906177827934329
"ufb253" 0.691534465714279 0.667192816860073 0.186494080340688 0.376953756285249 0.13651240988957 0.0687662194048263 0.109138700175341 0.119243048676812
"ufb254" 0.741033562828749 0.77211185558211 0.234527759895978 0.330580584212378 0.171217649649468 0.110549075361827 0.168850429664963 0.16917684133837
"ufb255" 0.66734382580499 0.688805199680886 0.181439916303602 0.304406582893689 0.128548009511223 0.0865956117179991 0.125698818901805 0.0962820464004532
"ufb256" 0.673930822282213 0.677822981911842 0.178028632873593 0.32789058904623 0.125742652284442 0.0865627008607747 0.118207813774331 0.0953356054271433
"ufb257" 0.632676044767836 0.659036050766955 0.176035578963895 0.280813377422968 0.122486796692759 0.0785773165196802 0.111242733595556 0.0928732426566803
"ufb258" 0.614468391807839 0.651773176184129 0.17598985194026 0.19879913586468 0.118705097396963 0.068725812706264 0.125520378513875 0.0952002906972817
"ufb259" 0.717696384645267 0.695003561900239 0.172756502707629 0.453554724746545 0.127569879380847 0.0683963422670446 0.0828898967652296 0.102843739933691
"ufb260" 0.65017203052214 0.682093509707451 0.171612511299847 0.297457509034725 0.120696119372798 0.0778126027391145 0.115263168870234 0.0828655073579086
"ufb261" 0.705493237535976 0.687422925909651 0.159536974133289 0.54898805411423 0.120879813687694 0.0833126527920296 0.0681807065647154 0.0826165450900389
"ufb262" 0.599731455266493 0.691513117678614 0.199665973711846 0.142318163934434 0.144285427511897 0.0841405358011135 0.16075400407154 0.126420414150998
"ufb263" 0.706580466718065 0.713835543135739 0.171038477786285 0.4576267470781 0.126073140681739 0.0733472527029719 0.0811636435750512 0.0972784464240654
"ufb264" 0.619269279997066 0.690580352759469 0.19764024120559 0.13031129148743 0.137486482037852 0.077536217773121 0.152298834162123 0.125884563916441
"ufb265" 0.658823529411765 0.567640882044102 0.141022146722988 0.658583256840241 0.108743643398056 0.0481722313580151 0.00105189771992542 0.0501566567043726
"ufb266" 0.72074574185299 0.669967921766483 0.146813103758479 0.599718536964215 0.110664264387082 0.0662375527591834 0.0370707892089434 0.0613707534275625
"ufb267" 0.659940360101485 0.65162413289989 0.17679814995885 0.458084966165354 0.130551044397429 0.0641018484693243 0.0704091660238104 0.0925253634715194
"ufb268" 0.634421443449657 0.684500144571346 0.205888757832258 0.130170610209036 0.146975362306409 0.0811857924278616 0.161010193362418 0.133850178843011
"ufb269" 0.66676647173842 0.614003533001445 0.143139174054818 0.480343401904967 0.102931851510293 0.0643331747126113 0.0502480846523337 0.0561790287217265
"ufb270" 0.66795919579709 0.647167837128467 0.155601960135533 0.388679762433285 0.11102759561268 0.0679743614866041 0.0753376735359796 0.0782499453800135
"ufb271" 0.659179262938121 0.668845826724594 0.163377835249342 0.364767906506176 0.115351192458406 0.076614579015107 0.0978194392839675 0.0788363301611947
"ufb272" 0.653201193424333 0.578671299185374 0.132225885216328 0.503977779683366 0.101640219970665 0.0667249442474853 0.0381517013620076 0.0315226866881491
"ufb273" 0.626852398307032 0.631749329382914 0.171608539909689 0.210338901938197 0.114821349073996 0.0665960376971264 0.115107238448001 0.0933128835619133
