0.07897411 0.1010145 NA NA 0.1706968
NA 0.197395 0.06853883 0.1522437 NA
NA NA 0.1309624 NA NA
NA 0.168633 0.1793512 0.03443728 0.1316197
0.3010813 0.1872565 0.1502581 NA 0.05275193
0.06833286 -0.02674288 -0.03228712 -0.009844892 0.09579898
0.09956137 0.1422592 0.06489807 0.1349027 -0.006059896
0.2470937 0.08389046 0.1329488 0.1027582 0.2311278
0.220842 0.05643388 0.2917746 0.2346092 -0.06953097
0.1057859 0.08616375 0.1834543 0.03284947 0.1152394
0.02863877 0.03391025 0.0706052 0.1880587 0.02515256
0.1465272 0.09723282 0.06655573 0.2241335 0.03280795
0.1420093 0.01217234 0.1174015 0.1067484 0.01560261
0.05685736 0.1217051 0.05813053 0.09556978 0.06554947
0.02189059 0.05842182 -0.007617764 0.1087824 0.09701306
0.1581744 0.0672095 0.08708716 0.0429083 0.1468938
0.006558473 0.01456041 0.02480096 0.06537893 0.02793567
0.0005413487 0.04173775 0.01653658 0.01429735 0.006394733
0.00909279 0.012556 0.005678567 0.0509583 -0.0008903166
0.02435337
