NA 0.2819882 NA 0.1706968 0.2623943
NA NA 0.07897411 NA NA
0.134265 0.2125807 NA 0.1309624 NA
NA 0.01455583 NA 0.1511582 0.07314239
0.2762468 0.1992566 0.196059 0.2063758 -0.06159496
0.06491915 NA NA 0.2095135 0.1358404
0.09544407 NA 0.1053115 0.04685888 0.04207788
0.1514618 0.08040529 0.2155058 0.08091085 -0.05942401
0.1423945 0.08077228 0.06283524 0.01976544 0.1875838
0.2027605 0.2126215 0.08254312 0.001635695 0.07193004
0.01742276 0.06857917 0.03903195 0.2194941 0.1532519
0.03147532 0.1701251 0.1415793 0.2389102 0.007349151
0.02936806 0.02165455 0.02608259 0.08693251 0.05721692
0.0478153 0.1154906 0.09465643 0.0605949 0.06755378
0.1314807 0.05877894 0.09277103 0.1079454 0.02272759
0.1840035 0.02016186 0.02878861 0.06660712 0.07323991
0.03640978 0.003126103 0.02597065 0.01726608 0.03351175
0.04432568 0.0436182 0.1351243 0.05509163 0.01521332
0.0508931 0.02341677 0.02928605 0.01237728 0.03183159
0.01630099
