0.1391468 NA 0.04391211 0.1326563 NA
0.1875945 0.1039352 NA 0.08054418 NA
0.1359929 0.1316197 NA NA NA
NA NA 0.07731797 NA 0.01361781
0.148073 0.124959 0.3003955 0.07642989 0.007077533
0.004875402 0.1987224 0.1505157 0.08340284 0.2245638
0.1042203 0.09198209 0.07442493 0.03866457 0.02172336
0.03776505 0.2909413 0.2179222 0.0649097 0.2103423
0.03905329 0.09076922 0.1491437 0.1371637 0.245127
0.1247829 0.108842 0.05727691 0.07241925 0.2066059
0.05890008 0.1110962 0.1107984 0.2257073 0.1723641
0.08813388 0.1152122 0.09023937 0.005380736 0.05403905
0.06056795 0.02773788 0.1305229 0.2010824 0.02087861
0.1076973 0.1062209 0.06720757 0.03416519 0.1435258
0.1347035 0.1078485 0.1017957 0.08750383 0.05056028
0.04916623 0.08951337 0.1218601 0.05921813 0.04503368
0.02131575 0.04271657 0.1070136 0.03519279 0.02404947
0.05305865 0.02713596 0.03660019 0.1076987 0.05601769
-0.009180954 0.008698225 0.02410829 0.04583729 0.05541368
0.01109824
