0.1511582 NA NA NA NA
NA NA NA 0.1198106 0.141892
NA 0.07778346 NA 0.1309624 0.14897
NA 0.329494 0.03761568 0.2139201 NA
NA 0.1142315 0.1251068 -0.02944864 0.3126027
-0.03350505 0.04973231 NA 0.1989564 -0.0654118
0.04842003 0.1494807 0.02037167 0.09572329 0.2161717
0.106017 0.1003241 0.1784296 0.1642354 0.06677622
0.09844303 0.02118174 0.1938215 0.186206 -0.009028112
0.05504562 0.1516801 0.08067762 0.001620394 0.1644161
0.02768672 0.04147108 0.02004154 0.1382411 0.007435631
0.1111048 0.09768207 0.06466965 0.02287796 0.2363254
0.02112468 0.1901954 0.0230032 0.07505131 0.04220074
0.03813563 0.1580151 0.03472815 0.05263889 0.0354014
0.0790321 0.04826729 0.08555534 0.1264209 0.0231203
0.08397064 0.003151629 0.04901824 0.05246047 0.1304312
-0.009753231 0.01591882 0.09009576 0.02482305 0.04327704
0.03931955 0.02280248 0.03662635 0.03365392 0.01195695
0.01066513 0.04461728 0.06427766 0.05215728 0.07806732
0.04513009
