0.1261401 NA NA 0.2325258 NA
NA NA NA 0.2293544 0.08944328
0.2390784 0.1246181 NA NA 0.2050086
NA 0.02935573 NA 0.260483 0.07754421
0.0700669 NA NA 0.1789811 0.08021567
0.09947978 0.2821839 0.2320877 NA 0.03945272
NA NA 0.1164959 0.03194056 0.1771285
0.1308312 -0.001530955 0.2350636 -0.007003481 0.2623994
0.2126989 0.0349064 0.04105461 0.04329498 0.2130776
0.2410979 0.0847203 0.07825059 0.08871398 0.134258
0.04908033 0.05026993 0.1387543 0.09886875 0.1787951
0.07467628 0.1625927 0.07271005 0.1459853 0.1009559
0.1101776 0.1263353 0.08894742 0.1244829 0.05701295
0.1632457 0.06221235 0.07671736 0.05231841 0.06817701
0.02823056 0.07296439 -0.002699877 0.08341799 0.1344933
0.04166812 0.1993415 0.1180376 0.1431188 0.04876137
0.04836717 0.02951257 0.008323735 0.06912578 0.04423169
0.08803508 0.02690021 0.03403149 0.03877915 0.02643523
0.02195547 0.007056599 0.002613347 0.02500424 0.02237186
0.008730674
