0.1706968 0.1706968 0.2763576 0.05693499 NA
NA 0.08518436 0.1267479 0.2940434 NA
0.1706968 0.1987224 0.1976736 NA NA
0.1726885 -0.02060343 0.1110945 -0.04607179 -0.0116666
0.161815 0.2496463 0.09455222 0.1398551 0.09175043
0.05036775 0.1308397 -0.05226028 0.09412488 0.1283632
0.1934077 0.1085495 0.139047 0.1009173 0.06823857
0.08593346 0.2773136 0.02470933 0.03414516 0.1497363
0.1719727 0.1971449 -0.006256136 0.1044762 0.1006553
0.1852919 0.1157402 0.007243779 0.05425578 0.1348034
0.07067992 0.1358438 0.1157027 0.09073495 0.1668651
0.1142713 0.05364416 0.0601267 -0.01772089 0.004557559
0.1331336 0.03995688 0.0737592 0.05410355 0.1773702
0.03598707 0.05773188 0.07845818 0.05934784 0.01618162
0.02375569 0.06007929 0.0418928 0.1392519 0.1356858
0.1814956 0.06223477 0.03009188 0.1215384 0.06271761
-0.006349682 -0.004174792 0.05213227 0.06354377 0.02139325
0.05443132 0.01340768 0.01241107 0.1275937 0.04564083
-0.007700174 0.001706634 0.02488582 0.01234343 0.004631154
0.04408963
