NA NA 0.1978993 NA 0.1246181
0.1263012 NA 0.1706968 NA 0.05304866
NA NA NA NA 0.08200887
0.1752478 0.1380296 0.05542138 NA 0.2021704
0.06339675 0.1301281 NA 0.1111728 0.2086557
0.2347419 0.08680212 0.1350447 NA NA
0.1503228 0.1971449 0.2046305 0.2814062 0.1025851
0.06219908 0.1913461 0.0964976 0.2328127 0.1506416
0.211716 0.1188734 0.1317312 0.1212573 0.1291828
0.154 0.1182412 0.04349806 0.1047418 0.0428506
0.2389748 0.1097437 0.1752851 0.07652318 0.1906401
0.09260161 0.008755389 0.05966166 0.07008026 0.1478824
0.2128707 0.1348371 0.1198371 0.1100786 0.118422
0.08217469 0.04714651 0.08463564 0.04409529 0.1206772
-0.007966006 0.01915141 0.01997172 0.0510956 0.008469482
0.01761697 0.02585153 0.04309565 0.1698109 0.07967704
-0.005247201 0.02561308 0.05569434 0.003610686 0.05681847
0.04836743 0.01419403 0.04626476 0.1040027 0.1271591
0.04733489 -0.004799832 0.009316972 0.04548228 0.02365623
0.01287507
