NA NA NA NA 0.008601081
0.3020814 NA NA 0.03708162 0.1283632
NA 0.09756056 0.1511582 0.08944328 NA
0.1033973 0.1266636 0.1418876 0.06104512 -0.04379896
0.1239296 NA 0.2029412 0.02056601 0.1112992
0.1601687 0.2129773 NA 0.106294 0.2196903
0.1312092 -0.05019746 0.05732398 0.1825151 -0.001043419
0.2940525 0.2580124 0.3024776 0.07539673 0.03624842
0.1534065 0.1411281 0.02314431 0.08499563 0.2307071
0.02311298 0.1290623 0.08079031 0.2250601 0.04755425
0.06350351 0.09415413 0.06114531 0.1910777 0.1421306
0.1655639 0.1165789 0.2267543 0.032354 0.004492218
0.1307688 0.09024138 0.08709418 0.08781158 0.0757188
0.02019007 0.05551168 0.06905233 0.1350024 0.07910609
0.0106753 0.07799408 0.04985003 0.1754126 0.1009731
0.1084193 0.07845808 0.03413807 0.03277514 0.06186396
0.05344535 0.01042861 0.02011595 0.01955825 0.0181463
0.02745787 0.03951412 0.01189554 0.066159 0.06162867
0.03054755 -0.0007793372 0.01512765 0.01392165 0.02809496
0.01379251
