NA NA 0.04315342 NA 0.1402656
NA 0.2996547 0.2871928 NA NA
0.1511582 NA NA NA NA
NA 0.007908012 0.06889633 0.00716198 0.1262594
-0.04834463 0.08597051 NA -0.04777642 NA
0.200769 0.2775363 0.2551041 0.1211381 0.05153128
0.06165515 0.1823155 0.2327884 0.06077769 0.1066403
0.1033973 0.09113835 0.1221806 0.1970797 0.1305811
0.2689966 0.08956696 0.3221338 0.02865811 0.2154423
0.1129794 0.06096067 0.09657638 0.09516852 0.06570802
0.05109856 0.1363143 0.1151132 0.1655827 0.04243007
0.05609672 0.1545283 0.2718265 0.2665726 0.1873176
0.1012241 0.2221968 0.07476732 0.1445163 0.1656271
0.09596115 0.1112798 0.08162267 0.05756173 0.08557585
0.05878323 0.01307092 0.02506484 0.2048937 0.08419148
0.1072443 0.1078253 0.03371421 0.02450943 0.1665723
0.0857155 0.05096381 0.09064586 0.0927678 0.01113956
0.01780417 0.01232291 0.01804313 0.01693881 0.1127692
0.0387144 0.06552495 0.009716813 -0.005810242 0.06607594
-0.005876294
