0.1555159 0.1286192 0.1783935 NA 0.1309624
NA NA NA 0.0434001 NA
0.1309624 0.1401955 NA NA NA
NA NA 0.187193 0.1563156 0.03279243
0.1246181 0.1303283 0.2323199 0.2525438 0.09118098
0.2940434 0.04555025 0.1812787 0.1558024 0.07882804
0.1228546 0.1652104 0.167371 0.06632627 0.1169547
0.07745522 0.1533884 0.0797623 0.07610591 0.09887007
-0.01949226 0.06345843 0.0524366 0.09781187 0.1355882
0.149787 0.2293544 0.157127 0.1076174 0.07825671
0.08406878 0.1469214 0.2233247 0.03581593 0.02221929
0.06586971 0.06111321 0.0972655 0.05896175 0.143203
0.2108336 0.1737172 0.116234 0.005132217 0.06765811
0.09801363 0.06228683 0.06950368 0.08140025 0.06730372
0.02003925 -0.02278622 0.01954823 0.03617038 0.07127296
0.06720428 0.01526325 0.0656095 0.02874403 0.09141135
0.01377733 0.06574775 0.0758078 0.006430361 0.04052731
0.0189185 0.04413932 0.01403391 0.04944342 0.08418213
0.01803448 0.05148713 0.002242835 0.05928261 0.02522825
0.02516671
