NA 0.1521985 0.1459296 0.1580105 NA
NA NA 0.2145682 0.1511582 NA
NA -0.008949398 0.1099102 NA 0.1563156
0.06126056 NA 0.1359268 0.1014608 NA
0.000440517 0.08696627 0.1739526 0.2603327 0.3011636
0.1317044 0.1066886 0.3366024 0.1699611 0.08157124
0.0607514 0.1355719 0.1368183 NA -0.00133509
0.09540874 0.08041597 0.08612911 0.04208343 0.03357379
0.1858997 0.1177037 0.1260084 0.07263171 0.1380224
NA 0.1323036 NA 0.1061052 0.04251188
0.05659453 0.07354651 0.09576714 0.07731176 0.05332539
0.02228527 0.09159935 0.02621526 0.00372803 0.08384434
0.1580205 0.05922206 0.08263833 0.06935992 0.07134423
0.04257743 0.0869565 0.1180462 -0.0196393 0.04720862
-0.01078925 0.004446537 0.01347997 0.1114347 0.02596584
0.09168134 0.1709539 0.06543093 0.132732 0.1491584
0.04334347 0.08883282 0.01002695 -0.00486762 0.005796954
0.01968771 0.007402132 0.03995136 0.01224347 0.01130782
0.07149921 0.05299775 0.001086267 0.0373382 -0.01423495
0.05238546
