0.1076687 0.2915436 0.1503228 NA 0.2819882
NA NA NA 0.1316197 NA
NA NA 0.1939246 NA -0.04493538
NA 0.03926746 0.2293544 0.1144074 0.03144423
NA -0.02950922 0.04126006 0.2103525 0.08470821
-0.01893668 0.1011809 -0.04323075 0.1546804 0.08168773
0.1804994 0.2346621 0.09905826 NA 0.1098441
0.05561333 0.1544583 0.1532291 0.1272858 0.1178011
0.1473838 0.1467372 0.1215934 0.115374 0.07321565
0.2016674 0.05756323 0.119218 0.1477484 0.06352962
0.1194853 0.2253842 0.1062461 0.1081634 0.127609
0.02457513 0.04033566 0.1493303 0.05366229 0.08681644
0.05613616 0.03335916 0.1281925 0.1421305 0.05398611
0.02107739 0.2115816 0.05011337 0.05070663 0.03633546
0.1169802 0.05315959 0.05592888 0.03837708 0.1263505
0.1680707 0.02312757 0.03120964 0.07550754 0.1700473
0.03145702 0.00431443 0.2269261 0.06010267 0.05868828
0.005175868 0.03606512 0.04421435 0.003356564 0.05234909
0.02037111 0.03534063 0.05260311 -0.0005450167 0.02825618
0.01062531
