"quartet" "wQuartet" "cluster" "phylo" "mutual" "shared" "clusterNorm" "wNrqs"
"mb49" 0.906976744186046 0.927738688305685 0.262799455525042 0.906937408138799 0.233638660704817 0.11866500139993 0.143996102499589 0.248554686780087
"mb50" 0.781638333968803 0.803181959341631 0.207319485007781 0.614395593431756 0.160893980895779 0.102194551553255 0.106343765575182 0.153792506264755
"mb51" 0.705414192169462 0.73988248890233 0.213269876788287 0.365481152055429 0.153659867241326 0.108609346745174 0.146569594588592 0.145061151037623
"mb52" 0.758296691859772 0.765213058942386 0.192916213944606 0.523564451715216 0.148672418554327 0.0983399539200221 0.105980736982668 0.131224055013744
"mb53" 0.711088850044928 0.733730783758936 0.201157181312639 0.317178221320623 0.14751798461847 0.0929240705941179 0.143364617087215 0.132675482711055
"mb54" 0.756813015146547 0.784930864776189 0.230094039320886 0.585586944003676 0.190020908751898 0.108168515260952 0.132825222772444 0.166595094776452
"mb55" 0.838867588248502 0.855544713971272 0.221443075420264 0.68616915794903 0.177714680762334 0.109187257663882 0.122601638536726 0.17502111737181
"mb56" 0.866967498413985 0.89421451787649 0.233096873198326 0.769792365977192 0.194405535867051 0.126204041270498 0.136207430381829 0.189564252672424
"mb57" 0.776470588235294 0.874783128926114 0.237522221753395 0.776105761023394 0.200106152830178 0.0976706440547278 0.113899128491979 0.211921360408202
"mb58" 0.793103448275862 0.881047569384089 0.255146281531039 0.792863481877342 0.218962343058458 0.107674247949878 0.136184168320745 0.21636092964268
"mb59" 0.822661039788348 0.843315824086175 0.227027580976117 0.621019846089136 0.180956786497719 0.133991559460977 0.154100890277809 0.159379777139645
"mb60" 0.718013682175772 0.7542904541047 0.22596886992076 0.244726208803033 0.174052123510809 0.114733574191863 0.142569274165851 0.188584334968561
"mb61" 0.642855795601496 0.662861970998879 0.186565927915164 0.0922765868013406 0.130636316578265 0.0799026593193311 0.136745843423539 0.119519879003989
"mb62" 0.729105550306406 0.70934916851364 0.201431405616104 0.429673510152118 0.156158197460026 0.0861987961663114 0.115811166970592 0.125385376979817
"mb63" 0.752050565773375 0.780390375546085 0.193343036969771 0.558542929633416 0.150215858539042 0.104286908327266 0.106784709273237 0.121483627549432
"mb64" 0.588887016138815 0.654168457702889 0.185573741422857 0.114277447471675 0.129315704031212 0.0725208752000571 0.145716349770895 0.110197100126912
"mb65" 0.796634444871876 0.803225403175397 0.186853370253241 0.693299653824556 0.150479621960505 0.0912269187465922 0.0832990214215248 0.108977475577097
"mb66" 0.818433808887436 0.836776202885654 0.231495291045114 0.641478870806955 0.18670276542121 0.107952496886808 0.134140494611884 0.193956129749894
"mb67" 0.764705882352941 0.83940353655318 0.224818307947757 0.494894723350597 0.191182697996033 0.0918466767007262 0.0992790047787553 0.182594896334612
"mb68" 0.764705882352941 0.846396784381281 0.211878997400934 0.764582026830652 0.177521306542927 0.0852758976862001 0.0840748690026177 0.165120138224615
"mb69" 0.604651162790698 0.666211020931226 0.185178753843344 0.604243449751307 0.14370736752165 0.0655499800979162 0.0538579661169764 0.0847744191940328
"mb70" 0.691961279324839 0.713609771457929 0.204116654323644 0.162539589827807 0.1492613541396 0.0919461051475515 0.128823733843037 0.158141552885626
"mb71" 0.585437396964454 0.653884948081765 0.185425772213132 0.102713602638231 0.130417258130183 0.0731687375148683 0.146157014007191 0.107960223885149
"mb72" 0.682141696263749 0.669310317724689 0.177147843895489 0.319898189998976 0.12883602050857 0.0881781788925531 0.117724652036639 0.103308624157055
"mb73" 0.786537647763592 0.796561216049466 0.199547252790947 0.518090392387404 0.149896235050565 0.0950272724253181 0.113391636077016 0.142033060998576
"mb74" 0.616519328124064 0.634914278603314 0.171041430862497 0.0922567371512148 0.119871905122333 0.0664453795370202 0.125622611131368 0.0975440315205125
"mb75" 0.783515700138055 0.78984715687708 0.203222026689258 0.47733998036382 0.149540613256104 0.0973205118451567 0.12788658768145 0.147129753276986
"mb76" 0.709312132676968 0.730922566982782 0.194107368798256 0.33954451488122 0.144408137504058 0.0958133996690546 0.131339198917078 0.128627669812706
"mb77" 0.765843246236571 0.770131848505542 0.196731570035095 0.567163612927139 0.153329472219969 0.0902594236394175 0.0940098544906858 0.1409207745832
"mb78" 0.833333333333333 0.868111121100423 0.19017111460565 0.831243144295844 0.161024002355788 0.0756854276629523 0.0602308297514921 0.131824395113709
"mb79" 0.679825513827323 0.681126594120833 0.186052519180838 0.139023014245442 0.132848293164588 0.0782555593667481 0.11677864155308 0.131360278441447
"mb80" 0.594897383482563 0.653923164279397 0.186107787389364 0.0685215432073089 0.125784703754249 0.0658242125835898 0.146888197622239 0.108156217564737
"mb81" 0.606170819319987 0.644701420450047 0.17984626833822 0.159266276011082 0.123262133594739 0.0675361410200755 0.137123397249354 0.112116296322444
"mb82" 0.591756188850713 0.647939845008824 0.183533345921471 0.0685591167621953 0.124810243229022 0.0651282623202471 0.143602784592335 0.106050764521655
"mb83" 0.586898166523263 0.651260530749789 0.183364286310631 0.103881045185406 0.128670634221958 0.0727460691386391 0.14374595598007 0.107438840562841
"mb84" 0.837209302325581 0.880300381951188 0.216612713494702 0.835151194185983 0.185318354477238 0.0913006001473035 0.0909970753357259 0.182459687623616
"mb85" 0.589171072806301 0.645861644641806 0.180215556087068 0.0685413648971947 0.122519075719669 0.0663103222721692 0.140469377789297 0.103450022560009
"mb86" 0.823529411764706 0.85151875106058 0.180134654539176 0.823358818675809 0.150581526666721 0.0717872677683393 0.0481266464824473 0.129996525623804
"mb87" 0.717647058823529 0.630283055447848 0.153632289464603 0.717377168182503 0.123004812158138 0.0566235715900264 0.016613080677596 0.0692621068200219
"mb88" 0.908045977011494 0.920451044426644 0.216306030805349 0.907945627962521 0.191901066774989 0.0944498307962446 0.0911406615873608 0.198828429114553
"mb89" 0.726190476190476 0.784238714613619 0.199607945928943 0.725873189508207 0.160386094839415 0.0787213469053173 0.070398798037537 0.142400455065619
"mb90" 0.807355496944323 0.8356726353269 0.19835526051448 0.707916585174771 0.163688873276513 0.104494415946021 0.0966602218313153 0.134485361608252
"mb91" 0.593697905822363 0.648630861440827 0.180495901678403 0.12704287441337 0.124873619384455 0.0631732373779002 0.139926944168926 0.107515542589408
"mb92" 0.793103448275862 0.847277133018748 0.209928939838289 0.792806757724021 0.17739457848369 0.0860949539527893 0.0837450723584741 0.171045324214709
"mb93" 0.767441860465116 0.829820452771272 0.201194442222868 0.764393897008283 0.165523534777583 0.0809330687093297 0.0724548253040847 0.14996469778609
"mb94" 0.639689539540665 0.653259340527508 0.179545904039014 0.0922243790805028 0.125010854630046 0.0661795614190696 0.131383731026641 0.109160120747864
"mb95" 0.595948891051776 0.652961369074935 0.187072916988943 0.0685413648971947 0.125938260750012 0.063527702081887 0.147659208880235 0.10841862135541
"mb96" 0.720930232558139 0.715725653656688 0.169029889710189 0.720636166952199 0.134911548620122 0.0648571164454932 0.0351890453578729 0.098243709767429
"mb97" 0.825581395348837 0.854609386943892 0.188690974683894 0.821213637382372 0.159950879950252 0.0764129083940154 0.0580168582092459 0.138572193248524
"mb98" 0.844517277287023 0.857285072493363 0.222389293499694 0.670346143403651 0.182098623925049 0.124468341295748 0.138890187197797 0.160050364480367
"mb99" 0.682527259143517 0.688799040842938 0.189445174847701 0.285094313145304 0.13631501344378 0.0845329880926594 0.126491091935525 0.114840665538811
"mb100" 0.735632183908046 0.803227726701501 0.203013901232131 0.725754367828489 0.167211349075671 0.0804113156113844 0.0757256187710626 0.158592689260516
"mb101" 0.678571428571429 0.613988849467816 0.151784845384095 0.678274362560012 0.119903681899228 0.0527071207766572 0.0129668224421164 0.0586375695871021
"mb102" 0.620585624890374 0.641515854277802 0.174702728557262 0.0953823231806516 0.120403885393846 0.0639877862690409 0.128002717545647 0.103473004238556
"mb103" 0.714285714285714 0.7980894153611 0.197970667075033 0.713949466370315 0.157013468652758 0.0757733902067903 0.0684972094562896 0.131547328806881
"mb104" 0.597176059711673 0.641998404666351 0.178620576614719 0.149541253757279 0.122050170189307 0.0617145113290631 0.136692493338195 0.109033845440711
"mb105" 0.584278586220889 0.651717049931134 0.183448397736269 0.103881045185406 0.128264216451454 0.071902613348892 0.143839279121112 0.107491129021021
"mb106" 0.764705882352941 0.833411543876114 0.194573213770842 0.76159860327078 0.16468090519377 0.0758668090387944 0.0638661300070932 0.139189096286221
"mb107" 0.631828694053867 0.643353597925239 0.174054411932465 0.0932799869861572 0.12078456201708 0.0656603535902608 0.125577561006677 0.104719225184784
"mb108" 0.625784937343466 0.628151511805517 0.163709090167423 0.251282943038233 0.114475748985469 0.0744197653601863 0.11247227078292 0.0817190974940713
"mb109" 0.822778467716769 0.848017195886373 0.221576572032842 0.635129090253171 0.179651921016509 0.121313594235452 0.138287911645421 0.159049421139744
"mb110" 0.771400292156724 0.76135823967073 0.179501181451724 0.621211001253904 0.139154890769296 0.0877533413717938 0.0755549168241814 0.113997713427787
"mb111" 0.731512610509967 0.745378173049498 0.177013651258628 0.609365420743482 0.139119994539682 0.08752363517567 0.0726112589661472 0.106572411774189
"mb112" 0.660749897161995 0.617132270489006 0.170633619378336 0.331251348676343 0.126666979554348 0.0663847432480547 0.0924705313549429 0.0847999561204459
"mb113" 0.714500789556142 0.685274939851459 0.159145388372581 0.51475424463058 0.118281729458114 0.0734103352708532 0.0684053307508552 0.0733487673522216
"mb114" 0.773809523809524 0.800328431738449 0.189398552563395 0.773580349810245 0.159193969505291 0.0763013735807983 0.056697526091429 0.133605388523432
"mb115" 0.730642145002154 0.633087400681044 0.142480858993013 0.588391217291797 0.104701410100899 0.0600490860883168 0.0335224209907233 0.0586181756686323
"mb116" 0.895348837209302 0.801155940869179 0.140926801372853 0.89528877149261 0.124257628464668 0.0598654553277857 0.0036705222836079 0.0857733023345911
"mb117" 0.802888136375504 0.805162511144401 0.212876017810417 0.528382381619393 0.164332456324886 0.10876703433825 0.146035216222156 0.142041321450155
"mb118" 0.839080459770115 0.893464758304078 0.204805776555364 0.838919029972742 0.174149348083975 0.0857573112312341 0.0778036781728279 0.1641237021648
"mb119" 0.607482747781826 0.617319561606358 0.157129841964317 0.208832551334429 0.10976809033022 0.0628102819085533 0.107601362366323 0.0744924537044973
"mb120" 0.676562912351484 0.689147090253754 0.181381752820055 0.275729353561344 0.132580199311215 0.0711794377145562 0.12571787023237 0.108946122019428
"mb121" 0.632195930489317 0.640559136084889 0.171471693807271 0.0953823231806516 0.120058932347265 0.0635003382981778 0.124625967900412 0.0995048384524737
"tnt1" 0.638020173651956 0.649077848075597 0.180940513488385 0.0923395262608799 0.126437290709195 0.0773660223707774 0.128305524542681 0.118346873669761
"ufb1" 0.694489415328438 0.709638252597321 0.182512920243499 0.35011889037785 0.137264133961227 0.0914354701722691 0.112974532759544 0.113474231645319
"ufb2" 0.587495751278925 0.64358436032101 0.176749155799069 0.115331483862876 0.122389657662541 0.0549611793119181 0.136460204510993 0.102855611676059
"ufb3" 0.752941176470588 0.589675482157293 0.126632531559478 0.752668740294216 0.101778596053506 0.0471271707836551 -0.0137621717537284 0.0394616441516034
"ufb4" 0.747112266909489 0.728525544239163 0.178647981436111 0.556083306695253 0.134769739028993 0.0786288554343432 0.0740199384688634 0.121513512882613
"ufb5" 0.759139537753862 0.761202982917752 0.190975116229238 0.471045549796981 0.141522143132601 0.0842880826091479 0.104079528033149 0.133641484219659
"ufb6" 0.590652003679519 0.639092847734733 0.180820224492672 0.113507438580422 0.122408560642607 0.062074687314893 0.141531222329908 0.103918546672129
"ufb7" 0.766916640192541 0.774529995775243 0.191640984367057 0.590578176433277 0.149828466991641 0.0875818841065614 0.0888706663602935 0.137339210576927
"ufb8" 0.625204611125777 0.639807540400562 0.171853208525897 0.204572097417982 0.121939534091376 0.0697582457959785 0.123192111925694 0.105195670412054
"ufb9" 0.609370215370541 0.62572908543664 0.165842631824522 0.195367371262827 0.117277732992084 0.0583952515377724 0.118578863664914 0.0974337459203909
"ufb10" 0.648138277215575 0.648651075099879 0.162543920415386 0.34230079587398 0.118287296641062 0.0811201471687531 0.0973134128143052 0.0792832429681399
"ufb11" 0.602234292790385 0.5973293577297 0.149403458397032 0.182360999316432 0.104254526490559 0.0538200626706677 0.102736347108528 0.0647401990396899
"ufb12" 0.719481352120514 0.737504347773025 0.194331068539666 0.355413751951344 0.140869705925975 0.0942987024988535 0.125797975201531 0.133604554427069
"ufb13" 0.694604020670567 0.692858964207588 0.190707509143377 0.296665820142541 0.13548568336809 0.0754173180253788 0.127851469072286 0.11626109431457
"ufb14" 0.707596568739466 0.735886167368389 0.210400129057325 0.41138876377149 0.153204646815293 0.105234443490975 0.136066576178327 0.148116084812637
"ufb15" 0.672202813491237 0.670444300959992 0.172769054223308 0.284070836852531 0.125042726229623 0.0648539294783244 0.116574215663051 0.0995376016438217
"ufb16" 0.77238429950774 0.767399015426579 0.20244735076274 0.443629499967382 0.148725765281017 0.0958864236516964 0.134587778663106 0.14084990019913
"ufb17" 0.604651162790698 0.620954517994304 0.175220320560988 0.604300827967487 0.135003536649902 0.0628946357424702 0.042294580448649 0.0757275134733258
"ufb18" 0.638075814102377 0.651232114467409 0.182493293992364 0.226877410487427 0.12704300802154 0.0826987583667865 0.129958090942566 0.11774070139427
"ufb19" 0.662790697674419 0.508727907484181 0.13585384434497 0.662419316110628 0.105697216860891 0.0456653274637173 -0.00362424073190254 0.0348870861728598
"ufb20" 0.586256871782887 0.613834563148486 0.159522329563853 0.14749345821214 0.110883382656641 0.0573045083747972 0.114713019938042 0.0876697057478036
"ufb21" 0.658823529411765 0.695954487989886 0.17454923715092 0.654467761021354 0.138585561425881 0.0638350946749372 0.0405926021752022 0.0926491147594288
"ufb22" 0.682352941176471 0.732502252928807 0.193083977470418 0.682046422129102 0.155807694461347 0.074450237904912 0.062231990770487 0.123243645705955
"ufb23" 0.586463958209387 0.642586216400728 0.176053067162006 0.116675214780288 0.122375947010889 0.0502744467221929 0.136080265218576 0.100857570923932
"ufb24" 0.612900816895603 0.631607713707771 0.169264910299888 0.186356633929394 0.11743543799466 0.0660289131193011 0.122263671290707 0.0976069533833012
"ufb25" 0.687444441638156 0.645077176682152 0.161158802652767 0.491167727443612 0.120547504868773 0.0666803446568003 0.0548902629253149 0.0863395844366404
"ufb26" 0.723998937718356 0.687472359893252 0.16952410472056 0.434278980817808 0.125166299679481 0.072735973114694 0.0804921207897052 0.107886699989231
"ufb27" 0.744332877557765 0.726772314826648 0.183512687236299 0.404783376423785 0.135692540675822 0.0818577143399925 0.106585613410698 0.122798813591716
"ufb28" 0.635162925245154 0.652009217544405 0.166091344404454 0.230615455046508 0.120335664568429 0.0599501135059685 0.112444551201466 0.0920229102297359
"ufb29" 0.587210643182726 0.641468033727509 0.176903418669666 0.126614536055131 0.122036912669155 0.0617716653696026 0.135601877207945 0.107285902735662
"ufb30" 0.66215250530031 0.676278333241268 0.170516765509413 0.352565429124088 0.128807042581538 0.0808071103673554 0.0921589848410363 0.104260457865568
"ufb31" 0.665276531124088 0.645091243557954 0.166780398588169 0.331326323151269 0.123543193570259 0.0809924516446204 0.102018876646915 0.0983508032599813
"ufb32" 0.650186471835067 0.593129123104818 0.164241448749098 0.319624415508177 0.122144891442296 0.0670324480916383 0.0854759348169298 0.0807268532806963
"ufb33" 0.561810880387122 0.576673871315379 0.151532549989569 0.147738374364643 0.104994392969218 0.0542894765103218 0.109565670828866 0.0803261735283692
"ufb34" 0.562069502511997 0.577336216542412 0.151935756749856 0.147710186038547 0.105987456652934 0.0535463905412683 0.109395740447975 0.0818329613883133
"ufb35" 0.563870118257923 0.576187491867403 0.153388243239771 0.137600265538416 0.106965638297397 0.0458592184956585 0.110189044312809 0.0848255567555021
"ufb36" 0.578131304140293 0.578212926198005 0.156206520997982 0.139323461387126 0.107435798690643 0.0482237038721541 0.11227331946547 0.0862527850819473
"ufb37" 0.591410364348864 0.643266331868417 0.180940816781332 0.103308372392795 0.122207512185641 0.0605302192965069 0.141614581221627 0.104012697741426
"ufb38" 0.613906320504162 0.625463821200099 0.167347157925496 0.181938911536282 0.116896510934285 0.0606012123739129 0.122955021972656 0.092247774000665
"ufb39" 0.605524416233753 0.640435804838355 0.180742718392123 0.13589955133738 0.123138248825099 0.0575391027340124 0.139646083586823 0.103956186550273
"ufb40" 0.603665398823002 0.636109351643062 0.180653948041641 0.135809051418966 0.124039664357337 0.0595613115903525 0.138847529142226 0.104939615439257
"ufb41" 0.577516531398077 0.639967677618299 0.175274481677369 0.0913714595122496 0.123446666494238 0.0631654697966072 0.135666559716914 0.0991173730092273
"ufb42" 0.717184772619478 0.702573309395571 0.200837792602706 0.487916522889348 0.154808658868908 0.0785806568111506 0.0995878093326497 0.133680462267369
"ufb43" 0.705020124420343 0.676562213670515 0.178827381155169 0.41145178921566 0.133344432864685 0.0692882551942189 0.0907947393052978 0.122432484841014
"ufb44" 0.68009329262989 0.661752192089977 0.178475077656523 0.273743835395237 0.12691066490104 0.0801727588416789 0.119184697445881 0.0933525391280717
"ufb45" 0.747126436781609 0.72800847865883 0.156565102165822 0.746807933781942 0.126951643171913 0.0583929260539223 0.0218583868554602 0.0825161574999323
"ufb46" 0.664367409249932 0.59130576390685 0.163418843789126 0.331171183198836 0.12121584950107 0.0622848284731746 0.0845758039945687 0.0788725078527339
"ufb47" 0.585636252666466 0.628527034026167 0.167101092829943 0.163609435602371 0.118144362847526 0.0678662724499632 0.119948294158516 0.100489212510441
"ufb48" 0.589424035115096 0.63262274962282 0.169864630927787 0.17092218253058 0.119064344473251 0.068900045314597 0.124352891250021 0.104377789144672
"ufb49" 0.598802659844864 0.639851396931569 0.175693348189192 0.161347804168678 0.12115721148652 0.0668756490170886 0.13171956951447 0.110098907618651
"ufb50" 0.619588815832702 0.643269402215624 0.17631712695682 0.188341061838139 0.121649832006265 0.0704203319453138 0.127929011982553 0.106568974094557
"ufb51" 0.741176470588235 0.754213483146067 0.174610889359187 0.74689511635489 0.140008229611235 0.064236462419388 0.0411657352357655 0.0908260849910007
"ufb52" 0.753871980457202 0.781533228563432 0.220262175111652 0.547854865594032 0.173883367328419 0.103765476275798 0.121094167070844 0.188450152960317
"ufb53" 0.86046511627907 0.874267247858109 0.190600302595861 0.860232011100897 0.165218207525106 0.0809276960597447 0.0612085859575966 0.16430497347325
"ufb54" 0.679311214520738 0.691668633046761 0.190663870783134 0.276768890003657 0.134082164901529 0.0816327792299741 0.127824820167513 0.117833217004694
"ufb55" 0.732558139534884 0.749419183538002 0.171384749746914 0.732356587817412 0.141217518514193 0.0656534689826584 0.0378408492919715 0.108904265490459
"ufb56" 0.60047838534817 0.636026297939706 0.178701768419589 0.137440480255686 0.123216134286664 0.0613027326394244 0.137505258593685 0.102066986143884
"ufb57" 0.682451357486468 0.65109784554255 0.159660795243557 0.368474152056211 0.11876772826222 0.0644317733822815 0.0801522215835705 0.0902859075364072
"ufb58" 0.752941176470588 0.818620931046552 0.201203314218818 0.752726791278974 0.164147749234167 0.0792324414366529 0.071934772102151 0.144782089582976
"ufb59" 0.697909002378724 0.67159049801037 0.170090149070133 0.491101881885494 0.130048749139014 0.0715514790461246 0.0649530763528546 0.0983720624329884
"ufb60" 0.691093638239701 0.687615283267457 0.171770903743072 0.379027472049153 0.125434929025773 0.0792609751154148 0.0935846415281536 0.102894044692047
"ufb61" 0.674591061545052 0.665435520662034 0.167918451762905 0.328735530058784 0.123373205738363 0.0793046798390563 0.0972994163963635 0.100964049931578
"ufb62" 0.739688084887761 0.741931951933868 0.179463961495929 0.587917853991651 0.143197903404841 0.0871179409277264 0.0751455237940301 0.110287613954135
"ufb63" 0.67816091954023 0.684473450970913 0.168145464976128 0.674104218902633 0.132909891756166 0.061335518225079 0.0352882731325856 0.0839336777082642
"ufb64" 0.58885897493902 0.654251877112072 0.184759602978084 0.0809479837556754 0.128537223576209 0.0683791768188851 0.145606992475299 0.10745327357007
"ufb65" 0.586964973053045 0.647822629412106 0.181215179010162 0.113766058018117 0.126190097708061 0.0621656031843978 0.141945119415751 0.104478501113285
"ufb66" 0.708655109985755 0.639118219893483 0.151511606321127 0.517194966712743 0.114655148651965 0.0712824619579348 0.0601866914240504 0.0651053001505254
"ufb67" 0.650005869411051 0.63443194939505 0.161510036826793 0.277878373428696 0.115027383759924 0.0744124413592398 0.104576883669545 0.0828371636643706
"ufb68" 0.582839910263898 0.645347510303811 0.179901596297747 0.0809479837556754 0.126228280771883 0.0627219202002719 0.140515894204042 0.103436660962302
"ufb69" 0.728125298164493 0.754090038535201 0.217111954679893 0.512121097412602 0.165768592361068 0.101342188174117 0.116904422231992 0.170828228250992
"ufb70" 0.71264367816092 0.701579458219359 0.165272655418394 0.70894853355485 0.133111922844511 0.061379880004772 0.0319566412754327 0.0905177299126172
"ufb71" 0.740595530015666 0.75454516624458 0.200713555136657 0.391110100727518 0.150588055292399 0.0967512770087484 0.138448969081788 0.133083302930549
"ufb72" 0.616241536357514 0.628370906774176 0.161985890568158 0.194167931947982 0.113967520574645 0.0600247943259896 0.112667782752246 0.0809572413500428
"ufb73" 0.594175839176959 0.640920111199443 0.175641267080687 0.139616221104023 0.120318925957206 0.0583428041261748 0.133564962345396 0.108255617027722
"ufb74" 0.716092880715879 0.731406639904524 0.197316216581195 0.332887484347084 0.143274210358525 0.093750181501247 0.134797972676461 0.133232673406587
"ufb75" 0.690273850816659 0.676565604550953 0.174158302735346 0.32433158677627 0.126661632836532 0.0816127449172269 0.109970224218248 0.104274872603533
"ufb76" 0.773809523809524 0.761829211385908 0.173686634939018 0.782916109198482 0.142084445349581 0.0663081432929761 0.039904695649802 0.104857524584443
"ufb77" 0.599883106095782 0.633353114076162 0.175238921979372 0.135973812101188 0.118729869542382 0.0539431525793012 0.13444309123451 0.0984051314426576
"ufb78" 0.651454702277643 0.561160621464471 0.150629860551012 0.335295702292266 0.108465293855143 0.0629605205102986 0.0784527832780958 0.0626351745940107
"ufb79" 0.586200214131281 0.636736913476993 0.177477408715831 0.115815306541893 0.121114118534154 0.0585191611459988 0.136792965358974 0.100803526789233
"ufb80" 0.65213226651288 0.649276747477347 0.172836196562357 0.239047106147008 0.122008880634625 0.0789646884306818 0.113138851943281 0.0919688751299285
"ufb81" 0.627315728878402 0.614227603821777 0.159339755186379 0.215414045620526 0.110203706461178 0.0706477168578662 0.105353040639389 0.0707035960769677
"ufb82" 0.599207404407117 0.615378867134957 0.158563005135727 0.15105031820154 0.110951109959396 0.0481235467360433 0.112464522455967 0.0881506783192516
"ufb83" 0.687440953573391 0.692066657171343 0.172740192834652 0.393011353482166 0.129431720303459 0.0793420870945793 0.0947556237205834 0.101590306400315
"ufb84" 0.634913237001604 0.642791494262207 0.172370336477351 0.238585568080371 0.118688653416429 0.0712364797245961 0.112506043051087 0.0937073680739239
"ufb85" 0.64863279969666 0.65083339449066 0.186904222947888 0.22784476620982 0.129707231283951 0.080846393125675 0.137145988748993 0.108389992313044
"ufb86" 0.645871541605687 0.65010062290369 0.185072486970391 0.216390823938223 0.127196212315467 0.0796918709629458 0.137267335704372 0.103077234297714
"ufb87" 0.640237399534984 0.65563805348122 0.176404878850517 0.203510558581997 0.121755078603665 0.0665170253852594 0.128052007096002 0.105425332767456
"ufb88" 0.625867727155792 0.619645421062488 0.162444910756219 0.200338056974769 0.112511576744133 0.0726837571962789 0.105608455036684 0.0770033475099528
"ufb89" 0.588489814008117 0.631799472144674 0.173207335339069 0.136389436404467 0.117427187457493 0.0562916983910839 0.13171772355101 0.102380272538847
"ufb90" 0.59630296377195 0.534009879649195 0.146971327906612 0.256953243683192 0.105207693081502 0.0634903734315245 0.0743663891493274 0.0640686927508651
"ufb91" 0.600742663942573 0.634665623559324 0.178525849675382 0.135995271979766 0.121493663132896 0.0553979197550687 0.137894583392345 0.100141013768381
"ufb92" 0.704394754662861 0.720664635542328 0.185335510709509 0.365880354077186 0.136122778002186 0.0882423762144068 0.108335958015816 0.121631207335182
"ufb93" 0.691707127110733 0.706726872756744 0.183642869956689 0.328036609658938 0.136598308321675 0.0889726756818768 0.120059656711695 0.11443081765875
"ufb94" 0.720225709831686 0.746478873239437 0.178336723361448 0.570941246470904 0.137719513013697 0.0857078781383392 0.0743895814884902 0.103414029639536
"ufb95" 0.66276864512911 0.659240491861052 0.169094746249233 0.334135757830968 0.124219673444707 0.0864809435808023 0.104497228488016 0.0968476385039306
"ufb96" 0.66801644313608 0.603315723072071 0.160169973465607 0.354184553102649 0.118154972089162 0.061070949005519 0.0810207460282811 0.0759581261920253
"ufb97" 0.7734759171298 0.713143986593907 0.179203076701773 0.502164767084711 0.137461104740507 0.0711599862444494 0.0910728750763101 0.117713432395743
"ufb98" 0.588491620357811 0.632748065587014 0.173271328209508 0.135833485292995 0.117942459340512 0.0624400414276311 0.131090668257176 0.103161493551312
"ufb99" 0.672967614853135 0.604122740779241 0.161140117215533 0.369973661600221 0.1227885909769 0.0612700654646905 0.0819379185841705 0.0731541175575859
"ufb100" 0.788345459572504 0.778379288623337 0.20388941328979 0.49387210134305 0.154873681626285 0.0974142574850195 0.136285489419262 0.134370747333403
"ufb101" 0.641745412820831 0.649622101949236 0.174765538815272 0.232174720990719 0.120034044233541 0.0705497971703788 0.115091104800774 0.0949101670121888
"ufb102" 0.691111726517095 0.628884328908137 0.145566108933392 0.489121433430862 0.107581119686347 0.0734638006335272 0.0644880853547769 0.0556254297608678
"ufb103" 0.672395254077407 0.600833648512355 0.140594388348599 0.43747499424307 0.101088456724852 0.0695461383823969 0.0672717067716291 0.049043061790887
"ufb104" 0.804597701149425 0.752631578947368 0.172366573730038 0.804320644747871 0.147771758682059 0.0713306931930965 0.0401835438125279 0.133284337706292
"ufb105" 0.749925266885706 0.728302977739231 0.171778609915864 0.615697173192472 0.134238000231057 0.0810408478853529 0.0671423055254815 0.113549974785981
"ufb106" 0.652617082556201 0.676271786251438 0.185558331506834 0.235683880331196 0.12950349203048 0.0726471349625073 0.122136842562077 0.111930910026477
"ufb107" 0.685375175301715 0.686011238748819 0.190765232399692 0.361213612920255 0.140197565047781 0.0773048539597154 0.114209227882104 0.143590622653218
"ufb108" 0.603846307063936 0.643532150770972 0.180804641661177 0.128919935803368 0.124230815456793 0.0595606387147725 0.140286087633226 0.103560553116449
"ufb109" 0.59984286538648 0.639436178125552 0.176708773302959 0.128991074008413 0.120945194503499 0.0552721072865718 0.136445452224658 0.100003701093322
"ufb110" 0.666732005681393 0.657883872489753 0.176544569838852 0.241999781173591 0.123237838530329 0.0792753076994312 0.117131398983285 0.0946131690626801
"ufb111" 0.63953488372093 0.441113904467221 0.129584144203073 0.639162221677857 0.0984806015682143 0.044815265381193 -0.0105440539212322 0.0238103438964984
"ufb112" 0.589096921273312 0.638954817637452 0.178533509204152 0.0816177748792093 0.125613507549659 0.0663316780837523 0.139081920085854 0.100661254878002
"ufb113" 0.584260088933722 0.624850105399572 0.17296466905862 0.114776611385998 0.121592788683169 0.0616839420461699 0.133299143647737 0.0949367169143655
"ufb114" 0.552718773374885 0.564041653673872 0.148545635764269 0.113258960029398 0.102210567236586 0.0450334007147437 0.105101525168467 0.0795928615477274
"ufb115" 0.681334928978848 0.637542135040019 0.180481038761129 0.37155667235186 0.139661258298115 0.0678355866722528 0.0927952960260634 0.0962035470590996
"ufb116" 0.644053495172774 0.633109647972134 0.169648645464248 0.226693081022403 0.114818546955192 0.0654954883185834 0.113314591537091 0.0825616948863613
"ufb117" 0.659265214798969 0.645483580378347 0.161998550476411 0.365014369395539 0.116127908312387 0.0752918020918978 0.0907004323572155 0.0827583008514883
"ufb118" 0.621901121117653 0.620514229594182 0.158011679631826 0.262666429236078 0.110765464125399 0.0661089038150166 0.10385574963034 0.0775004247940799
"ufb119" 0.686670807329903 0.696774997576748 0.183576008286367 0.370014391449475 0.135062134078239 0.0806002806195095 0.0957131230976664 0.121175825515409
"ufb120" 0.687783867833731 0.621410788381743 0.168398306187045 0.383061821182795 0.127431007578084 0.0572435312570756 0.0794197521442015 0.086242973270093
"ufb121" 0.614197699271896 0.534624029763157 0.143108749353428 0.286105722816149 0.100188179962099 0.0604500927647303 0.076514326958653 0.0513651299837821
"ufb122" 0.574168014340186 0.622108964070908 0.165541995035544 0.124517428715952 0.112199846807768 0.053443381726222 0.123685150791445 0.0962569365796722
"ufb123" 0.6 0.602871607602291 0.171400983214089 0.59966119316378 0.132739868487677 0.0602886922573865 0.0377198502774018 0.0788391644269049
"ufb124" 0.73247127425048 0.664101611562207 0.154333350790254 0.544733342631595 0.11773725935233 0.0729004801347786 0.0631022214562998 0.0676127472843912
"ufb125" 0.67720009194053 0.657574351101432 0.167068378456684 0.367588882320886 0.123529385611245 0.071354493899509 0.0884381897040773 0.104777046517333
"ufb126" 0.602097735272819 0.60110329297092 0.14959373313038 0.196046085515795 0.104927986744673 0.0527179007845862 0.101409635455142 0.0661972247201101
"ufb127" 0.635582547383293 0.627593835620125 0.161489077307272 0.266282343856031 0.112922108471991 0.0747792446736744 0.107545690039081 0.0824942114350138
"ufb128" 0.724137931034483 0.794029850746269 0.187738035367978 0.724179807397617 0.152489839658742 0.0704308579340609 0.0580100130771188 0.109216072543223
"ufb129" 0.679440599202569 0.682828685620032 0.175833721151559 0.354083769694852 0.131803678511422 0.0873823689211076 0.0980692012297917 0.107006371466623
"ufb130" 0.666062783006924 0.717463771470901 0.206952239217733 0.476420747721363 0.163012588240821 0.0925046493838223 0.10544429092759 0.157363596812419
"ufb131" 0.727415547973335 0.713143987712493 0.192296181717981 0.465367269655438 0.142309044727559 0.0736079397908754 0.08957142451199 0.148425534422443
"ufb132" 0.662733141917721 0.711071231363887 0.203627949497332 0.464496721088551 0.157321072888083 0.0919792163934114 0.10237461981087 0.152413812884873
"ufb133" 0.689562489513603 0.710078188285845 0.173617174260819 0.420821595081219 0.130221647237186 0.0862354363520338 0.0956878886301248 0.0985391890797122
"ufb134" 0.677842142586097 0.659667470272187 0.166714420799869 0.334230613629017 0.121864184199462 0.0786254174689184 0.101931848106337 0.0936065550983879
"ufb135" 0.633661828653344 0.626029159117153 0.164647575846536 0.208913911952099 0.11292227912886 0.0719413874928759 0.107974231179384 0.077923380170493
"ufb136" 0.599904121090153 0.586238503311674 0.145458517661691 0.161381414265023 0.101339698727456 0.0451772928361046 0.0998620584727644 0.0605252117062664
"ufb137" 0.764269567199981 0.768206887870467 0.204197432560581 0.447526441184798 0.15323213285153 0.10349845300421 0.142334692181265 0.129354742001861
"ufb138" 0.702453785641217 0.672486831197822 0.169845059545979 0.368635635065147 0.125098291885763 0.0796321859317776 0.0994413677653289 0.105400786994176
"ufb139" 0.749576666437676 0.704829577306873 0.178695186763588 0.458932384928532 0.135639129268805 0.0709243613625608 0.0905104522306723 0.11566761237245
"ufb140" 0.595421646614284 0.629224253154485 0.172902842551522 0.135995271979766 0.118561169164733 0.055486563213801 0.131993454431455 0.0963261147974039
"ufb141" 0.614152985587094 0.534460632045617 0.135103562170626 0.300824437815487 0.101289722292118 0.0509384993184988 0.0614858371379188 0.0425175978348853
"ufb142" 0.572310950699153 0.56489928883588 0.145365962264146 0.114343957696282 0.099641019583767 0.0459279516194259 0.100855355068272 0.0646679983890924
"ufb143" 0.574800674990763 0.56363486156138 0.143408998007758 0.114372409120501 0.0959834931884761 0.0408718265949935 0.100419152451962 0.0602813723477261
"ufb144" 0.599160869164969 0.600433891831344 0.168666089667555 0.171166029804095 0.11724517334769 0.0760721292841395 0.115315158166359 0.0817492403025173
"ufb145" 0.732415041978674 0.70031662486122 0.183146317276498 0.451338669286251 0.139707775291431 0.0729058607358523 0.0956261376203381 0.12593971189889
"ufb146" 0.658945520867839 0.620293662335225 0.160720933791526 0.361321157309116 0.118659525795511 0.0689496004036425 0.0815192138930891 0.0923683439836007
"ufb147" 0.602958909842569 0.60411238047818 0.150757252293266 0.184309399149582 0.104896852889693 0.0516965782576792 0.102665707628955 0.0686522744940931
"ufb148" 0.629401201504027 0.640200675446407 0.167337214642885 0.20782930664126 0.11723950642626 0.065869641195263 0.116229113000112 0.0888460603611851
"ufb149" 0.606554371582264 0.634331393019024 0.16749572954972 0.148471920740331 0.114718477262432 0.060990403718221 0.123040699139415 0.091758809166933
"ufb150" 0.649170498374713 0.615737310114857 0.158100454300862 0.305931213567179 0.110750159792701 0.0677040644670431 0.092485690641627 0.0830836634407055
"ufb151" 0.597286711841085 0.631347411892535 0.175063425436294 0.136050276109528 0.118749820828954 0.0561618535530902 0.134719638093696 0.0970315417197446
"ufb152" 0.591341228278215 0.641459690379105 0.180628293248138 0.117137373050578 0.121244634426702 0.0582365814963916 0.140097726714944 0.103990295525246
"ufb153" 0.705882352941177 0.513529184383456 0.137144229089078 0.705652011468436 0.11248237430997 0.0497651179467917 -0.00254424621054023 0.0512485010641594
"ufb154" 0.602539973815147 0.621458068248568 0.1627781223743 0.160788326042663 0.112076356089749 0.0475371331652181 0.115434332854069 0.0941006733795784
"ufb155" 0.582592380913327 0.639612843767941 0.176471978875682 0.0913281184464946 0.123337754219133 0.0556311646921175 0.136524449557034 0.102196152591998
"ufb156" 0.582512345568067 0.639871095081581 0.176473515289363 0.0923995025143051 0.12370512106793 0.055101354526604 0.136773189277143 0.101235381052491
"ufb157" 0.60087343935668 0.620509354893771 0.162415551102932 0.183908301794271 0.114130941309877 0.0582814396613767 0.114992317905115 0.09508559505217
"ufb158" 0.637398516368288 0.626620621030759 0.165388896144616 0.273643607117758 0.119510672617588 0.0732870010336337 0.105154071454879 0.0880429647559765
"ufb159" 0.638697612803279 0.64544514535146 0.181991203038745 0.204911644645962 0.123867500018824 0.073665312363004 0.135737048417136 0.0996275016065677
"ufb160" 0.63613379612099 0.641780083767945 0.180332240953022 0.226577696756868 0.125174661202341 0.0798731932687409 0.124676471522774 0.120646249669948
"ufb161" 0.767197044422344 0.778071625344353 0.20537118300899 0.447534655189378 0.156037009000838 0.0965587866456027 0.137893087696658 0.136085381150389
"ufb162" 0.618018810927524 0.609879492313575 0.154632593416252 0.208013475542349 0.107299518807999 0.0586493163390789 0.104991513998543 0.0725563491245139
"ufb163" 0.613795790001691 0.597459451163592 0.150460497076547 0.199263692003267 0.104983832801555 0.0567267151614117 0.102354138290977 0.0664626582284301
"ufb164" 0.591770341002123 0.628763580037571 0.175456472217428 0.0689625729125625 0.118573196134986 0.0515880246702647 0.135858854369651 0.100164950375504
"ufb165" 0.787596899072586 0.767848177527864 0.187003650568308 0.563973854571103 0.146151297849207 0.0934336574447458 0.0998339048430639 0.130264413338254
"ufb166" 0.573246123703974 0.507626450969063 0.13935514224324 0.22838427272972 0.095079461732576 0.0499834717061214 0.0723465832392588 0.0564933850029123
"ufb167" 0.576173615544169 0.634438339178396 0.173113394142955 0.113766058018117 0.121308248960453 0.0611040936690901 0.133454761670298 0.0974951641317984
"ufb168" 0.579340764288006 0.602557937313079 0.167152029763926 0.0903512557156264 0.109468898164583 0.050435498463644 0.127010343237007 0.0913524222110055
"ufb169" 0.587772939684392 0.630182806270339 0.17304642644311 0.135917741432522 0.116931908328334 0.0561008773235762 0.131566008351913 0.101171753373372
"ufb170" 0.652213210733052 0.640614143709875 0.164959817158462 0.288887983853593 0.120180561888399 0.0805027279289898 0.108335575246603 0.0891361423066407
"ufb171" 0.674195941641738 0.68129689933456 0.164380308142801 0.402588762354969 0.126139892170083 0.0804513601830853 0.0856151817573571 0.0867726890206722
"ufb172" 0.672507177442804 0.660707637400023 0.167435623996284 0.336036521804701 0.12586226396616 0.080467375915976 0.096788555131047 0.101923147870513
"ufb173" 0.590695850525081 0.649450746884305 0.182748119179202 0.0808761825291035 0.125278069317145 0.0605694928370345 0.143104375768954 0.107438590818853
"ufb174" 0.709302325581395 0.625921787709497 0.140963756161422 0.701942735179881 0.111112229929737 0.0505767920579749 0.00231043980035767 0.0499382754499066
"ufb175" 0.577619924236392 0.611160255878426 0.170690106248109 0.0798984654919267 0.11204330978465 0.0519530689256273 0.13086589640559 0.0950399310512166
"ufb176" 0.64367816091954 0.557869481765835 0.14765027959989 0.643354412322319 0.112810606545659 0.0519294133430429 0.0115197597155 0.0418056395500372
