NA 0.08347974 0.1099102 0.1314638 0.09471375
0.2940434 NA NA 0.1976736 0.08054418
NA NA 0.08944328 NA NA
NA 0.02715923 -0.05019746 0.05917872 0.09128203
0.09575978 NA 0.06878311 0.2207147 0.1103497
0.06991588 0.08434676 0.2734456 0.1978945 NA
0.2368777 0.0868964 0.189393 0.03591401 0.04934126
0.006733466 0.2422212 0.1436665 0.07744012 0.1215718
0.05995627 0.2696812 0.02961598 0.1419644 0.2088128
0.08212962 0.2353045 -0.01196445 0.1412919 0.0681058
0.1809523 0.09792361 0.1022883 0.1532517 0.04121914
0.145461 0.234821 0.09621922 0.1416117 0.171754
0.1715274 0.03104271 0.1531597 0.1252613 0.09403795
0.0803455 0.04187541 0.07068811 0.06402213 0.1045855
0.07965104 0.1305795 0.04529466 0.01347321 0.05868464
0.04304813 0.1345939 0.02324951 0.06978096 0.1410603
0.01587943 0.05112244 0.06033676 0.01864094 0.007352747
-0.005577326 0.01088886 0.03644687 0.06816755 0.001929654
0.05383611 0.06908385 0.004662677 0.02832923 0.02941044
-0.006444144
