NA NA 0.08944328 NA 0.09756056
0.2996547 NA NA NA 0.02916207
0.1246181 NA NA NA 0.1939246
0.1665958 0.1292205 0.2345945 0.141892 0.1123904
0.02657621 0.3047625 0.2215141 -0.02845733 -0.005258242
0.1703538 0.20295 0.3255747 0.1063066 0.2531613
0.07280166 0.3157093 0.04917035 0.05520806 0.257396
-0.01018145 0.2348689 0.1361728 0.05119541 0.199743
0.005907176 0.03770268 0.05818671 0.1270433 0.06469261
0.06859057 0.04756855 0.04910524 0.05900911 0.1043771
0.1102695 0.08643308 0.1221828 0.09502721 0.04645041
0.09648401 0.1194466 0.1673709 0.06675981 0.02067977
0.02795673 0.1001825 0.1058189 0.03208851 0.08742059
0.04664913 0.1293486 0.03128962 0.1087654 0.09164464
0.1180625 0.03752269 0.1454282 0.09984903 0.04362434
0.06084296 0.1474213 0.03416108 0.04496939 0.1156428
0.01839329 0.01047325 0.01659379 0.04577794 0.003247536
-0.006514838 0.06010213 -0.02317325 0.009664098 0.02348901
0.008556149 0.03719742 0.06001396 -0.009861596 0.01516559
0.0392421
