NA NA NA NA 0.1503228
0.1706968 0.1309624 NA NA NA
-0.05118567 NA NA NA NA
NA 0.08279264 0.1100926 0.02936056 0.0942757
0.2535424 0.03889892 0.0490263 0.07180247 0.1168271
0.2693219 0.2892548 0.134668 0.1563156 0.06450829
0.1305355 0.2234494 0.295057 0.08344437 0.09221806
0.03817633 0.09915786 0.1601389 0.07020863 0.1858504
0.07786423 0.09602016 0.1042567 0.03479058 -0.02320906
-0.006215463 NA 0.1801301 0.05275825 0.1010564
0.1953999 0.2089156 0.1461256 0.1133788 0.1127779
0.07658899 0.1326855 0.09758444 0.173515 0.1671516
0.003393939 0.06633406 0.07263303 0.1906347 0.1014014
0.008631091 0.04869853 0.04324691 0.1543549 0.07341764
0.08923828 0.1172878 0.0764804 0.0472396 0.08677649
0.08102199 0.08016755 0.1154936 0.1091817 0.1006171
0.01022091 0.02325978 0.0401608 0.03624447 0.128517
0.03865806 0.0132337 0.006553565 0.07772859 0.01299248
0.0003451993 0.004640132 0.01717456 0.008626592 0.02599863
-0.002666442
