0.1294487 NA 0.07912429 0.09227701 0.1099102
NA NA NA 0.1987224 NA
NA 0.1256972 NA NA NA
0.1271673 -0.03108237 NA 0.07564509 0.141892
0.1401897 0.1381541 0.02534184 0.1569913 0.1451479
0.1595166 0.08801023 -0.001376402 0.1663697 -0.01596232
0.2417854 0.1694055 0.01564758 0.04563104 -0.00430683
0.07376862 0.1424987 0.07888172 0.2391718 0.2824538
0.09846223 0.1571964 0.1052912 0.09330753 0.135477
0.01154627 0.2582284 0.02628187 0.2184555 0.2408805
0.09348211 0.1475334 0.1681247 0.1821467 0.04809879
0.02168618 0.2103965 0.1844889 0.08190259 0.03553718
0.002947753 0.055282 0.1393676 0.0650323 0.04679328
0.08362734 0.01940287 0.01862661 0.1273269 0.03382221
0.09808693 0.1179945 0.06110452 0.06913598 0.05374652
0.05906035 0.1080738 0.110795 0.123007 0.09535557
0.006082592 0.02283598 0.03189097 0.04196516 0.01404842
-0.01051255 0.1152721 0.02522248 0.07190517 0.04207773
0.04963344 0.09178824 -0.001866373 0.01431074 -0.006367277
0.003660972
