0.1732946 NA NA 0.14897 0.3011636
0.2940434 NA NA 0.1251068 NA
NA NA NA 0.1360039 0.01351549
NA 0.1937259 NA 0.3015976 NA
0.07886238 0.1607695 0.2086148 0.2035662 0.0833834
0.1829548 0.06457812 0.09123813 NA 0.2090545
-0.001095723 0.1199197 0.09978681 0.001841085 0.1641791
0.1708843 0.1674573 0.2830628 0.109561 0.2080916
0.06261698 0.1193407 0.1126761 0.09902054 -0.007797632
0.04757444 0.1534107 0.09816495 0.1861779 0.08164807
0.02897689 0.09170584 0.1377142 0.2128642 0.09605259
0.04663277 0.09600752 0.1202763 0.1964319 0.2323058
0.1709023 0.04664026 0.02401796 0.1417105 0.1125394
0.07380757 0.06291575 0.05088178 0.06912535 0.04873082
0.01678387 0.06033453 0.09866232 0.09357798 0.09835413
0.1274497 0.05932217 0.09071065 0.138226 0.05289141
0.0811698 0.05960729 0.1036413 0.04435961 0.03648819
0.03622155 0.04371926 0.0304769 0.01286318 0.02959216
-0.01772517 0.05568819 0.01482908 0.07083778 0.07000179
0.009031441
