NA NA NA 0.1365622 NA
0.1503228 0.0816878 NA 0.148849 0.09881591
0.2691716 0.1316197 0.1271673 NA NA
0.2737362 0.2082437 0.2254262 0.3007482 0.13499
0.09643245 NA 0.1493013 0.06120041 0.04366917
0.1237371 0.05900772 0.1178097 0.06093846 NA
NA 0.1783021 0.1975353 0.1450419 0.05296573
0.1228306 0.1139691 0.07044815 -0.01896795 -0.002128768
0.06881673 0.1150296 0.06076487 0.06683861 0.1386693
0.07344002 -0.02364057 0.1652388 0.2103679 0.06559694
0.07590267 0.1506831 0.1443658 0.0345624 0.177191
0.08187001 0.09672196 0.02525115 0.09802917 0.1008364
0.05612904 0.1661497 0.1977991 0.1195595 0.1155274
0.0880937 0.046469 0.07557366 0.09172322 0.0847597
0.04336524 0.05245469 0.1410537 0.2208311 0.02254472
0.0874598 0.1240234 0.02958998 0.02797574 0.1190182
-0.003965707 0.01301336 0.02511701 0.0282829 0.09195311
-0.001453719 0.08520365 0.009958371 0.0961029 0.1020146
-0.01196535 0.03760447 0.04766763 0.03514308 0.06882732
0.007210587
