NA 0.1286192 NA NA 0.1647326
NA NA NA NA NA
0.2623943 0.1217007 NA NA NA
NA 0.02887943 0.02873302 0.05315983 0.3010414
0.1030886 0.0805086 0.1678963 0.2716966 0.1643459
NA -0.03490986 0.01743374 0.09069304 0.1984924
0.1099102 0.1520662 0.1942266 0.1864658 0.1535462
0.1623959 0.1531008 0.06454955 -0.01320738 0.2623152
0.1588455 0.07444895 0.0213452 0.08622182 0.2363659
0.1291238 0.1755553 0.2035902 0.03740685 -0.03459365
0.2444177 0.2133734 0.09426194 0.1198275 0.1133677
0.2426651 0.06416138 0.1212893 0.06261655 0.1052521
0.08864345 0.1251047 0.04747509 0.1728847 0.05614353
0.1116974 0.04993635 0.1226262 0.04240674 0.05883054
0.1511135 0.1480258 0.08725017 0.06533203 0.07396297
0.0184714 0.145295 0.1207712 0.08177512 0.07353068
0.03124535 0.1151829 0.001804421 0.001861561 0.05292317
0.05617598 0.02860546 0.05307073 0.009671765 0.122959
0.0440384 0.04140536 0.0270554 0.01749267 0.06845759
0.007931071
