0.05204353 0.141892 NA 0.1134434 NA
NA 0.08054418 NA 0.141892 NA
0.1316197 NA NA NA NA
NA 0.06513894 NA 0.07944519 0.1475212
0.1240559 0.1930249 0.288665 0.07656863 0.04343367
0.1510465 0.2735855 NA 0.2069236 0.1241939
NA 0.077616 0.1487845 0.09170077 0.2263474
0.1693525 0.05701948 0.09191429 0.1242827 0.1250022
0.09313277 0.07548542 0.1946567 0.1927481 0.07188491
0.06161384 0.27855 0.1246181 0.1423638 0.03772488
0.1361314 0.04315026 0.1335378 0.06233253 0.05733598
0.02920848 0.0970179 0.007248512 0.05119121 0.05674967
0.1595467 0.0968816 0.07518469 0.09059874 0.0543325
0.06849111 0.09992705 0.01325232 0.02604884 0.1171514
0.1346634 0.0361585 0.04961842 0.05753057 0.1233013
0.2192477 0.09357098 0.06171494 0.1562135 0.09419302
0.005199828 0.04064422 0.04622976 0.009809381 0.01017001
0.04127429 0.01528381 0.03410419 0.0673288 0.02100283
0.04684035 0.03022518 0.06606905 0.01498472 0.06868356
0.00578681
