NA NA 0.09897894 NA NA
NA 0.1954281 NA NA 0.1033973
NA NA NA NA NA
NA 0.1157699 -0.01817594 0.1896406 0.06046847
0.147231 0.1494807 0.2884728 0.161539 0.04890747
0.02829762 0.0380262 0.09428436 0.07751037 0.200011
NA 0.14897 0.1581547 -0.001953534 0.04382799
0.1321803 0.007767545 0.2368261 0.1934598 0.1521985
0.07696527 0.1969985 0.2150114 0.05142569 0.07931794
0.04908994 0.2484159 0.1523053 0.0448286 0.08484725
0.11282 0.1004886 0.05353481 0.02238431 0.1621794
0.1148954 0.08419193 0.03043989 0.1117154 -0.02830375
0.04126662 0.04044118 0.06805108 0.09289353 0.02650035
0.07855658 0.09230671 0.04933369 0.09834741 0.06445943
0.05913857 0.04853593 0.0603866 0.1509683 0.07252171
0.1196988 -0.007325832 0.1598986 0.03309308 0.02865093
0.03132983 0.04770008 0.01344686 0.01543086 0.008968967
0.01568347 0.1931218 0.09847001 0.01967321 0.06406164
0.01050338 0.01523427 0.03800028 0.0634757 0.007576775
0.007556826
