NA NA NA 0.08157124 NA
0.2834187 NA NA NA NA
NA 0.1316197 0.2996547 NA NA
NA 0.1108127 NA 0.08445586 -0.01289067
NA 0.1165168 0.01597352 0.06052611 0.0254538
0.02957839 0.08734568 0.04418666 0.05756792 0.1266398
0.02076084 0.1945013 0.2581815 0.04548908 0.06571496
0.1087864 0.09061953 0.04008634 0.06077286 -0.05061746
0.1709785 0.1351521 0.1247806 0.08962502 0.1308778
0.268975 0.0507993 0.2210923 0.2019747 0.07594832
0.127052 0.04975809 0.07397442 0.1342227 0.09410432
0.03394816 0.03753792 0.1786829 0.03272625 0.0998663
0.08271493 0.01635563 0.1170099 0.181145 0.05306621
0.1124137 0.06186571 0.05761487 0.1255563 0.0870961
0.1092932 0.06719314 0.0654196 0.05735783 0.107974
0.07501267 0.1886929 0.01741743 0.05439133 -0.0009155819
-0.003371877 0.01661977 0.03515697 0.04444825 0.03461185
0.09452784 0.01620916 0.02317474 0.05517335 0.001784579
0.0700752 0.02374644 0.1063246 0.02380716 0.01672891
0.03168907
