NA 0.1511582 0.1285615 0.1241939 0.1563156
0.08689318 0.3011636 NA 0.1282924 0.08054418
NA NA 0.09756056 0.1944882 0.1978993
0.141892 0.09000962 0.1339594 NA 0.1582283
NA 0.1475987 0.05896383 0.2411095 0.01362431
0.1792964 0.221762 NA 0.04439371 0.1259956
0.2474087 0.2063758 0.2305219 0.2337343 0.04741574
0.226396 0.05668265 0.1335876 0.07395983 -0.05106926
0.1690615 0.09982346 0.0176754 0.0434502 0.01740967
0.08550323 0.06440879 -0.03996573 0.08192053 0.03765372
0.04117053 0.05911564 0.0436252 0.04567583 0.03284383
0.1309575 0.2280319 0.06061084 0.1459437 0.1129723
0.1629772 0.1091714 0.2162714 0.08696801 0.02258581
0.1379885 0.06518797 0.02915945 0.09737109 0.06631828
0.03397809 0.03090128 0.03476261 0.04373292 0.117759
0.2397546 0.0712172 0.01881756 0.07498717 0.02152426
0.01189057 0.01304916 0.002324014 0.0398564 0.02348556
0.04960347 0.007650409 0.0465982 0.04652932 0.04630453
0.08155057 0.05887403 0.006763199 0.002250671 0.03703165
0.03353154
