NA NA NA NA 0.02524308
0.2996547 NA NA NA 0.09820482
NA NA NA NA NA
0.134545 0.1048723 0.06403704 0.1965943 0.02631841
0.08075727 0.0932912 0.08944328 0.06320506 0.1026755
0.2200545 0.1548434 0.02795574 0.122764 0.07883545
0.2375447 0.2526965 0.1202567 0.1987621 0.1901891
0.1144666 0.08062425 0.2237283 0.3177463 0.0706841
0.2125495 0.2597519 0.08345848 0.1703957 0.09895263
NA 0.1782008 0.07671102 0.2334865 0.1121084
0.1910909 0.06005086 0.1082115 0.1906556 0.08499493
0.01480097 0.03721596 0.1415821 0.08628363 0.02313137
0.03741048 0.1210298 0.07005763 0.2476044 0.04426494
0.1067124 0.07444333 0.0714088 0.1044101 0.01431563
0.01499632 0.1633186 0.1828155 0.06388809 0.03685153
0.08601503 0.07432939 0.01557473 0.09975906 0.01628171
0.05311513 0.03966399 0.007189963 0.03930354 0.03840948
0.01346204 0.06623471 0.0724881 -0.0002777643 0.01513166
0.02730687 0.03124403 0.03566693 0.02269385 0.09290393
-0.0004450029
