0.1474488 NA 0.2953315 0.1363231 NA
0.1109323 NA 0.2682733 NA NA
0.141892 NA NA 0.08944328 NA
NA NA 0.135515 0.1067674 -0.02618199
0.09694194 0.09744208 0.1013949 0.1676135 0.116297
0.01990972 0.1846541 NA 0.1174053 -0.033003
0.1188874 0.1579993 0.09448892 0.1304909 0.08916853
0.0352574 0.1229668 0.05707948 0.03098786 0.07836672
0.1512522 NA -0.01926141 0.1214853 0.1633777
0.181994 0.02501075 0.09756056 0.05354733 0.1647027
0.04386292 0.2125579 0.0643684 0.2487654 0.07054843
0.01748484 0.1925973 0.0100414 0.1482271 0.07313609
0.1517987 0.1677392 0.09154077 0.0669018 0.04131957
0.06251028 0.09271907 0.1746409 0.03722568 0.04032893
0.114513 0.03653608 0.08365903 0.02444762 0.09006624
0.1032941 0.08310525 0.1478828 0.1276821 0.08930414
0.03892138 0.02490559 0.0051201 0.06709646 0.01818265
0.03032119 0.04510645 0.02030881 0.008031063 0.02606586
0.0275046 0.03426119 0.02963248 0.05812498 0.02957835
0.04187101
