NA NA 0.1246181 0.1246181 NA
NA 0.1309624 0.254101 0.3037636 NA
0.2996547 0.197395 NA NA NA
NA NA 0.2121198 NA 0.1033973
NA -0.04891283 0.1357638 0.3152052 NA
0.2190964 0.2187788 0.1706968 0.03889892 0.2635641
0.197402 0.05245124 0.09506903 -0.06213769 0.03597555
-0.007854407 0.1831963 0.1146893 0.1282864 -0.03201305
0.07377826 0.2970418 0.04548221 -0.04760209 0.255931
0.1280338 0.1689011 0.1018583 0.006597309 0.1982527
0.07213255 0.06902442 0.281265 0.05286777 0.07173237
0.05025717 0.0924748 0.009519397 0.07704723 0.04304591
0.1982249 0.01352344 0.08814858 0.06105015 0.03066858
0.09846744 0.1566582 0.0365606 0.07525124 0.0473129
0.1637606 0.01822332 0.1580704 0.1300906 0.2086228
0.09114656 0.1500611 0.1313849 0.07755511 0.04735724
0.05496772 0.08905846 0.0121323 0.0665749 0.002709436
0.01697789 0.01392876 0.0385268 0.003073125 0.01899498
0.05584841 0.05686562 0.02366357 0.01024397 0.02015183
0.02786622
