NA NA 0.09328795 NA NA
NA NA NA NA NA
NA 0.2004659 NA 0.1024777 0.1410953
0.1511582 0.2940434 0.1892687 NA 0.2087441
0.2001908 0.02574344 0.103393 0.1192771 0.277848
0.1248139 0.05485126 0.09683413 0.2592861 NA
NA 0.04715813 0.06671234 0.01268 0.1489787
0.2559477 0.03896194 0.1469878 0.09890582 0.08261869
0.2680153 0.1027152 0.08053992 0.05224703 -0.01050917
0.09372437 0.1687517 0.1297925 0.03737405 0.03198768
0.1129574 0.03926697 0.0651913 0.05652296 0.0451274
0.2150588 0.1218713 0.05163804 0.04553192 0.02729956
0.1104749 0.1754897 0.1592488 0.1039104 0.1212039
0.06134065 0.06427008 0.1438023 0.09338639 0.1230297
0.06809875 0.1133438 0.06157629 0.03896044 0.2332625
0.04432401 0.03503263 0.02594022 0.09384676 -0.00469345
0.03873906 0.01587647 0.02579338 0.0601089 0.03910863
-0.0103775 0.04677795 0.01593291 0.006361929 0.01518473
0.06444957 0.002516299 0.01758136 0.04291775 0.02945692
0.009742023
