0.1934017 NA 0.01004642 NA NA
0.02483563 0.1246181 NA NA NA
0.1745119 0.1033973 NA 0.06358974 NA
0.1548325 0.06450005 0.1312092 0.2662763 0.1505372
0.09041236 0.2283705 0.09862887 NA 0.238396
0.1964922 NA 0.1046987 NA 0.2028759
NA 0.2996547 0.08258836 0.07822916 0.1677517
0.260356 0.02933887 -0.01977704 0.2126567 0.05308311
0.1452313 0.1536357 0.03692987 0.1236366 -0.015167
0.1378533 0.1304444 0.1305332 0.07876092 0.03668972
0.1371267 0.1065872 0.3187224 0.0825024 0.1512418
0.1515611 0.02800089 0.05957134 0.1589512 0.2222568
0.2258274 0.1076939 0.006698445 0.1275028 0.1214943
0.1480309 0.1562349 0.02432597 0.03935398 0.06257753
-0.001408122 0.04965936 0.07060811 0.0315707 0.07445427
0.1091278 0.09672304 0.0319169 0.1670003 0.09616948
0.03593696 0.02215875 0.05129739 0.04474426 0.03511406
0.03884772 0.04137468 0.02977876 0.01694627 0.1044569
0.03305302 0.04040398 0.1012342 0.02429274 -0.01043483
0.07269331
