NA NA 0.1706968 0.1033973 NA
NA 0.1987224 NA -0.03125513 NA
0.09696841 NA NA 0.09328795 NA
NA 0.1151117 0.07822575 0.1294011 -0.01683381
0.2201358 0.1576288 0.2325947 NA 0.3184417
0.04790506 NA 0.1458564 0.2760236 0.04605115
0.01438832 0.1388059 0.1504334 0.06442282 NA
-0.001445704 0.1492299 0.09272847 0.193692 0.00865997
0.1384483 0.225516 0.06242243 0.1136984 0.1232189
0.1722867 0.1289388 0.09337708 0.06619827 0.07710883
0.07539661 0.003189457 0.1867648 0.2155217 0.1351633
0.1854028 0.1536565 0.06025164 0.09716532 0.1656597
0.03611261 0.03001519 0.07701333 -0.00373464 0.1469408
0.06950517 0.01320655 0.007813576 0.05542558 0.01413608
0.01617868 0.01189871 0.2346276 0.009901282 0.1608514
0.08595527 0.02657048 0.2034578 0.02820645 0.01529544
0.006501386 -0.01364262 0.01359752 0.1034685 0.06917911
0.006782402 0.03190004 0.03439015 0.01360022 0.07668208
0.02174281 0.01836333 0.07671422 0.0458667 0.05635102
-0.002322159
