NA 0.25098 NA NA NA
0.1263012 NA 0.2955475 0.1246181 0.1987224
0.1099102 NA NA NA NA
NA 0.09865836 0.09129866 0.128105 0.1269898
0.2592212 0.1944882 0.1658006 0.054227 0.1008241
0.01926367 0.1368232 0.1572599 0.1349557 0.1364029
0.03717783 0.1304462 0.1167393 0.08676524 0.1795266
0.003311116 0.253507 0.06714209 0.1165221 0.1383334
0.01250289 0.2073208 0.1984856 0.1313521 0.05188235
0.06737542 0.2016652 0.1024901 0.03169553 0.1647105
0.09652602 -0.0184278 0.03539413 0.06104452 0.1028477
0.2888543 0.0698371 0.07623919 0.1161617 0.2291539
0.1674481 0.05291732 0.1153721 0.1731725 0.1265438
0.01073499 0.03641345 0.09715256 0.04118558 0.01623267
0.02660384 0.01934382 0.08446002 0.1034106 0.04837624
0.04631051 0.03339935 0.0743468 0.08291695 0.1444033
0.06737109 0.002136055 -0.004978394 0.01740705 0.03400021
0.03371316 0.04837297 0.02752103 0.009068629 0.04781703
0.02147812 0.05844657 0.03167629 0.005730881 0.01919911
0.0506073
