NA NA 0.1478029 NA NA
0.2063758 NA NA NA 0.2360602
0.1026352 NA 0.1402656 NA NA
0.1233469 NA 0.1996357 0.1030183 -0.06311805
-0.03649289 0.0690685 0.07117843 0.1279124 0.1656737
0.1728412 0.05278457 0.2372955 NA 0.2358245
0.259515 0.1389571 0.1112522 0.06957659 0.1154187
0.2000366 0.1018798 0.0786528 0.2449774 0.1609721
0.1249721 0.1233683 0.07707119 0.2073941 0.155988
0.03455802 0.2253903 0.05291286 0.1797281 0.0007816067
0.00171348 0.041567 0.07387851 0.07727299 0.1022668
0.06234551 0.05988761 0.1805796 0.05260284 0.08979242
0.08200145 0.03370097 0.09844089 0.07001675 0.07426772
0.1022354 0.1914576 0.0741871 0.08609048 0.03740912
0.06866528 0.05369323 0.1049417 0.07231922 0.05468463
0.02803475 0.1152148 0.08675923 0.06287793 0.1444992
0.0331502 0.005039011 0.05877204 0.02844211 0.02733315
-0.008677727 0.08455725 0.06049842 0.0190076 0.003583226
0.02563663 6.447456e-05 0.01976768 0.04879093 0.06567088
0.005269099
