0.2325258 0.2966922 0.2293544 NA NA
NA 0.2546398 NA -0.06376591 NA
NA 0.1706968 NA NA NA
NA 0.2376662 -0.02088963 0.03468347 0.09519302
NA -0.009966175 0.1957946 0.1201636 NA
NA 0.1760977 0.1745998 -0.06482267 0.001117683
0.08694719 0.1895495 0.08217917 0.2054771 0.1696199
-0.04755036 0.0766044 0.273444 0.08299004 0.06904242
0.04324116 0.04629273 0.00572441 0.06704482 NA
0.2109354 0.0475965 0.05874177 0.1594981 0.01182663
0.1495375 0.0522953 0.09940179 0.1794684 0.127603
0.1944588 0.1126182 0.1043849 0.09659177 0.04903301
0.07410195 0.2385233 0.04557723 0.2585588 0.07447811
0.1322642 0.0800955 0.03775149 0.09749965 0.05697278
0.05225348 0.04962566 0.1291109 0.03989391 0.05444453
0.002670679 0.05971837 0.1124102 0.2089636 0.07744958
0.06066895 0.04135349 0.009773455 0.05513476 0.04319238
0.0157877 0.0730349 0.01159576 0.09076383 0.009794433
-0.0009644421 0.02392039 0.06255292 0.03214736 0.02786969
0.027275
