0.09620768 0.1505157 NA NA NA
NA 0.0500732 0.1246181 0.2154333 NA
NA 0.1511582 0.2819882 NA NA
NA 0.1870699 NA 0.2955475 0.1289364
0.1631488 0.2570526 0.08719731 0.1756696 0.130713
NA 0.1635577 NA 0.09781603 0.02033569
0.1713554 0.1993523 0.08857781 0.1836283 0.03322007
0.04130664 0.1595717 0.07135464 0.04010876 0.1953407
0.1939246 0.07461106 0.03664049 0.06032303 0.05723396
0.03289271 0.250298 0.2235065 0.1860675 0.3165295
0.06621837 0.1257115 0.0569685 0.03101925 0.1047346
0.04894338 0.04801749 0.06594597 0.1903564 0.1566908
0.06145399 0.2127961 0.05732901 0.0395608 0.1242136
0.09529555 0.1150631 0.1480403 0.1121308 0.07977234
0.05260946 0.07115673 0.03036093 0.01438136 0.1159579
0.1775911 0.04833483 0.05388376 0.07057487 0.02075923
0.02782613 -0.004578105 -0.009313226 0.06240601 0.04446438
0.02227082 0.03599775 0.02215937 0.0615588 -0.0006528074
0.02031048 0.03288883 0.01263919 0.02635691 0.02115544
0.02766966
