0.1251068 NA NA 0.2344368 NA
NA NA 0.1085964 0.1293049 NA
NA NA NA NA 0.2488312
0.08054418 NA 0.1616268 0.07155603 0.044954
-0.0176332 0.2741991 0.1706968 0.0002720054 0.2005588
NA -0.06393879 0.1092747 0.08411733 0.2615974
0.2275001 NA 0.05917855 0.03144424 0.1596864
0.01950098 0.09828919 0.06813344 -0.01220062 0.2057804
0.1277635 0.07471569 0.1315879 0.02816668 0.05936652
0.1008017 0.1175937 0.09197586 0.06744329 0.01933082
0.1305209 0.2071376 0.1959363 0.09624659 0.01994962
0.2123207 0.1076961 0.1876197 0.08561186 0.03719254
0.2642033 0.091924 0.131245 0.0995144 0.04652568
0.03345024 0.03752845 0.08903193 0.02947768 0.04034383
0.0923649 0.05581294 0.0413342 0.02002291 0.08561309
0.06265672 0.009810217 0.0719203 0.1021686 0.1581825
0.0382392 0.01047614 0.02860404 0.00889718 0.01616815
-0.01185878 0.03510111 0.02041556 0.02168287 0.02632698
0.1000466 0.03439652 0.000137726 0.01416135 0.03459261
0.01023889
