0.1813188 0.1855317 0.1706968 NA NA
NA NA 0.1402656 NA NA
0.1563156 NA 0.1976736 NA 0.08746889
NA 0.04645255 0.05707291 NA 0.0353128
0.1038827 0.1889771 0.1328187 0.06929583 NA
0.2167619 0.3120056 0.2285135 NA 0.0286069
0.2389165 0.08054418 0.1188421 0.04866564 0.08927882
0.09783613 0.1521976 0.06563696 0.1387345 0.1503228
0.1899499 0.1512766 0.1109773 -0.06539088 0.2306407
0.201164 0.09506493 0.2314761 0.03856632 0.2440365
0.1149795 0.1282561 0.1240919 0.02597963 0.1175732
0.04481952 0.1697764 0.03348377 0.07496262 0.05989795
0.1411331 0.09681047 0.009105781 0.136834 0.08800714
0.02142633 0.06412868 0.03758913 0.03728219 0.04859237
0.1635283 0.1776462 0.1354178 0.02600478 -0.002870106
0.0015716 0.1078349 0.07370323 0.05909655 0.01241469
0.03571145 0.02527793 0.03262661 0.06712855 0.03793352
0.07406973 0.01619672 0.05806061 0.02178157 0.001096404
0.0705506 0.04082303 0.01474006 0.07401388 0.03174694
0.04708698
