NA NA NA 0.1939246 0.2762468
0.1058498 NA NA NA 0.2996547
NA NA NA NA 0.1563156
NA 0.1425019 0.1099102 0.2220609 0.05266426
0.08004684 0.1944882 0.09750241 0.130641 0.2673537
NA 0.1896368 0.1310704 0.1512657 0.1096629
0.2483799 0.155074 0.08463553 0.07615033 0.2570201
0.03054903 0.06152904 0.1607648 0.08660951 0.01872972
0.03689018 -0.008907393 0.1692712 0.1043605 0.05124924
0.2125406 0.09185055 0.01064688 0.1548376 0.01150026
0.1405455 0.04239133 0.08287642 0.2063578 0.1610907
0.1028933 0.201022 0.1934807 0.1743394 0.01680468
0.2201918 -0.008477622 0.04487144 0.07945713 0.03421126
0.1594344 0.04756499 0.1268615 0.04734697 0.06255046
0.1509252 0.1314404 0.1106279 0.1850064 0.05822707
0.1070742 0.06239451 0.08517498 0.1487323 0.1630783
0.02390976 0.03282417 0.1074549 0.03613902 0.04104433
0.03851417 0.06958976 0.04735548 0.1308445 0.03095316
0.04745607 0.07466593 0.03007363 0.03223311 0.06409964
0.0342102
