NA NA 0.02144391 NA 0.1706968
NA 0.1976736 0.178064 NA NA
NA 0.141892 0.1706968 0.1262355 NA
0.2021509 NA NA 0.03768301 0.1041126
0.05659143 0.1353979 0.04534925 0.03269153 0.04196288
NA 0.2585814 0.2682632 0.1980562 0.09184208
0.08696627 0.1005543 0.09927292 0.1815237 0.2278971
0.1613429 0.03819951 0.1763019 -0.0005951065 0.03976992
0.008205181 0.1197794 0.148078 0.03469321 0.05555549
0.07847595 0.08334632 0.03007156 0.06897541 0.03496754
0.02994369 0.1484147 0.1283225 0.06717721 0.2169382
0.1037246 0.1634302 0.01313981 0.05750725 0.06743571
0.1273511 0.1349291 0.05797769 0.1197894 0.101326
0.02013809 0.02106664 0.1339529 0.1061762 0.1295362
0.1230581 0.0520845 0.06134265 0.05438772 0.07517435
0.01663645 0.02278444 0.08880128 0.04646367 0.01572954
0.0202991 0.02083866 0.05827589 0.04804481 0.01768156
0.07461851 0.0118405 0.01640442 0.0372657 0.01310915
0.02757213 0.01715809 0.08576376 0.003781699 0.07723418
0.05204149
