0.1050717 NA 0.003896412 NA NA
NA 0.1316197 0.0530649 NA NA
NA 0.2001415 0.3011636 0.172807 NA
NA 0.2355966 0.1563156 -0.02034689 0.1420194
NA 0.08132349 0.04062324 0.1943425 0.0812673
0.1473776 0.2940434 0.08834401 0.0550254 0.07495661
0.1944882 -0.02069842 0.2148842 0.1330672 0.1706968
0.1822914 0.0304444 0.04088205 0.1714544 0.07308334
0.1295837 0.1334821 0.03006297 0.1695254 0.009408009
0.04231629 -0.04436717 0.1911523 0.226988 0.02666828
0.1852197 0.07188743 0.0384898 0.05106063 0.17396
0.07652622 0.09899303 0.1719736 0.02680195 0.130843
0.1097205 0.09734943 0.1137088 0.100315 0.1436934
0.01080921 0.1578549 0.06824946 0.06067452 0.07233742
0.1165086 0.04721075 0.09595138 0.02848502 0.02141231
0.2171993 0.021795 0.03458417 0.02322334 0.07625464
0.001453486 0.09295498 0.05432161 0.04395137 0.01864791
0.02139347 0.08958608 -0.01727635 0.02956639 0.05631793
0.02188218 0.04386226 0.05759254 0.0003166564 0.01599045
0.03959925
