0.1033973 0.2940434 NA NA 0.1124503
0.2211205 0.2533167 NA NA -0.005692972
0.1322028 NA NA NA 0.1944882
NA 0.01415831 0.1938746 -0.01593437 0.1080943
0.2090479 NA 0.3017274 0.1706968 0.14897
0.3155689 0.0312914 0.04316426 0.01671835 NA
0.2637138 0.01460099 0.09518638 0.0955372 0.1066941
-0.008053195 0.1440724 0.05210102 0.07781549 0.04121746
0.05924641 0.1359286 0.1737163 0.1740036 0.08476045
0.06555346 0.1025437 0.129647 0.1652286 0.05326428
0.1387138 0.04359763 0.1308418 0.04468227 0.1996388
0.1226574 0.06942101 0.03696866 0.1196315 0.06189719
0.162553 0.09982784 0.09102069 0.1157727 0.07989117
0.05714069 0.08613058 0.1296495 0.07191924 0.1200014
0.1355505 0.1065211 0.01219178 0.1160781 0.04836341
0.03168399 0.02972279 0.04150353 0.07233187 0.0887051
-0.002925532 0.01678033 0.01806497 0.1614214 0.03854594
0.04527078 0.009798231 0.020644 0.05131067 -0.00156255
0.05473662 0.02883327 0.04954475 0.02449341 0.007338323
0.04448176
