NA 0.08054418 0.1646335 NA NA
0.2121497 0.2762468 NA NA 0.2996547
NA 0.3124854 NA -0.002045154 NA
NA 0.1246181 0.1573906 0.3117729 0.1941498
NA 0.106149 0.1585036 0.1773036 0.2856262
0.1879227 0.156276 0.1309573 NA NA
0.1332493 NA 0.0975021 -0.03223918 0.09990287
0.06628711 0.1969289 0.001571277 0.128174 0.04332449
0.006710099 0.06777114 0.1665224 0.007276554 0.1589275
0.130329 0.0888853 0.09747145 0.08627252 0.04019274
0.0615622 0.03616582 0.1505208 0.07315994 0.03764109
0.1573222 0.03414986 0.0133879 0.06535848 0.1814758
0.09697386 0.07784339 0.09108974 0.05595516 0.0535064
0.1389662 0.09808596 0.1054764 0.03228761 0.09560525
0.08817573 0.08461169 0.002374725 0.09267948 0.04957669
0.02037041 0.1444752 0.07214388 0.02146353 0.1209946
0.01211434 0.03355312 0.001561326 0.004052485 0.00577607
0.003300274 0.02484061 0.0340003 0.03789685 0.04130268
0.03253187 0.02421386 0.04297996 0.01948438 0.01564383
0.01361472
