NA NA 0.04259289 NA 0.1190442
0.1563156 0.2996547 0.1944882 NA NA
0.2035662 0.1099102 0.2371178 NA NA
NA 0.2294565 0.1230331 0.1246181 0.1435554
0.1656871 0.08600415 0.1128437 0.1311085 0.2117404
0.05161455 0.2633543 0.04502703 0.1712713 0.11142
0.08054418 NA 0.04052545 0.0948496 0.2137918
0.2006938 0.1130853 0.05278855 0.1037684 0.251772
0.1159845 0.08908098 0.1420829 0.03995356 0.170381
NA 0.2703847 0.07292672 0.1242255 0.2120334
0.02315026 0.08728997 0.009855028 0.04937794 0.05378277
0.05728329 0.09628201 0.1093347 0.08592923 0.07835504
0.02578006 -0.01972577 0.2081792 0.148701 0.1574029
0.136601 0.08228774 0.05939612 0.0189647 0.08170369
0.102416 0.07741233 0.04933124 0.01578663 0.05514268
0.08116019 0.02535276 0.04488581 0.06055657 0.05866408
0.06841813 0.07731864 0.04000445 0.01881711 0.03658477
0.06887227 0.01170728 0.03087243 0.02894848 0.09137909
0.02752895 -0.003085234 0.00951867 0.0980846 0.02871252
0.03073779
