0.1480911 0.1987224 NA 0.1706968 NA
0.1939246 NA 0.1088471 0.1706968 0.195292
0.05467871 0.1217007 NA NA NA
NA 0.1222917 0.2032158 0.1064097 0.04769834
0.1519506 0.05470762 0.1502999 0.1108279 0.1783706
0.1099102 0.05959681 NA 0.1740684 0.187679
0.1241939 -0.03174438 0.2142875 0.3110345 0.03157646
0.116135 0.04605835 0.07850988 -0.005728991 0.06883257
0.13164 0.2050179 0.0004872214 0.03755146 0.2668661
0.0601838 0.2024769 0.1996514 0.05201412 0.101123
0.04657938 0.1813766 0.1940783 0.1770407 0.1365653
0.2162193 0.08442297 0.08471448 0.210518 0.08214956
0.0687245 0.05549826 0.2224926 0.09807591 0.1784935
0.07719955 0.1345201 0.1593891 0.09088079 0.1806888
0.08642533 0.05261757 0.05391594 0.06975314 0.09034122
0.03511779 0.1283025 0.04091145 0.0214521 0.09562534
0.01457928 0.02175837 0.0002308345 0.01332862 0.01546328
0.02673634 0.05288031 0.01221275 0.03115334 0.07365167
0.03448679 0.01523926 0.01752703 0.005217788 0.06871663
0.06782741
