0.1783706 0.07692147 0.1969023 NA 0.1318126
0.0816878 NA 0.3030108 NA 0.06269936
NA 0.163926 0.1972445 0.1987869 NA
NA 0.198304 0.0818187 0.07906024 0.0838393
0.09737423 0.2523267 0.236997 -0.005150234 -0.00664989
0.1428653 0.1316197 0.08453916 0.08132913 0.1555715
NA 0.1316804 0.08123567 0.182663 0.09417534
0.1635906 0.2130521 0.2718674 0.1887514 0.08256924
0.0989491 0.03767855 NA 0.2727142 0.05328807
0.06654507 0.2147678 0.100369 0.02643013 0.1836945
0.01792472 0.1638346 0.135935 0.05702419 0.09476998
-0.02810206 0.01510766 0.1224383 0.1977105 0.09012331
0.07660263 0.06279014 0.1998253 0.04491205 0.01222599
0.1187692 -0.01119455 0.06634618 0.06719711 0.04045595
0.1060741 0.08779943 0.1144739 0.05075743 0.07672273
0.05610273 0.1394049 0.1306178 0.05337858 0.1009673
0.02377874 0.1050787 0.04338035 0.06616296 0.07127272
0.07481981 0.01977116 0.01715419 0.02284307 0.02079479
0.06301082 0.0138231 0.02802324 0.1064908 0.007732568
0.0438151
