NA 0.1275588 0.1014341 NA 0.08054418
NA NA NA NA NA
0.1511582 NA 0.1900714 NA NA
NA 0.135771 0.2020037 0.04224461 0.05897703
NA 0.1538139 0.1241939 0.04648469 0.08116395
0.1148059 0.1087169 0.03872804 0.1939246 0.141892
0.1364469 0.2479145 0.226382 0.0789344 0.1343161
0.1133178 0.1360819 0.009667263 0.1382035 0.07111392
0.1836187 0.08990916 0.07258719 0.1358328 0.07138076
0.2322753 0.1244951 0.09219542 0.1383582 0.1140609
0.03199439 0.05302561 -0.01268398 0.01013891 0.07581238
0.1027167 0.1714503 0.1669392 0.1201853 0.1071122
0.05811896 0.09850383 0.02433444 0.1575971 0.03241685
0.04287041 0.06503318 0.0665087 0.1206702 0.02400858
0.104999 0.0590985 0.04439253 0.0661274 0.1612336
0.02026004 0.1239864 0.05887793 0.08625855 0.1318204
0.001134424 0.02622985 0.05377077 0.03279263 0.02524263
0.045763 0.01340711 0.04736656 0.03430974 0.002616252
0.02657792 0.04711543 0.005674255 0.05203933 0.05135251
0.01995963
