0.14897 NA 0.1976736 0.1283632 0.02889426
0.06468809 NA 0.1217007 NA NA
NA 0.1099102 NA NA 0.197395
0.1944882 -0.006803291 0.1939246 0.1778795 0.07675508
-0.06393879 0.1533726 0.08879672 0.1742518 0.08314242
0.1706968 0.1603759 0.07893765 0.1705166 0.2946744
0.1474488 0.119984 0.2628143 0.08686622 0.1611447
0.07930114 0.1722256 0.1010415 0.08967112 0.1585699
0.03866932 0.1485119 0.05447443 0.05764978 0.1575508
0.02494196 0.1613203 -0.06655244 0.1429639 0.0814659
0.1327455 0.1135284 0.1530627 0.09375234 0.09821138
0.1607038 0.1077666 0.1917693 0.2535282 0.01574118
0.04724794 0.1510849 0.05067469 0.09905889 0.157834
0.08827724 0.12101 0.1169962 0.04374746 0.04751012
0.1406591 0.1312588 0.0006114016 0.04181238 0.1532753
0.1556116 0.008187825 0.1142966 0.01260061 0.1534405
0.04096825 -0.006906877 0.001551137 0.07364146 0.1142907
0.008652137 0.02771827 0.06273781 -0.005358723 0.04189692
-0.02025615 0.1159772 -0.007215727 0.05669922 0.03741037
-0.004556316
