NA NA 0.1443864 NA NA
0.09756056 0.2329282 -0.02893169 0.05773378 0.09640259
NA NA NA 0.08916649 NA
NA 0.03859595 0.1814137 0.05251989 0.2439911
0.0897805 0.07703913 0.07977511 0.05044018 -0.02732236
0.2456361 0.3334809 0.1944882 NA 0.2326623
0.02975438 0.133791 0.06016105 0.1114476 0.07270715
0.04622455 0.01234292 0.09323884 0.07296501 0.06505447
0.108938 0.1288414 0.1090212 0.1031855 0.2129126
0.03746603 0.2538439 0.106429 0.083837 0.03939104
0.1500334 0.2532779 0.1044925 0.1714039 0.07216938
0.08457731 0.05799149 0.04843042 -0.001381083 0.2168321
0.1595138 0.09372862 0.03385355 0.2145978 0.0748288
0.04104559 0.01560039 0.1231505 0.03552318 0.07990441
0.08878741 0.07813 0.03425385 0.0778036 0.05531966
0.06649637 0.1317471 0.07526824 0.07238277 0.0813233
-0.0007693895 0.04246035 0.01712783 -0.001943542 0.007722707
0.0243123 0.01307422 -0.003982296 0.0559581 0.03134341
0.01934172 0.002249806 0.005877074 4.129126e-06 0.03861109
0.025286
