0.07773197 NA NA NA NA
0.1706968 0.3030108 0.2996547 NA 0.1099102
NA NA 0.1976736 0.1944882 NA
NA 0.1033973 0.04959246 0.2498134 0.06491884
0.2645243 0.02020571 0.1264773 0.09522833 0.08262448
0.1706968 NA NA 0.1917138 NA
0.06092719 0.1099102 0.3090126 0.04897585 0.04632066
0.09254951 0.1392618 0.1138837 0.1045112 0.1398724
NA 0.06875493 0.1216198 0.07413863 -0.02079752
0.2347408 0.1818272 0.1464776 0.2362816 0.1927853
0.03328675 0.1106378 0.1078079 0.06319772 0.04524521
0.1450147 0.1629191 0.03910014 0.05829908 0.005648983
0.1484034 0.1404067 0.1945479 0.1067517 0.1634527
0.08181635 0.1307 0.06720905 0.1055127 0.06134523
0.05897504 0.214964 0.04117724 0.04812217 0.08548958
0.09882927 0.08687813 0.2004302 0.08077903 0.08606056
0.01020444 0.03337944 -0.009052722 0.005613515 -0.0003252566
0.0408624 0.0839221 -0.009040743 0.07573634 0.06529674
0.02120917 0.02354135 0.04333331 0.0128399 0.007485593
0.03306723
