NA NA 0.1981409 0.3011636 NA
NA 0.1155521 0.3029051 NA NA
NA NA NA NA NA
NA 0.03007035 0.02144391 0.0633775 0.2848863
0.1941744 0.185575 0.09707195 0.1422732 0.2755219
0.0755553 -0.01904484 0.03048135 0.06505378 0.1279741
0.2402101 0.2293294 0.0691194 0.2471566 0.006336747
0.09430347 0.1649141 0.1741083 0.04057431 0.2045665
0.07225695 0.05903726 0.02463772 0.1735193 0.1154281
0.00315765 0.06792254 0.1623127 0.03290304 0.09181291
0.09362852 0.2002477 0.0589763 0.1494622 0.1188175
0.2020253 0.02625157 0.1729614 -0.0118844 0.2444806
0.1368707 0.2875722 0.1753454 0.03138595 0.045316
0.1520334 0.2171018 0.166608 0.04279902 0.01806848
0.06811428 0.02356171 0.0579183 0.1102667 0.02875144
0.1653458 -0.0006714857 0.02572062 0.02625852 0.08750934
0.03094428 0.003777819 -0.0008698892 0.08022856 0.04856899
0.009710752 0.02092834 0.004687693 0.03706628 -0.005569619
0.0105075 0.009746724 0.06157503 0.0561835 0.1298934
-0.001770443
