"quartet" "wQuartet" "cluster" "phylo" "mutual" "shared" "clusterNorm" "wNrqs"
"mb49" 0.795454545454545 0.895526519765253 0.242730424419058 0.795293580709415 0.212563097487392 0.104082923366354 0.121670771246093 0.199410772944421
"mb50" 0.786516853932584 0.798335198656967 0.188053282452542 0.786437610044856 0.164114794257101 0.0783590299411432 0.0595825769441278 0.144417077516844
"mb51" 0.728284643443699 0.799192251086696 0.22974431562495 0.504023879764712 0.186019538546848 0.11925393073086 0.14731318954065 0.152576202237474
"mb52" 0.639759846734099 0.718075441322943 0.228933417884378 0.157940641607441 0.162855554934644 0.09366966528977 0.190646384071309 0.150712641521035
"mb53" 0.795454545454545 0.850417362270451 0.208318306604074 0.795337881258034 0.18181301941176 0.0860100521461808 0.0827425305041785 0.172981704466258
"mb54" 0.700923170904394 0.765725590880134 0.23136186383698 0.369380216456168 0.170900271679756 0.123130605164189 0.174626191509177 0.149468033209223
"mb55" 0.747126436781609 0.763764181805527 0.197741274643367 0.621148516653956 0.166219564280314 0.082444892722665 0.0689752433501488 0.131013914623632
"mb56" 0.696629213483146 0.689856037280519 0.183543624757431 0.696414543421871 0.152966023857673 0.0703668674459186 0.0543593762379157 0.103090047878184
"mb57" 0.742254595485981 0.840408691898115 0.237200664854274 0.584099613249195 0.195494340237686 0.11560294955222 0.141028492020761 0.181091699555768
"mb58" 0.66842563672422 0.696851475651879 0.202474797671738 0.347537563288763 0.148174423183938 0.0892655892611711 0.133721114156101 0.139682385424803
"mb59" 0.921348314606742 0.934276988135792 0.219646804471917 0.921278295359777 0.197547832060774 0.0990827890062078 0.0961750009549845 0.199036381173694
"mb60" 0.741573033707865 0.788885169065952 0.213719922760843 0.741564587175904 0.183163208126721 0.0899554061710657 0.0893103352016439 0.148515709348634
"mb61" 0.710448321613278 0.753011370032647 0.217340028703511 0.580204402448069 0.17872034095168 0.108830124412123 0.118146370513039 0.168824352436468
"mb62" 0.778904432115405 0.844222545067627 0.235145204229065 0.649723731219169 0.195013493055133 0.122866734500936 0.138782634997561 0.170500696494278
"mb63" 0.894256892497521 0.89606554956817 0.220616364433071 0.820167842805392 0.193333492223501 0.124639213886559 0.122353277078604 0.164721257786054
"mb64" 0.737818964250117 0.80462175470009 0.222879242382118 0.527907279880308 0.180412236636018 0.115685419223075 0.139667350709524 0.159461514852128
"mb65" 0.705621888636244 0.696073546265384 0.174688835329547 0.525457848181636 0.13553140688851 0.073894920404814 0.070382669053442 0.120628170026424
"mb66" 0.827902896908787 0.75733298453288 0.157349935281748 0.685133745609499 0.123923674595612 0.0740455728340355 0.0511103465348949 0.0860874200936913
"mb67" 0.720921760457316 0.677372240090741 0.170873392906778 0.407361604800057 0.135097729521755 0.0841520997802969 0.0819964289877476 0.0998320929526847
"mb68" 0.653369078899536 0.705394769833435 0.216311860711868 0.202354540846154 0.151169487239195 0.0781152792695293 0.176838233147928 0.136666902665604
"mb69" 0.657746099987072 0.714361050927852 0.22346703246165 0.191051627571707 0.156032807291646 0.0917419783957354 0.184906327531899 0.140267841709864
"mb70" 0.679016180087138 0.663969884220362 0.169538290831206 0.381047257817206 0.124767588283488 0.0817324802464015 0.108179070064149 0.0902018859637791
"mb71" 0.805444600276606 0.788371476539719 0.184127769343277 0.682150448997348 0.149417923708028 0.0928795410644897 0.0806986111300235 0.117761964651056
"mb72" 0.847723568526666 0.829526004701157 0.209092693142766 0.718812280258504 0.174181897088895 0.109323812092417 0.109376724989974 0.166075614770251
"mb73" 0.655496859256896 0.71054474786939 0.219300994402058 0.191061971447243 0.15300091476221 0.0817417226441935 0.180303734223118 0.138410324935508
"mb74" 0.706574493433805 0.7603722639852 0.223667518961411 0.3915660623635 0.165451408018685 0.116735710616509 0.162031058646877 0.145679131060454
"mb75" 0.668133296698793 0.688058959424463 0.190395741813015 0.20329949318136 0.130288805098256 0.087918492532434 0.141636166427388 0.104703658675502
"mb76" 0.660555210488059 0.703249456666773 0.212803219562381 0.2045659718243 0.148597891339507 0.0864645215598271 0.172716601493317 0.131719083505132
"mb77" 0.671201395561537 0.653080533891844 0.15696670333569 0.42624983054525 0.115841494786786 0.0728052455218222 0.0766906029995423 0.0883047160617438
"mb78" 0.728118521268417 0.783286288214824 0.217113511291116 0.471114591802481 0.17094975641721 0.115736475219627 0.142541009104534 0.145298182431158
"mb79" 0.808988764044944 0.792471300169084 0.16473421366396 0.808818717302316 0.139399306596696 0.0670190249907176 0.032573835971 0.0976101841317031
"mb80" 0.708944002347275 0.669725160960944 0.16005846275087 0.486686812645495 0.12356277926121 0.0697046062717933 0.0699571175317119 0.102873264559745
"mb81" 0.875 0.865578231292517 0.165406322830596 0.874950495123239 0.149255920416976 0.070091899872452 0.0334216938997674 0.120658687274905
"mb82" 0.784090909090909 0.783291259072262 0.180352221304584 0.781548421843576 0.155374862074752 0.0721023306935703 0.0495213516317617 0.118315288982473
"mb83" 0.618299712464398 0.685107659402428 0.20193609557353 0.146695726437225 0.143929109732831 0.0735167089308898 0.161301754072022 0.125383133024903
"mb84" 0.876404494382023 0.894658973220891 0.199623747497553 0.876349868313809 0.178069746927982 0.086095995852981 0.0729837850357795 0.157401151664044
"mb85" 0.648177181091754 0.657312174009544 0.182987047134061 0.268739600337211 0.12947174650521 0.0645063951074795 0.11820351718413 0.11654482739964
"mb86" 0.71264367816092 0.769885982562039 0.207519856508514 0.712471247176824 0.178665482830443 0.0821715954068918 0.0808833778103826 0.166773694211896
"mb87" 0.654545817015475 0.627747676094845 0.157838149243827 0.277334488431838 0.115767709062439 0.0677010856456822 0.0775667820983982 0.0839838509220036
"mb88" 0.662921348314607 0.813736468831654 0.224289600926221 0.66284414182873 0.186705049479863 0.0865641414571996 0.101552406372075 0.154713008954439
"mb89" 0.698309703540519 0.643879893668439 0.159252201135175 0.58390616650256 0.129225698489556 0.0713020954147997 0.0532524461584922 0.0826244771754276
"mb90" 0.827128578568522 0.796285328249644 0.203958187478024 0.617086634961787 0.163083781004401 0.110697428074478 0.128252199320487 0.126205436266288
"mb91" 0.632873882398177 0.704616291471413 0.216231110247938 0.157949704084309 0.154119418166485 0.0725587066312326 0.177084070347729 0.139236436378359
"mb92" 0.671508339373695 0.679544460053891 0.187085681752854 0.214683364527419 0.127975712920195 0.0863747589839871 0.136052001216805 0.101651223595349
"mb93" 0.685393258426966 0.838507109004739 0.235819031664296 0.685336057440222 0.198187920010425 0.0924385444590883 0.114906087481535 0.179501248348032
"mb94" 0.676625589498796 0.663023142691437 0.170895712346708 0.314294579626352 0.122680703473146 0.0788683001794141 0.118869755330369 0.0911655122967518
"mb95" 0.686608980138655 0.704330267093274 0.198468835085555 0.291724680158164 0.139633150911966 0.0810839182154166 0.148210293042363 0.11517454222654
"mb96" 0.644797948572202 0.676150596625252 0.195105982437945 0.213320489371387 0.134793136135321 0.0813576473929405 0.151993188621752 0.116671090137743
"mb97" 0.887640449438202 0.911461955765753 0.207084892552928 0.887595826119555 0.183457902479092 0.0912843848462238 0.0816254737751782 0.167807907616171
"mb98" 0.658767746120754 0.63591460745969 0.155290633017385 0.274820762036753 0.113558029020166 0.073141368543592 0.0823195452660131 0.0796253212129442
"mb99" 0.75 0.779082664578848 0.213503366086196 0.747210764757265 0.186640535465446 0.0874736858183383 0.088933082651782 0.166672350110808
"mb100" 0.799395285543644 0.773837976204469 0.202818579310156 0.544600362993799 0.157292557490908 0.107825666291937 0.134074747712665 0.116943602596575
"mb101" 0.741573033707865 0.839944621681815 0.215359106101086 0.741342970467839 0.183143009670709 0.0879555366171763 0.0912088792063577 0.165021840925741
"mb102" 0.702834846511635 0.656585848589807 0.160165608695026 0.350663308643405 0.121967476067081 0.0775209735727681 0.0802518892141227 0.0896209777881837
"mb103" 0.672821806861167 0.693723601174949 0.194104831549534 0.203232744691389 0.132755761152296 0.0866370860139275 0.147311361867368 0.107833714047725
"mb104" 0.686046511627907 0.65542577241899 0.156200035539693 0.685962785608278 0.124234181034271 0.0551448174998914 0.0202628990198988 0.0657224499088694
"mb105" 0.689528934479796 0.674576016446724 0.18492586519164 0.265546612141842 0.128930319920676 0.0895500427944638 0.13137073638857 0.0997119143264745
"mb106" 0.647727272727273 0.681310743367481 0.205331742546156 0.643736684186955 0.172265151199103 0.0790087804202811 0.0784880641681694 0.141154494276623
"mb107" 0.609235077288427 0.67148461483626 0.191664927631427 0.135430359994582 0.137331560194239 0.0667293793740537 0.149940814384048 0.115948529236845
"mb108" 0.829545454545455 0.854310344827586 0.1738894245466 0.827448744762938 0.149989713533878 0.0697967446470125 0.0432463334955778 0.112582948650252
"mb109" 0.665725251723442 0.701090564502313 0.202722805800741 0.169254607503668 0.13887294228833 0.0856355757664747 0.160059695142617 0.118167251387456
"mb110" 0.646679110881918 0.632225181232118 0.151984393705109 0.249122057272932 0.111787422354064 0.070926976623015 0.0846282240803089 0.0747907148976065
"mb111" 0.684679450125328 0.680835106968552 0.187094324076163 0.242371365702751 0.130389797162166 0.0896996223573383 0.136125944214636 0.102119757955625
"mb112" 0.619451192787789 0.692772709373556 0.205445934813132 0.146679661877376 0.146212509805744 0.0690272008883682 0.165430042885211 0.130056936866262
"mb113" 0.649684774379085 0.680839521995261 0.188390851309871 0.169316604317605 0.128704028578979 0.075834855704283 0.142708381185804 0.104162328285578
"mb114" 0.637363293236839 0.611713787870272 0.149682659644861 0.251919031867023 0.109657159981131 0.0663079556392986 0.0762141915542296 0.0716844754808356
"tnt1" 0.669666316719784 0.608650117004042 0.148814848709511 0.471447479234532 0.113650541463263 0.069523054702173 0.0576723513457601 0.0681494902093749
"ufb1" 0.786516853932584 0.744165863066538 0.150433930880141 0.78638220586784 0.126510378102208 0.060660485413551 0.0160108832625373 0.0754261093218541
"ufb2" 0.700646240838022 0.755222887915082 0.215214011714638 0.367796642157684 0.160817378626954 0.107223792745514 0.147636670173101 0.143335673138294
"ufb3" 0.659969720305422 0.641371637235044 0.157357047538806 0.429708284359195 0.118308770730002 0.0640738905527855 0.0667658885409981 0.0909627999900985
"ufb4" 0.844185165524698 0.809895167476349 0.199967759875762 0.647634554866939 0.166763512210143 0.0975625233555142 0.114302571490028 0.134830706113732
"ufb5" 0.741573033707865 0.692744223753547 0.14352328694767 0.741398374644855 0.114049598989086 0.0544673312699975 0.00800679898190793 0.0519628119430588
"ufb6" 0.660275572604735 0.675317396305489 0.188319300201746 0.261855370067849 0.131309420160499 0.0732973817123107 0.139486455069781 0.106554806551983
"ufb7" 0.719101123595506 0.653320812702749 0.150646029126419 0.718906459033363 0.125816130332534 0.0590498015289897 0.0162565408677578 0.0773685680449851
"ufb8" 0.650549953052544 0.629233912417763 0.153148807582439 0.385544623763359 0.110513449082833 0.0695595506395452 0.0800557012646446 0.0802777361804681
"ufb9" 0.762960079825055 0.727963075579673 0.177044659656713 0.565251554560262 0.140250844691839 0.0921986884548021 0.0883587377108161 0.0966937676171602
"ufb10" 0.746061633353918 0.710760235069448 0.171904380116542 0.513339161241413 0.131161478667465 0.0870441040456118 0.0930427732182923 0.0888134381027824
"ufb11" 0.659263946276496 0.654214174748618 0.158634932109336 0.3019416237126 0.113298912634817 0.074867820031457 0.096429641811434 0.0812660328512061
"ufb12" 0.689655172413793 0.663268531689584 0.170067475970421 0.689464413145216 0.139858086580637 0.0639277749243731 0.0374056204268449 0.0837636485081567
"ufb13" 0.755788212973004 0.737871183605186 0.194029362971642 0.550419607013479 0.153542900948684 0.089978086929598 0.0924142411018515 0.130058798616459
"ufb14" 0.761967654656696 0.746889699959225 0.197640684009601 0.425041267426722 0.146868665094565 0.0920392925447455 0.133862067534538 0.107584682493185
"ufb15" 0.750783533088062 0.7049411900369 0.16918995950725 0.61860115831086 0.139398991416479 0.0803532656113314 0.0638495765469491 0.0955326352452922
"ufb16" 0.681818181818182 0.608271756978654 0.147006449158489 0.681679848187572 0.119081338616141 0.0510690550454892 0.0109206581827985 0.0548501816709595
"ufb17" 0.71240056013163 0.706032821287897 0.195914790612726 0.290224499945786 0.133578436280059 0.0902352758678885 0.143005558759934 0.105655887059871
"ufb18" 0.678811097360313 0.638069214907514 0.154060874987372 0.399957343028048 0.118748671376156 0.0697974317822083 0.0733014691452008 0.0751943998627943
"ufb19" 0.715389992257017 0.652224175336912 0.158094465217824 0.48087183793898 0.124149489276507 0.076345053327884 0.0676682868470102 0.0798690302066368
"ufb20" 0.720273151514104 0.653701858256639 0.166878806506871 0.545661434312839 0.131821747951255 0.0738996156736523 0.0616777300181997 0.0877954195795056
"ufb21" 0.692591967398029 0.652291586116646 0.169019579382516 0.516822724190199 0.133819393064883 0.0763640609167135 0.0640888256425572 0.0884042873763285
"ufb22" 0.712613665371511 0.726191916015578 0.192422184862044 0.483056255386359 0.15047371210275 0.0943310364436046 0.105949037655889 0.133416337092747
"ufb23" 0.625628676156968 0.620531062087352 0.164735737342374 0.257545914947266 0.114570196460098 0.0572760139822635 0.103144182148388 0.0921762434278741
"ufb24" 0.758381443681051 0.734974731113127 0.194048507241221 0.586115373129431 0.157531546783672 0.0967210493838941 0.0918004954496546 0.122368805755793
"ufb25" 0.732329871684616 0.705474440739422 0.194748364848481 0.30966651175337 0.134882990653041 0.0902271879093235 0.138890376217641 0.105995660264579
"ufb26" 0.724950092734267 0.673223379900014 0.180250137066657 0.348138575568602 0.125068063993246 0.0835027752785439 0.115283549197757 0.0986864495242882
"ufb27" 0.625 0.534328661385334 0.142894391467938 0.62487298192665 0.111297072283556 0.0475212277094458 0.00615256666549254 0.0325745687979285
"ufb28" 0.715621037246043 0.774040628376874 0.216979684342882 0.424869658910058 0.163359067109488 0.110312237697929 0.149365003272523 0.142676752861042
"ufb29" 0.66152441482591 0.705440960031443 0.212115764260072 0.182271663850526 0.147561909764351 0.0724985534040365 0.17243155161421 0.131141127775544
"ufb30" 0.744118294733132 0.697938030042681 0.166540723587958 0.559427201823885 0.128831664266104 0.0681118185967932 0.0612047659621948 0.112102787004051
"ufb31" 0.653975720705681 0.697272895924804 0.19104354122488 0.42637584219319 0.150909026689495 0.0846312373584106 0.104085129186315 0.131967186274425
"ufb32" 0.661319328771396 0.693422384904445 0.196901395231372 0.268893135377988 0.136002393662102 0.0799974359534337 0.146506849315371 0.118241927904798
"ufb33" 0.639662293425684 0.670374525486133 0.187440931144615 0.227371226555626 0.129270800690836 0.0723587123088374 0.138522869502649 0.111542784083857
"ufb34" 0.64569872447737 0.67561341678666 0.190914048931039 0.235646587432442 0.131735429666198 0.0657456471113601 0.14658905192755 0.110554402105178
"ufb35" 0.849703367862617 0.820026748851544 0.202415082862101 0.647706685642833 0.168144274114867 0.100073291609993 0.116816546716181 0.133179383448677
"ufb36" 0.634415320700165 0.705059163131219 0.217505444731871 0.179960483160866 0.154166799008723 0.0824089933196841 0.178784881558139 0.14143400175347
"ufb37" 0.655414600482259 0.66078448760013 0.161114730982021 0.29081916019987 0.117421506862075 0.0780315351681814 0.102827892288037 0.0814001236904942
"ufb38" 0.685393258426966 0.589521871820956 0.150987737632783 0.685113181439108 0.125460142830542 0.056435737231402 0.0166523163860856 0.0705112553758087
"ufb39" 0.695484887376403 0.694486425972572 0.174116583264614 0.531559789883771 0.133939059773849 0.0719236482200958 0.0694251050646532 0.109097756812799
"ufb40" 0.646471270775127 0.630308277581005 0.150937381549554 0.294705006469733 0.108429283144803 0.069188458571937 0.0833968905411634 0.0732913401961198
"ufb41" 0.761761904181202 0.729311982185545 0.157817667828213 0.641814093731014 0.125104770241651 0.0731069791486028 0.0507094758621294 0.0872801426244482
"ufb42" 0.738636363636364 0.693235797073912 0.14960189736769 0.738542742434957 0.120670815766889 0.0566231493313135 0.0139301817647114 0.069680104403952
"ufb43" 0.673554897148964 0.614146881277174 0.14350806544225 0.369520338270892 0.104456130764045 0.0662898700649242 0.0755924936645083 0.0754441740480172
"ufb44" 0.662472185286598 0.677614896537042 0.192647497236403 0.249177567208986 0.129620909291472 0.0773545990533993 0.144018767128482 0.110360914668505
"ufb45" 0.654721199303087 0.687256303142222 0.192574795517869 0.201867842852176 0.132111318211284 0.0771446993897527 0.148346583405775 0.10953693635653
"ufb46" 0.661915519322459 0.657881382290831 0.17651022473194 0.249392008130914 0.119900632454055 0.0760475011192087 0.122324022080565 0.092707737894563
"ufb47" 0.768014895640222 0.749512475289843 0.194644820553233 0.46406460055291 0.146504610857348 0.0908413689359561 0.124998909295973 0.109353520867426
"ufb48" 0.713172070867165 0.666119820148256 0.170468337432391 0.516822724190199 0.13336067116052 0.0735601745547287 0.065720523350682 0.0895052245970367
"ufb49" 0.762596995822617 0.731092575770088 0.16093969497361 0.587082322551753 0.126527965565725 0.0820745141928882 0.0703275812452677 0.0859807376880256
"ufb50" 0.633730706117442 0.664022040161107 0.186107857547204 0.224403836340272 0.129326754989929 0.0694357459179865 0.14152454980328 0.110889915326673
"ufb51" 0.587199002116582 0.601037750939774 0.156799403208593 0.212667962802111 0.109504498160964 0.0598116517430597 0.106077416827394 0.0822450062600824
"ufb52" 0.590138203967325 0.60347023851126 0.161653726440792 0.212577194753622 0.111936091413311 0.0608711736577001 0.109095661431798 0.0870629878683841
"ufb53" 0.607585410220941 0.606219829005225 0.145918258773877 0.267855237994526 0.106413643913658 0.065843701869727 0.086637103501864 0.0660292904111023
"ufb54" 0.599144527356063 0.59228911815769 0.14341279783022 0.278904849641318 0.103339880091507 0.0677449521461217 0.0801579481784874 0.0630307280445789
"ufb55" 0.622725921597389 0.590738343004204 0.144804138314667 0.432758929016899 0.109421761753274 0.066645467795653 0.0526618879193154 0.055758856166466
"ufb56" 0.865168539325843 0.810118406889128 0.145296418457617 0.865103910508063 0.125595554519515 0.0612849509599163 0.0100604851774259 0.0799893866942063
"ufb57" 0.665820577834166 0.599949962471854 0.140778759011479 0.36934640169694 0.10198333263618 0.0629662381170134 0.0667003582523078 0.0724792280410799
"ufb58" 0.669570128361924 0.648828774271688 0.163117860614199 0.325705703038175 0.116180321094739 0.0756911755539989 0.105003840029486 0.0835064446956165
"ufb59" 0.670355217310697 0.653373019100131 0.16525368556839 0.325639212719908 0.119594596109625 0.0782738936730527 0.110355337287985 0.0858927342949658
"ufb60" 0.650534098352805 0.68815225848772 0.202309657122092 0.213265532706016 0.141048234812778 0.0837647195441666 0.161127146684708 0.12266214743408
"ufb61" 0.723275745163847 0.675010902747492 0.155103461838159 0.545235527721232 0.116734808017454 0.0646484065955479 0.0482885020778162 0.0958086220196624
"ufb62" 0.745479214440269 0.739129411395484 0.195446631147281 0.40280672914814 0.142803390940515 0.0923040813286356 0.13599516923035 0.103191383238753
"ufb63" 0.679683615712473 0.694341242626444 0.185303623827795 0.27902302833165 0.132887884661363 0.0742253039472173 0.131718412189283 0.093697978500893
"ufb64" 0.685393258426966 0.766739664211295 0.200677180532462 0.685391461617238 0.16982863354448 0.0769906014039147 0.0742038980784725 0.125666546538364
"ufb65" 0.621178867320391 0.687395562258802 0.202477842369643 0.15730425065701 0.145431886346617 0.0609173361725275 0.162312469277817 0.126977616328638
"ufb66" 0.60687382923251 0.658677950872121 0.186666683634617 0.157202021441015 0.131761288755157 0.067552431446957 0.14398536935391 0.109626883987458
"ufb67" 0.617414360155734 0.650369141280436 0.182522790335053 0.172160883847609 0.127752621077186 0.0673783503134759 0.138776984022807 0.104523199654681
"ufb68" 0.597117154270887 0.619046450611063 0.160247426608841 0.201778295677658 0.110400737663019 0.057403361952176 0.111491909379813 0.0840602994263334
"ufb69" 0.597162418042759 0.614314471530328 0.162571568861526 0.212707583640005 0.113005532366302 0.0579148279576187 0.11007033943597 0.0887601436563683
"ufb70" 0.597011696677019 0.609292858181373 0.164311914311499 0.214841134862742 0.114033159124535 0.0588230027033467 0.109409538127626 0.0915425317809683
"ufb71" 0.676189254583507 0.700686895325125 0.195601250921457 0.413617247584808 0.14685164506402 0.0949130936537689 0.119120890444459 0.136259900019432
"ufb72" 0.643519643464371 0.610559486295261 0.153353955500452 0.527668622554261 0.120019747535831 0.0651808406335032 0.046610561833407 0.0712128526860516
"ufb73" 0.669273414851904 0.608678825407576 0.14257214277372 0.402884066796908 0.105908616895987 0.0610299513448626 0.0610640995194017 0.0753369268101444
"ufb74" 0.622567445457134 0.655275859328379 0.183867930654647 0.20502184659933 0.127767695579489 0.0613970822567122 0.140181946958287 0.109745907184821
"ufb75" 0.690698035468402 0.733545048289364 0.211436449090551 0.302917423055659 0.154180664639213 0.0897904280349476 0.156726733071135 0.130898240988595
"ufb76" 0.690195959576198 0.720052178935569 0.204649777492383 0.302961919602013 0.147026680663077 0.0873312854804559 0.15238498264787 0.121945320760578
"ufb77" 0.65341797537607 0.691345681570059 0.204802737043899 0.213265532706016 0.142744968951329 0.0837373493532058 0.1637489373159 0.125182530447057
"ufb78" 0.652416274208158 0.631800199479212 0.148156963989917 0.381225600565378 0.110259921466514 0.0664939537371459 0.074615164767253 0.0778016859804739
"ufb79" 0.6568539497142 0.624375126211112 0.147443279124485 0.328336489564973 0.107036418925872 0.0658505524286127 0.0845193032794537 0.0752741152333796
"ufb80" 0.760896498438662 0.752244909236593 0.198633247364081 0.528651858316748 0.157280493337952 0.102468248552367 0.112437531797632 0.126478880033885
"ufb81" 0.6806018129367 0.63703377939729 0.153808728398919 0.377719070760685 0.11518617382883 0.0750718391458314 0.0809037772958452 0.0794201084976514
"ufb82" 0.685042006017615 0.626464652549776 0.15577510460552 0.383143006868835 0.116691407702992 0.0696858556449154 0.0755704050721937 0.0826488463277272
"ufb83" 0.607043543869326 0.573280646450295 0.146013763250856 0.392919619030213 0.108661951377463 0.065434650592516 0.0545713335825474 0.0776018983560358
"ufb84" 0.719148547423226 0.626199566608193 0.142943357292962 0.511230898114612 0.109950252386548 0.0664130958994787 0.0509901811757659 0.060894546492299
"ufb85" 0.72821521188317 0.689170937035081 0.185806472316489 0.329319695482506 0.128250731717667 0.0838551960016012 0.125796004683479 0.101637239388857
"ufb86" 0.670686235283581 0.65180198019802 0.165645922376694 0.3143501795211 0.117665742145047 0.0772683496245267 0.110773370140594 0.0864892716959019
"ufb87" 0.666241096194436 0.623187537447573 0.143558306393053 0.567890141453845 0.113031821350473 0.0667203616016003 0.0352572570409546 0.0626374938928728
"ufb88" 0.644444544319991 0.699420216668413 0.204124911252638 0.258172936012113 0.146811730786155 0.0937012215502568 0.151788577370441 0.129119234596652
"ufb89" 0.641278860529613 0.673197361569172 0.188427748749458 0.235663170408465 0.132357926790512 0.0747896255940301 0.141311020226139 0.111968040616186
"ufb90" 0.694170591901131 0.67361712700875 0.164554889085326 0.470505642949983 0.127961788587143 0.0875254056430023 0.0924186286489938 0.0791872712422579
"ufb91" 0.656738160608245 0.664841121756246 0.178192151443801 0.238051787127785 0.12257904098053 0.0779749208505684 0.126600840980103 0.094368866461475
"ufb92" 0.655172413793103 0.625209918008495 0.154128420363176 0.655030829322474 0.122512095209503 0.0527275905888896 0.0190133796805331 0.0565472354094768
"ufb93" 0.745676559500337 0.65937141216992 0.144142406565527 0.590731388303823 0.110138125787008 0.0631324622302568 0.0359417094693149 0.065618235334442
"ufb94" 0.831118363834694 0.797065442960278 0.196820843899675 0.613533435153189 0.158358962803521 0.0973669824021263 0.110648156221436 0.125280021643292
"ufb95" 0.681731696205034 0.634739415740441 0.15295441726964 0.37943623050393 0.113583005152578 0.0757796733912348 0.0798446053750075 0.0778388758490095
"ufb96" 0.69451323191726 0.63773619112848 0.153398036886808 0.431316983010906 0.11866675071454 0.0755697732839724 0.0729675065313999 0.0786932158428591
"ufb97" 0.818195611321762 0.78327256863295 0.163142454482012 0.74292304179347 0.137191622607356 0.086341583422493 0.057044200233282 0.0983346750655634
"ufb98" 0.776528942385246 0.755424554136005 0.19786394968307 0.436579260855042 0.148094558222075 0.0966254784456663 0.134244593039358 0.108190388002084
"ufb99" 0.666429617874627 0.711301251353493 0.205937154515561 0.261994670989428 0.148598115641267 0.0878979346721433 0.150847332966697 0.127646469031472
"ufb100" 0.75 0.712414631864534 0.152446816022579 0.749844959049346 0.126302871339683 0.0568841411866163 0.0181651536823856 0.0754909581226743
"ufb101" 0.631490520190254 0.642972570400764 0.179655779254889 0.257545914947266 0.126447027928452 0.0715511420077778 0.119164413098115 0.115996880206014
"ufb102" 0.621616998793304 0.632150087095711 0.169609695812327 0.260486035023651 0.120843164546548 0.0663210212411224 0.112046014843246 0.101147582852421
"ufb103" 0.576158603341803 0.610582891321521 0.155796308251662 0.179277279747312 0.107423223811544 0.0534945358874583 0.106779886185776 0.0810772483225408
"ufb104" 0.576063365954539 0.607924443639742 0.158402134344828 0.183103819153879 0.108151415989473 0.0542506181173259 0.107718483894958 0.084070885590426
"ufb105" 0.664223114577672 0.61886770175335 0.16414149257384 0.470707573274956 0.127874593789797 0.0664874979166499 0.0579724487824515 0.0819157165530233
"ufb106" 0.719101123595506 0.635629499902705 0.147003727722008 0.718906459033363 0.121326770098856 0.0556710028069538 0.0120379343672292 0.0657585226119581
"ufb107" 0.617919476415536 0.67895263474312 0.199461644329943 0.15730425065701 0.141219184447205 0.0603286349035159 0.159144367346263 0.123989531472492
"ufb108" 0.642017684783569 0.641751659167975 0.177535065190116 0.268922206520057 0.126914963254137 0.0588039610243716 0.112319230422603 0.11093542806091
"ufb109" 0.654418017445057 0.637315080457818 0.181237546970004 0.24653844516957 0.120783254043528 0.0631824271844033 0.124478450099142 0.107145511885653
"ufb110" 0.648984427630349 0.636522156056984 0.17786659486202 0.224348500741123 0.120511088904297 0.0645990774950178 0.126303466747731 0.0978574810131878
"ufb111" 0.599539013389477 0.58832886529354 0.141449125036004 0.256552027388326 0.100145494768049 0.0629001723687545 0.0818577706363688 0.0606099054255024
"ufb112" 0.693181818181818 0.536040804542392 0.133313502405434 0.693052427037049 0.108545627852692 0.0486485194386694 -0.00495684845097129 0.0458527678117705
"ufb113" 0.646922548268792 0.601553582752061 0.146013457462028 0.465512246997607 0.114317667603411 0.0697163891291888 0.0543896708477851 0.0658698215446398
"ufb114" 0.696126911402041 0.734039901321162 0.196904574261302 0.425758348773658 0.153494046135618 0.0963856080352857 0.120707426206756 0.104368601949455
"ufb115" 0.785041657328876 0.7585634303684 0.190625578880843 0.528653556190633 0.150896386944748 0.0820580049497342 0.10359385912404 0.12110879192998
"ufb116" 0.653057798252522 0.704690449890304 0.214720440423271 0.191061971447243 0.150265963624788 0.0742930039466052 0.175494373682527 0.133627925755001
"ufb117" 0.656067613210393 0.678895582648503 0.185275704850639 0.201785274787711 0.126612361717049 0.0753469390303134 0.137969581055781 0.102384259461159
"ufb118" 0.684046396808619 0.655277507302824 0.176128093143367 0.29070843464839 0.122779721178288 0.0835856566315472 0.118976986419296 0.0925512145512773
"ufb119" 0.680434667479981 0.625907494444956 0.168548010916784 0.336694228958385 0.12081130018075 0.0824400545993719 0.102646947468707 0.0921923148675667
"ufb120" 0.666775911637522 0.657084642125076 0.172897449807759 0.284704462712594 0.123128856104511 0.0754864213080055 0.123103438131893 0.0954259594190303
"ufb121" 0.719452896727387 0.666484810199276 0.164519447148986 0.545661434312839 0.130411588525651 0.0711489176175637 0.0587300991154704 0.0891165447122325
"ufb122" 0.781609195402299 0.731499858236462 0.156021616572771 0.781617752002282 0.13150416066049 0.0616419454344989 0.0214323453319607 0.0864633228096458
"ufb123" 0.718230896558877 0.691693166834716 0.181974880788888 0.371543791748007 0.132351006560107 0.085652439722856 0.121642375543542 0.0981865647483335
"ufb124" 0.741573033707865 0.646382893685052 0.142670714112093 0.741453778821871 0.119353080610866 0.0554142155010125 0.00701932735147472 0.0629906366446592
"ufb125" 0.663359231364903 0.613659465302764 0.153480586844588 0.429623514544643 0.120614690956486 0.0731489452309639 0.0623548858880526 0.0701167463191856
"ufb126" 0.68067467008832 0.684004565465514 0.197254488590133 0.347406430511251 0.144147893919744 0.0807210208887156 0.120957305870367 0.148547417816097
"ufb127" 0.634001786469351 0.701720330461187 0.211797535758323 0.168618036970206 0.150467971005486 0.0653673922867002 0.172429051348495 0.138082676509584
"ufb128" 0.624170182677645 0.641652276630813 0.158887604558738 0.257192220151181 0.116228263309156 0.0718472764971948 0.106083686211701 0.0780825657169122
"ufb129" 0.614800066340868 0.625502351084428 0.152510165914265 0.257055789283717 0.109413917256405 0.0686760747122393 0.0967448868107041 0.0723878390835654
"ufb130" 0.68580051011803 0.654447604100301 0.158331272054254 0.372249618357129 0.117266666623837 0.0823982093405484 0.091534884253884 0.0818848524288331
"ufb131" 0.67733703780194 0.637980809461382 0.154199407101665 0.384811476009624 0.115372413357571 0.0770084250565374 0.0812098935248911 0.0803409583794917
"ufb132" 0.715656381923206 0.65528328119569 0.15504910036344 0.539108106503845 0.121336275216208 0.0627345639751374 0.0485194270776668 0.0966876885968719
"ufb133" 0.622244368834221 0.628355911515173 0.17149784842916 0.246434195475704 0.119594199019848 0.0624387201285107 0.114063566111131 0.104291691809714
"ufb134" 0.652725747123341 0.68247080300388 0.186988234186368 0.213075982826122 0.128987098971499 0.0778938098917338 0.13978154663668 0.101183902766823
"ufb135" 0.62749490358019 0.689756034465019 0.20826517390004 0.179991728940237 0.146828849155512 0.0783315231869726 0.169132058071039 0.132234335913321
"ufb136" 0.787936813589216 0.74579017756909 0.185411903397405 0.495247119829749 0.138328609937444 0.0886982440480197 0.107967681874827 0.107460952125729
"ufb137" 0.637782780335513 0.613840383237571 0.149013682149769 0.305360167807854 0.107919122089454 0.0651178751883106 0.0753678026198457 0.0718808653069552
"ufb138" 0.628640420035114 0.586666666666667 0.1550725076069 0.4648583459311 0.11838154534868 0.0648061315403843 0.0479198170982225 0.0631204361052384
"ufb139" 0.646190430047083 0.680281184194228 0.197675029520797 0.213292928490579 0.13754309047084 0.0826062167710145 0.155550731859904 0.118757828872509
"ufb140" 0.650264681910794 0.636023990287164 0.153990196248383 0.293559013377432 0.109813261475412 0.0710125455638203 0.0866997617781054 0.0789979099215729
"ufb141" 0.613636363636364 0.628935369472389 0.170299445762508 0.61336619242328 0.133622868241452 0.061815484173605 0.0386931551307746 0.0835427465801372
"ufb142" 0.678294069789192 0.62773764096543 0.146203672436319 0.430169180220976 0.111334983769129 0.0644870531556106 0.0650408464201905 0.0834262203195097
"ufb143" 0.731341695954771 0.671435933189851 0.163950487870773 0.598117792768102 0.130967875076565 0.0774119084647136 0.0576444445082926 0.0821571027738741
"ufb144" 0.667555606066768 0.622163313339604 0.165137962689711 0.291665576291811 0.116835839852678 0.0774428526364482 0.103600457680547 0.0875365872969978
"ufb145" 0.655021835053283 0.647597443226452 0.170291447196942 0.246516147267637 0.118633621887519 0.0764960369560463 0.115745307387352 0.0889760802256253
"ufb146" 0.629213483146067 0.538780120481928 0.152333485438644 0.62899420076441 0.121741392316434 0.0534822378847946 0.0182109958613757 0.0501596814075092
"ufb147" 0.600892428097238 0.612226628814357 0.167447834663011 0.245934207265909 0.118664019714515 0.0612389424572751 0.106023141938658 0.0909411296916347
"ufb148" 0.619019880606195 0.661057553292934 0.185805320261975 0.172207838290663 0.132367037849315 0.0673836164144564 0.143091655803792 0.109502432605081
"ufb149" 0.648395814275435 0.662745251479226 0.182579890987495 0.305885622880873 0.130999919948433 0.0709254585401721 0.117771019524606 0.113305863580856
"ufb150" 0.658964600230005 0.691924502835434 0.195949631317344 0.201867842852176 0.133710689663057 0.0841888872412877 0.151906282091316 0.111160876791308
"ufb151" 0.640449438202247 0.598586017282011 0.157340131801527 0.64018475439314 0.126186046070804 0.0528866677252722 0.0240098215342678 0.0674327527385344
"ufb152" 0.618648143841412 0.694843761313212 0.208438020261772 0.179870352484299 0.149029247925207 0.0738698401780092 0.168572817850397 0.130824321706187
"ufb153" 0.788611033465074 0.696229229898657 0.149483464595046 0.583935813241443 0.113988427296591 0.0711414221009252 0.058412560728306 0.0740972434261497
"ufb154" 0.702808419628189 0.617950954938667 0.138727148497898 0.471481565354309 0.102345701291258 0.0654080833169666 0.0569735300777817 0.0663117922187723
"ufb155" 0.680348590295201 0.620057057984441 0.140842198425493 0.40867101411226 0.101281107665169 0.0644122125241345 0.0667606649319066 0.0641944541517172
"ufb156" 0.624902423100783 0.665736767098511 0.187753475831052 0.204128794131076 0.129809242015071 0.0704839105514838 0.144263711655928 0.110770345488514
"ufb157" 0.671576862460531 0.635691327473903 0.157677026725544 0.494082832590409 0.118042304956403 0.0609669732803485 0.0508546382055655 0.0941676919184359
"ufb158" 0.636873553312707 0.67271624034497 0.193894986004356 0.193757544027937 0.133898309687849 0.0720892670134073 0.151570883247874 0.117036215277378
"ufb159" 0.628564718318916 0.675613967117166 0.192484754875537 0.204179130264853 0.134090778195338 0.0726711616121284 0.150088607717743 0.115491918463079
"ufb160" 0.739108227692165 0.688533985211032 0.185388403621529 0.380755523650791 0.133771323051939 0.087394694085923 0.12073239171584 0.100628518654695
"ufb161" 0.736675302043131 0.67531317823554 0.183309716942257 0.437777215510293 0.134814633083979 0.0903170628052896 0.105720914335547 0.10665788355843
"ufb162" 0.677669777425241 0.617584308327598 0.143611976314523 0.540033651471162 0.111698133027573 0.0653644892782411 0.035005874982204 0.0583409451205386
"ufb163" 0.635580729695302 0.592118821362033 0.142072940648277 0.37888649671367 0.103432975276842 0.06528237286585 0.060370056210123 0.0586077640707199
"ufb164" 0.589481275496729 0.589044080047146 0.153082077731392 0.212964827561229 0.103286415902148 0.0520250146166323 0.0999385683564701 0.0744751647465204
"ufb165" 0.665102084212413 0.649309144101887 0.16638595907679 0.32978341683883 0.121570346926063 0.0771205364942151 0.108500381262819 0.0876285997537688
"ufb166" 0.754052535783679 0.697828077979851 0.155942669839329 0.602643539020487 0.119842398868628 0.0699069457439507 0.0482980940865701 0.0820731879345076
"ufb167" 0.610461548527283 0.626081884480641 0.167348009668807 0.252239712423682 0.117598995119176 0.0616577651402507 0.105836281702622 0.094845932486259
"ufb168" 0.639064896277634 0.647599868704701 0.180523825630734 0.213396249448013 0.127655001661649 0.0668174215690506 0.132928543841165 0.0987574297090154
"ufb169" 0.589175483528701 0.594637252874676 0.15863413107423 0.212553324622773 0.108410742557945 0.0542955098036121 0.103381610791236 0.0791561553052609
"ufb170" 0.725709827457918 0.717464891816477 0.189794212416726 0.516808007257871 0.146963479673806 0.082598919652733 0.087645131467035 0.140987885185729
"ufb171" 0.688400394500738 0.725059417332225 0.207490149436762 0.302917423055659 0.150788687457432 0.0865973147531867 0.152506643266714 0.127335925541345
"ufb172" 0.676803102786782 0.65913987269463 0.176465557145447 0.267396836081802 0.12349419270325 0.0839874751227783 0.122354396824946 0.0930334772273259
"ufb173" 0.675110393508159 0.649785450306322 0.164563433690258 0.380968725374063 0.120357353880771 0.0760070126091788 0.098163277513421 0.0883158413942755
"ufb174" 0.67258235937248 0.610613783046247 0.149076224266689 0.370103387540606 0.109316361202734 0.0654285900829652 0.0757506385336068 0.0760604681214961
"ufb175" 0.692459452759616 0.624343257443082 0.153485766025457 0.403883614446982 0.114657558927632 0.0654673392242937 0.0730635702847277 0.0829230949341495
"ufb176" 0.593980317881993 0.611651095357662 0.157465600711661 0.217610108917264 0.10943679448031 0.0552000512342222 0.106782470172352 0.083039975132751
"ufb177" 0.585912755945619 0.64119615134057 0.168201409395023 0.168296540858509 0.117781837409772 0.0609581415288544 0.123673721627035 0.0933748881083988
"ufb178" 0.576845485960541 0.617679778600281 0.160149887379202 0.179316571254537 0.111963044329522 0.0592659664236623 0.112878244047631 0.0848097103052734
"ufb179" 0.717546433459976 0.657890560528153 0.151387214718403 0.50698128901754 0.1111614320927 0.0716037044513623 0.0603122575395705 0.0867438695094763
"ufb180" 0.720511185247241 0.681142538554205 0.178657384980932 0.375410145336584 0.128754721489605 0.0801676191268954 0.113507732226355 0.100721461238193
"ufb181" 0.593030140403927 0.611293213224544 0.15836517447379 0.203892333254328 0.108801007967887 0.0554448041599001 0.10770180943173 0.083195875588135
"ufb182" 0.680792781323256 0.732176885999327 0.207642316857865 0.306339191927968 0.152100865441686 0.0863250676079784 0.152612331942417 0.125064943905734
"ufb183" 0.72605754945186 0.692588607388568 0.167455990262867 0.496913455545946 0.132190178786794 0.0777772139611867 0.0777568559201362 0.0882974457315535
"ufb184" 0.649877217776991 0.617601411850199 0.144186401118298 0.347519921448465 0.105371642171285 0.0651383702038372 0.0762494424567867 0.0724834588383299
"ufb185" 0.745887109976618 0.732360417658318 0.188967130916506 0.440684805116036 0.140756567894526 0.091802292291755 0.124492156518879 0.0983253074272694
"ufb186" 0.674241472779788 0.646925088098215 0.16295680876727 0.395980858221383 0.119850789351288 0.0799394553799578 0.0906909565924054 0.0953786608717405
"ufb187" 0.643282181365954 0.665663438657442 0.181064476887465 0.201785274787711 0.124702305692712 0.0742495794731407 0.133513832495222 0.0964067209107057
"ufb188" 0.594090078547643 0.543035869823422 0.140134476760165 0.344411959960179 0.102670954677936 0.0638623627966984 0.0581756691393897 0.0512335064486466
"ufb189" 0.563218390804598 0.511960455468267 0.154697258120915 0.563008826855221 0.119042345183732 0.0517502478911312 0.0196730805652861 0.0361088150171662
"ufb190" 0.625201017263631 0.592445216611556 0.16210269126576 0.471204876594592 0.124741561149598 0.0674235283336986 0.0562985182903796 0.0671009034341015
"ufb191" 0.617526590361326 0.656011844379511 0.184835117603094 0.179586782671668 0.133124730521805 0.068526771875137 0.141197862415635 0.105240568392704
"ufb192" 0.717452052538085 0.66767560454022 0.147346453368799 0.581288476813385 0.114812010500474 0.065570859506513 0.0389150301435842 0.0680564683521101
"ufb193" 0.686829226254033 0.671883167157269 0.175308002968764 0.322198749383549 0.12431563724508 0.0757819065490594 0.114364802327188 0.0930692811347843
"ufb194" 0.670913623304153 0.658329292986909 0.166288878307819 0.358613732454593 0.123447737479118 0.0817173310440963 0.108395056695995 0.085794902824477
"ufb195" 0.839080459770115 0.839266628298939 0.179773338931271 0.839018164969644 0.158135830105091 0.0745225961607636 0.0488376295039086 0.129343150480195
"ufb196" 0.568844577323556 0.599093942873547 0.154376506508135 0.18517570763396 0.107394604521052 0.0576394774875851 0.105279146661562 0.0797774393506724
"ufb197" 0.568921450931907 0.596034120350982 0.156769930848842 0.183005619558313 0.108069870106998 0.0588890549327528 0.105989205153903 0.0820781030858259
"ufb198" 0.637002595654206 0.646812067306934 0.178146236602721 0.202059745178803 0.12323931211457 0.0638899152820642 0.131896064664208 0.0998279380174189
"ufb199" 0.623296090995101 0.650193639413179 0.179308871469645 0.195099041573709 0.125041848179505 0.062522848478835 0.134341615916502 0.101216841624671
"ufb200" 0.623013805992696 0.658522013905741 0.180566320348117 0.190898640112028 0.129562098045004 0.0603188963599806 0.136694664432832 0.104074920238936
"ufb201" 0.611007375525736 0.543746481873089 0.147870321082833 0.378192325752761 0.109846753211861 0.0647691385899431 0.0565275779124389 0.0607870880932223
"ufb202" 0.699039000429454 0.724988548258487 0.195036441944823 0.425758348773658 0.151150340715479 0.0920405045863434 0.118662046766034 0.103752529194256
"ufb203" 0.664547239772668 0.63235707371905 0.145819808376916 0.453338999398785 0.110133395435832 0.0663655815860176 0.0537869903693811 0.0764941262728128
"ufb204" 0.792400303846697 0.759817474164542 0.193964113324034 0.510610485724244 0.149725252832042 0.0994172862423361 0.12444450960481 0.10860551428319
"ufb205" 0.683045793810825 0.64122773137643 0.170396965665677 0.317739434337488 0.121265397925134 0.0813474127437528 0.109250734029802 0.0928014406209943
"ufb206" 0.644290046766598 0.624090383003632 0.16316282661215 0.243689954083643 0.113919908134237 0.07293167091625 0.10507709536947 0.0827670773144041
"ufb207" 0.633211080512488 0.629696998884908 0.168281388657084 0.268822904835952 0.118786815296408 0.0646196691271711 0.106951286261227 0.0968309923691859
"ufb208" 0.72590753647547 0.648702175543886 0.150497402906945 0.556644854242654 0.113044157587529 0.065306078856092 0.0433938609583354 0.086688613928507
"ufb209" 0.709612338309001 0.667485500524937 0.164730165566527 0.411134940826468 0.124264393504419 0.0687763139439036 0.0850593026458443 0.0796214988206143
"ufb210" 0.692869770354632 0.665620141532193 0.166814183160697 0.381634536183481 0.12046501774789 0.0762938143014201 0.109003487414432 0.0851860377103672
"ufb211" 0.710324274369709 0.661896338040105 0.155232081161087 0.468381092304235 0.118961558466687 0.0759975587327674 0.0747924590696636 0.0716012851948683
"ufb212" 0.672905491838493 0.655311881188119 0.163095665236352 0.396217811016077 0.119633039280658 0.0813568814924211 0.0966525537127518 0.0916602286053681
"ufb213" 0.689655754266997 0.756618278454019 0.217897090546848 0.380193898599949 0.161899129216169 0.109119946988184 0.155802490465321 0.144516877875743
"ufb214" 0.637398058492167 0.665694401979042 0.184324645619956 0.235554199364387 0.127706203010417 0.0714648813894891 0.136992586616963 0.104580382021167
"ufb215" 0.694175615671371 0.662506121782663 0.168261279181193 0.403490876833556 0.121651814731622 0.0781625653499986 0.0963559309502479 0.0917333246463603
"ufb216" 0.706377625139114 0.686183572968376 0.185273655530158 0.315692306113338 0.127943207615115 0.0848130773551362 0.128663940626075 0.0972089860289278
"ufb217" 0.607580437083512 0.617045328604677 0.166508337457748 0.240441506378572 0.116352951994734 0.0630289344630643 0.104930920594526 0.0946060783141904
"ufb218" 0.657280373115419 0.682821038301684 0.192228103058867 0.201867842852176 0.13080824021931 0.0746324493892742 0.147980900224748 0.10799509277573
"ufb219" 0.746773158655628 0.723796871918882 0.162023620125426 0.523831733024154 0.121285762414448 0.0847680796543023 0.0819408750028952 0.081816819009122
"ufb220" 0.617624701408813 0.637956429705415 0.176023350720975 0.254773716778366 0.123031907618804 0.0606914538032019 0.110542322833054 0.108727879216967
"ufb221" 0.653845548548533 0.68350861094583 0.193299851388667 0.279249116021778 0.138709143396853 0.0818035276722745 0.140255994073185 0.111936058527687
"ufb222" 0.658547887399672 0.699517574086837 0.208599774480256 0.182271663850526 0.145521373632709 0.0724985534040365 0.168738468195819 0.126965337690187
"ufb223" 0.597238298791992 0.632798016280701 0.165427152727025 0.206427946737251 0.115528236346174 0.0636408586846319 0.119709758209278 0.0897832242054903
"ufb224" 0.585298239031891 0.603018801998749 0.1556660676782 0.201687511688936 0.108061407746874 0.0605965298645359 0.106646056282761 0.0807728598636286
"ufb225" 0.584825957686072 0.598371280376716 0.15519401935635 0.215067574065613 0.107878868262878 0.0581905855306481 0.104375462528926 0.0801207402766471
"ufb226" 0.592736646671998 0.61556393981091 0.1603606505248 0.220041399030631 0.113044032113763 0.0614197882347549 0.111640355460084 0.0846137752076655
"ufb227" 0.599249723833565 0.613868438379123 0.163981080164395 0.217552491970215 0.114284174632928 0.0538937466853736 0.105930404755144 0.0966472995282038
"ufb228" 0.595463587239718 0.608672936259143 0.161874438343413 0.217608120440904 0.112535899335824 0.0607142463023553 0.106755450105126 0.0920780442628309
"ufb229" 0.728452334127419 0.660108427056027 0.173562381246262 0.415701746266661 0.124681247295282 0.0768944851607886 0.0951153878065094 0.109310652009916
"ufb230" 0.641740127787376 0.668827562970681 0.189042843273091 0.224665887155155 0.130111432137372 0.0750077717901237 0.143356024330117 0.111302976904154
"ufb231" 0.647241545904956 0.680333058010653 0.197110757214844 0.213292928490579 0.136415226140906 0.0803059428396291 0.154956833684818 0.118025447607435
"ufb232" 0.669999678686289 0.64855893673806 0.154080174761236 0.408374977708992 0.111689528013 0.0705047731544943 0.0809311004397276 0.0785179030266104
"ufb233" 0.660197832485952 0.641628722921964 0.157843764033349 0.378553862380031 0.114141418724363 0.0743291448316297 0.0909095312639032 0.0811784818535865
"ufb234" 0.675892801995568 0.623517855889988 0.152320852984177 0.375898672350453 0.115575695614348 0.0699417964733929 0.071634011752735 0.0782752140005625
"ufb235" 0.659092808380169 0.610416880057359 0.146268279946316 0.403903108614196 0.10781936335473 0.0644053541455747 0.0652304797269179 0.0659675140005176
"ufb236" 0.636363636363636 0.538370827285922 0.156494971316822 0.636358890220797 0.127011724793272 0.0566277144960762 0.0219229702658425 0.054531871199935
"ufb237" 0.64367816091954 0.563127090301003 0.148995194941803 0.643584748301403 0.117583480186187 0.0515671243074899 0.0130602000505791 0.0439042691538645
"ufb238" 0.58933074655552 0.613836680340689 0.156383609955637 0.190661584807317 0.109693688746114 0.0570096731359855 0.107372470122982 0.0777150694839513
"ufb239" 0.697295161908155 0.674276066118677 0.163403693097398 0.355537176008933 0.118724746375871 0.0763322112512762 0.0968619949775097 0.0813049963510332
"ufb240" 0.671133011129216 0.68578332896614 0.191799758157327 0.280481157651881 0.13435160351505 0.0803874877812073 0.143177475557876 0.108609005622281
"ufb241" 0.59998174881512 0.580505435873899 0.139767106281355 0.351949004840336 0.102287345327919 0.0620587595254111 0.057983359305421 0.0708244452548371
"ufb242" 0.574933626784751 0.610798085279159 0.159967872448445 0.181193708884034 0.110760107223693 0.0600370656775269 0.111193661063871 0.0846146600271929
"ufb243" 0.648028060191025 0.668974390516888 0.180774160814974 0.213026527651415 0.125243465109502 0.0761134908223423 0.131435111940591 0.0939441140883032
"ufb244" 0.609485694172107 0.606556032759663 0.144568549320026 0.312435130817594 0.104783008478514 0.0683925939263404 0.0766233541294163 0.0621513011391583
"ufb245" 0.551724137931034 0.515574013645802 0.157472992788543 0.551449407259479 0.120523971698327 0.0471278357525244 0.0228921963696847 0.0349946807888189
"ufb246" 0.625170495630159 0.594260043308232 0.144262896199247 0.413381083482185 0.107153121989444 0.0637710807977939 0.0522458150311727 0.057277440732581
"ufb247" 0.743255732317642 0.683276350134186 0.161818911632799 0.471439093202444 0.11586430923256 0.0756453497872313 0.0895443499049506 0.0859717310043465
"ufb248" 0.663624781815792 0.686973362112907 0.194580487294468 0.249534120113317 0.134271312429314 0.0723836850446143 0.149243089460234 0.111501806160862
"ufb249" 0.604754478441582 0.628170032389065 0.168907754009163 0.179377480272443 0.120664401756025 0.0596762833846642 0.12340092675189 0.093183156882314
"ufb250" 0.735632183908046 0.707082103801423 0.17031322683618 0.73247243410183 0.142950007471617 0.0651439240321086 0.0379364411581745 0.0936682211304773
"ufb251" 0.697674418604651 0.675936768149883 0.160644252427706 0.694113832477242 0.127682432627501 0.0569500710068742 0.0266267124477322 0.0686067770953957
"ufb252" 0.663426335219846 0.639343607761718 0.147188867947229 0.426082382927566 0.106708958693452 0.0723255649179813 0.0658176250106613 0.0740585191688787
"ufb253" 0.80689640802039 0.770432815873342 0.194821193186994 0.563082688129798 0.152588260140077 0.0977299452915891 0.118271528221128 0.116904291566061
"ufb254" 0.732239798276455 0.664093497352126 0.147282048601356 0.511121012688655 0.109223504817474 0.066816354651966 0.0558019891588156 0.0689515615799464
"ufb255" 0.617556625264185 0.656572895111753 0.182882306728628 0.213211136479857 0.125968077585065 0.070756666829347 0.135421961019764 0.107737340155276
"ufb256" 0.754311260579711 0.719040101041996 0.166427552178 0.542362418946569 0.130078019299863 0.0802689512923923 0.0767963339986182 0.0925010515706941
"ufb257" 0.632377813023052 0.685924440184442 0.202806177364394 0.179994655677546 0.14344781747172 0.0716067998422333 0.163403125918838 0.125816838397942
"ufb258" 0.640048426699608 0.702693128863253 0.213814305650255 0.181922317864122 0.151255083879135 0.0755259009735377 0.174910757896022 0.13623375910274
"ufb259" 0.60277163636782 0.657523565856004 0.185743617353553 0.158944223973974 0.131319759580112 0.0665767061135 0.143715053146518 0.110455749848688
"ufb260" 0.634109070317772 0.689623623993849 0.204859615435677 0.190695662176702 0.141979264483115 0.0798304513515796 0.164383700081705 0.127621525474435
"ufb261" 0.665216737857563 0.643075137239728 0.15890256968872 0.374752442092896 0.115313828169969 0.0754659680321057 0.0921453564477347 0.0850637744932465
"ufb262" 0.692076315536417 0.642641796511792 0.151934425742512 0.53376598702128 0.11702523319564 0.0656589746868589 0.0447524650612174 0.0830674767022348
"ufb263" 0.671257266588217 0.602876330263794 0.136188068903407 0.46994844304023 0.105421806860658 0.0617433409578664 0.0435261233315017 0.0651037019496231
"ufb264" 0.676497153859363 0.60674447095235 0.13799821880295 0.397292719072448 0.10085758750357 0.0656561776238651 0.0636800916938365 0.0658782338465419
"ufb265" 0.708445724184864 0.668828680090805 0.165348108032633 0.455066304094311 0.12664887509036 0.0803050035083979 0.0858621310261681 0.0806548685312656
"ufb266" 0.677763861198656 0.68833893598933 0.189278648378843 0.390602900094353 0.141724557430527 0.0862114999158401 0.112349670841105 0.131207654333294
"ufb267" 0.668889539807342 0.570213994674196 0.139428403445072 0.527732614274235 0.107295996339612 0.0622162713926704 0.0309293047880418 0.0598782814768466
"ufb268" 0.648428693155122 0.617634663711427 0.146122467891888 0.442679897052417 0.108605025331421 0.0653203175562842 0.0540942353313425 0.0745933376588872
"ufb269" 0.695733856522727 0.67242215686869 0.161301504675133 0.498169335350379 0.121079952973607 0.0763768840050476 0.0711344077816282 0.0916097286525968
"ufb270" 0.675264657913485 0.648022506226108 0.159090434332391 0.396554553338784 0.119684564593956 0.0761201073483523 0.0923335020319343 0.0765264789315695
"ufb271" 0.602444975831275 0.604864401369443 0.158191744675037 0.240507163041488 0.110012891190178 0.0620629557358878 0.0997390749719315 0.083132721656729
"ufb272" 0.737586562929764 0.700987144168962 0.192517829770783 0.362483552498594 0.136019817378382 0.0901307693578142 0.132930767881599 0.104910538755389
"ufb273" 0.693661928574734 0.736696890502321 0.21125060643855 0.314191540977698 0.154781407328824 0.091056984298221 0.15652799684993 0.130838204773784
"ufb274" 0.758133492270707 0.673399827784156 0.149040990966125 0.511048881912762 0.110050977993937 0.0640815672556235 0.0577215648980768 0.0691333985730773
"ufb275" 0.626239413687071 0.664377191099664 0.185980959467595 0.215522529857555 0.130191450820971 0.0759361911350298 0.140145163163486 0.108168750374608
"ufb276" 0.628996408290083 0.666561704125174 0.187693277186613 0.213202604122761 0.131320392503566 0.0770179139558659 0.14318120705269 0.109550323937143
"ufb277" 0.659090909090909 0.593799840510367 0.15149661908811 0.658859114631969 0.116924293149887 0.0534652329868844 0.0173122765275115 0.0481730916307324
"ufb278" 0.708701927103804 0.681796734924979 0.164523617221185 0.50529668850813 0.127183552808813 0.0795003098351029 0.0746876753732618 0.0883758318317261
"ufb279" 0.684165953417468 0.583349312879514 0.15215745060605 0.494046104892667 0.117589574658273 0.0614033291592865 0.0450974579113878 0.0650541252774749
"ufb280" 0.671164919309506 0.632159274607579 0.151619410532625 0.359437376327392 0.112577399145499 0.0781630929732684 0.0842831416444597 0.0746024943342259
"ufb281" 0.620793451121098 0.655892299791233 0.182949988129843 0.205055774806496 0.128073023538298 0.0658797714271693 0.136960411604139 0.107511179355856
"ufb282" 0.585101886772228 0.56991450900026 0.139142157719987 0.271358743617503 0.100758095853694 0.063584962004879 0.0707586244845786 0.0594622622232236
"ufb283" 0.613139247429318 0.647393127933942 0.180571502324665 0.172166657099311 0.127488764328203 0.067656917607696 0.137584628577013 0.10467544425034
"ufb284" 0.653415539307814 0.636056332443364 0.168233184507374 0.246528376211796 0.115899688625365 0.0726377999050008 0.110439444791797 0.0860750575533408
"ufb285" 0.653603622776655 0.62104911813671 0.164525863059724 0.266959333624271 0.114933606143664 0.0714534699014946 0.102826444787578 0.0859452169991053
"ufb286" 0.689028963896632 0.662960909612598 0.162120506211986 0.476788892820667 0.126613950166595 0.0826011737467675 0.0823271566510812 0.0764548283739405
"ufb287" 0.639748571517502 0.654862606295641 0.181099003368461 0.213365760533085 0.130641001088753 0.0664036497505146 0.134994413226064 0.100869786094073
"ufb288" 0.656545306604136 0.650397422211993 0.182003305165854 0.232071718479881 0.125455686867033 0.0668122462389044 0.132778641640085 0.100138420399399
"ufb289" 0.585367064941882 0.631606196635583 0.162087351607523 0.168266352008143 0.113470844770655 0.0553313356111243 0.116168796621239 0.0872278438335078
"ufb290" 0.631541298710542 0.672001226596705 0.188388819991179 0.227128848506126 0.132505153839696 0.0764830172691362 0.141242312190932 0.114768401280072
"ufb291" 0.574712643678161 0.533237899257404 0.162486215092916 0.574739542360975 0.125852005420584 0.0543000421098579 0.0276741354871459 0.0449600699054993
"ufb292" 0.696646877123607 0.647062380937982 0.161206334159768 0.526405435055936 0.126161021283094 0.0689730353260023 0.0548797320076476 0.0828788360078059
"ufb293" 0.672156048412291 0.684483734703654 0.197039380663167 0.249320769930224 0.134336951415753 0.077218566583188 0.153036057728178 0.112305432289892
"ufb294" 0.625 0.569120634613524 0.158132542543509 0.620693874307266 0.124789322374789 0.0545228779916255 0.0238217980699598 0.0511461068454389
"ufb295" 0.594958102602282 0.644662131023526 0.177216784983198 0.158904859059921 0.125997961867298 0.060225717846899 0.134040937383085 0.102441552492261
"ufb296" 0.56947273640533 0.593823963909583 0.151334153592075 0.181135498582624 0.10317096072162 0.0518692767417372 0.100226076295345 0.0773919856435166
"ufb297" 0.571988999585519 0.59607659511546 0.1567647154561 0.184992175360066 0.106913656074861 0.0537087811590562 0.103832979137351 0.0828267120302107
"ufb298" 0.64111090135485 0.66833384712965 0.181541177363907 0.206904346973544 0.124441413410985 0.0758786544173684 0.134048538912103 0.0975046409233753
"ufb299" 0.681818181818182 0.590947999144019 0.14051054802116 0.681661606933446 0.111857376062177 0.0485768761276186 0.00433776906472393 0.0386316152044915
"ufb300" 0.662853998344833 0.605356298217286 0.134197338753307 0.492512960758285 0.10344135322262 0.0617185926700306 0.0412849877776684 0.0550509808075154
"ufb301" 0.659112544096143 0.685760054597674 0.192949260275465 0.268962515623677 0.133864861525203 0.0777178650798495 0.144363981723518 0.112163716994087
"ufb302" 0.718987610393846 0.659580495998219 0.15619153809611 0.447684617273522 0.119733579294521 0.0739428926173893 0.0758996693439609 0.0808603046562491
"ufb303" 0.666272172936335 0.574558791260462 0.151235620601465 0.505237596694916 0.11442802871838 0.0610476787636996 0.044225151622948 0.0698955759682959
"ufb304" 0.70277398196279 0.599149129644063 0.148206088636446 0.545366438217832 0.115445720266803 0.0633479100229611 0.0405191373271781 0.06412541230174
"ufb305" 0.607977778422414 0.678940384385299 0.196263859688933 0.15727171155385 0.140897105770558 0.0610419729345403 0.155340709774047 0.120246917242817
"ufb306" 0.597754063475895 0.602107530655404 0.160203496680176 0.23505566357785 0.113489215805792 0.0518877756147512 0.10198625563872 0.0858395992055804
"ufb307" 0.593206765851613 0.598260408268313 0.159198326009902 0.22890973764058 0.108805253855381 0.0567185187950938 0.103982856424207 0.0828300946459133
"ufb308" 0.59621360834047 0.653372015455774 0.176846052067302 0.168347447587066 0.1239214435525 0.0571172662473135 0.134357027753495 0.101046287002675
"ufb309" 0.642832969823261 0.649587003917259 0.175304515065419 0.280020649288639 0.12485424235389 0.0574599379874771 0.109911812954124 0.109248604786668
"ufb310" 0.662731035106231 0.692192412800094 0.196509565508065 0.261935182141579 0.140122341714659 0.0804515123324099 0.143709989956775 0.116680123723678
"ufb311" 0.658117085595064 0.674993622880016 0.188694693204432 0.269586079229182 0.131612853347664 0.0752538640271107 0.137822597237672 0.108549060913819
"ufb312" 0.692412285652315 0.687793078370302 0.181430203713685 0.325826454295845 0.128844533911714 0.0794174850904929 0.124581818306511 0.0953371333955357
"ufb313" 0.647928645569099 0.670855844329321 0.184356257373409 0.201829882904238 0.125594531516219 0.0706798881274713 0.138446694913994 0.101173974863974
"ufb314" 0.616382206521414 0.616731847638132 0.146410856167059 0.290216631497027 0.107800331967496 0.0659771336146081 0.0833773987201874 0.0660462238960027
"ufb315" 0.67881398182523 0.656597845237032 0.159549773281611 0.348866161770693 0.118780891877423 0.0847800609440966 0.0975298779568248 0.0815856342031667
"ufb316" 0.641229066053158 0.68672472069132 0.189508539111889 0.339500563160035 0.143104988772034 0.0867373869906078 0.112488334977749 0.102815371411132
"ufb317" 0.638147103122956 0.655764623199054 0.17459361414102 0.339832690028326 0.130676908347261 0.0802742612111036 0.103557467254933 0.0820852200263705
"ufb318" 0.614426080259726 0.62175542262299 0.172349396720424 0.21379407783238 0.120753500496455 0.0657759583617961 0.128918637967187 0.0985625909586106
"ufb319" 0.631156709907407 0.649299072426003 0.157671287857242 0.268360955339036 0.114976158942869 0.0712284102793348 0.102245613305927 0.0764971636562382
"ufb320" 0.622951492151167 0.635197990331085 0.152083890636987 0.268193056522772 0.109025476544286 0.0680383815965482 0.0931695774194864 0.0708439279888142
"ufb321" 0.625830028530613 0.698255525449361 0.210636952407474 0.157335915249899 0.151443799463719 0.0638071014002679 0.171210500140874 0.13527897582491
"ufb322" 0.636363636363636 0.562106918238994 0.153176132991939 0.636133504803201 0.125624497893154 0.0515027988952913 0.0180746475877466 0.0674871310152053
"ufb323" 0.694909539448573 0.749222456096258 0.21061784338921 0.381873465135749 0.158818650909941 0.103842612737586 0.135688223226848 0.140659733734133
"ufb324" 0.644340918689304 0.59504303947759 0.151500360371609 0.523040309251817 0.120885957834029 0.0675736772691421 0.0442298831357186 0.0689862847204541
"ufb325" 0.673687863883413 0.642977246178905 0.169821899617878 0.278677242197513 0.12100089924959 0.0820071623644729 0.112294476960864 0.0903935772870981
"ufb326" 0.611058150059642 0.635949296514169 0.177143832308682 0.168310605055329 0.122734746732082 0.0677352720647409 0.133111677879391 0.0997280751332097
"ufb327" 0.644727158788639 0.666794659954864 0.183508142094844 0.258283129656414 0.130001245819306 0.0737869841102137 0.129854207103401 0.103259930194541
"ufb328" 0.653489115117215 0.592063362456112 0.145805265226942 0.413381083482185 0.10765198515891 0.0618308883106841 0.0543405101802297 0.0690703832945361
"ufb329" 0.819452036112608 0.779153300501514 0.190512170310337 0.579263737190603 0.149118139599115 0.0866230542354013 0.103834504150839 0.121650859075438
"ufb330" 0.634461682868315 0.638428555295283 0.171351602573781 0.271834598424202 0.121750742276074 0.0640507583841588 0.110251524083251 0.0980392113231162
