"quartet" "wQuartet" "cluster" "phylo" "mutual" "shared" "clusterNorm" "wNrqs"
"mb49" 0.647058823529412 0.775535236396075 0.230263679010036 0.541490317477206 0.18671630427796 0.0883186074935862 0.102829711662302 0.178091890099582
"mb50" 0.858823529411765 0.875596500530223 0.217850014172574 0.858741656310294 0.185016249680752 0.0905741293032418 0.0883608981766267 0.166296644125605
"mb51" 0.665336982426877 0.707319594186305 0.206179005257629 0.259035105535032 0.149288575572232 0.0926873096974002 0.127229227556891 0.145392983678941
"mb52" 0.715024255078293 0.766423646489727 0.229294909918647 0.281926698929969 0.161612100285236 0.0957638339681908 0.17079111186959 0.148910718711327
"mb53" 0.694117647058824 0.779627376912735 0.208494396416173 0.69394025533897 0.16651297882293 0.0802656252231914 0.0774564078320724 0.13543882337866
"mb54" 0.795180722891566 0.816984104253186 0.218863422900527 0.795261571880211 0.180897077613856 0.0897363499311334 0.0868838609559376 0.151247279902574
"mb55" 0.753064578718246 0.800015281562794 0.219928749005232 0.633411462204312 0.174534949284948 0.106570439423622 0.116241227539404 0.148194194335716
"mb56" 0.798017134621982 0.8341770647653 0.244036546175892 0.643310104363971 0.193499382100859 0.113788872130506 0.143640890176646 0.175983769259314
"mb57" 0.797676791094491 0.84309081158384 0.236655020395502 0.682140184036308 0.188095845388648 0.118551869673452 0.135507312105176 0.182052559135461
"mb58" 0.657346899465491 0.691815470127442 0.219847639098215 0.141086846771463 0.137474824184378 0.0755624765155779 0.180405000822772 0.135577201213579
"mb59" 0.830360413904711 0.825464707625863 0.210775408223721 0.64686999998369 0.159349711741896 0.113074124353373 0.121515753776405 0.136577912048577
"mb60" 0.858823529411765 0.934060167910448 0.256496096640553 0.855353000880528 0.216087272952986 0.106603865129469 0.133405046419921 0.213284442867968
"mb61" 0.685128220255654 0.73857858780988 0.221964567609418 0.306110697694142 0.163983516440608 0.109007473445086 0.133970383740098 0.164165908706249
"mb62" 0.752034858873338 0.75942317255097 0.216538970515863 0.485199514650669 0.160197359197587 0.0935007288553393 0.127787359199471 0.138281467445374
"mb63" 0.719476822160227 0.800067039106145 0.22447240492467 0.576387849347453 0.176850471281392 0.108665236283381 0.121710428290697 0.167977478444802
"mb64" 0.651274624561809 0.685225233717592 0.21570027752553 0.130823993673586 0.133658516543074 0.0769226907265255 0.175800460066246 0.130917729058984
"mb65" 0.74491958587546 0.812955122777307 0.22693563081737 0.529284418593652 0.178604388868923 0.1121693175734 0.139503663823704 0.171074154966788
"mb66" 0.707729669042132 0.765938757583805 0.226697676121646 0.305506726049905 0.163850050026645 0.103352218506069 0.163470820358508 0.151705349173603
"mb67" 0.718388188736231 0.682064010050405 0.186108720472007 0.45363557791585 0.137044736629409 0.0822897529196596 0.0942056262160686 0.105653252622419
"mb68" 0.752941176470588 0.81829035339064 0.229329368437505 0.752797898543015 0.189841841845039 0.0921066240420137 0.101740720974327 0.1842499611548
"mb69" 0.729411764705882 0.82818043588444 0.23043567636043 0.729312834708272 0.188960226739109 0.0916222152286438 0.103030184094534 0.175430541680124
"mb70" 0.788235294117647 0.796195652173913 0.182503601385836 0.788170477912316 0.148677534976267 0.0725674399594524 0.0471626975891887 0.108306572034285
"mb71" 0.663248673307544 0.682555912809116 0.19096681882398 0.235502527208213 0.134285978139068 0.0791836653530449 0.118683535104705 0.130379271504183
"mb72" 0.700745386458475 0.699407337476726 0.199645984301825 0.339843557583755 0.139431304613762 0.0857413701451348 0.12802903519536 0.115748671191331
"mb73" 0.69047619047619 0.767767408470926 0.222832725171513 0.690430084128173 0.179124230497844 0.0852053307854333 0.0931806999093205 0.15586066021971
"mb74" 0.771597313312047 0.764394082808232 0.194803437229367 0.587959497824844 0.143989491649019 0.081050017245002 0.0881101475326242 0.12064817897493
"mb75" 0.653638638830994 0.681315329688074 0.206075633055657 0.175653745980023 0.129191802696392 0.0753675923231767 0.162646174693933 0.117837858942202
"mb76" 0.695853067261641 0.658641342427469 0.182950259052129 0.362386962583546 0.12782980024051 0.0817238406698737 0.120963937807661 0.098009636223059
"mb77" 0.661808737873628 0.63019102328594 0.176904444521618 0.270994463985966 0.118768929980882 0.0687490619634116 0.109631182305136 0.0882845958723538
"mb78" 0.695616825019055 0.666485970035981 0.188053575187026 0.330187547682562 0.129533563834173 0.0769224044269677 0.115433596997769 0.102145322060123
"mb79" 0.857142857142857 0.879656436981278 0.17572870835739 0.857126091198123 0.148483533022982 0.0715803846598773 0.0393941176935174 0.114231150302696
"mb80" 0.75 0.725879624962194 0.163495171746265 0.749985329798358 0.132478621203986 0.0604393305440838 0.0249918134613024 0.081241056593317
"mb81" 0.647044934083313 0.637959383459698 0.185158250571434 0.17676894739016 0.124445407557654 0.0688227621705411 0.134817688685744 0.11272824046281
"mb82" 0.639305170137331 0.635715245153234 0.185324510858428 0.153210100847645 0.12438416340487 0.0616388505892574 0.138321393843004 0.106988421880097
"mb83" 0.747952459433904 0.805343423212373 0.228559118075762 0.458626378933266 0.175104472072308 0.113975184013609 0.151835163254 0.16509622398046
"mb84" 0.643242500328931 0.648128079689311 0.192040537296372 0.178765356650684 0.127598804997785 0.075348904790356 0.14000563711862 0.123596146414953
"mb85" 0.811764705882353 0.785809086268504 0.158640532817779 0.811771528640809 0.130345357909625 0.060560175207829 0.0193489703113966 0.0881832372680249
"mb86" 0.736236268852478 0.714022416406265 0.193015403165671 0.433752033348382 0.136620751293343 0.0861544104210014 0.112578284871724 0.122918372988368
"mb87" 0.694117647058824 0.809919028340081 0.225406133587066 0.69405624223272 0.183318180443513 0.0854081770080053 0.0971679735983701 0.167820269497042
"mb88" 0.704057590673266 0.6799128101945 0.190466870545917 0.518905304942909 0.143648172625628 0.0829505710215555 0.0822816344026517 0.106879148948114
"mb89" 0.628647145734767 0.674383137440544 0.203938527383507 0.140395602724893 0.125546875090305 0.0739603562395674 0.162612757218385 0.117200940962465
"mb90" 0.696362565368499 0.677767289271289 0.187155433119832 0.292981950722482 0.127154428591564 0.0687964607556573 0.12060961067028 0.101054230394644
"mb91" 0.788235294117647 0.773150773717897 0.179772580588558 0.788112484465441 0.14483117010173 0.0707123086426301 0.0439795416832823 0.115656251425669
"mb92" 0.870588235294118 0.913931681178835 0.193052908120666 0.870571178397978 0.16275069491355 0.0794401171341052 0.059458498510832 0.14574870738862
"mb93" 0.631227362048844 0.669639873020606 0.20072956117012 0.152154557118719 0.125215869170421 0.0765108937587864 0.158632698943798 0.113928866292689
"mb94" 0.852054006045018 0.864332544410893 0.201262356210669 0.752842677794587 0.160502656734601 0.104079242875546 0.09542491134221 0.138113432023941
"mb95" 0.801330144948149 0.739441380537271 0.158827830085235 0.717591899564969 0.124572528721094 0.0767045665410625 0.0473675604328922 0.0791655134565892
"mb96" 0.647605293942867 0.676725630255929 0.210008645784543 0.129336977029121 0.130374216966009 0.0725497649247964 0.169452210362216 0.125697748561065
"mb97" 0.754614926248975 0.724216825061598 0.192170556725784 0.567042161493185 0.143898705148245 0.0816855404005067 0.0845202588887387 0.114132197173146
"mb98" 0.660453222475492 0.657937379532924 0.200853910742088 0.140987811688849 0.128259150683036 0.0620749666311162 0.160607552800455 0.113495314249493
"mb99" 0.831303329891749 0.797613662067406 0.190185363185575 0.705752334688855 0.148242200856666 0.0964575368499448 0.0828801514631095 0.123668494662094
"mb100" 0.797092943756129 0.791083490948392 0.192710363149079 0.693912769812741 0.148445611417988 0.0965088741390345 0.0857397288019363 0.119771291753352
"mb101" 0.652527189000633 0.673159175227384 0.206734772156642 0.141054433290832 0.130733503335419 0.0601718703857887 0.166777506434405 0.122885501328466
"mb102" 0.632935511649586 0.635591666314023 0.171494500917273 0.190641507160002 0.1172846697467 0.0629481563473877 0.103677125016806 0.105360625858864
"mb103" 0.705882352941177 0.794933808553971 0.213264754170482 0.705885764320404 0.17553047339641 0.0834802435425645 0.0830165238421929 0.155664669037454
"mb104" 0.694117647058824 0.767527919117161 0.203451464270156 0.693998248785845 0.165753091305202 0.0782110921414377 0.0715785912809575 0.15216767655937
"mb105" 0.836485204726349 0.815345458705102 0.195930059775394 0.717524920465288 0.151613729447357 0.0984133347958348 0.0893860542053349 0.126399145092285
"mb106" 0.701699577337746 0.754578492373768 0.216653013784473 0.329083519647064 0.157635503072633 0.0964694509129511 0.146664669952953 0.146794852716614
"ufb1" 0.716812148624038 0.772687646574905 0.213244159477477 0.470416976729394 0.163438594284795 0.0983095926936067 0.124263715645394 0.15619819958621
"ufb2" 0.631701633623048 0.668998463312065 0.198669975637471 0.152113160054638 0.124476672175979 0.0716954548494638 0.155724096921271 0.112836768782001
"ufb3" 0.637728282027249 0.669522363029411 0.193351957971815 0.175351143761976 0.125182438820254 0.0698833764886031 0.143590245182532 0.109841187843264
"ufb4" 0.630485315349548 0.63490847461302 0.18452053258915 0.190342270389297 0.123381573402616 0.0612028731861001 0.13595010381551 0.111165998485134
"ufb5" 0.741247018475265 0.694470193383411 0.172112444536 0.470342325560155 0.125477482833943 0.064540492702557 0.0784800895739829 0.0907052269055263
"ufb6" 0.694035044365793 0.637980127834969 0.174541691457654 0.346705578068516 0.126125703787416 0.0577947150470851 0.0922213420820524 0.0925674605434283
"ufb7" 0.716598483502904 0.710004682378648 0.177686274866801 0.517524920465288 0.133312553130492 0.0682436182289808 0.0687248602833206 0.105820108424365
"ufb8" 0.666666666666667 0.649424328383114 0.174881325057904 0.666549305053531 0.138342968720239 0.0628269341951642 0.0368935641981588 0.0906327706665591
"ufb9" 0.751087442195101 0.694158183241973 0.171779608641266 0.599933020900319 0.130952843550334 0.0728189249916682 0.0620355259741386 0.0859293799976917
"ufb10" 0.659303167599139 0.685212545724749 0.213792938883934 0.152495572243486 0.129695394796156 0.0731604160753233 0.174058030526193 0.126021396471576
"ufb11" 0.751319808042161 0.738818408474179 0.199997001453277 0.47590991821696 0.148401609415023 0.0855361257734183 0.109272589944346 0.134378908896817
"ufb12" 0.647492733421354 0.680562402832046 0.211827967179285 0.10695714553334 0.129154909271679 0.0614649445548693 0.171729905175017 0.130255277679265
"ufb13" 0.692291965382309 0.655410332031037 0.162959378036956 0.3984332200674 0.112477339455187 0.0697076578423344 0.0795455311149751 0.0747035022221974
"ufb14" 0.68128692922336 0.668433059465284 0.181772255306221 0.294650009098678 0.122387868944186 0.0750676504451986 0.119516177315455 0.0934730451845819
"ufb15" 0.69047619047619 0.497722902540229 0.136238425026668 0.690371403321605 0.106099051548434 0.0489411590956219 -0.00721581825753729 0.036426631636385
"ufb16" 0.674118225603108 0.64418329347658 0.175136068523931 0.258487820675763 0.115148168963519 0.0700637608438375 0.119337760304926 0.0836129410237641
"ufb17" 0.673812256328129 0.671421698717214 0.203067148656772 0.187765989043281 0.125405571519788 0.0688312883849897 0.161696142792867 0.11342688369471
"ufb18" 0.656728764578875 0.666753374976444 0.199541131527463 0.164219268039809 0.122637380929791 0.0651531889003887 0.158468788941589 0.11265559531065
"ufb19" 0.6583684980396 0.673943348327618 0.20540511140242 0.164256295691841 0.125447627271779 0.0681495266309965 0.164997105142803 0.118161381270638
"ufb20" 0.650964214119331 0.639984583328315 0.183765433146034 0.235005845119605 0.123777686147811 0.0668608199225289 0.125556339199457 0.12053069228889
"ufb21" 0.683454848925435 0.675340662670568 0.190431842567108 0.351232235296957 0.13219379607287 0.0786011209316585 0.109767378552707 0.109309124057949
"ufb22" 0.670317332326646 0.692100576098556 0.205785361258339 0.234817772693573 0.139767214163748 0.0861230519000538 0.156779788235451 0.114788569169441
"ufb23" 0.578313253012048 0.579254374841491 0.177787517542159 0.573171464702364 0.132671519129516 0.0593648197043244 0.0388678376276691 0.0654972758239417
"ufb24" 0.662114620240907 0.667060228104248 0.20546138525205 0.141021555292511 0.130688874718378 0.0631175961141938 0.165491604880062 0.118230598908162
"ufb25" 0.627788305310959 0.624730530793249 0.178294014631046 0.190342270389297 0.119808968671696 0.0574078414206663 0.129328767530253 0.104505491861527
"ufb26" 0.679071775233605 0.662525822120485 0.178747200064388 0.262315067247588 0.119459625864516 0.0720779394240441 0.120114920771631 0.0876356741370031
"ufb27" 0.823529411764706 0.87784371909001 0.210634215020685 0.823427070387868 0.174792057746349 0.0857635726308652 0.0799504848582567 0.158482249057226
"ufb28" 0.694117647058824 0.759747961452928 0.193797823306708 0.693998248785845 0.155177459203107 0.0712639908082785 0.0603267383924952 0.133932858753598
"ufb29" 0.633208595696835 0.654410343755589 0.194733265439599 0.129342054863682 0.119684396959768 0.0699397234677568 0.152910873401019 0.111921804922365
"ufb30" 0.646608015104095 0.71951815074068 0.213148331639162 0.458528033383761 0.165667713846506 0.0989244532710788 0.108885848560601 0.147483890126698
"ufb31" 0.823529411764706 0.834735479695842 0.180115539508403 0.823485063834743 0.150061986316093 0.073005064123766 0.044379279287725 0.126824617817442
"ufb32" 0.614535201761457 0.575542710297078 0.162700192833784 0.187168704445071 0.107189779275643 0.0516305629790243 0.115796281895268 0.0720463057372367
"ufb33" 0.729411764705882 0.635930047694754 0.147996722574434 0.729370828155147 0.116933609146536 0.0526062250809183 0.00694302031964882 0.058763980941817
"ufb34" 0.605218042690777 0.559957479756952 0.158323527540104 0.174804976879172 0.100193301304889 0.0560839265986455 0.104182750888567 0.0675780292551708
"ufb35" 0.651968306978855 0.680565641335499 0.211661227588128 0.118890569603463 0.131793130420092 0.0630821328786571 0.171550196457694 0.128710817108585
"ufb36" 0.648007698067951 0.658742664369259 0.19811595441102 0.141021555292511 0.125949466833729 0.0580972315382113 0.157776657376149 0.114245341169805
"ufb37" 0.728061028076416 0.716153790193511 0.188606844860747 0.487796882500864 0.140354846285119 0.0925743596873901 0.107941641095388 0.110084362177077
"ufb38" 0.712673520274192 0.68423083832933 0.184297931746935 0.386845493656931 0.127574806540454 0.0819907046933185 0.111285768281394 0.109579457007269
"ufb39" 0.631827946860939 0.621282805239318 0.173531088379871 0.199916440844998 0.116695309286497 0.0568428275859015 0.124311636890914 0.10180109767869
"ufb40" 0.642246737668713 0.602949940030626 0.160478664356613 0.292352621472578 0.109032445309766 0.0648477834966953 0.106469057321664 0.0742340109129593
"ufb41" 0.703221600370718 0.690127449115465 0.195361166734906 0.377866339354993 0.138318842929662 0.0825826359492696 0.11523328051349 0.108671515312791
"ufb42" 0.759908098193447 0.805047211135988 0.215622578755867 0.588160435123886 0.173306598536289 0.0935478081333616 0.111687948001335 0.164288977859902
"ufb43" 0.700216961397112 0.713388159575011 0.18434137831489 0.505685355589174 0.138380445935769 0.0734993644650258 0.076261804157684 0.114538847407708
"ufb44" 0.638155923292993 0.668720962288718 0.205565288510086 0.118927637195968 0.125933140372151 0.0717996935611932 0.16430423577544 0.122840212114843
"ufb45" 0.63683794466226 0.637998388429331 0.184081223462172 0.225842840148539 0.122823323350934 0.068880885651748 0.128986067528099 0.117839959815949
"ufb46" 0.652672954443601 0.660455105682383 0.182598334326272 0.246722441238721 0.12490767115981 0.0662581748404525 0.115765821840209 0.11767349559182
"ufb47" 0.776470588235294 0.749280834232291 0.165933591392018 0.776398949271507 0.136911973952693 0.0646837690622067 0.027849433762957 0.096871655191598
"ufb48" 0.615730980672413 0.62379911728157 0.174883712314677 0.249772540784487 0.124588431999126 0.0611823473722628 0.0926860313776981 0.114895763102771
"ufb49" 0.650053398756697 0.670830050491641 0.20456090884896 0.142375085841481 0.124093129371251 0.065155068013616 0.164499182572058 0.118314187546014
"ufb50" 0.639564110277659 0.654783381558982 0.196582866907506 0.0952000340173207 0.117726863556418 0.055552099543939 0.156166446911372 0.112515945079364
"ufb51" 0.641914024655982 0.67593254456142 0.209388036653365 0.120313512278668 0.127673294244468 0.0707754729317547 0.168805847908274 0.126931128841855
"ufb52" 0.668115005414637 0.674108062378322 0.204590105983717 0.176013143289691 0.126109773307935 0.072307611524707 0.16377683131094 0.114727866018055
"ufb53" 0.612052386526437 0.597619275747475 0.174353768508499 0.129037063902867 0.113341667290899 0.0559959350335035 0.131493169633035 0.0891045131911422
"ufb54" 0.674698795180723 0.594541334121588 0.155228673856632 0.674663021291942 0.121132278824769 0.0541074699926798 0.0149857344074117 0.0542298136774511
"ufb55" 0.694880550183893 0.681980358450488 0.185437416608946 0.332146108192439 0.129657445600939 0.0761140481415861 0.118750943872294 0.0989695337088027
"ufb56" 0.73050272725576 0.714324655853891 0.195633240346125 0.458568837187303 0.142165195786367 0.0828724699497164 0.104661038309161 0.131086836836183
"ufb57" 0.647757268397683 0.676800681593133 0.192779223089948 0.187851431015656 0.127178467836694 0.0686804137420221 0.140832943677979 0.103861843802581
"ufb58" 0.637781073012526 0.603552583697234 0.16507254162423 0.268871294410566 0.106909986475307 0.0631653460140843 0.111358476221706 0.078291524526392
"ufb59" 0.625552136196283 0.634291690990465 0.174734396921993 0.249753541070229 0.121991146651164 0.0630761508501509 0.100901103428356 0.112029733903252
"ufb60" 0.704944262531662 0.706651917134446 0.206175611512284 0.38671489917164 0.145379046360252 0.0908876642478001 0.127079838993305 0.129544746605169
"ufb61" 0.702350792347461 0.682198157426863 0.179992188086903 0.422230029298799 0.131925512953726 0.0838843620305441 0.106750957730131 0.0978496562394315
"ufb62" 0.668554408430492 0.640894016931015 0.166619387243619 0.305179594723507 0.114414937773078 0.0650281629305675 0.0982801396686279 0.0903097346463722
"ufb63" 0.6308874324067 0.574828677724271 0.153725112333415 0.235541739879061 0.0997498208796905 0.0584065864848025 0.0933870684338803 0.0665622401654356
"ufb64" 0.644119385014086 0.676067493339473 0.202584222191442 0.163907452405831 0.125875016154673 0.0714544542220025 0.159848120661498 0.11393387106096
"ufb65" 0.62968827019095 0.58258938292035 0.157436266330855 0.235638183031333 0.103861217545376 0.0553085797753172 0.0934958672753678 0.071224485706532
"ufb66" 0.648458077128761 0.677464459965398 0.206047118350576 0.164012555666683 0.126343276502522 0.0728698186522088 0.165308604434961 0.118759916405119
"ufb67" 0.704171005032213 0.728184208586243 0.197953967585039 0.552775698694906 0.154795541168339 0.0906174822000796 0.0916781417269138 0.12673873242911
"ufb68" 0.715619773805132 0.707923934293041 0.182783959400585 0.52923052714204 0.139359057689238 0.0756389739901027 0.0744980180591586 0.111916816738813
"ufb69" 0.658739566310607 0.689483247144327 0.196783644271434 0.199652278701507 0.13133885780766 0.0703006610733519 0.142546223047422 0.111367605082813
"ufb70" 0.729016426349216 0.708397704700949 0.177458291957475 0.470400701912131 0.132462366565168 0.08392447629842 0.0956520844753732 0.0995109197238435
"ufb71" 0.660196634906297 0.590209321600508 0.148179275763377 0.458792790695019 0.110172967842488 0.0666337389365033 0.0518401293547511 0.0520443807091106
"ufb72" 0.671971147638453 0.596463040958491 0.145391740951914 0.447015546595107 0.104188825692439 0.0697731420073045 0.060396342090035 0.0560323226979926
"ufb73" 0.608561022775937 0.58936311437391 0.156761813803081 0.245614799906793 0.102159970407165 0.0599318005765405 0.106606208460345 0.0708266036939687
"ufb74" 0.625291328267744 0.651407863878715 0.193132045764468 0.12921529904929 0.120141283593755 0.0666088042752861 0.149858183128134 0.117702022897427
"ufb75" 0.693087446282438 0.682561265799314 0.182469744493307 0.40979405339462 0.133407635296102 0.0738089033834666 0.0897945827659704 0.104547186179107
"ufb76" 0.660958608093804 0.634552733399435 0.163232202832921 0.342179920337544 0.112157774104927 0.0733712131534805 0.088231996491078 0.0788791701004923
"ufb77" 0.63109197761266 0.658019315951188 0.190631970672462 0.164185615203929 0.122032241694882 0.0620395005310934 0.145285546006859 0.101522295101213
"ufb78" 0.765475317520328 0.72207267833109 0.180214811784023 0.588093456024205 0.13582261538179 0.0709433836861941 0.0715884432430767 0.105512486746426
"ufb79" 0.715036050221354 0.718668997528483 0.194687742953411 0.433414272598098 0.142297982280159 0.0829698302985182 0.103397612514699 0.117603635778219
"ufb80" 0.64739266147691 0.674267749767176 0.205547136961177 0.152525989298355 0.127420336076481 0.0696026266015191 0.165536974133829 0.120484108136944
"ufb81" 0.705882352941177 0.760320071791804 0.202483125820182 0.702399814068778 0.161649438985104 0.073948868607839 0.0704499392183203 0.13452731296797
"ufb82" 0.690907621801751 0.67454865428651 0.187676615253308 0.316342589547168 0.128832811268727 0.0698355965122579 0.114988627984767 0.106757280256941
"ufb83" 0.70356323026466 0.646011824064627 0.161218279623133 0.423284530530349 0.113201088748672 0.0730578699329526 0.086277104794666 0.0831205582489978
"ufb84" 0.705882352941177 0.65437874251497 0.165641094935319 0.705827770873529 0.130155931322308 0.0591108757355363 0.0275085129524948 0.0666687039256938
"ufb85" 0.644310488419147 0.635775704307473 0.181891895943154 0.176289519532863 0.11525418586451 0.0648311043408125 0.134759161583691 0.0901295613791446
"ufb86" 0.668570446148885 0.639130683225081 0.171913316214166 0.386796824468491 0.121068276464961 0.0761143310739665 0.0893917586373669 0.0959975598675468
"ufb87" 0.648328494302064 0.616521927332738 0.161315824341498 0.33993227997508 0.111481571071186 0.0709911477188706 0.0862585543514766 0.0821894570692341
"ufb88" 0.682253630556739 0.617752140134778 0.155278322119142 0.387938156427537 0.106767042140765 0.0698418768505468 0.0862120668678898 0.0760413060472004
"ufb89" 0.658909285399014 0.653003434499194 0.183837170810545 0.247050717952109 0.123662514865465 0.0681099844651765 0.117004628029915 0.121472979049433
"ufb90" 0.648471749271671 0.662173476719536 0.186210138289729 0.249663919641221 0.129684245870397 0.067224223803679 0.113501867689051 0.127175742070846
"ufb91" 0.785714285714286 0.853384054525281 0.204048372421854 0.785659796393901 0.166208477744199 0.0787882020689182 0.0712626210544678 0.144894439712561
"ufb92" 0.659484637095624 0.651054548490446 0.176236427790577 0.296449266388739 0.120083311854288 0.0716531233046645 0.108719933961688 0.0877741670014935
"ufb93" 0.658745329051803 0.640857799249975 0.16943011447515 0.27274799776245 0.113354199089432 0.064118592133383 0.106250569753907 0.0794303253780228
"ufb94" 0.717647058823529 0.721846198156682 0.175882087669346 0.717483312620588 0.142686302994833 0.0674275486325828 0.0394449568404928 0.114951284435102
"ufb95" 0.649020563705015 0.647009275467616 0.19009530160737 0.214133608727099 0.127737670217944 0.0633858730510046 0.140087678872093 0.120057222700476
"ufb96" 0.634257807619879 0.670205065989354 0.197234741014374 0.16618967413526 0.126028437558934 0.074362903422241 0.152261285736517 0.109893336038902
"ufb97" 0.8 0.826194335108436 0.184392625086979 0.79988401310625 0.14942583277073 0.0723148129421483 0.0493644592735691 0.129531038001953
"ufb98" 0.647262623240679 0.668499481459179 0.203204104631656 0.130859869546086 0.125499678057492 0.0691809364278731 0.161821654717072 0.119511810576503
"ufb99" 0.650963669006872 0.578702138217844 0.152661306370932 0.27104527867174 0.101001800701931 0.0542610929616476 0.0883585455935814 0.0692264201466256
"ufb100" 0.622126020400844 0.656373624806834 0.195688495862646 0.117430177409515 0.124039798979048 0.0612645327559392 0.15522708395099 0.114716851003006
"ufb101" 0.625616462867357 0.672588020589916 0.204750641613187 0.105667106784736 0.127828935289462 0.0585467760696725 0.164693433994381 0.124239808423014
"ufb102" 0.626644048877119 0.57767854071482 0.155466060084904 0.223667688493915 0.0999045367677092 0.0614507294594757 0.098448585209468 0.0647200620464735
"ufb103" 0.654106705077173 0.642111134933988 0.186599869029051 0.216653703860668 0.126209090120574 0.0627090156548897 0.138158714468312 0.111610954347277
"ufb104" 0.696002322011806 0.653843446431085 0.178734078044821 0.37376114007903 0.126217438278002 0.0805350326026577 0.11163426159609 0.0954615702243941
"ufb105" 0.657745674018349 0.689898214783137 0.217022983009336 0.141054433290832 0.133406169355517 0.0734080480138326 0.177583940903134 0.133284785186434
"ufb106" 0.65926896862534 0.667941291438187 0.2056630892969 0.129225866351013 0.129666803833957 0.065003524354311 0.165703455777719 0.118879125694254
"ufb107" 0.665379496928095 0.689379615672177 0.203244510351509 0.223008332761363 0.136600168498924 0.0807465810284805 0.155845501940289 0.112464724649348
"ufb108" 0.648932813530572 0.675459385286577 0.203498212548687 0.175701744757024 0.127397277357989 0.0752045166032629 0.160811094730617 0.114403144972763
"ufb109" 0.702380952380952 0.615294493556289 0.141282542268589 0.702282452455642 0.10738491184278 0.0478926126377086 -0.00125495812932939 0.0443021603668895
"ufb110" 0.619742672861252 0.627718913507264 0.179685315324774 0.192553087740691 0.120270850409856 0.0589231617497484 0.128999851148068 0.110651020588736
"ufb111" 0.664445617623006 0.681974935087942 0.214623526931045 0.1292586577888 0.134924273647258 0.0680135851388817 0.175063622721294 0.127849033266108
"ufb112" 0.673317939819174 0.621257454968975 0.165697408825812 0.384002448319436 0.120832752132273 0.0692963990852726 0.0828209001717203 0.0816190485308115
"ufb113" 0.667968703188143 0.609058560249086 0.160735652967904 0.361294069489612 0.115169678818362 0.0680275581561847 0.0858206992689128 0.0769231447158109
"ufb114" 0.679207726921429 0.630000873402829 0.170141265148834 0.361938090664037 0.119129527985089 0.0748694893979107 0.10233939087366 0.0869941391415526
"ufb115" 0.691243031847509 0.669892825896763 0.180117109788872 0.296605883375719 0.121731864254521 0.0712654029951735 0.117811068668125 0.0902130567481249
"ufb116" 0.672353561289195 0.64060616325758 0.17856891285255 0.330643310194069 0.125366360841233 0.06413881393707 0.0967688132692381 0.0875347080512012
"ufb117" 0.638882308367418 0.695155717821176 0.189434631115994 0.435116820030257 0.142143634696841 0.0752337713030904 0.0820299429701455 0.115743410196945
"ufb118" 0.717647058823529 0.799205617419675 0.205251788414511 0.717657292961213 0.166775651477069 0.0760345788550633 0.0736769687222282 0.145347432306637
"ufb119" 0.745102084681394 0.808966083792982 0.209523973342759 0.623478192453185 0.16907111845877 0.100271228453866 0.104781241431103 0.151774227550553
"ufb120" 0.752132189530701 0.796101388802391 0.210879045642458 0.541057906966503 0.163876229561327 0.102624150032155 0.12163111237094 0.152780368882159
"ufb121" 0.870588235294118 0.764361813244203 0.148757711172706 0.870513184951103 0.125516347964683 0.0608295209798155 0.00782999465295684 0.0854035424926595
"ufb122" 0.664927690515449 0.721129150614566 0.21105752008101 0.470367598259875 0.161651890640385 0.094444059242959 0.106517992149565 0.148359451841491
"ufb123" 0.642868198270075 0.601165014397819 0.164359517601627 0.247235987625777 0.108818077883596 0.0610518552545191 0.100944509601231 0.0762985757501072
"ufb124" 0.623643707823606 0.653366962984709 0.187814841490186 0.175448889392505 0.120292716677324 0.0667694695027181 0.139506262796464 0.103214715991631
"ufb125" 0.620058312444989 0.649708205381773 0.185182762593881 0.163732943249994 0.117304552835876 0.0611777085431534 0.138245865503802 0.102556713437046
"ufb126" 0.632729872405437 0.661733432484833 0.192684723278742 0.163801412873961 0.120740231080408 0.0624235902551622 0.147457888317856 0.107569999249488
"ufb127" 0.686117466569166 0.675747868325745 0.18849827470743 0.342387487933603 0.131574125167675 0.0737453276757657 0.107686965055783 0.102892571735997
"ufb128" 0.684659846430007 0.734699864933685 0.209400156186244 0.305533266926242 0.152410327808774 0.0942118770208105 0.138763803872814 0.140685629813724
"ufb129" 0.696673589775362 0.665246380042355 0.179137633432151 0.379131340849115 0.124820798116817 0.0827568300752774 0.112054581887867 0.0984176540485097
"ufb130" 0.702380952380952 0.614789337919175 0.151014247242753 0.70234113326221 0.119524305578166 0.054967560437506 0.0100921011026741 0.0588651057575643
"ufb131" 0.70755180566065 0.652719548130158 0.17187033979649 0.357497936828083 0.120090748555832 0.0697509016765005 0.0976453740251422 0.0957374193716437
"ufb132" 0.633644310163674 0.624218243556104 0.180274064347175 0.178389357240032 0.120880993646798 0.0536434189423157 0.134268700120912 0.101533797555138
"ufb133" 0.635589725162813 0.573914467399907 0.161521748751526 0.210678506183207 0.106058733424357 0.0526852032346025 0.113225317647477 0.0727784855018881
"ufb134" 0.649142547231825 0.672556225929564 0.205608621654566 0.1292586577888 0.128859375855606 0.061034802177003 0.165594631027121 0.122408528067131
"ufb135" 0.650579972251599 0.633603775585958 0.171343869967259 0.225884373467498 0.116331286162662 0.056953709562904 0.108379962930937 0.0990159580201871
"ufb136" 0.641681525496691 0.660698131406627 0.193856646861306 0.163801412873961 0.121397469714103 0.0583692665778935 0.14869546455928 0.110264783410288
"ufb137" 0.725628474982812 0.655656076863735 0.150145618313209 0.614383462317172 0.116798546327699 0.0647495471902842 0.0368793181105659 0.059343892913936
"ufb138" 0.736486296841472 0.731195898815026 0.198182676225842 0.440246888286297 0.143698040618723 0.0823606101487673 0.107498810066941 0.130475600324067
"ufb139" 0.649451255299142 0.674757642823858 0.206934818191033 0.130835211912906 0.126980497435154 0.0733817582440492 0.166227614237237 0.123304974531069
"ufb140" 0.641794200987427 0.574319552658694 0.145370109122824 0.326468942419058 0.0996731375550957 0.0598129544509194 0.0755443592939072 0.0564520896301988
"ufb141" 0.6 0.611688519347617 0.169071441455474 0.599942006553125 0.128494380939076 0.0554441041242953 0.0315067716972911 0.0665926132164536
"ufb142" 0.722145960826536 0.782859338970023 0.219683522017037 0.446852055954401 0.168563303610987 0.106823402147053 0.142076841315714 0.153595201662846
"ufb143" 0.726102916237765 0.788186608487759 0.226705407609423 0.411509404169939 0.171706696129016 0.112739544462731 0.157615197565011 0.152737384690874
"ufb144" 0.663080673028207 0.675907772008038 0.197087266124583 0.211227343160155 0.13112620466258 0.0658239259052934 0.149321963066267 0.105325589325128
"ufb145" 0.637103559603665 0.660904484700367 0.190950568574357 0.175996360681307 0.124546104880529 0.0633520751865509 0.144339721247498 0.101856511333399
"ufb146" 0.671474296794708 0.60507925864616 0.157401659667566 0.360297575156667 0.112954515163957 0.0587377849689862 0.0737010822233512 0.0720161623779266
"ufb147" 0.689740013229841 0.645775070338045 0.175911578420698 0.272851375004244 0.117369843969169 0.0659253395064029 0.113224390611442 0.0877496652785215
"ufb148" 0.788235294117647 0.756802120141343 0.176025172666244 0.788170477912316 0.143470172701169 0.0702799206952163 0.0396117303243778 0.106286663542182
"ufb149" 0.635644441358019 0.636479238665614 0.186491179140889 0.22338015170379 0.125852999753963 0.0679791808184652 0.131508070170514 0.121106814523785
"ufb150" 0.675599688236064 0.657443324937028 0.178456950496404 0.273952175585425 0.120399049161922 0.0686652151113997 0.115948622595829 0.0889837767435336
"ufb151" 0.628674827980487 0.614612374149159 0.170602049466756 0.214042787894963 0.114421304531809 0.0582597329668304 0.114555823931037 0.104151165475583
"ufb152" 0.764705882352941 0.748582536854042 0.180311341398769 0.764569427183823 0.140932872130444 0.0686168760395469 0.0446074972289167 0.108645922213524
"ufb153" 0.710011842479435 0.61875057166377 0.149697694043084 0.493963953475097 0.110502831152456 0.064053899693035 0.0535302775733947 0.0601886761855272
"ufb154" 0.627466940349668 0.620709756182233 0.176719391993282 0.164520371763459 0.118862321651443 0.0511469489095585 0.131614199740027 0.0986083076875561
"ufb155" 0.72777716745955 0.705282255250855 0.177195662182622 0.458643488356542 0.128959092200954 0.0738772497764504 0.0841382085292387 0.110260081198669
"ufb156" 0.599639499909428 0.553218626350514 0.150231299356654 0.199382563199623 0.0985424796196935 0.0518896120422965 0.0978075195211297 0.0632120392707413
"ufb157" 0.674172686982463 0.692397914856646 0.19844017644892 0.40979405339462 0.142964673461972 0.0866720319285255 0.107575421558972 0.117793822169707
"ufb158" 0.629541697642939 0.63264243945749 0.184111987054404 0.22338015170379 0.123135212607843 0.0718714270420011 0.12896807420041 0.120311223149785
"ufb159" 0.624549074347796 0.627504682422052 0.183737973452949 0.235219048533298 0.123702394250187 0.0797492853931106 0.125463941825088 0.121449598976368
"ufb160" 0.645779648290042 0.670584467128076 0.204658575275962 0.118903077073168 0.123684303418375 0.0604014753177625 0.163832844705731 0.122813854906566
"ufb161" 0.641497835416922 0.66832503549365 0.204112531858977 0.133980631545031 0.123696279837061 0.0696083026466964 0.162785129437981 0.121485943407252
"ufb162" 0.628903566906641 0.654199982416948 0.185982345720766 0.163428820967392 0.12126874978848 0.0605010298762484 0.133613487705456 0.106298786207843
"ufb163" 0.607142857142857 0.419412822049131 0.127298633564814 0.606935378576778 0.0918887150422241 0.0402168284224344 -0.0176403377467045 0.00773409586168467
"ufb164" 0.700477891308314 0.558382280093412 0.130738597071975 0.571234935951609 0.0918953209042778 0.052231528417799 0.0152884335946652 0.0454766631070085
"ufb165" 0.644568743774937 0.663344802460249 0.20010502412056 0.130794449045084 0.125012995412993 0.05333483691298 0.159668083092511 0.116487603017739
"ufb166" 0.663117091859241 0.660018098464622 0.184617192843343 0.24961276161551 0.122098255566643 0.0670876028411531 0.122642961109424 0.11675549321418
"ufb167" 0.723275359210812 0.687709679274582 0.172227004093869 0.435077732975536 0.125486262879582 0.0720673917947091 0.0899005168299831 0.0970254692385401
"ufb168" 0.682352941176471 0.626168224299065 0.148912155394043 0.682226720145037 0.111682027713588 0.0498085195072598 0.0080100079416773 0.0484344692394676
"ufb169" 0.695542297498631 0.636490455212922 0.150648093113669 0.535634411080039 0.106806340367493 0.0581013953593041 0.0377650516854874 0.0607815967394494
"ufb170" 0.653292871700935 0.66761614804898 0.20233363936998 0.128936009896509 0.121746611281003 0.0556818528816779 0.162161638669234 0.116583497638529
"ufb171" 0.649613243782225 0.639404200831527 0.185256422302813 0.237760167211443 0.122855092511075 0.0662559328935419 0.130189859080881 0.119076910690251
"ufb172" 0.643809586148132 0.674236570885564 0.203599014836496 0.152462211228717 0.124337631017702 0.06837546523931 0.16309916207448 0.118319958434154
"ufb173" 0.623064024894716 0.620271475114781 0.178251779399143 0.180493418566433 0.119186133939343 0.0541848191634988 0.130836319257253 0.103502619336798
"ufb174" 0.716496413796431 0.675747539615224 0.180984241164103 0.390664421426942 0.126127369230301 0.0809190142898057 0.107854174915896 0.101572167996378
"ufb175" 0.624847779300567 0.655802587480892 0.185443680424192 0.151852693669199 0.118050254912209 0.057832898905726 0.136994065638205 0.100193884760371
"ufb176" 0.597435890969732 0.546865726623416 0.146187806437933 0.188124051255152 0.0921881714723694 0.0537377163968743 0.0953989842626223 0.0617688192321996
"ufb177" 0.642005653259986 0.670548027507672 0.205972401016576 0.108239837762507 0.12604820563989 0.0635055604554286 0.165207066645867 0.124415605489977
"ufb178" 0.609659830158014 0.608668900351751 0.171068875574144 0.178410833697015 0.114566662661228 0.0522562689251725 0.121668531201809 0.100842184906439
"ufb179" 0.628843469295522 0.622713693726502 0.178230481137121 0.204621106550637 0.1188121965721 0.0546271125682364 0.127457345779087 0.109930962025693
"ufb180" 0.61676181370925 0.653259454783816 0.191713442678519 0.118206735362933 0.116487863259817 0.0557599135974456 0.150231497177287 0.107151691459688
"ufb181" 0.689711487604031 0.73283998771848 0.210794185701027 0.258343075199342 0.147923928984972 0.0851198740222156 0.15451262491786 0.128104211512767
"ufb182" 0.638279527129018 0.622709625303209 0.175135521665101 0.216581925653001 0.11660197503362 0.0604597211083953 0.122019995200134 0.10472908401072
"ufb183" 0.650162836260456 0.670375872244113 0.200765645438218 0.175777101803912 0.124835783259099 0.0716485429330742 0.159275162126508 0.113354755971538
"ufb184" 0.639539129449284 0.658050747920673 0.198504592784468 0.141046034270137 0.122780150471466 0.0703026122900734 0.155507013084267 0.119319955087011
"ufb185" 0.621537247942625 0.592292733709037 0.159301958055505 0.257257573837471 0.102676486688061 0.0604404044451235 0.107439717863899 0.0716858033622168
"ufb186" 0.696632765959367 0.723506635088906 0.208618798893385 0.246565557204657 0.142432889486408 0.0748046803174391 0.152182102196844 0.125485624051044
"ufb187" 0.685868630151804 0.732784832766947 0.203710803254603 0.35265747212348 0.14806167241328 0.088159390057326 0.124515549557703 0.137619081567437
"ufb188" 0.615448050104158 0.620519443601185 0.168617066097899 0.188453383583265 0.108286566652877 0.0628383545735409 0.120668248116718 0.0844604570067685
"ufb189" 0.659559439471213 0.585952513437699 0.158875187691798 0.314741582772479 0.105362055357441 0.0644031009675739 0.0901528420939319 0.0727085268651016
"ufb190" 0.635741183859322 0.569454481847516 0.148368271324606 0.291597953885329 0.0950587728353808 0.0576936955371071 0.083758351915767 0.0580772914167858
"ufb191" 0.674698795180723 0.710893854748603 0.185756206417657 0.674544251981189 0.14226889494092 0.0648803836568521 0.0483055381971904 0.0925516038686851
"ufb192" 0.630952380952381 0.52994555353902 0.146573721991499 0.630874838457988 0.112142787388063 0.0476833694301062 0.00526861344888668 0.0365297946151068
"ufb193" 0.681350502259304 0.727298602930131 0.206161239525113 0.32910882616575 0.151585885475824 0.0869311170901939 0.127209694926495 0.145344002611252
"ufb194" 0.673288777409176 0.609793588054458 0.147066793516061 0.423461678657331 0.102898486401316 0.0694548445382283 0.0708612504155284 0.0568302276259375
"ufb195" 0.710392561439889 0.698829750476963 0.185436744698962 0.452084208370503 0.131577054928779 0.0800634203892744 0.0930979218680165 0.100840616872266
"ufb196" 0.77093692192308 0.705794275367365 0.158634211384341 0.650479287613985 0.122699206171541 0.0709106342131096 0.0464676715480976 0.0767311940445967
"ufb197" 0.702380952380952 0.601840070470784 0.144685337107104 0.702282452455642 0.113529031941589 0.0497797404464165 0.00271266262052847 0.0582375032229575
"ufb198" 0.718684080670188 0.749373672782802 0.195543901169109 0.56461526357102 0.152582865674285 0.0876987818187551 0.0889487273080337 0.137278771668802
"ufb199" 0.638467404680877 0.667554613986825 0.192754497458332 0.176022785966796 0.128466953712788 0.0637222177679132 0.144731437859744 0.104981701771774
"ufb200" 0.688588352234559 0.726321090270281 0.207953254339879 0.234788039209973 0.143801514684045 0.0727801228026636 0.151469094883226 0.12350237328149
"ufb201" 0.662601207682415 0.610015762681206 0.166306480708797 0.292251851209235 0.109875407934321 0.0630987279119541 0.110031261718677 0.0830809209517074
"ufb202" 0.601491844919891 0.573521574246858 0.158008947036318 0.187334466748123 0.104029106425217 0.0519743606902067 0.112885593770853 0.0704308318618408
"ufb203" 0.620957796736513 0.630215716368068 0.182022568110407 0.16467257663909 0.120575146080022 0.0625647305619956 0.136136374974553 0.104750194392648
"ufb204" 0.669225682561901 0.676051424697022 0.202696518795805 0.199290329459411 0.127032085186881 0.0706230042323751 0.159966435605626 0.113087181817256
"ufb205" 0.661001215956857 0.708374447744616 0.204337694435927 0.201890911213402 0.141019947438028 0.0764084279169753 0.150616783121974 0.123171337839257
"ufb206" 0.670290008437734 0.62370984497902 0.167772868772185 0.327287839767997 0.116195745073564 0.0655275840472569 0.108450160286714 0.082419211660559
"ufb207" 0.630972089604809 0.605098895652309 0.164539044302207 0.22349012993248 0.109880501432369 0.0550397809212769 0.101042407750202 0.0937702634346196
"ufb208" 0.657565941950485 0.642448639775969 0.175969997782754 0.261649898683886 0.11950752658492 0.0611320566984792 0.10859553829143 0.113031332322285
"ufb209" 0.609771786296978 0.583631558424678 0.15924827509033 0.214440140141352 0.106666194939056 0.0620201089173788 0.095457553008593 0.0717803437600427
"ufb210" 0.660762955132002 0.674389510092943 0.195392996613191 0.223065878962301 0.13446776362867 0.0728318402506685 0.143614918780817 0.110596568196129
"ufb211" 0.678876866210248 0.626118306166239 0.167479527646261 0.350115041249044 0.118224628274341 0.0729721345585926 0.0994601816690688 0.084187015585202
"ufb212" 0.626506024096386 0.45206150230144 0.137475986976084 0.626387970263408 0.104664668705136 0.0453385287847935 -0.00579446283214076 0.0273324487023177
"ufb213" 0.662874415027211 0.641975738103069 0.17672044144839 0.22856233901815 0.117684980041474 0.0595671039081386 0.117896041626032 0.103123648583668
"ufb214" 0.644062816179795 0.497906919477961 0.131036815604901 0.50589023217091 0.0942969557626627 0.054529730281551 0.0152773985021878 0.0333032179226199
"ufb215" 0.638014359510044 0.659392694859958 0.195478407095737 0.142093591932565 0.11996750067635 0.0549623867826465 0.154559743891609 0.110442536734057
"ufb216" 0.711010070430564 0.677809347647833 0.193397356113974 0.354213771740733 0.131531819403438 0.0747905962248135 0.113073908868793 0.112939229090956
"ufb217" 0.663650647069429 0.68970670058024 0.20538293724749 0.189988902587506 0.134078745017227 0.068807470236012 0.159605595451482 0.116663098281302
"ufb218" 0.639284603794885 0.663527918143651 0.20179618156836 0.132411344856304 0.12351331517547 0.0703439838280132 0.159741912265446 0.118928740888831
"ufb219" 0.626260654978117 0.563543100062657 0.159017555498066 0.198228684176283 0.101373286514977 0.056887282597842 0.102260212333262 0.0718370373445475
"ufb220" 0.632493141699285 0.646207566579038 0.193098405102145 0.11736070539863 0.123512708828153 0.0612582317507068 0.152317934091605 0.108686371230019
"ufb221" 0.637937590521043 0.627974999454295 0.182912720255859 0.247069179943883 0.12323050541452 0.0741969666540363 0.120808937864024 0.121499301205531
"ufb222" 0.644118075164085 0.575361199955884 0.152432036392611 0.259139554160339 0.097959957924331 0.0559750975751345 0.0920017982497897 0.065102663829081
"ufb223" 0.654399311924994 0.706779616633497 0.191123101023968 0.388002558119432 0.142533204728238 0.0874327831210376 0.0996408116410195 0.120651507830984
"ufb224" 0.682247916467363 0.728641846671743 0.198356040920487 0.35265747212348 0.145277510818724 0.0858151028890873 0.118628227240014 0.131319348538584
"ufb225" 0.608156650532408 0.658441265626174 0.191816155712246 0.118522513406396 0.119511081317895 0.0683168651593045 0.149249256374502 0.106964985834527
"ufb226" 0.664908120293107 0.605355105533371 0.155310753282262 0.428409568202092 0.109853297398971 0.0661344274557562 0.0598287834079182 0.063052439720126
"ufb227" 0.615819988885865 0.559696900841744 0.154594114737384 0.190443478811512 0.0978839143174434 0.0521823375374182 0.100198058797526 0.0683793088345647
"ufb228" 0.741176470588235 0.806313935370232 0.214232060012723 0.741026369902206 0.178033611937444 0.0834886598393691 0.084143972343361 0.161678742682314
"ufb229" 0.673237284955461 0.624249640323461 0.168756517719714 0.384002448319436 0.120822231500429 0.0689867774711451 0.0861838895370499 0.0857321099692796
"ufb230" 0.684143578090472 0.627980045751454 0.170819389858664 0.373128551205904 0.120360449443411 0.0753554828490963 0.0968045371647439 0.0902753120849027
"ufb231" 0.686354117233511 0.635160680529301 0.173043319000068 0.361938090664037 0.122237218399524 0.075832400093108 0.105478550972136 0.0901506645602606
"ufb232" 0.741176470588235 0.667538794658968 0.158979115231827 0.741084363349081 0.127624769890414 0.0592112730588728 0.0197436068560869 0.0825685855121295
"ufb233" 0.718015985654548 0.642775447960351 0.160343073185682 0.564548284471339 0.119608058037914 0.0661263136967752 0.0490835821736766 0.0693835888267702
"ufb234" 0.720219642067267 0.675210530335113 0.176683981688654 0.369522262668511 0.123488900778783 0.0680697530960518 0.102990305955448 0.103095902431702
"ufb235" 0.612554658192039 0.60347806603672 0.15254041843894 0.258153793433396 0.103294333277626 0.0623659236934175 0.0880496110820813 0.0750521115255927
"ufb236" 0.663112912880268 0.661792936915183 0.185485360903113 0.273492648042675 0.129273892625785 0.0664104917020734 0.112579482287186 0.126246395875501
"ufb237" 0.630275846328988 0.627935324496179 0.179375729063835 0.178389357240032 0.120394275771232 0.0598309814725822 0.133341055831886 0.101343818979171
"ufb238" 0.64488240447089 0.632093957170503 0.183115221482988 0.235219048533298 0.123399133175507 0.0645878839426338 0.124796730763789 0.118711116676141
"ufb239" 0.65019295528636 0.669893199414297 0.202992836406836 0.120313512278668 0.125081112195543 0.0599990761889235 0.162075444745987 0.120490358777157
"ufb240" 0.628410467784648 0.702954517592252 0.212122668008868 0.399732083601277 0.153043029599572 0.0918698632470747 0.107724278454922 0.140023530793597
"ufb241" 0.657810119690432 0.62112873709579 0.16623469854209 0.303668578020576 0.117022719656414 0.0652623922818106 0.106802346401976 0.0835267985853771
"ufb242" 0.657624363567563 0.629650898984743 0.176673162550368 0.294832528235053 0.122234087134302 0.0681622392366015 0.1030353274038 0.0869573224121334
"ufb243" 0.742670060137268 0.783486989439222 0.221045699805717 0.387959151449117 0.161364289020959 0.102647024259906 0.151449821669487 0.151380608842714
"ufb244" 0.685956815286764 0.63939971809966 0.159109096477621 0.428334033363069 0.112709405084881 0.0624772783737203 0.0638076024682628 0.0735269497646646
"ufb245" 0.742299343091449 0.729404168972514 0.185385869781235 0.487879594942869 0.13771549665713 0.0865274698050108 0.104368102654121 0.105189475539003
"ufb246" 0.620638719543817 0.626780638305906 0.178881608443834 0.141009591400483 0.117703447653355 0.0586343018896735 0.134832650439312 0.0997420286827623
"ufb247" 0.646486988272556 0.639724511130242 0.18262649433027 0.258954260359087 0.123375497274417 0.0730959383637847 0.109464723224099 0.125988790439333
"ufb248" 0.658823529411765 0.572106078203639 0.155563411168765 0.658799649757169 0.121876858916033 0.0530898820561803 0.0157624147055166 0.0478523885461486
"ufb249" 0.664445651947006 0.712975546406089 0.204726264234893 0.199673291135552 0.140133686697505 0.0706085159741918 0.148011974644314 0.12496418789006
"ufb250" 0.694117647058824 0.707778915046059 0.170921163018982 0.69394025533897 0.132029204229294 0.0615756582737598 0.0336627245648165 0.0766037313193944
"ufb251" 0.62995323265712 0.669260669305177 0.2033461770742 0.117541480792963 0.125583566129472 0.0647137288168888 0.162447705020001 0.123096723952205
"ufb252" 0.663322330156542 0.612691056108865 0.163491504666842 0.360297575156667 0.115864976131972 0.0644293199792065 0.0803958697184601 0.0818118050558908
"ufb253" 0.665543175018157 0.649898894181551 0.170082061261033 0.296605883375719 0.115386751281081 0.0654809007235945 0.106952108635328 0.0795665075554873
"ufb254" 0.652216416434075 0.593186267837886 0.15698452321504 0.336592701993898 0.111505168926443 0.0595852251445339 0.0732425089909526 0.0734457080793291
"ufb255" 0.668025385567248 0.647579111141897 0.175136346626032 0.274029857222483 0.119152342843127 0.0629466346053729 0.107510753587437 0.0909136132755408
"ufb256" 0.632679603785272 0.632533535491099 0.181112038676358 0.190445927307287 0.121200770033774 0.0630270517890263 0.133890484810986 0.105988564201807
"ufb257" 0.66925457450989 0.726433703981627 0.212408642099426 0.213837088846415 0.147996592230894 0.081123646751831 0.156250695174113 0.134702225132659
"ufb258" 0.626763677699362 0.621202680811178 0.17596146946093 0.233992556027491 0.119005037030744 0.0661062999028963 0.12033797270902 0.0963586508849013
"ufb259" 0.619185344351452 0.619659557943109 0.16870843592395 0.178703684103298 0.108329004325281 0.0562723469604605 0.12206942987313 0.0854837859144289
"ufb260" 0.635266430095628 0.617487815611721 0.173954181326169 0.204585879968955 0.116798448748889 0.0510664935606975 0.124731302548881 0.101086951513175
"ufb261" 0.648591834629923 0.643599779418688 0.189173298484695 0.249734804486386 0.12947169841735 0.0722608259212131 0.12287836916327 0.132664048528966
"ufb262" 0.71609144814256 0.596737115313311 0.137081836181508 0.547387047756332 0.098809116558341 0.0603481623311043 0.0393159944120942 0.0517215410032698
"ufb263" 0.645063990422863 0.638912386060988 0.184901615392053 0.164470690407224 0.114698374862309 0.057771756647899 0.141215395259899 0.0961783100742496
"ufb264" 0.649669478050745 0.681499167289764 0.209013776751664 0.152462211228717 0.127055211677853 0.0715122009462406 0.168789284096418 0.122561914663067
"ufb265" 0.620583280685659 0.624558985023015 0.177122438224221 0.178366796185384 0.118261134353512 0.0564892982755704 0.129666418512072 0.103082358973313
"ufb266" 0.681107851219331 0.664624264373019 0.191706613858866 0.234968196145368 0.127900115753598 0.0747878042769342 0.13969130988706 0.0997427935922787
"ufb267" 0.625569073334491 0.668487900908868 0.198276302915788 0.140360590021196 0.12254718234894 0.0690439435529193 0.156050229761949 0.112456414155311
"ufb268" 0.595238095238095 0.466935569472455 0.13887198138467 0.595083010249308 0.101125826603499 0.0421244689921482 -0.00513776013603498 0.0227271311258129
"ufb269" 0.611249795416644 0.655250875069343 0.189467025846811 0.130438963583944 0.120164566874281 0.0709022123220407 0.146027118979525 0.105047456926771
"ufb270" 0.719328517464794 0.727188606372707 0.187841397323023 0.470342325560155 0.138042085040192 0.0871176449364406 0.0959879540994601 0.118829030488312
"ufb271" 0.701867498839674 0.676743092623835 0.181786959226012 0.392570603325912 0.126956943333242 0.0800584279423346 0.100411261041163 0.108252140718283
"ufb272" 0.638463323532037 0.578206383053099 0.1570536813935 0.226485719971059 0.104403939655874 0.0528457890776198 0.0930214506001334 0.0678586593300372
"ufb273" 0.669682556499415 0.680904133913878 0.210098357713482 0.176050380154965 0.128747165507887 0.0742040597890654 0.169929019898674 0.120249031667127
"ufb274" 0.695942549485723 0.752778898712352 0.207422426432453 0.44686999998369 0.159595110361557 0.0904517797460885 0.117783556741244 0.152267114138989
"ufb275" 0.594286388004808 0.55435837360962 0.153081295653835 0.163172361899559 0.0961707997166886 0.051590618001006 0.100841065162753 0.0608210509095254
"ufb276" 0.682352941176471 0.583158931429275 0.138087184151532 0.682168726698162 0.1034644878924 0.0439405297584414 -0.00460709522217033 0.0275357681064532
"ufb277" 0.718029421198574 0.665297018079361 0.149368201860192 0.552756744170116 0.110330326640936 0.0699645152955461 0.0531635205121713 0.058084140586235
"ufb278" 0.609963435069076 0.653705086248997 0.195984284801266 0.105564668079471 0.123045827882145 0.0645345258869396 0.155349664950463 0.116396346218642
"ufb279" 0.599804500145602 0.638138148250417 0.187216433861643 0.0949006546244831 0.116290172564583 0.0535494073314188 0.14628133292532 0.108487167319674
"ufb280" 0.647058823529412 0.586095312806433 0.160764679741828 0.64691213422261 0.119751335400182 0.0549188343000125 0.0218247811265466 0.049732757460915
"ufb281" 0.663196719112655 0.567043563885776 0.1508234359961 0.517457941365607 0.108253286902128 0.0615954373646596 0.038302536955996 0.0461077164353815
"ufb282" 0.690023923641584 0.614921555252387 0.156766759474536 0.458643488356542 0.11462229679559 0.067546099603032 0.0613988395540564 0.0609588622977909
"ufb283" 0.583455428462822 0.544648268659283 0.14674099008518 0.163324846857813 0.0926552405023167 0.0507521222118346 0.0959938368451485 0.0571160244475411
"ufb284" 0.589166580195149 0.553817939946788 0.149951653000948 0.163452413566799 0.0948122302774054 0.0541755435013341 0.100988783224872 0.0586352823536869
