NA NA NA NA NA
NA 0.1434721 NA NA 0.2696639
0.1398806 NA 0.08944328 0.04892223 NA
NA 0.1235609 0.1477079 0.01994647 0.1045359
0.08834696 0.08555953 0.2541776 0.07748903 0.211361
0.05926251 0.04813854 0.106149 0.2425978 0.0732693
0.08419165 NA 0.2762277 0.07090327 0.2481096
0.03192797 0.002435903 0.07181286 0.02587324 0.1030771
0.1004273 0.1382657 0.2346745 0.0793003 0.1580105
NA 0.08537493 0.100526 0.07055139 0.02872968
0.2344743 0.05287517 0.118238 0.05228805 0.1018409
0.1675398 0.06491238 0.07863046 0.1561015 0.3429091
0.1486615 0.0282654 0.07755428 0.07373191 0.1947521
0.03842425 0.1393156 0.05743842 0.01153097 0.03126859
0.06014913 0.1591451 0.05072699 0.0703571 0.03898363
0.04092289 0.03915326 0.09810429 0.09996595 0.04942983
0.05178572 0.02178904 0.0200526 0.01483168 0.02743091
0.01120686 0.01591654 0.02114368 0.08527918 0.03203062
-0.01023456 -0.009494905 0.07260846 -0.0003642782 0.0585621
0.02294513
