NA NA 0.1099102 NA NA
NA NA 0.2762468 0.1939246 0.1130467
0.1246181 NA NA 0.1120986 0.06311517
NA 0.155308 0.1251466 0.1619235 0.1078245
0.1423284 NA 0.04095848 0.141833 0.2907873
0.2349818 0.1408628 0.2661178 0.1363231 0.03589575
0.1706968 0.3729413 0.1734827 0.04105754 NA
0.2562201 0.09999025 0.09675749 0.1557321 0.27323
0.07062186 0.2793502 0.1182631 0.2672731 0.01459844
0.1176348 0.06225052 0.2206904 0.214444 0.06978567
0.132468 0.01136689 0.1576281 0.01437029 0.08082579
0.1084726 0.1288921 0.009716508 0.002155326 0.1280006
0.06356088 0.1652728 0.1231249 0.0730098 0.1250618
0.02582961 0.08603348 0.08690482 0.123907 0.02640848
0.03892256 0.05657217 0.01235938 0.08568937 0.02090762
0.03387288 0.1084113 0.06272567 0.06474212 0.1536312
0.05050504 0.0111131 0.01090345 0.01846691 0.01369586
0.05575757 0.05769622 0.009399091 0.0176599 0.02659664
-0.008565883 0.06817443 -0.006736757 0.05361063 0.04199878
0.06418407
