NA NA NA NA NA
NA 0.2819882 0.09236735 0.08944328 0.09756056
0.1316197 0.1939246 0.08284633 NA NA
NA 0.1790638 0.1662787 0.2131708 0.1318307
0.1469821 0.1939246 0.0195837 0.08108232 0.08809041
0.06843217 0.1576595 0.03662951 -0.005692972 NA
0.1196 0.08454939 0.203592 0.1242867 0.07823226
0.01099507 0.04361897 0.1459221 0.1734685 NA
0.1330484 0.2212475 0.09542168 0.06730952 0.09454368
0.2370879 0.2251574 0.05565878 0.03593847 0.156349
0.1962686 0.01437573 0.08146603 0.0580205 0.2465162
0.01641046 0.07622245 0.03797072 0.05674416 0.196496
0.03524713 0.08797622 0.1832737 0.1244361 0.03753557
0.08840086 0.0940118 0.1193679 0.1136992 0.07246813
0.1097326 0.01435502 0.08707249 0.1108464 0.0741281
0.03789666 0.01243054 0.04448335 0.1460187 0.02489793
0.0558103 0.0016191 -0.004315957 0.02048563 0.0186924
0.07580077 0.006432852 0.07353871 0.0008724729 0.06005342
0.04706471 -0.008741678 0.07229606 0.03012823 0.07302431
-0.01778514
