NA 0.1099102 0.1261117 NA -0.04477009
NA 0.2996547 NA NA NA
0.1886073 NA NA NA NA
NA -0.05942401 0.01827177 0.2067444 0.1944882
0.1669949 NA 0.1066723 -0.06430864 0.1195849
-0.007139154 0.1309965 0.2591001 0.2819882 0.1980694
0.2374607 0.1741177 0.1979414 0.1323826 0.223368
0.09641278 0.02472872 0.1069356 0.09872982 0.2509147
0.1231142 0.01780104 0.2199983 0.1163256 0.1675498
0.2062103 0.002667035 0.033083 0.1250005 0.1669253
0.2501358 0.1937682 0.1388181 0.1091307 0.00589273
0.0461463 0.1039044 0.1608726 0.101293 0.01602296
0.04724461 0.1047861 0.06624763 0.06711729 0.1329099
0.06203203 0.1006455 0.007730068 0.06292965 0.0231825
0.1874341 0.05762069 0.09352438 0.04308277 0.044058
0.01178134 0.04962081 0.05692627 0.1134562 0.1275877
0.01620926 0.02581438 0.002350711 0.01474814 0.03207665
-0.01178688 -0.009053801 0.004691793 0.03044788 0.1401518
0.03311029 0.01905127 0.05360755 -0.01179785 0.05016116
0.02480566
