NA NA NA NA NA
NA NA NA 0.0877445 NA
0.1706968 0.1246181 NA NA 0.2545311
NA 0.03861481 -0.01434181 0.05694421 0.1838784
0.1511582 0.1302971 NA 0.2015976 NA
0.1056105 0.1322251 0.0449772 0.1316257 0.14021
0.2358101 0.06680768 0.1854792 0.01516207 0.03996475
0.08173967 0.01218361 0.04027194 0.1855266 0.2777474
0.2362917 0.2041024 0.08688787 0.2393644 0.05851689
0.1851984 0.09569229 0.2345697 0.1244089 0.1308871
0.05777954 0.1801104 0.2427408 0.08868371 0.1853802
0.1210418 0.0723264 0.0129369 0.01322083 0.1122786
0.2094137 0.0942249 0.1464556 0.08312944 0.1801805
0.07591997 0.2182127 0.01706 0.04484372 0.1245793
0.09364182 0.0565868 0.08184088 0.0348616 0.07811461
-0.006802707 0.1587114 0.03739202 0.03281587 0.008614773
0.005505214 0.02361933 -0.002307494 0.0371185 0.005634491
0.03122529 0.03334168 0.02910768 0.02473526 0.01957516
0.0112789 0.03532156 0.02773534 0.03212875 0.01587658
0.03308178
