NA NA 0.1472141 0.1197794 0.124959
NA NA NA NA NA
NA 0.2940434 NA 0.1246181 NA
NA 0.1958397 0.05298571 0.04085522 0.07172785
0.138242 0.05422268 NA -0.03925046 0.1334932
NA 0.1792886 0.01811651 0.1313465 0.03431724
0.05331142 0.01593834 0.1144444 0.07960305 0.1898341
0.1670148 0.06976073 0.1291525 0.09958192 0.231074
0.05812218 0.125204 0.08358739 0.05197692 0.1422773
0.2116444 0.09885711 0.05598545 0.05023012 0.01941139
0.1100136 0.02282299 0.05048372 0.01510976 0.2401792
0.1816089 0.1174594 0.104915 0.1311004 0.05686831
0.03487022 0.1423292 0.06873768 0.228287 0.03431818
0.04009613 0.09003804 0.1504618 0.06103887 0.165484
0.1174151 0.117289 0.0494801 0.05268785 0.01729989
0.08854423 0.09789479 0.03341994 0.1410584 0.04680563
0.02510463 0.01560178 0.03977827 0.05023672 0.02629453
0.07896789 0.02329267 -0.0164575 -0.003074655 -0.01095626
0.04954297 0.01307538 0.06162779 0.03160716 0.01565281
0.01337369
