NA NA NA 0.1416509 0.1964528
NA NA 0.1812116 NA NA
NA NA 0.141892 NA 0.20295
NA 0.1482934 0.05769592 0.07460797 0.05819971
0.1255272 0.2196353 -0.0004511984 NA 0.3014174
0.1251466 0.08289214 0.134607 0.1491506 0.1511582
0.1398246 0.1032278 0.06553029 0.07525408 0.0545207
0.1906694 0.04094252 0.09980777 0.03550389 0.07314626
0.08477889 0.08628254 0.0915658 0.2180462 0.2147326
0.2569139 0.2490051 0.08207587 0.1653869 0.0678076
0.2475793 0.05605746 0.1803147 0.14763 0.3033229
0.1185367 0.02894041 0.09738298 0.1020019 0.1654097
0.04014991 0.1078296 0.1856201 0.06171734 0.07570485
0.08663093 0.03810474 0.1539039 0.05090455 0.06208124
0.1341118 0.1312132 0.03162751 0.09316709 0.06418302
0.07087886 0.03542169 0.03009843 0.09377807 0.002035246
0.03330911 0.008915484 0.005867029 -0.0002040959 0.03243446
0.01451295 0.04634981 0.01239842 0.02098438 0.03484581
0.02077214 0.02334203 0.03091154 0.01629095 0.05350263
0.0178366
