"quartet" "wQuartet" "cluster" "phylo" "mutual" "shared" "clusterNorm" "wNrqs"
"mb49" 0.802515842063414 0.850839489590329 0.245516307217605 0.624585809389421 0.197750543990111 0.123969453382513 0.143175259567125 0.184174092205978
"mb50" 0.802325581395349 0.90356334841629 0.256269201677267 0.802155936236929 0.2194549213648 0.109597413821266 0.128442991204115 0.21768540657137
"mb51" 0.896551724137931 0.896493251034389 0.216251961359505 0.896485120928405 0.190037002143272 0.0947014537550566 0.0822963459324276 0.176314652532526
"mb52" 0.745830026613105 0.815941484700538 0.271758048388323 0.507885550651157 0.213458070921576 0.127929671522359 0.173901333222834 0.237817120705341
"mb53" 0.641626547658507 0.739492594247676 0.237266219802165 0.0797897042048786 0.168207736232131 0.0943156339154016 0.200205405203984 0.161299607643519
"mb54" 0.637364893988406 0.718906517026833 0.22569014323535 0.0806564482403991 0.158786623839334 0.0983227791316208 0.187831885677271 0.139312688573619
"mb55" 0.644801023363388 0.739033968847667 0.241350630346362 0.102478617572948 0.170271630071503 0.0997996102053764 0.203914336049564 0.166035789512591
"mb56" 0.802325581395349 0.883326360805095 0.286406022711853 0.802270639568735 0.253190546362525 0.124613059563403 0.164290943042788 0.272371591750374
"mb57" 0.878915308932745 0.896493272592436 0.212777841656823 0.803429899907371 0.180886701599269 0.116645664657338 0.106990205620197 0.138662775530043
"mb58" 0.746567222077146 0.788816774837743 0.230773671804704 0.265578717901567 0.180745718632207 0.115101148871664 0.144361701543903 0.16664471558318
"mb59" 0.845238095238095 0.91243882058016 0.254171713307907 0.843284016745355 0.217941507798114 0.109815400172546 0.125140187672826 0.217244629734497
"mb60" 0.700573900429395 0.719982587421065 0.196960462008365 0.207525991208089 0.15287245354039 0.0924230281126032 0.126658150590285 0.112762465552242
"mb61" 0.731099355351594 0.786166431319083 0.218302243545642 0.507079990484082 0.173922031492355 0.109145590798049 0.130103742349217 0.137057694313251
"mb62" 0.812879086921141 0.86480540466873 0.255056920025781 0.697915447430177 0.211704779169914 0.136929575997784 0.154521877531873 0.206066487993643
"mb63" 0.7198393741504 0.796196641317501 0.259932322378162 0.426208622268974 0.199623112354471 0.130007972169674 0.176740635924925 0.205124865051152
"mb64" 0.722927407434707 0.729960505089837 0.183482639077512 0.581730031080245 0.141945273271435 0.0869734425487455 0.0735746938175816 0.10570263288078
"mb65" 0.732572098493069 0.778919887984506 0.233777436788177 0.331975506361355 0.174026038628939 0.120136538871699 0.176913421319009 0.161441911686198
"mb66" 0.8 0.869403209327484 0.236926936895108 0.799895293377905 0.204888153767957 0.099528172923292 0.105834904429168 0.187944320611133
"mb67" 0.639765253173591 0.728562905791805 0.233250728813086 0.0690953966104343 0.163627898340284 0.104728843146997 0.195997468738113 0.148043584387854
"mb68" 0.747126436781609 0.806937817162766 0.205711736726416 0.74699512611232 0.173097891849964 0.0828472390334523 0.0699546210622044 0.13993639447155
"mb69" 0.670588235294118 0.724702260390505 0.191571545982171 0.67034068769396 0.151620651589062 0.0704866656927657 0.0520974016092473 0.106714201472666
"mb70" 0.809541484435964 0.840484903934126 0.228129809161796 0.647466314440573 0.184869689792495 0.108034070292253 0.12387087906753 0.167443528858352
"mb71" 0.80536676197004 0.737655790505531 0.185638676594806 0.639123007366362 0.149396725516265 0.0851811270640386 0.0762549399017908 0.122730041499886
"mb72" 0.671850038465006 0.713352883173112 0.21307256602226 0.216512887494462 0.151668367432463 0.10158639180776 0.1547732919346 0.137045166620307
"mb73" 0.800601064348969 0.843632579284658 0.24684252436168 0.583421409203534 0.200917474289368 0.135205295630765 0.161928244745333 0.186014734450395
"mb74" 0.765447119223606 0.820823801919231 0.243438729316155 0.468503247021262 0.189199131035091 0.132534864983064 0.169190594337067 0.176253444048561
"mb75" 0.848837209302326 0.881291192330737 0.204884987742988 0.84866362349549 0.177124930972057 0.085249143302911 0.0677090503518305 0.146293003440282
"mb76" 0.640220246028715 0.711991587106966 0.217389956861181 0.124774703211659 0.151134904296179 0.0906851185360402 0.176130688178294 0.144656264152339
"mb77" 0.641510803041271 0.737822492720509 0.23810138075992 0.0923488567558377 0.168184108950182 0.0917232614057713 0.200846414523554 0.16265757671986
"mb78" 0.780141063730282 0.803952754673689 0.204651425138899 0.560246481964548 0.162141356859383 0.107288186117936 0.115356746850158 0.137903030130402
"mb79" 0.685503767376809 0.62785447866484 0.155515285775036 0.377526004122127 0.114154924822331 0.0714531525454614 0.0877671771669625 0.077145511686131
"mb80" 0.732558139534884 0.723673792557403 0.17686761581567 0.732251026184329 0.146137094557307 0.0688011246843941 0.0346616629358138 0.0955016106540177
"mb81" 0.811764705882353 0.870492925604747 0.245213687728163 0.811626139598207 0.209310900899396 0.104675217592079 0.114464104082128 0.210484064988286
"mb82" 0.722482487455908 0.749680520903061 0.208037216109889 0.219228758423156 0.164635130721182 0.0968176413047273 0.130530403287025 0.135372989319276
"mb83" 0.647420860036245 0.732869338760141 0.233345939574607 0.103563679161269 0.165371500672155 0.0951928603915946 0.195053735539385 0.16148891638956
"mb84" 0.804597701149425 0.76812030075188 0.155931840233808 0.804421499605036 0.127456241825592 0.0612266982179272 0.0116665097584555 0.0773697117013411
"mb85" 0.686046511627907 0.762500884079496 0.206403472231507 0.685858042257573 0.165083956618658 0.0772053981573255 0.0694037458766663 0.136088253659584
"mb86" 0.774132792972501 0.82437701305306 0.235356000053548 0.595227173265254 0.192441164003312 0.116433557355794 0.132671432538908 0.180916321316053
"mb87" 0.736422770181278 0.783714471526093 0.234991075759077 0.335164242898258 0.172694586731128 0.118201880927895 0.173634856982223 0.168315404367997
"mb88" 0.747996676092357 0.676003039513678 0.167616376054256 0.529837871416727 0.129361972566624 0.0785697314819569 0.0740870233623128 0.0965672824989004
"mb89" 0.675659732490444 0.673096020618069 0.182087893806826 0.149919251225923 0.130952525113912 0.0820086934911239 0.125351363753196 0.0954132544777409
"mb90" 0.620335129677097 0.670393853647894 0.190144352165513 0.0806693454498648 0.133834109093202 0.0759417960609374 0.149093019843254 0.104641171500714
"mb91" 0.790865982164902 0.815457933027453 0.204528627798093 0.625821623762589 0.160820922381785 0.098445773008619 0.0976340514774908 0.14628141155831
"mb92" 0.675117295822134 0.625360922360849 0.149268063966697 0.354689603402558 0.107495552806968 0.0676310583132326 0.0901947785290915 0.0619073811938427
"mb93" 0.626023797856381 0.685729031988989 0.198742932281901 0.0806609479009702 0.139879993600212 0.0762565979795464 0.158734080332798 0.114068155081575
"mb94" 0.756366191637792 0.797587051948402 0.232143009857683 0.392904700367954 0.178376733816308 0.116699185214581 0.16468262075993 0.163070602270445
"mb95" 0.698098084897748 0.661726525313717 0.158334514738354 0.455860491539094 0.120677530037287 0.0701128379463155 0.0636222397065778 0.0804219908277472
"mb96" 0.670258023565786 0.674030602839059 0.180287781405956 0.149875044511366 0.130554563050506 0.0831699827245704 0.129154785535058 0.0907560898179039
"mb97" 0.630213287331406 0.701408224564042 0.211293671370324 0.0806648868370496 0.148702055698099 0.0859065915719141 0.172379338115424 0.125543455839736
"mb98" 0.655172413793103 0.75563934643117 0.210550244321771 0.448810153951422 0.168998231537133 0.0805680752833997 0.0756201103286185 0.134944202348118
"mb99" 0.802325581395349 0.80953075968766 0.182221533486396 0.802213287902832 0.155987623356918 0.075556510248597 0.0413634798289334 0.132565870010225
"mb100" 0.701239603124131 0.723356727677467 0.200455228276325 0.196152047010192 0.155359882723637 0.0832805569388852 0.122206391050553 0.126942907271501
"mb101" 0.791293569870284 0.758101410598551 0.178050593816007 0.573401267163443 0.137749320514515 0.0917697633403843 0.0977250560487851 0.094556766027035
"mb102" 0.672318258048776 0.681027415799853 0.182846624942392 0.149863605939168 0.131438290080072 0.08389662169794 0.134030547916271 0.0910497754498053
"mb103" 0.738263940199597 0.757229560871117 0.194344769564423 0.5673812177524 0.148994310526073 0.0887195560477764 0.0858532045938617 0.12807273736527
"mb104" 0.690188598975531 0.625933713273945 0.159582393746744 0.388852321115077 0.116884257075809 0.0751863910405282 0.0858359587558888 0.0872010388339046
"mb105" 0.734618486810772 0.734140738626324 0.198646883037444 0.426021068000108 0.154324115722763 0.0891834348872961 0.107774658002427 0.131877701883868
"mb106" 0.63813310388801 0.635991139068303 0.156975217798622 0.296993731863085 0.112652753197765 0.0706427954971254 0.106555897028712 0.0689097889546323
"mb107" 0.669630027885418 0.629278905446646 0.153862455235276 0.307871466396356 0.107033381757665 0.0661326578271847 0.0951213337154354 0.0692178137662831
"mb108" 0.769832435749753 0.808375056895767 0.194082242160803 0.660925811811753 0.158289915621917 0.0981794887640368 0.0858526394941412 0.129631037636322
"mb109" 0.793103448275862 0.860173357664234 0.195939774217822 0.788175625760456 0.165877920088581 0.0769279558615361 0.0585124671308154 0.143437785258851
"mb110" 0.739761718589788 0.736086591612885 0.184082596334993 0.557818427067762 0.141142779402475 0.0840456857996017 0.0744270482786272 0.10421858210383
"mb111" 0.67523003591883 0.619142121305971 0.148466572619149 0.366129940837541 0.108376116365438 0.0670160645516377 0.0852486984568919 0.0649491576036244
"mb112" 0.730057973948998 0.670541742137329 0.155128572170363 0.595227173265254 0.120496523623939 0.0720293217145254 0.0419812591742865 0.064533518253907
"mb113" 0.788235294117647 0.865878298074637 0.233953341433296 0.788072154502322 0.197220983011666 0.0967350224473918 0.101253158570202 0.192134266306164
"mb114" 0.739395634186663 0.786765835143377 0.232234875171456 0.300737271816391 0.18059217351504 0.107141257845976 0.129131169654427 0.175633210939597
"tnt1" 0.770114942528736 0.741523733546071 0.168965177628148 0.770012320073712 0.140031640080276 0.0667241070352543 0.0269274619545568 0.0944676264555037
"tnt2" 0.66399576100864 0.630869623341466 0.149138033748849 0.30857573694573 0.106583253950836 0.065925630510165 0.0933248335027693 0.0603844108851272
"tnt3" 0.62425713198899 0.68244955292664 0.197272553247858 0.0815877237257179 0.138538511827849 0.0808081623024069 0.157190281444563 0.112081720122771
"tnt4" 0.630036499620942 0.698303763261362 0.207375697961988 0.0815798363827368 0.145611712353956 0.0813302657129695 0.168266564365389 0.122748751081908
"tnt5" 0.632183908045977 0.590433624952453 0.154143650166358 0.63180220962372 0.118601757596874 0.0523047626343976 0.00957268817529329 0.0478407509770527
"tnt6" 0.702297287032869 0.640921139167348 0.155406251685663 0.413936990440277 0.113637717370348 0.0694878014590579 0.0727283631359122 0.0770652855291411
"tnt7" 0.665449662946825 0.623679162467081 0.150750623284351 0.312028279869955 0.107232078609166 0.0691344955193765 0.0877023171306885 0.0683140782873029
"tnt8" 0.767582365580527 0.791517339177517 0.19144672037354 0.649224415795365 0.155711712990496 0.0962616000383316 0.0825648967908545 0.128911262804259
"tnt9" 0.694117647058824 0.742787707745375 0.190466288070331 0.694012118162315 0.154404168694704 0.0713026425793829 0.0496075754284792 0.123890637978992
"ufb1" 0.906976744186046 0.885345211581292 0.176321361630819 0.906927273816974 0.15570757059792 0.0750512811340232 0.0343561662075656 0.122915186655683
"ufb2" 0.78693056773236 0.776582564461352 0.189156697426801 0.572984314594734 0.14830923550871 0.0911753159358506 0.0980240814807847 0.106764361657681
"ufb3" 0.651449215964363 0.737548506532806 0.224799080717077 0.264579222862558 0.168842284215185 0.101813770253748 0.148886223880763 0.15697686799761
"ufb4" 0.658237891831051 0.71710125260407 0.213379706109788 0.241345200604031 0.155369153550387 0.101166612674404 0.144477319874102 0.143088415744922
"ufb5" 0.675096719432772 0.715835087990812 0.214739711684721 0.211665069840157 0.153489944161762 0.104117774504079 0.151855943985609 0.141380151625819
"ufb6" 0.663292993418348 0.688297048922525 0.190381437066674 0.24000818858019 0.133339326072479 0.0854961361226626 0.145360763779946 0.0989693447064835
"ufb7" 0.6695854008532 0.668792142140751 0.179051011202656 0.274821499983268 0.128603864313608 0.0826957449964026 0.125240635756639 0.0901075453964965
"ufb8" 0.699108337653477 0.692943883048429 0.182594388299606 0.333272562930907 0.140586948371445 0.0688034371029032 0.111034395111268 0.106409857978491
"ufb9" 0.804597701149425 0.851710758377425 0.202674675874843 0.804364804687842 0.171675972082345 0.0833187819328652 0.0663984758424353 0.150949761615248
"ufb10" 0.686046511627907 0.730270994639666 0.187924958224692 0.682234426736502 0.153231548127021 0.0707145091475845 0.0480492895782253 0.118163360711707
"ufb11" 0.651498957304806 0.703456248206397 0.205671804667184 0.211760587230243 0.148517852652594 0.0973491958777948 0.142085231551793 0.131986509053881
"ufb12" 0.690359074264526 0.687920284469446 0.180861778319191 0.321676072259013 0.138220030382971 0.078258707276091 0.115280968829496 0.0938544429827049
"ufb13" 0.677113726377033 0.736812353017044 0.209888804947487 0.219242475498995 0.153258011152558 0.0949866952892512 0.155017273924871 0.137790867531882
"ufb14" 0.669479580828527 0.719315462563819 0.207794037488099 0.216103497610149 0.147817201913262 0.0977349292298652 0.160449008518596 0.136980079058677
"ufb15" 0.656546683799968 0.661168514490211 0.178626698338667 0.251271256240737 0.122917869483151 0.0799959107855326 0.127398794361498 0.0897650150837174
"ufb16" 0.670626489080654 0.665181181922849 0.176453376730636 0.309193041033151 0.129444091807265 0.0830712485353544 0.115439143215093 0.0917707194990453
"ufb17" 0.650652034399401 0.71560561954183 0.217240196883552 0.27939911011575 0.165997265205575 0.0992309745375676 0.140511870760489 0.152879571134861
"ufb18" 0.653576500619683 0.698458347847925 0.207187734683271 0.227783365871446 0.151151163921487 0.0994520880340799 0.143737286949417 0.133882597852674
"ufb19" 0.749322879219182 0.68007216208715 0.172314582824775 0.580972600054354 0.136783556587725 0.0732114964140259 0.0613946830424498 0.108610935374284
"ufb20" 0.724101115265194 0.742657972858355 0.193725388973559 0.551499908635823 0.149369415484295 0.0896007053261708 0.0856747972918722 0.121254747633776
"ufb21" 0.613924427979326 0.653531366249982 0.181571883115639 0.193716422734164 0.126411612082599 0.0759701522031696 0.139328676191255 0.0965969416275144
"ufb22" 0.611686701333985 0.640080511478588 0.175941281621222 0.193687601276815 0.122102256034355 0.0744693731413227 0.132492010301659 0.0907399454501755
"ufb23" 0.628342231411117 0.641303902698718 0.173058540970881 0.204964922325029 0.119613400419716 0.0716596307077889 0.125482761784956 0.0851600426139248
"ufb24" 0.680194457965992 0.652615255430955 0.165979787887771 0.364065465450038 0.117328767034287 0.079879257485407 0.0928968866080733 0.0885915825372084
"ufb25" 0.663706140926908 0.637737264002756 0.155769951383503 0.353097669758012 0.111298270319895 0.0768082571246156 0.0881226727232122 0.0733404096110093
"ufb26" 0.685790933717853 0.699150347114289 0.187852132828583 0.372058475644118 0.145390572896118 0.0821601661037666 0.107962540586865 0.105039153333886
"ufb27" 0.671705235518309 0.658725405240086 0.174267586070622 0.345124815340419 0.130023977529353 0.0716927492432753 0.101673153484818 0.0929906442275323
"ufb28" 0.674148862304399 0.718810694449734 0.215374845415666 0.170173861050666 0.15143407772075 0.0975604120889913 0.166324714194194 0.146165491971551
"ufb29" 0.635059205115442 0.690355553711636 0.206945987799183 0.113447794959626 0.147115358772511 0.0729136890637309 0.164030360418932 0.137907527895054
"ufb30" 0.747548746010413 0.722434170896024 0.172329298915963 0.469867881695981 0.128888079217727 0.0834885182533745 0.0999542866522092 0.0852230925737419
"ufb31" 0.660162272417188 0.620673027359404 0.146250622847045 0.308486733372067 0.104398012979669 0.0637736464309177 0.0869678117609919 0.0604887767901232
"ufb32" 0.672365221939631 0.669773056494447 0.179028071502977 0.263396097269982 0.126712890339593 0.079998690421321 0.125216192438747 0.0893799346076728
"ufb33" 0.663723652216233 0.649921226532071 0.173925774754387 0.263321482564679 0.124265840102086 0.0726313892715811 0.112715719312053 0.0935214688016237
"ufb34" 0.703243113933972 0.696530097884063 0.183227297850923 0.34489336529082 0.141413363010033 0.0726027293235765 0.111722712898756 0.104713571970751
"ufb35" 0.628285623408331 0.650152907150184 0.163245272903344 0.23955060602594 0.116965679603994 0.0667071682221905 0.116668463206898 0.0739388850978494
"ufb36" 0.633297848771582 0.665738325680987 0.172867490654237 0.230844822379326 0.12429374282924 0.0704127501930814 0.128151993990943 0.083082643888152
"ufb37" 0.689245839035235 0.638462479359061 0.147849541387622 0.43372190941163 0.109582065571239 0.0684752432390211 0.0643367394884203 0.0610214267244868
"ufb38" 0.674471318706206 0.615386848719629 0.149905702528585 0.354574718944553 0.105780356730235 0.0694783476505721 0.086794669425753 0.0656242686426059
"ufb39" 0.647078627303553 0.685441539034219 0.200831712950627 0.160916561313486 0.141749800637286 0.0877863642407999 0.145409070573864 0.122729685469635
"ufb40" 0.739272949471882 0.783193684193249 0.229904232373248 0.331664234530019 0.17375735241768 0.112940624531192 0.168143431331707 0.161337100239335
"ufb41" 0.665657750137181 0.662890535731775 0.176579687119668 0.263282545914792 0.126748291793857 0.0772048679328643 0.122607324901551 0.0915306760355728
"ufb42" 0.686015332635799 0.687720101422736 0.182265815982131 0.310144308275715 0.138045543432348 0.079824771459005 0.116797414782089 0.0996708576390214
"ufb43" 0.674418604651163 0.771170827774601 0.209186936463256 0.674044727528748 0.169202199568051 0.0805407566058603 0.0732686212172865 0.148269374589795
"ufb44" 0.642640909203332 0.64679049366692 0.159915858311769 0.262434127283016 0.114932951917542 0.0665530739825612 0.111555633312961 0.0709420129666948
"ufb45" 0.669912086419386 0.643180551437889 0.15574607518077 0.300643700461491 0.110197189335423 0.0659872988655948 0.103028122346696 0.0648491384348854
"ufb46" 0.646986273486056 0.661051526790613 0.168451174931234 0.253994913897003 0.121091884066229 0.0699158466834132 0.122169363181475 0.0787180510470154
"ufb47" 0.677257782426438 0.680208297410077 0.182236602242333 0.356349558936595 0.139239706621213 0.0740052753213524 0.101925453475226 0.0992530175335304
"ufb48" 0.635133449086501 0.712240494643509 0.219262520785829 0.12632150911391 0.152547356795716 0.0909474628009243 0.178968688557083 0.145429839211972
"ufb49" 0.796753989680856 0.750825501651003 0.149880264603797 0.723889122026529 0.122449145029757 0.0778115875736794 0.035953893670574 0.0572547701151113
"ufb50" 0.662790697674419 0.739579320440712 0.195373116798578 0.662632874461244 0.154059165465297 0.0708929044563952 0.0574090856646077 0.100578940783738
"ufb51" 0.837209302325581 0.878110467487966 0.194941241041963 0.837079715430277 0.166562437722673 0.0805974469935 0.0560497747601847 0.133793599924882
"ufb52" 0.684213914328075 0.684578459038257 0.180352048536056 0.333114503990517 0.138843144621762 0.0800806235821869 0.114730429704403 0.0939450451758756
"ufb53" 0.67032458355617 0.650130838157164 0.157994676570368 0.421187557731273 0.121796961870708 0.0694862535238362 0.0632441596876481 0.0730022874546171
"ufb54" 0.770114942528736 0.724904985468366 0.146989096517205 0.769954336525967 0.116741304574704 0.0559511143074319 0.00119530194484156 0.0535052180759354
"ufb55" 0.665409506168315 0.630636829226339 0.151518832936024 0.300578561210476 0.106515388389225 0.0642695408899429 0.0958726400371576 0.0630376425624701
"ufb56" 0.670395364941157 0.672278291974855 0.179102431376668 0.263409637060627 0.126997781313468 0.0806468072738728 0.127895494314242 0.087579887541182
"ufb57" 0.655155503999135 0.680361453656817 0.207557387640787 0.159929147440579 0.143919798511729 0.0880650885257673 0.158040954754055 0.136173256121935
"ufb58" 0.670967273571647 0.687378049718948 0.186869669573938 0.2549113721166 0.134284927547481 0.0863140341962791 0.140114763530705 0.0953155048066863
"ufb59" 0.656840899557334 0.698262119019151 0.204737300949022 0.263206718323595 0.152026261792175 0.0953921540242443 0.13510080393358 0.136169439361999
"ufb60" 0.737046898985896 0.643723156409972 0.156425128111584 0.495123954617438 0.117186675003285 0.0681855652183041 0.0616382901138497 0.081532343873434
"ufb61" 0.723966002118211 0.629772603275583 0.151827498154498 0.460090413266204 0.111082347751023 0.0705806135079526 0.0687992828515744 0.0749669984726445
"ufb62" 0.630816925995051 0.70362912094626 0.212031216812522 0.173001327655618 0.149803306170329 0.0858207525081787 0.173153273641086 0.127644350065413
"ufb63" 0.689753333302195 0.664752690116647 0.168156112986698 0.321558647155146 0.12706785086908 0.0729047922125921 0.106511254251051 0.0840989416689435
"ufb64" 0.775426928474694 0.744409608887362 0.17229873089695 0.550606174063139 0.134078815980172 0.0943134336626513 0.0999210456368609 0.0806716606810197
"ufb65" 0.669555376502115 0.671279759943413 0.179525536387532 0.25490247046415 0.125132574467385 0.0812868674673957 0.128353691682274 0.0883985162118855
"ufb66" 0.767441860465116 0.714441795788637 0.154807337093028 0.76723215704358 0.127744966158404 0.05938012982472 0.00879020752176123 0.0741275340397753
"ufb67" 0.674819425766729 0.729433415282298 0.220749941499714 0.279237038911965 0.163583737659018 0.0986271835878118 0.144440565879596 0.157383024430601
"ufb68" 0.6664599904545 0.62868148511786 0.152194095140089 0.29661326335241 0.105323544421737 0.0641683433107582 0.0965921881633184 0.0636800484195767
"ufb69" 0.820196936736434 0.796676487552417 0.184602813036616 0.61917191770805 0.14697577045441 0.0886114409002913 0.0929583751443911 0.100830572848007
"ufb70" 0.752703222020653 0.777256303620441 0.225509888872295 0.354002184759137 0.165861579727628 0.106528174245203 0.157557893617382 0.16333760936044
"ufb71" 0.660411270779834 0.698923468230567 0.205511668651989 0.231440271491756 0.14937772255674 0.0973647227464791 0.141927081797476 0.134820238832212
"ufb72" 0.635881966122735 0.624319282443611 0.155768947713699 0.296878858227119 0.109825229732058 0.0748273253015701 0.103045137634668 0.0693290726984931
"ufb73" 0.63286867008651 0.611614087952986 0.150550072552068 0.296726985468498 0.104173242911581 0.0679094876327745 0.0948324507878195 0.0693473358929636
"ufb74" 0.699212870657611 0.65293871282982 0.1531312525514 0.415446247438004 0.115380455924818 0.0709139072089175 0.0700227967868621 0.0754538297685524
"ufb75" 0.674038384496018 0.628913857257508 0.148646862604155 0.343332245046083 0.107212935372087 0.0665519040867289 0.0928014434617777 0.0579221347640328
"ufb76" 0.755813953488372 0.791584233754375 0.190684197406683 0.752784527674652 0.157813475128418 0.0746368194353916 0.0509708297062162 0.132835523899683
"ufb77" 0.661037212442236 0.625285812278495 0.141762600199876 0.376487729082862 0.106726047745769 0.0695661962571829 0.0665399176273937 0.0499966713285661
"ufb78" 0.744740932499082 0.765852840940835 0.220354151945837 0.346844613197584 0.16271730795633 0.108716299977747 0.157827445361111 0.152174268607974
"ufb79" 0.677522817268935 0.621322508453534 0.149543757616879 0.354574718944553 0.107387113507563 0.0653217288625255 0.086405853709983 0.0662110050725929
"ufb80" 0.630381726285724 0.643254857598201 0.174363504870326 0.228416797360776 0.126207990723339 0.0745441050726115 0.129725993615798 0.086343435023431
"ufb81" 0.76003317905397 0.735121860900241 0.173633209819341 0.504171132924552 0.133180340238582 0.0809367574216083 0.0928759803416722 0.0862414921598763
"ufb82" 0.724434180386429 0.65287228109314 0.162190826333482 0.460483252282451 0.122493373175411 0.0697555739825316 0.0680518410889705 0.0857067359162925
"ufb83" 0.655889765860201 0.716903318381999 0.213759532644293 0.147885731355395 0.150525354632731 0.0895992248504026 0.171240823598175 0.146332343937479
"ufb84" 0.634982450762904 0.668081863574375 0.18726621467548 0.228195974156697 0.133723097734351 0.0805277347715471 0.145320541569354 0.0992872849223532
"ufb85" 0.628718871645041 0.642366558241608 0.175484314180642 0.2281463593901 0.124899494307024 0.0764355927909706 0.130911748835841 0.0882918743088651
"ufb86" 0.704429765613552 0.639088237541771 0.156106731929864 0.39520443571606 0.114521113941578 0.0701472749209882 0.0822363793934371 0.0751150681491538
"ufb87" 0.630557455607925 0.629264211592374 0.169335070762058 0.251056217508839 0.127704596998038 0.0778546260071023 0.111665868608019 0.0806160312503775
"ufb88" 0.642702729387421 0.673181012429624 0.202704488565091 0.126853321359156 0.140398631543379 0.0805379704116318 0.155000267322207 0.128520264271629
"ufb89" 0.693119907419133 0.64850929221036 0.154385261351002 0.455933929339492 0.117452102245454 0.0644172696447818 0.0592285784403918 0.0704201383883497
"ufb90" 0.704100798105626 0.759750639386189 0.213339692206383 0.52325168747167 0.170289620592939 0.094847750602751 0.10733632996461 0.139135913967989
"ufb91" 0.617756645074901 0.620483880115703 0.152064886588146 0.239369234758654 0.104517594586468 0.0648758421272208 0.101351890508075 0.0656512733846174
"ufb92" 0.632922712940438 0.662777420554711 0.168941108185829 0.228214333461908 0.123382426271519 0.0682850172573371 0.124008963296375 0.0799800121107464
"ufb93" 0.720930232558139 0.701866365031914 0.17272767227268 0.717451453397212 0.138710846582344 0.0660129175605191 0.0309185490315516 0.0943290525853638
"ufb94" 0.662855699660301 0.614197967230627 0.151203255795155 0.31971673761151 0.107226844382413 0.0686473901081987 0.0831092180417958 0.0714652064233278
"ufb95" 0.635973312816506 0.695085970506779 0.205826482376772 0.124496892785195 0.146459356786155 0.0864647062716156 0.161625043309871 0.134793273867438
"ufb96" 0.77650636176767 0.744229258565472 0.176961252658214 0.561437413816405 0.137848104369226 0.0828397231293457 0.084457961538758 0.0958807127778639
"ufb97" 0.808269273703924 0.783914462646045 0.185502175921516 0.607698231394023 0.14750434862396 0.0886278837496199 0.0939588195725748 0.104542174135537
"ufb98" 0.645669060513415 0.657848524964903 0.164087449296118 0.25109833881322 0.120166301818203 0.0674052250968228 0.117557518198988 0.0743524789420413
"ufb99" 0.624826774549754 0.690661760517424 0.20145786007934 0.14807076761096 0.140381790374328 0.0637104199332524 0.162056732518185 0.118181124518616
"ufb100" 0.616550959405131 0.672095853622046 0.190217843277925 0.159450740818486 0.132607077426278 0.0614676090781589 0.149783311434623 0.106325042259486
"ufb101" 0.701425864837354 0.753279616434707 0.210221943166578 0.511112618826286 0.1630663164365 0.0953580113366108 0.104162105903523 0.147354768032199
"ufb102" 0.663852160959192 0.624690026595302 0.147553213672254 0.308486733372067 0.104569961247828 0.0631072916094541 0.0883608521348396 0.0610157922694181
"ufb103" 0.646979925066991 0.680585978467216 0.199102693952459 0.163474135241278 0.140994521147527 0.0834634963749282 0.139744860557872 0.123103988677338
"ufb104" 0.742183805984621 0.754735018711291 0.214020255466741 0.36491788802596 0.155227659471293 0.0982956366837356 0.136885022109915 0.154844145955267
"ufb105" 0.651598490231411 0.674443012734223 0.174719637209367 0.242525033281972 0.12737356828796 0.0707173573546324 0.130104269185885 0.084456263101532
"ufb106" 0.742582349550734 0.714760183647553 0.174010844044458 0.491457875447316 0.130916748576769 0.0880849215323986 0.0933246561081126 0.0872801380646557
"ufb107" 0.726973992917624 0.732574352587619 0.199309107155591 0.402367459214636 0.153858006231939 0.0889129428014655 0.108501058301271 0.128793973906341
"ufb108" 0.680259264544092 0.705026481014221 0.208421928953552 0.192582320208634 0.150127880927908 0.0959001786799799 0.153291234102863 0.142948027832497
"ufb109" 0.642735725178137 0.708668324301442 0.217820214224686 0.0906341772902871 0.155262217781506 0.0884431637915747 0.177429388577481 0.149531189812674
"ufb110" 0.701149425287356 0.676924515947994 0.154887993336076 0.700793230699052 0.120396062739631 0.0570895328355202 0.0104442520109304 0.0613154555540992
"ufb111" 0.661985794634463 0.715391365948043 0.215983037210845 0.223569156243418 0.159530930878737 0.101925070126279 0.147329035065156 0.145152678013347
"ufb112" 0.614873114807408 0.654315613791014 0.180862184336385 0.193716422734164 0.125713884380375 0.0714663216664009 0.138582346275108 0.0946148851481901
"ufb113" 0.632179274451973 0.711590857702743 0.217062074966205 0.138273272580108 0.152738359022206 0.0717470922193106 0.178781966093812 0.134107977911798
"ufb114" 0.712756353861698 0.629833258224425 0.150891238270631 0.448632164635541 0.111124200912103 0.0683586964967623 0.0677713718153202 0.0724028370996207
"ufb115" 0.815337626820543 0.791124845100469 0.181209920062102 0.607698231394023 0.144681463264707 0.0850331119550383 0.0891841468225769 0.0958562747340174
"ufb116" 0.622282831174785 0.638410669293306 0.159785208204094 0.262569811325274 0.114032836688606 0.0718277081718112 0.111417462210316 0.0713969501994137
"ufb117" 0.627462943260664 0.651034088422586 0.164511394664876 0.251242004332611 0.119161028441379 0.0735785296020823 0.118005061908003 0.0753189094942699
"ufb118" 0.680796241997552 0.666305916305916 0.176119638374574 0.320698811215099 0.130480616247928 0.0781425187826436 0.110178961956088 0.0973485727260247
"ufb119" 0.64163979566336 0.693712989356916 0.208908126231663 0.159717883309494 0.147559474361624 0.0810373258515897 0.161581068941214 0.136493450462507
"ufb120" 0.709302325581395 0.739372113050967 0.188545907869415 0.709140561719806 0.151144550693608 0.071343547782132 0.0486876750586177 0.109737072657277
"ufb121" 0.640876622264111 0.727031674308864 0.226486287193674 0.0805998407343297 0.159578400429904 0.0713720701032035 0.188316979256551 0.15503073146281
"ufb122" 0.638220652046831 0.634383107893307 0.156685159409774 0.285571284834382 0.112050235156154 0.0744437333921577 0.106248490932825 0.0668669250127086
"ufb123" 0.645901062457853 0.659550077199711 0.168099200540209 0.250792676975913 0.119929755449486 0.0708358828775197 0.121797798825297 0.0769447725204808
"ufb124" 0.629815461423803 0.700014150832148 0.209611261699893 0.182276438922027 0.144949766787732 0.0816868926325474 0.170613919284028 0.124210725309183
"ufb125" 0.698900067525513 0.634019991859476 0.152466046358128 0.389696924199898 0.11173530883603 0.0695172085432311 0.0846170373459734 0.0656433607097465
"ufb126" 0.694117647058824 0.817638952687184 0.227014918215829 0.686627446371794 0.1825530821025 0.0875613477791242 0.0927786702419479 0.163401630786906
"ufb127" 0.748137075165064 0.740087632052902 0.188319877548408 0.57452006273014 0.146776730739001 0.0884419559100815 0.0795448816750954 0.118583808702987
"ufb128" 0.709302325581395 0.736140989574715 0.187037209182498 0.705673761971399 0.151351753631766 0.0700404486155545 0.0472042570630751 0.107529126157082
"ufb129" 0.641581526649935 0.646957146062374 0.160204060951593 0.285667473260622 0.116839331448799 0.0722047724317885 0.11186042660581 0.0705275073560095
"ufb130" 0.689655172413793 0.577923387096774 0.138206966791843 0.68939866786802 0.107985800146248 0.0501797754910172 -0.00908784026683149 0.0359968340287689
"ufb131" 0.623000118882735 0.683021707549043 0.198574896863469 0.19360081256589 0.136946564571719 0.0809135089825805 0.158559593857198 0.112834734283904
"ufb132" 0.705882352941177 0.799850913156914 0.207054827323609 0.702242162898443 0.166746919248441 0.076038620940339 0.0708790923048244 0.132168999616705
"ufb133" 0.720853521956694 0.65431458673684 0.158804998764134 0.483167124679168 0.120106109885452 0.0763313010922637 0.076459816006633 0.0816733269101558
"ufb134" 0.624715130985203 0.683908531894528 0.19970583940246 0.19360081256589 0.138243529288103 0.0819559895179231 0.159747004565457 0.113307289912755
"ufb135" 0.693329419147054 0.649287446697208 0.154815892358443 0.455933929339492 0.116156830872874 0.0649977525509662 0.0597076681801067 0.0724862419091837
"ufb136" 0.639615186576025 0.682012702567113 0.195407142054226 0.216833095404747 0.137824335807557 0.0809827999434619 0.154625630988236 0.107235710568519
"ufb137" 0.690388169065494 0.677651076595962 0.177109250764808 0.313713912719686 0.132811343140768 0.0798250622208947 0.116143609096219 0.0887604040610178
"ufb138" 0.670140392149122 0.668151650150014 0.178680687913902 0.266440284823129 0.126634896791669 0.0805683604399823 0.124856520252483 0.0903134846342677
"ufb139" 0.765071002902297 0.796963647825173 0.230744904188171 0.422572347283233 0.178675055617396 0.11386534877824 0.155251010434448 0.169836504896381
"ufb140" 0.754656778379807 0.774711537923744 0.220633096635743 0.369707031752476 0.167499888669818 0.107559415156447 0.152161499416684 0.153843176606641
"ufb141" 0.655172413793103 0.708117310222085 0.190941627952207 0.65504489462334 0.154221105184762 0.0704484150737396 0.05266005428207 0.105787405075374
"ufb142" 0.670646543595177 0.670321767008879 0.179148169097618 0.274821499983268 0.130353126547836 0.0823422226864956 0.1253441620166 0.0916837879936727
"ufb143" 0.633618612812731 0.656526832848714 0.176654156718139 0.217295984324294 0.124556688795788 0.0718747192243928 0.132155857268836 0.0888960025592824
"ufb144" 0.751414464015356 0.805474892395983 0.232602560188164 0.467603139652044 0.180318603940352 0.116171984250447 0.146082804507821 0.172333684910804
"ufb145" 0.717731503952487 0.715531030747226 0.179529025563264 0.415608672364883 0.139406405204209 0.0876938068164295 0.0993002866895997 0.10534440145982
"ufb146" 0.777434693347649 0.78522942538413 0.192563097593621 0.650898824993804 0.156888738925936 0.096883026321692 0.084047289919223 0.122873409719733
"ufb147" 0.682998869238729 0.674588405807657 0.174126928621351 0.332989353067528 0.132912387231232 0.0806196197936504 0.112924544840537 0.0879606394179406
"ufb148" 0.669698612552981 0.658360018402796 0.172681147002914 0.297776522602341 0.125485634683609 0.0785970348555884 0.115300273029311 0.0840719309011343
"ufb149" 0.706824215034479 0.666882297254654 0.162108587467755 0.461316514078873 0.122267796645097 0.0718002724257801 0.0676619626895221 0.0885028157156525
"ufb150" 0.672633177381193 0.652217254087681 0.159274239298532 0.296865666372856 0.113745769441515 0.067549028511307 0.108999086170872 0.0665007330186364
"ufb151" 0.638198760113397 0.685574078338973 0.19385632324736 0.205013372565353 0.134224545085681 0.0755970271702844 0.152263079160784 0.106011465219666
"ufb152" 0.658897245814599 0.676786514777693 0.18464424716408 0.251379286253843 0.129557795714084 0.0848503620519128 0.137761379573004 0.0942040589802349
"ufb153" 0.666666666666667 0.769862056923346 0.221471107656796 0.666496152371566 0.181679181812361 0.0856934993790085 0.0884075314053066 0.160108552875558
"ufb154" 0.680533192925121 0.628042704626334 0.139553007371408 0.411146611445939 0.106031753419355 0.067639071526566 0.0641366586874408 0.0513187408294802
"ufb155" 0.769052894841935 0.742268233018017 0.182476722639318 0.504333234704532 0.141328057328807 0.0847830380197899 0.102583731176387 0.103287745939221
"ufb156" 0.636711791642266 0.666921018213354 0.181320393938932 0.193729202991453 0.126667160804091 0.0709540044760125 0.137076823441246 0.0909060938532806
"ufb157" 0.744186046511628 0.693289268337464 0.155338734829317 0.743949637581348 0.126928959118865 0.0605965285573796 0.0104605630729823 0.0736654309412766
"ufb158" 0.654045971785502 0.691425992291934 0.197883416649908 0.160916561313486 0.142663751829456 0.0880950776507129 0.142251261858013 0.124285672899932
"ufb159" 0.687525342732889 0.641148223808134 0.144681726744794 0.392988478905159 0.110351554909725 0.0721927455556468 0.0760645045560606 0.0550853897189031
"ufb160" 0.684749255888259 0.64070359124699 0.14200379347123 0.388073932393118 0.109947187596924 0.0701964503976459 0.0783061223382678 0.0476799132742655
"ufb161" 0.744469122322817 0.658956802493877 0.169628007294842 0.557685939644998 0.132254417431082 0.0707252644640926 0.0584224952287724 0.10256151496837
"ufb162" 0.712358386444009 0.630122537614394 0.161888797807892 0.468988993125471 0.119773932721623 0.069957367411243 0.0679225030083622 0.0851827562930463
"ufb163" 0.637876161121744 0.684972734551553 0.191857879655025 0.182336817880817 0.13348252862307 0.0709360472728715 0.150145584940611 0.103932939082605
"ufb164" 0.623733023923604 0.686480761855667 0.200258996652505 0.184475334695661 0.141370079989897 0.0800753889985955 0.160327781058878 0.115675477169805
"ufb165" 0.677090375574098 0.61084216733636 0.150654351739139 0.381030452111129 0.111657085013167 0.0667657655852605 0.0762110122758092 0.0784442446922451
"ufb166" 0.657372763815014 0.666786997337925 0.180486240257296 0.239919030701088 0.123240738233089 0.0805917870976159 0.131536425820993 0.089186341088816
"ufb167" 0.654991008018322 0.702433209551127 0.20725471142213 0.160808513648587 0.145785563837144 0.0885160201426099 0.159804219541639 0.135968494752536
"ufb168" 0.593023255813954 0.68755152514427 0.200210087648469 0.588012895329996 0.161717862370871 0.0707354638251521 0.063304001002828 0.102655528661029
"ufb169" 0.677065282249836 0.603370027037466 0.148373785522334 0.430650164026465 0.112966967666156 0.0704714514152579 0.0648884872177437 0.0717433898972343
"ufb170" 0.665158240123056 0.594015262532143 0.144535355994396 0.371090701255056 0.107139427852721 0.065764792487445 0.0694685471999082 0.0653918608348159
"ufb171" 0.664805410133485 0.635976629110294 0.149653827182396 0.289086825201818 0.107930586779194 0.0639448032980079 0.0965464274681474 0.0586709852460663
"ufb172" 0.694815627700329 0.6928752910348 0.184334365321993 0.325398116399003 0.139060668092465 0.085441912649151 0.119051168650248 0.0996883071573096
"ufb173" 0.581395348837209 0.700716145833333 0.210177588562175 0.581029353011625 0.16615884351145 0.0771304227722915 0.0744295382884073 0.128531200066501
"ufb174" 0.638653354110138 0.724843669992397 0.222558387946286 0.0815852991742326 0.15698187991648 0.0666106903091908 0.184543195223593 0.151280173539013
"ufb175" 0.743070939807642 0.793799046493967 0.234406722008959 0.369619122516262 0.176675377356205 0.113228625736884 0.167235314594227 0.16966751808829
"ufb176" 0.597701149425287 0.754713974610931 0.248432919687428 0.60436922413976 0.197786530357731 0.0952786522271571 0.119977566928092 0.180765783476051
"ufb177" 0.736957322789588 0.722366465900618 0.169680655916451 0.452207871175363 0.128065509307535 0.0906196848303198 0.103288475860722 0.0746571222408915
"ufb178" 0.656618723471845 0.667353226219767 0.180591364003511 0.251335193456458 0.125454578414281 0.081259931039477 0.13164782864161 0.0899536808655048
"ufb179" 0.653880713503416 0.65933034133813 0.176650532968757 0.243109086187177 0.123516617525247 0.0815611113675581 0.125290648434861 0.0881622396549315
"ufb180" 0.698463200994638 0.692037891354975 0.169679044420923 0.377182828973536 0.123153876646704 0.0838116527390889 0.108213160522691 0.0773046110541933
"ufb181" 0.674940404543201 0.744532488114105 0.198309418545092 0.555562489510227 0.157019444001232 0.0932403651628729 0.0903549052718817 0.116232139580678
"ufb182" 0.775638785696063 0.759046467861132 0.17951490711472 0.544666155336244 0.140893360371706 0.0823340426428188 0.0873466926607693 0.096480143705178
"ufb183" 0.752941176470588 0.808256382400869 0.210617171662782 0.749911598542961 0.170955386711677 0.0815237994838597 0.0747767214028934 0.153749567207258
"ufb184" 0.633286451741241 0.721739709900264 0.223032123562236 0.0798246877909067 0.156811669912437 0.0832158049782613 0.185418865637195 0.145263969606269
"ufb185" 0.612784145795372 0.675379326526212 0.192493960350986 0.0906769436025344 0.133140946302079 0.0561860065506412 0.153398794772998 0.115956315972731
"ufb186" 0.604018733663959 0.654962364216432 0.182299955440486 0.0907085038022936 0.123883264461622 0.0543571488390048 0.142561167668839 0.10439190750117
"ufb187" 0.590011001116488 0.597552859183449 0.158806593708301 0.102553940788037 0.108193410428237 0.0612105131309096 0.11196314380302 0.0737276533751639
"ufb188" 0.585839049906193 0.589071328998755 0.157764817761397 0.137665970989654 0.110125496633714 0.0681504209340718 0.10512484981009 0.0720783780456751
"ufb189" 0.64986556342078 0.637056529218401 0.169756197290264 0.321504354515308 0.12996742860259 0.0647927419359394 0.0882193692355693 0.0865916699104294
"ufb190" 0.629958320483177 0.705029279826961 0.211526817282391 0.138273272580108 0.14739313876882 0.0675460805984176 0.172974987233806 0.128363229332165
"ufb191" 0.633922130324385 0.656253768960772 0.177525278939017 0.205054928522106 0.123624553792176 0.0717817863705627 0.131766520092051 0.0869265135874449
"ufb192" 0.640385828236006 0.687929101489509 0.194872828245856 0.193633767712006 0.132665046276973 0.074966755031998 0.153332031063891 0.105911548651044
"ufb193" 0.630230549077149 0.708103098601651 0.214958445784271 0.159296284359806 0.150217982299382 0.0688155513476346 0.176575484372058 0.130709361208134
"ufb194" 0.629320441382504 0.65082501948762 0.176624869540216 0.219522103982478 0.127294550810425 0.0766740514852851 0.133212225036245 0.0892049321087464
"ufb195" 0.655519492411324 0.648237736828445 0.168627451405371 0.263396097269982 0.121445341695895 0.0750169942116275 0.114133847556823 0.0843634658308887
"ufb196" 0.668223627198359 0.750081166804026 0.198699906737673 0.547337398897269 0.15686278018815 0.0909926857303045 0.0907314312589704 0.106632127607113
"ufb197" 0.779256012006787 0.797992978531705 0.226476635243061 0.450794423716708 0.176096072790618 0.112401579239203 0.150440411684506 0.15940491731064
"ufb198" 0.662629344305816 0.663805477791052 0.173149172953329 0.251992116186848 0.124825963056336 0.0781796024500176 0.121570876368044 0.0852428237837591
"ufb199" 0.661992626389502 0.657561965173873 0.171931231992697 0.263396097269982 0.124246452140334 0.0774723759979824 0.11765417956966 0.0874498108916844
"ufb200" 0.740096201939729 0.641196913658972 0.158736008719832 0.506744069860069 0.119752093183433 0.0728776211749289 0.0642088288427289 0.0849215724560417
"ufb201" 0.708820611602451 0.734624985816408 0.18864476230552 0.49970379234948 0.146736862357392 0.100707546674453 0.0974436601322283 0.108817834346483
"ufb202" 0.613341437181239 0.725783049597873 0.227156783272163 0.0343970688920816 0.159296936926472 0.0891919489174458 0.189743201413825 0.151839773728981
"ufb203" 0.63191426676346 0.620530185893893 0.151943210980307 0.296878858227119 0.10779951359417 0.0688196150266491 0.0989804764783971 0.066281768077945
"ufb204" 0.654759641196601 0.62983362364106 0.165513894901594 0.287017512514498 0.118971076849373 0.0721149300406745 0.107576037670644 0.0821234828980676
"ufb205" 0.639093355589761 0.597285396303107 0.144212191490396 0.308554108461189 0.101040203338603 0.0605388583603998 0.0806784719106976 0.0631443720328371
"ufb206" 0.630538599979195 0.650670727955203 0.175122596717659 0.205054928522106 0.121377581671672 0.0689058913034451 0.12923016354182 0.0857865251809038
"ufb207" 0.739932316967844 0.759114091424254 0.205946045136141 0.56558802457967 0.165407289867369 0.0920012051647644 0.0993119945921035 0.137719241755662
"ufb208" 0.646480383964426 0.637604821802935 0.168828565698026 0.447976206730833 0.125445105111265 0.0666556775643876 0.0574414972761245 0.0843088636494511
"ufb209" 0.682170851040479 0.628490604162457 0.142683262566839 0.42215866022385 0.109030468164903 0.0640489546369669 0.0586641528726278 0.0593071436230577
"ufb210" 0.673377470421844 0.739987934474918 0.207171780542161 0.476248871923634 0.160063450696797 0.0966628250788615 0.10092316866376 0.1283459652982
"ufb211" 0.670688124658107 0.709999100657578 0.21172546735993 0.247000161194242 0.154835571891223 0.0991783956805018 0.142698642656117 0.143348528488406
"ufb212" 0.627437287652217 0.624557544695119 0.168789280609827 0.228400737094207 0.121084249305829 0.0738755600996268 0.120942535944116 0.082366642088489
"ufb213" 0.663993525383976 0.656634172698815 0.170340145654295 0.298612544292418 0.128857812616751 0.0690219793131832 0.103916966502125 0.084525499271226
"ufb214" 0.620137827736665 0.668977898634316 0.18788748787159 0.182363581518078 0.130321362024504 0.0717455738967906 0.146721755796259 0.10272385964649
"ufb215" 0.660043098712572 0.669099930362117 0.177960210929972 0.228928992057926 0.127609697313376 0.0712668480383151 0.130686885917051 0.0861193289576785
"ufb216" 0.65365418930745 0.656092060054801 0.172255879474181 0.240336973554085 0.124153471510332 0.0695193958270879 0.122807119940319 0.0815090039298754
"ufb217" 0.700607760714775 0.741649963878523 0.214984117340776 0.242610988851898 0.157578431224036 0.0936315305941814 0.160482855554301 0.142556790554798
"ufb218" 0.583584953575942 0.538118252004154 0.136195525887989 0.18305731204457 0.0954751157849506 0.0545621861424172 0.0863951333010673 0.0551360802671772
"ufb219" 0.885057471264368 0.913275889580341 0.192394944107163 0.883644754354742 0.168241075440512 0.0813271595430489 0.0543617664142391 0.137826641992364
"ufb220" 0.679111956450663 0.626659141529686 0.141463678657171 0.42215866022385 0.108375152409492 0.0641104178090476 0.0573250467959318 0.0563088537250584
"ufb221" 0.687424617127041 0.637469208563019 0.144245467872808 0.404316469606419 0.110125116145606 0.0689530223558598 0.0691532214680725 0.0586871323133804
"ufb222" 0.618770788735131 0.666806875514626 0.189963568373565 0.193563250798867 0.129541554850738 0.0806291996308687 0.148905512599647 0.104352110817836
"ufb223" 0.744186046511628 0.635569285083848 0.151756525254481 0.744064340913154 0.123304013359008 0.0589257705504007 0.00541468540686731 0.0679246289649484
"ufb224" 0.772389829775997 0.70233009120383 0.162887145188945 0.670369322539355 0.128356626726636 0.0798441731715581 0.0500722019678301 0.0836138573281374
"ufb225" 0.677659607247626 0.630840518354071 0.168725025483632 0.342972529653044 0.122905004180622 0.0806860154660632 0.095523398519016 0.0953394523873951
"ufb226" 0.732558139534884 0.642759961127308 0.147947989434218 0.732308377850232 0.117745983746116 0.0566632888804952 0.00180214065170689 0.0565454507435634
"ufb227" 0.659971668468733 0.676770153953274 0.184578035103524 0.239971544737031 0.127968505620307 0.0819435776258572 0.137691360326129 0.0926063137407092
"ufb228" 0.63953488372093 0.67612551159618 0.176752294199182 0.639293003333109 0.136866838915009 0.0638545441747495 0.0348613721920793 0.0700400458687314
"ufb229" 0.759577111482787 0.732498476418896 0.171495770105486 0.481174528587407 0.129526339999971 0.0773017520983797 0.0905296579482156 0.0835999649947187
"ufb230" 0.740658275408801 0.720123454842763 0.17047053587111 0.458567086295773 0.127909181668584 0.0879577945730841 0.104121611317164 0.0769495228993936
"ufb231" 0.714566751624524 0.62598260981166 0.151303801522966 0.595227173265254 0.120437832265502 0.0705785357777129 0.037644265592933 0.0587905139012902
"ufb232" 0.624666169245051 0.662649942154296 0.182460258216335 0.158726754024748 0.127559699544311 0.0837236440720899 0.13144282452249 0.108223591783875
"ufb233" 0.754097059265496 0.729909937768157 0.174848385428676 0.492712884293888 0.13209611470558 0.0808950906326293 0.0942099097740119 0.090548837865494
"ufb234" 0.670615824475772 0.683395770497788 0.18221737953415 0.310237640527509 0.138537316856996 0.0831312875666636 0.1167451004764 0.0964067492247999
"ufb235" 0.627218676030938 0.601058456093551 0.141509526915436 0.274048192455208 0.0985355674669828 0.0587166662220175 0.0818975027113701 0.0569121732913162
"ufb236" 0.660806957217754 0.669923883774509 0.176245777781779 0.243369642589082 0.1275702978537 0.0819620267416191 0.127042679189069 0.088191577291486
