0.1316197 0.1316197 0.1323164 NA 0.03649067
NA NA NA NA NA
0.04758696 NA NA NA 0.1166684
NA 0.08054418 0.2649905 0.1818485 0.08097121
0.1573162 0.04927642 -0.02730778 NA NA
0.2877732 0.1658988 0.01438832 0.06243322 0.01529472
0.09042233 NA NA 0.1067174 0.09350801
0.1346104 0.2963627 0.04721112 0.05269868 0.1052749
0.1430878 0.08268843 0.0476826 -0.002578966 0.09525771
0.1306116 0.2574929 0.1155838 0.03707705 0.07491845
0.03042853 0.06930748 0.07615493 0.08819641 0.1487048
0.04638195 0.2870425 0.1194064 0.1083195 0.2392308
0.1038751 0.06619201 0.07974554 -0.0345973 0.1095701
0.04806945 0.03062959 0.08820739 0.1156009 0.04904488
0.14388 0.005687598 0.02531141 0.0411394 -0.0007397182
0.1136555 0.08900535 0.0563854 0.005096933 0.009160175
0.006056125 0.02784466 0.1036385 0.0308808 0.0430236
0.03805723 0.04802455 0.0300732 0.003524711 0.01724678
0.02628698 0.04400303 0.003602123 0.001867384 0.02961926
0.02418625
