NA NA NA NA 0.1521985
0.1060373 0.02550985 NA 0.01502726 NA
NA NA NA NA NA
NA 0.06357079 0.1540335 0.1134003 0.2486338
NA 0.2465482 0.2604908 0.03986566 0.106159
0.1265699 0.09099447 NA 0.1491659 0.1139083
NA 0.1234636 0.1668664 0.1161211 0.1029334
0.05090238 0.03198312 0.07009834 0.09131176 0.0334951
0.1828903 0.1731704 0.07501746 0.15506 0.2205286
0.07966859 0.1698759 -0.003497003 0.02682051 0.1207401
0.04251653 0.1343944 0.08819473 0.09605452 0.1408905
0.07615716 0.1340712 0.1904293 0.1355607 0.1585487
0.0735514 0.2797958 0.04393876 0.1028618 0.05591136
0.04141966 0.03324299 0.1316459 0.06873289 0.09064665
0.07350061 0.03746328 0.05748174 -0.007261956 0.1206334
0.03346081 0.02950481 0.009054382 0.1213235 0.01741359
0.02033885 0.01258553 0.04184488 -0.01139009 0.07990694
0.03265827 -0.003721068 0.01797745 0.0241261 0.112353
0.01201643 0.004821443 0.07301247 0.06254231 0.02869074
0.0665014
