NA NA NA NA 0.08708751
NA NA NA NA NA
-0.04477009 NA NA NA 0.146576
0.1503228 0.02585029 -0.002983049 NA 0.05115681
0.073845 -0.01691914 0.02787961 0.2095488 0.06544479
NA NA NA 0.1525686 0.1487126
0.08183724 0.05900772 0.1085533 0.08223259 0.08050264
0.05786077 NA 0.0815357 0.09249805 0.2633189
0.08272646 0.01788356 0.27455 0.2250195 0.05748848
0.2491686 0.192596 0.1643893 0.07476864 0.0231873
0.07726969 0.1720614 0.2060528 0.05726429 0.03874217
0.09832384 0.03991501 0.01957523 0.1416334 0.06750594
0.1130197 0.02131995 0.1017511 0.1762653 0.1400919
0.06547342 0.06078285 0.1569709 0.1208664 0.03319541
0.03441883 0.05838324 0.0335731 0.0697315 0.1028031
0.02997255 0.06306966 0.04715407 0.05556684 0.04343282
0.0728176 0.0009191257 0.07232949 -0.006963231 0.04951245
0.01856268 0.02828067 0.04328833 0.02539578 0.02348644
0.1332136 0.04020505 0.02787294 0.05199957 0.0359994
0.01875107
