NA NA 0.06169224 NA NA
0.1782363 0.08054418 NA 0.1811972 NA
NA 0.1563156 NA NA NA
NA NA 0.1642728 0.1440635 -0.003597344
0.1253862 0.1976736 0.01193002 -0.01734147 0.2425879
0.1246181 0.01601479 0.1715426 0.1791167 0.09711836
0.06339268 0.1511582 0.2700683 0.2654606 0.07271271
0.01669118 0.2187255 0.03878445 0.08266374 0.03041418
0.2663308 0.04741951 0.1527285 0.06866224 0.07780181
0.2173516 0.1835598 0.01704858 0.1019813 0.1803714
0.07183107 0.216697 0.2243003 0.06598894 0.08340504
0.1750242 0.09002489 0.1666497 0.08331174 0.1147181
0.07518778 0.1335454 0.04762633 0.0310991 0.1364328
0.06562398 0.03867329 0.1289879 0.06759692 0.02485633
0.1254825 0.04496144 0.05536881 0.05342961 0.1404144
0.03311297 0.04586562 0.04423313 0.1058763 0.08786207
0.03547818 0.02797309 0.009287519 0.04615716 0.02059973
0.06182554 0.02703704 0.0492564 0.003539759 0.006013832
0.01340548 0.00103564 0.02918845 0.04544987 0.03449137
0.05287132
