0.1942937 NA 0.3211072 NA NA
0.1423914 NA NA NA NA
0.1944882 NA NA NA 0.08054418
NA NA NA 0.1311785 0.06293194
0.1153705 NA NA 0.1511582 0.1316197
0.09212746 0.08799081 0.2499546 0.0284995 0.06499032
-2.968128e-05 0.1580894 0.1560907 0.1194966 0.1673049
-5.304499e-06 0.1327248 0.1169644 0.2462321 0.1215717
0.1513462 0.02975427 0.07844412 0.01773549 0.05850797
0.2923041 0.02112437 0.04899732 0.2688819 0.1051231
0.2199402 0.1499456 0.03922406 0.02488606 0.00568807
0.2083555 0.1321019 0.07370381 0.08305701 0.1061106
0.2402884 0.1484724 0.03080875 -0.0292127 0.05816464
0.007818353 0.01838784 0.108771 0.02260762 0.1168136
0.05801528 0.04201356 0.0805545 0.1602256 0.01425436
0.08372071 0.1131215 0.036313 0.09905214 0.1219527
0.009534188 0.03746638 0.07489142 -0.01092372 0.009167463
0.00832747 0.006719674 -0.005867538 0.02982789 0.02895352
0.006215435 0.02361192 0.0673523 0.02464992 0.0358882
0.0366977
