NA 0.2996547 NA NA 0.1521985
NA 0.3263553 NA NA 0.09756056
0.197395 NA NA 0.1511582 NA
0.1246181 0.1323224 0.01033632 0.2029307 0.2290873
0.09584662 0.1033701 0.2973128 0.0383721 0.02638913
0.1041221 0.08561499 0.1323681 0.1316197 NA
0.1939246 0.126222 0.04727401 0.2123121 0.1013272
0.04740824 0.07320477 -0.05940636 0.07451579 0.1313557
0.1480659 0.07981649 -0.04777642 0.2078057 NA
0.2086589 0.07621754 0.05679739 0.1981524 0.06578762
0.06508612 0.3319313 0.04591654 0.106875 0.1141827
0.02837768 0.07067491 0.007046119 0.08647691 0.02542595
0.05556749 0.1018504 0.1230801 0.1396034 0.07048928
0.1770307 0.02151266 0.146988 0.05199039 0.09326228
0.05001124 0.1010128 0.072704 0.04781098 0.0230505
0.1940028 0.07075835 0.02528843 0.02563499 0.03738145
0.004081486 0.03366113 0.005761233 0.09446982 0.02474423
0.03193527 0.03589753 0.07668014 0.02485827 0.04626139
0.02499586 0.04113127 0.09278631 0.04999656 0.0191936
0.008213197
