NA 0.1706968 NA 0.141892 NA
0.1099102 0.08708751 0.09756056 NA NA
NA NA 0.2982543 0.2046905 NA
NA 0.1873517 NA 0.2896947 0.07328606
0.09868217 0.1396456 0.2080981 -0.006176867 0.1998058
0.107328 0.1487277 0.2209303 0.1636065 0.08941096
0.2623943 NA 0.2331364 0.1198409 0.06764847
0.006064491 0.04017491 0.2424269 0.02998802 0.2084931
0.02487127 0.09940898 0.02812764 0.11363 0.05379648
0.1233384 0.0212871 0.2148043 0.08545736 0.02276198
0.1000967 0.1844925 0.04331945 0.1126775 0.1895804
0.08047031 0.06317038 0.03890796 0.1901039 0.07101497
0.09451183 0.07090974 0.09642013 0.06799536 0.04254567
0.0543667 0.1130586 0.115689 0.1543799 0.05213353
0.05102327 0.062375 0.07198305 0.05840973 0.07857554
0.06848642 0.03510482 0.07977589 0.1412455 0.07328228
0.01984461 0.04318833 0.04036295 0.02368965 0.04069201
0.01280597 0.02102662 0.05686335 0.02438587 0.06592467
0.03458878 0.01287595 0.05528711 0.08774639 0.07206755
0.03178998
