0.05100704 NA -0.0101778 0.1033973 NA
NA 0.1268076 NA 0.1251068 NA
NA NA NA NA NA
NA 0.1215315 -0.04532593 0.07989672 0.1609711
0.1287048 0.1241939 NA 0.1314956 NA
0.1394929 NA 0.1350719 0.2065836 0.1980294
0.08298609 -0.02367132 0.05697467 0.04324048 0.09970308
0.01503463 0.1575365 0.1169623 0.1252267 0.06558748
0.08741901 0.06557479 0.1947293 0.04459056 0.1507701
0.003605292 0.1226406 0.1685087 0.09017648 0.2042347
0.1498968 0.03897976 0.05252079 0.01220132 0.1219669
0.08941285 0.07608181 0.1539742 0.05313891 0.03294822
0.02469072 0.05359629 0.09457341 0.09306095 0.09103924
0.1144461 0.04328658 0.05433257 0.09814831 0.1476923
0.1145135 0.04483534 0.01924179 0.0643556 0.03240167
0.07113773 0.03330894 0.2056482 0.1137935 0.09474432
-0.003550767 0.004790261 0.005886923 -0.01280873 0.004687311
0.09180482 0.008538094 0.07637066 0.04152248 0.005733067
0.001714027 0.03636827 0.09930468 0.0128508 0.0002459237
0.06277833
