0.1944882 0.3037002 NA NA 0.2013035
NA 0.1495475 NA 0.1843704 0.1503228
0.1939246 NA 0.1825364 0.2207228 NA
0.03260909 0.0970449 0.02090118 0.08588028 NA
0.1756724 0.0213343 NA 0.1012615 0.06731966
0.2104293 NA NA 0.08736106 0.2247481
0.1227919 0.1217371 0.05218049 0.05285942 0.05761849
0.1320926 0.06363248 0.03863601 0.3304176 0.1098381
0.06086621 0.1904646 0.08137569 0.1247644 0.1536454
0.06398339 0.05074312 0.1101821 0.03391686 0.05795152
0.06915194 0.05745866 0.07116571 0.08571886 0.0262394
0.09260623 0.079548 0.1310634 0.02487422 0.07723773
0.1426245 0.2293621 0.05451888 0.1218951 0.09751243
0.04893843 0.07361721 0.1491957 0.05775616 0.1389681
0.01140247 0.00418369 0.0411327 0.03659717 0.1030692
0.07366194 0.08073725 0.08867194 0.1442334 0.06623235
-0.004580057 0.004706186 0.02370823 0.01510035 0.005729813
0.03498881 0.001370733 0.03471706 0.06119579 0.1609242
0.08164417 0.03607519 0.002026667 0.006456913 0.1058206
0.05279982
