NA NA NA 0.2819882 NA
0.1099102 0.1316197 NA 0.06755995 0.148538
NA 0.1978993 NA -0.02631701 NA
NA 0.1419242 0.2902041 0.08830745 0.06115486
0.06984661 0.2005995 0.08599541 0.2704176 0.202981
0.007440477 0.03615693 0.1411259 0.1485321 0.0957036
0.1653491 0.1441392 0.1493267 0.1006617 0.1735798
0.1961829 0.03114438 0.2520616 0.03000238 0.08159278
0.05471487 0.09473478 0.2039925 0.1302352 0.05867851
0.0806134 0.2662898 0.03654043 0.01464366 0.1621061
0.1278573 0.02626439 0.0834747 0.1196838 0.03171658
0.1146199 -0.01449986 0.07599404 0.1528187 0.1232221
0.1065302 0.1366316 0.1274444 0.1314727 0.03582819
0.07655907 0.03969488 0.05113382 0.02423346 0.03793364
0.05873808 0.03087083 0.06802053 0.08978225 0.02671257
0.02723398 0.06411442 0.04125153 0.08580695 0.01478685
0.03420229 0.03309571 0.07214285 0.04957824 0.06315012
0.02663584 0.04437968 0.01194071 0.03223828 0.04136001
0.05199028 0.0008368965 0.05395238 0.05333038 0.008976469
0.04461759
