NA 0.1251466 NA NA 0.1944882
0.1511582 0.09947978 0.1924995 0.1846319 0.03768085
NA 0.1138852 NA NA 0.03512885
NA -0.03379957 0.02070544 NA 0.3033075
0.04994041 0.20295 0.07200849 0.1021289 0.2671942
-0.04929628 0.2758607 0.08440938 0.1385989 0.1099102
0.1706243 NA 0.1380645 0.05630013 0.0198992
0.009844087 0.230994 0.2647652 0.2780795 0.131304
0.07581579 0.1765763 0.01844233 0.1101899 0.1737411
0.03316719 0.06231252 0.06101538 0.1060372 0.2152453
0.0243843 0.1763075 0.08052989 0.1133861 0.043494
0.05271098 0.08776944 0.04973612 0.122473 0.20248
0.05061325 0.05489828 0.194595 0.06496123 0.2782249
0.09465294 0.05763923 0.194469 0.05348007 0.09408103
0.02610279 -0.01130954 0.06905517 0.08692095 0.05460816
0.02383626 0.08267328 0.1488854 0.1610777 0.007280076
0.1356862 0.02241314 0.02038489 0.03231897 0.02022101
0.03881063 0.05387575 0.03491299 0.0005733539 0.06625573
0.01941889 0.01313042 0.01916481 0.007643384 -0.008308901
0.06993428
