0.2940434 NA NA 0.08635386 0.03639282
NA 0.2830857 NA 0.2819882 -0.0463983
0.1033973 0.1316197 NA NA NA
NA NA 0.1246181 -0.04671576 0.1668529
0.008286818 0.1164814 0.0768377 0.1068357 NA
0.3287666 -0.04171553 0.2670687 0.1564603 0.1378032
0.01710201 NA 0.1157371 0.06001369 0.1199134
0.03430978 0.1228306 0.06219826 0.0552733 0.184258
0.2177488 -0.009269506 0.03204873 0.1019543 0.03589903
0.08139522 0.008751891 0.1665825 0.08645961 0.008444823
0.02987478 0.08120699 0.08565065 0.2188256 0.1196015
0.1790811 0.2137684 0.0222938 0.1360935 0.1293356
0.1479209 0.136798 0.06787363 0.1240414 0.06161787
0.0761338 0.04264804 0.01019988 0.08595141 0.2399631
0.1903345 -0.003405392 0.06316083 0.0487739 0.07803414
0.08448463 0.06064211 0.06701968 0.06908803 0.0325141
0.03773713 0.1112562 0.01001337 0.02867637 -0.0002173592
0.01055181 0.03115462 0.06438763 0.09496206 0.02524753
0.03000129 0.04475536 0.02217112 0.007772254 -0.001112337
0.03630908
