NA NA 0.05202269 NA 0.3011636
NA 0.1726885 0.1266398 0.243042 NA
NA NA 0.141892 0.1831963 NA
NA 0.08663795 NA 0.2216039 0.1084809
NA 0.03396074 NA 0.01181417 0.3020781
0.06936902 0.2794843 0.08151308 0.1153879 0.1176332
NA 0.1081873 0.1152985 0.1227802 0.07927452
0.06161917 0.04924189 0.1848971 0.03172286 0.01460997
0.1053731 0.01613352 0.1460102 0.1076773 0.09317231
0.1066923 0.05441646 0.2348614 0.07590059 0.09906508
0.01115602 0.06902326 0.1473136 0.06391279 0.03072018
0.1374279 0.120685 0.1915272 0.1465936 0.1854083
0.08123613 0.2086899 0.2482322 0.01858515 0.08791497
0.07287995 0.03276256 0.1408107 0.04228983 0.1399404
0.06279246 0.04694469 0.1157345 0.08962328 0.07125797
0.0731876 0.2572753 0.1118918 0.2093606 0.1740115
0.06412147 -0.0004756498 0.04008863 0.0876803 0.06034317
0.03173826 0.02033915 0.01995962 0.05872464 0.01772493
0.02157031 -0.006858482 0.05188663 0.06783882 0.02574632
0.0134937
