0.1987224 NA 0.1251068 NA NA
NA 0.1263012 NA 0.1127362 NA
0.1706968 0.141892 NA NA 0.1503228
NA 0.2824993 0.002990831 0.1487089 0.05604411
NA 0.2306699 -0.03700892 0.1508428 0.04136571
0.1524878 0.3064563 0.2052414 0.2527543 0.08758037
0.1309624 0.2087741 0.1320708 0.06257812 0.02503562
0.1354409 0.2058 0.04680002 0.1711701 0.1844406
0.05966315 0.1246181 0.09961633 0.04290599 0.1328115
0.07626826 0.1580441 0.03093679 0.2455487 0.1419146
0.08178756 0.1629919 0.1908851 0.2437371 0.06176598
0.0006632813 -0.01413463 0.05229046 0.06119831 0.06096906
0.1876407 0.09158964 0.1783859 0.06572116 0.08540175
0.07147925 0.01877149 0.1545299 0.1318059 0.08659295
0.0439145 0.0429279 0.116164 0.1613645 0.05084965
0.02058568 0.0668508 0.05473748 0.01579845 0.04628826
0.007419892 0.01224197 0.04778469 0.04980971 -0.00327951
0.01083322 0.009674577 0.08924123 0.03069207 0.01571037
0.001940095 0.1652947 0.1045067 0.005395273 0.01358657
0.02766831
