0.132228 NA NA NA NA
0.2996547 NA NA NA 0.1976736
NA NA NA 0.1522437 0.1503228
NA 0.02483563 0.2401564 0.2095769 0.03406555
NA 0.2889187 0.08423518 0.0524782 0.1294849
0.1275827 NA 0.140079 0.0530649 0.14897
NA 0.1000396 0.09075605 0.1738904 0.0819933
0.12513 0.07041004 0.05852685 0.1043487 0.2142942
0.1100537 0.175976 0.10891 0.2335851 0.1385454
0.1960855 0.1120205 0.01081567 0.214437 0.02688142
0.2538608 0.07777292 0.1743927 0.1474702 0.2067803
0.0895003 0.247972 0.1647655 0.06596679 0.1076876
0.1157581 0.07957471 0.2190567 0.01553179 0.06219559
0.06038906 0.07720539 0.1070139 0.05499692 0.04500699
0.1504437 0.02380524 0.05647501 0.1241053 0.2053581
0.04842341 0.04890136 0.1373373 0.02903669 0.0345576
0.02122613 0.01729229 0.04300161 0.0148715 0.01354832
0.02129633 0.05944746 0.03240091 0.02666295 0.02427176
0.03369826 0.04030343 0.03565418 -0.001273535 0.0182565
-0.001352806
