0.2634175 0.2200093 NA NA 0.2819882
NA 0.1309624 0.1251068 0.141892 NA
NA NA 0.2256638 0.1555159 NA
NA -0.005150234 NA 0.04677561 0.01294075
0.06662133 NA 0.1881213 NA 0.2761233
0.2193238 0.08113744 NA 0.1976736 0.2083117
0.06732445 0.03723311 0.2195888 0.1005813 0.1249216
0.1703036 -0.06368626 0.1689265 0.2872325 NA
0.03146877 0.2854745 0.2278197 0.1117898 0.003584155
0.0621206 0.1517279 0.04052574 0.04470512 0.05688259
0.1755492 0.1148117 0.02335216 0.166641 0.03310114
0.1089664 0.051585 0.1573054 0.1843407 0.1251988
0.1490577 0.09122249 0.06082165 0.2526551 0.05562263
0.07353613 0.0833027 0.06909488 0.142403 0.1187763
0.03512653 0.02587521 0.0258025 0.02683846 0.02989647
0.1722879 0.03706796 0.1034568 0.03826163 0.1155767
0.02736235 0.007470943 0.02022797 0.05375981 0.009176329
0.0328065 0.03243367 -0.008675324 0.03632074 0.03718027
0.06328226 0.05821408 0.02704025 0.06129284 -0.002477105
0.06936628
