NA 0.1316197 NA 0.07843671 NA
0.09124547 NA 0.1502439 0.1217007 NA
0.15023 NA NA NA NA
0.1939246 0.276715 0.05291632 0.09716318 0.1939246
0.1537029 0.04518337 0.1563156 0.2237692 0.1153536
0.1241953 0.2089216 0.04612965 -0.02953154 0.08964551
0.1099102 -0.04777642 0.1154043 0.2095902 0.04777975
0.05144348 0.2493109 0.04440526 0.07923392 0.05564211
0.04332274 0.2471366 0.1302371 0.02622855 0.1589305
0.04490118 0.1013637 0.09516624 0.09551762 0.1082909
0.1238927 0.06562792 0.0339273 0.1122467 0.007978645
0.07586197 0.01427601 0.1145864 0.1178435 0.09805413
0.03625031 0.0807147 0.1511435 0.06847885 0.05719858
0.1230671 0.06474198 0.06089126 0.05020055 0.05613723
0.07102834 0.09744034 0.0296701 0.04997503 0.02886141
0.03554501 0.02343384 0.02130389 0.06808217 0.1540712
0.02087468 0.02917935 0.01708088 0.016441 0.1668665
0.03969897 0.03454605 0.01521396 0.04545687 0.06492281
0.06675131 0.0335016 0.0087803 0.1054634 0.009561376
0.02350039
