NA NA NA NA 0.1246181
NA NA NA NA 0.2819882
NA 0.2624803 NA NA NA
NA 0.2494315 NA 0.01721631 0.02568886
0.07585813 NA 0.1073221 0.2767662 NA
NA 0.1703088 0.1148028 0.1140136 0.1798813
0.01332103 -0.01129318 0.08820114 0.2021509 0.1996654
0.174768 0.05017669 0.1014981 0.03904334 0.1687273
0.1331637 0.08254185 0.09534079 0.1274902 0.1691343
0.01124836 0.02132942 0.03042946 0.06057822 0.1022593
0.05057941 0.04774918 0.1827075 0.08626844 0.002946043
0.1101001 0.0437442 0.08507948 0.0647693 0.08957119
0.02388924 0.03921386 0.03477311 0.1158837 0.1863198
0.1122615 0.06191996 0.07988589 0.0794492 0.09657531
0.0449246 0.04874456 0.1513052 0.1230951 0.1176482
0.07045774 0.1316498 0.03333945 0.01237507 0.08371515
-0.0008990021 0.01864268 0.02241012 0.07497646 0.02629621
0.04445866 0.02048134 0.005381318 0.08109971 0.02841911
0.001069628 0.06261371 0.0164757 0.01636504 0.03386635
0.0967567
