0.1706968 NA 0.1115041 0.1246181 NA
NA NA NA NA NA
NA NA NA 0.0426659 NA
0.07513234 0.2935824 0.3025685 0.2086632 0.200206
0.1973896 0.289295 0.1330381 0.0380262 0.1487638
-0.0451142 0.1883767 0.04484156 0.2704951 0.2996547
-0.03707486 0.0204086 0.02617217 0.1077825 0.2631189
0.07579966 NA 0.02763295 0.09998396 0.05324766
0.1321884 0.04162645 0.07203879 0.1574528 0.08702642
-0.01205386 0.1534853 0.291048 0.1385023 0.1498713
0.1359648 0.1060148 0.1206202 0.08272894 0.06791851
0.07211227 0.01937707 0.1753878 0.07595193 0.2134747
0.0989839 0.2128947 0.2464402 0.1005893 0.1152997
0.07091916 0.08371383 0.05694896 0.1643159 0.09164953
0.03245986 0.02231389 0.11229 0.08675839 0.04445664
0.1978931 0.1086312 0.110417 0.1833745 0.119755
0.01809041 0.01749366 0.04917594 0.04414912 0.009096935
0.04132431 0.06418487 0.1536016 0.006783902 0.04477736
0.05866049 0.02797221 0.09688315 0.06936335 0.07512467
0.04804552
