0.1316197 0.2996547 NA 0.1939246 0.0002771427
NA NA NA NA 0.1508126
0.2449525 0.1706968 NA NA 0.1783706
NA 0.07780168 0.1241939 0.04247817 0.3078487
0.1238382 0.1450758 0.116873 0.2410801 0.2681465
-0.0597088 0.1051301 0.1634771 0.01734049 0.008318991
0.03874144 0.1220367 0.1613617 0.2147978 0.1712899
0.1514756 NA 0.03526376 0.02284984 0.1203952
0.1031933 0.2754782 0.147298 0.06634818 0.02052664
0.1055026 0.1010189 0.2130165 0.1811122 0.1114034
0.168718 0.1843794 0.1525495 0.06867593 0.02177525
0.173514 0.1853555 0.140145 0.1712163 0.06147525
0.0532211 0.1867334 0.09432047 0.143936 0.06516198
0.0330352 0.01862913 0.05482347 0.07277541 0.08962431
0.091792 0.0412194 0.04396533 0.0410012 0.1234675
0.04953437 0.02334133 0.02684613 0.06142762 0.09584947
0.0551152 0.009899805 0.02895509 0.06139638 0.04355312
0.06083019 0.05687701 0.09263479 0.01913277 0.05980735
-0.001374795 0.02216732 0.0258036 0.04879582 0.04176674
0.04689404
