NA 0.2306499 0.1071205 NA NA
0.1246181 0.247847 NA NA NA
NA 0.1944882 NA 0.05470101 NA
NA 0.1682786 0.04599762 0.05705962 0.1880877
0.0576642 0.07181325 0.1660208 0.1153414 0.05726235
0.1217423 0.1847386 0.03710647 0.02380439 0.07160139
NA 0.06259951 0.1637994 0.04239616 0.1088017
0.1438202 0.06324036 0.2065318 0.1407356 0.08735329
0.2509359 0.1153213 0.2042101 0.04429931 0.02895656
0.1388615 0.08230014 0.2398296 0.2447043 0.04701046
0.2487637 0.02123603 0.04815857 0.1249901 0.01848507
0.09302743 0.2273804 0.2665565 0.1331274 0.1091843
0.2272569 0.2425207 0.2832909 0.1115582 0.0705954
0.05174994 0.09256411 0.1006288 0.04029823 0.04334884
0.1202681 0.07028847 0.08575743 0.04478736 0.06437579
0.02856896 0.08298577 0.1057388 0.06646384 0.07066151
0.004823058 0.003990663 0.02927042 0.07965079 0.01788369
0.02308411 0.03942666 0.005765971 0.05370304 0.05651203
0.08234501 0.123849 0.03161808 0.07276205 0.04102512
0.03964965
