"quartet" "wQuartet" "cluster" "phylo" "mutual" "shared" "clusterNorm" "wNrqs"
"mb49" 0.756845439547625 0.820766221228596 0.213605514494932 0.635079683990067 0.170065667033869 0.105002828825011 0.113348530338389 0.130308148198257
"mb50" 0.673588638010639 0.69770914176532 0.201265243790331 0.268232693995854 0.13822415901254 0.077733334370797 0.140869189533931 0.128578307039002
"mb51" 0.777030406106049 0.789355725555821 0.188797478354338 0.66868387694788 0.150891219912232 0.0895943208146508 0.0851573252871282 0.115582173173602
"mb52" 0.869047619047619 0.942480905978404 0.275546127474851 0.868924618261741 0.236135340981494 0.115648646798689 0.159207550416124 0.247100180105133
"mb53" 0.785616721954909 0.844106616393574 0.25741229614286 0.638283701614627 0.21028377571192 0.123204105014968 0.162543206971295 0.205768599682144
"mb54" 0.774812946663777 0.838898515431087 0.251668506376875 0.365094271388852 0.192717200938658 0.133078571172289 0.169938046879396 0.197174321856012
"mb55" 0.776470588235294 0.872273295979981 0.259484202347737 0.776250123638656 0.215367766732592 0.10668728968215 0.14127546821786 0.225220958055033
"mb56" 0.804505459690448 0.875970527650135 0.265222815113893 0.716101342714101 0.216600318047857 0.142087776551796 0.171255607772816 0.218370883583011
"mb57" 0.749342343979734 0.773882935705621 0.204442495962004 0.611389446982618 0.159459260862559 0.0947699168328627 0.103017323802093 0.131380917924936
"mb58" 0.808743713176566 0.787549821690791 0.200542472242191 0.668818574128196 0.160901686588884 0.0990725175061843 0.0983384034636242 0.138290316485941
"mb59" 0.738980746762941 0.790956034029472 0.208044888096332 0.573660870836498 0.160888191934885 0.108539088566104 0.121643001267993 0.133017617100009
"mb60" 0.716049382716049 0.706747967479675 0.179337493602054 0.715824689098876 0.142725780651108 0.0674449146615638 0.0454558875437275 0.106512431409096
"mb61" 0.71845176564481 0.700341804131372 0.189136049476254 0.482069118419459 0.144097973044548 0.0843751062902083 0.100575987750958 0.106700988558354
"mb62" 0.773809523809524 0.812891113892365 0.205985921251986 0.773714477747709 0.171087956404009 0.0816885139167067 0.0779763825907254 0.144160684645747
"mb63" 0.764705882352941 0.795122587376109 0.20982723161315 0.764531831355595 0.17433573491082 0.0826652644295169 0.0836917420111143 0.150340657993791
"mb64" 0.672978055669827 0.722962696249759 0.213196917216063 0.317948505708431 0.152353489468283 0.098704231344339 0.144061865079285 0.124978031682169
"mb65" 0.833333333333333 0.877661125692622 0.211674010719405 0.833352901640178 0.177750662927992 0.0850466806546739 0.0845814957332612 0.151572883464698
"mb66" 0.783573193175993 0.810742222008063 0.240846848786754 0.539936188922382 0.18796927385764 0.125853923207443 0.167272173052338 0.179144617057831
"mb67" 0.670762226807357 0.65743839129347 0.18276055401512 0.106312936810921 0.120086085827692 0.0655512706023616 0.130011278282464 0.104480728898214
"mb68" 0.617001314451603 0.649297886063057 0.186971739498103 0.116908232755551 0.117372225467106 0.0593427886825649 0.144723627014279 0.102382963066782
"mb69" 0.603195381367621 0.642508574325488 0.188567829938333 0.0586219048817523 0.120080129427969 0.0539553948465728 0.146645111309503 0.105999066148465
"mb70" 0.705882352941177 0.817303469477383 0.214995001092492 0.70570830194383 0.171611658187676 0.0807053214820544 0.0896844439096768 0.132363686332936
"mb71" 0.768292682926829 0.70558798999166 0.151654390717874 0.768157755068776 0.124038001303081 0.0571006895348986 0.0141044417326238 0.0772476564231564
"mb72" 0.618031068101725 0.648541621710493 0.186095738063029 0.116827583879953 0.116859358456182 0.0570262465175182 0.143448769046022 0.104457290848389
"mb73" 0.835294117647059 0.775756396536628 0.155337171771012 0.835131670049536 0.13058700635568 0.0635222255925718 0.0205034193945401 0.0858939522666115
"mb74" 0.61522774247691 0.651308946704938 0.189473889465862 0.105164575009852 0.119385353912204 0.0600365388162116 0.147595172175163 0.104018161683698
"mb75" 0.789021326234245 0.834275609873454 0.242068893005833 0.61036167460691 0.196913424217104 0.124657557639338 0.1590953090165 0.1861395200981
"mb76" 0.703278770533475 0.712326046626528 0.206414540555921 0.337510372143358 0.147896390342273 0.0887512890119769 0.142022009737083 0.140620295172381
"mb77" 0.734287565985019 0.763133546673005 0.213231181173144 0.241266572746748 0.157012519788575 0.0877032446662137 0.137069787139707 0.153092427021126
"mb78" 0.738095238095238 0.778639407825167 0.190587894067531 0.737907941444015 0.154658754174828 0.0696772440840484 0.0608784489692486 0.116949070843208
"mb79" 0.636504615207515 0.653315408395577 0.186672705295429 0.139868346428573 0.117163711470037 0.0595045011401531 0.141446824221808 0.105843869999902
"mb80" 0.776470588235294 0.764839749668121 0.163809574107575 0.776366157636886 0.131937462932927 0.0624340375395468 0.030328273574021 0.0909651936532592
"mb81" 0.800723220104834 0.833380847479591 0.208379687057735 0.688831118754551 0.167308440542499 0.103001205549748 0.107177541726292 0.140178435804675
"mb82" 0.75703675525098 0.840154560191868 0.249345717705969 0.388677563535192 0.191645835831326 0.118395961825267 0.153645231659633 0.194409415754861
"mb83" 0.655621391062487 0.643869423600327 0.175374420949481 0.107553059594014 0.114314593826701 0.0617477098500004 0.124151319213148 0.0960385413487971
"mb84" 0.598687091683315 0.629996733766374 0.183267922631198 0.070469957704512 0.115406818330311 0.0516423397404104 0.140832638432237 0.0999732246054087
"mb85" 0.668755299807385 0.704519718780295 0.184863845179211 0.328061922184718 0.127749974718158 0.0756743451851092 0.123340859226823 0.106789403098172
"mb86" 0.61197162123323 0.646952090491449 0.185691660534105 0.11673979273176 0.116874596325207 0.0568679931967078 0.142556324736374 0.10621918275198
"mb87" 0.72221747973137 0.72606725155651 0.194546688119191 0.200973739229505 0.139507760313317 0.0745925427999054 0.123799451779004 0.128509632315749
"mb88" 0.773809523809524 0.868942468369539 0.248821667792223 0.773773182668242 0.207449664244406 0.0997290525764423 0.12881523518659 0.216238341287092
"mb89" 0.762540988199109 0.687906103897513 0.17605093486028 0.457287068197857 0.127263438820414 0.079686247579664 0.0963745240812793 0.0987627210978833
"mb90" 0.627009421026817 0.639153219403149 0.174313490640713 0.0946032073370994 0.112833204710619 0.0562305461509421 0.127396039749991 0.0943824493957825
"mb91" 0.624574355066362 0.645226075982419 0.183723824378824 0.150973572808691 0.119303726815603 0.0628206031574657 0.132942258263809 0.10894320849665
"mb92" 0.801523960123489 0.769505869022538 0.170398938115039 0.648772853625063 0.130990688766675 0.0871216761915521 0.0796428514955026 0.0925134879980573
"mb93" 0.711503423107057 0.680842279108175 0.164951857518988 0.492198639465234 0.118488204861522 0.0711883951089892 0.0736074302201359 0.0839677744732841
"mb94" 0.623814897731236 0.638278091634705 0.174633081322075 0.0827602079142393 0.112458723791877 0.0525582502992371 0.128761075168052 0.0933303622891253
"mb95" 0.644442196811362 0.639969201705687 0.173636834196899 0.0945222515489334 0.114693553904035 0.0570364501917277 0.124025229369936 0.092627585072987
"mb96" 0.63382193288446 0.636579450744637 0.17243843470554 0.106456978403067 0.111457266143891 0.054265453678996 0.124186830293719 0.0941845184070233
"mb97" 0.821428571428571 0.892980508265482 0.244585577816537 0.821378252925258 0.201399624341749 0.100779023254989 0.123902397727141 0.203380816390211
"mb98" 0.66501741498999 0.6438870622304 0.179582804655229 0.118150919238612 0.119046988291524 0.0698611060119926 0.12424073249418 0.104142976646447
"mb99" 0.809940528534132 0.773024589877226 0.163749610497083 0.690208200930297 0.125795502991543 0.0741601741730856 0.0568931742969512 0.091859875707501
"mb100" 0.672904274117661 0.656194597612899 0.179742605383562 0.106367985471351 0.120074951672591 0.0682872621512619 0.121474617207396 0.111217931105432
"mb101" 0.679966941432099 0.710876461710625 0.183423296320771 0.363324176835012 0.129482172314623 0.0782700249947838 0.117372962465045 0.108821192423488
"mb102" 0.75 0.781610066707095 0.190749408751031 0.749882590158935 0.155197927154962 0.0725039163894753 0.0602834666225561 0.125406482637719
"mb103" 0.752941176470588 0.853997758882078 0.221542188417233 0.577039154826624 0.178844478843163 0.0862015829226077 0.0972767604919198 0.168031966636772
"mb104" 0.610350667634668 0.619163460472979 0.170093014324353 0.185755053555033 0.109433688624788 0.0596634267504262 0.116385090417604 0.0961638398666593
"mb105" 0.823529411764706 0.834237590088266 0.184806942056463 0.821319548004725 0.155144550492855 0.0729825086692803 0.054677456964478 0.125094029195216
"mb106" 0.672267585080138 0.709310618066561 0.182497277644565 0.366715865737628 0.129805201924561 0.0761120743322725 0.110774698009895 0.110120073641689
"mb107" 0.797391789496799 0.747095326115659 0.163084665366563 0.690208200930297 0.128454178997746 0.0752950224642099 0.0563868069872244 0.0944569889935134
"mb108" 0.776470588235294 0.853763081718994 0.239892809973139 0.773655772827177 0.201222256459014 0.0967785227063525 0.118556696657315 0.207722075108142
"mb109" 0.80952380952381 0.780749835562377 0.154093483586992 0.809344899289805 0.124468366711101 0.0594226206349955 0.0184529002255365 0.0789437926089878
"mb110" 0.594764875031546 0.617516235151977 0.175186049048877 0.0705002819306296 0.11119202137156 0.0477507982137207 0.131979926838039 0.0936756571207402
"mb111" 0.702380952380952 0.560130965873316 0.136537798698395 0.702277519901919 0.106013716525484 0.0473988337774901 -0.00220532380696738 0.0305917882091148
"mb112" 0.640242210946414 0.649548532731377 0.184549505997489 0.151570691956571 0.11737996095211 0.0607393622762499 0.138186137568132 0.104817866381984
"mb113" 0.714519040405351 0.736391721314582 0.184835059190311 0.425840089605438 0.134762412062634 0.0730875226099875 0.105936608843017 0.11284767051588
"mb114" 0.73538090108715 0.759501258841865 0.20885457926291 0.229203244109411 0.152926608395144 0.0784508157729311 0.132319404112949 0.150353996359627
"mb115" 0.737679362873383 0.76425274393438 0.221279755108929 0.386908340906882 0.162681849635502 0.0936234410829688 0.152816499634423 0.152223043211718
"mb116" 0.719612630523395 0.599807252138297 0.13422815165783 0.581667491961872 0.100574716871029 0.0552026521652005 0.0229795379965943 0.048934313332754
"mb117" 0.780549620753542 0.810250566714752 0.239866903323538 0.539538776165515 0.1882443506143 0.111508349377606 0.15665225919805 0.189089599994277
"mb118" 0.642350824499469 0.639308945118198 0.177551637520707 0.232737571623788 0.12170932087184 0.0717878114317732 0.115356042978947 0.0917154221118239
"mb119" 0.701567401776101 0.679900155530222 0.179874357409829 0.165351498405614 0.12260261355335 0.0691572404102719 0.118041643528111 0.100525255773265
"tnt1" 0.661393682110008 0.652553552358817 0.177764382038307 0.106335827314751 0.116159921087767 0.0623666204631458 0.122299646339419 0.104784463344587
"tnt2" 0.771595110616447 0.707928497697967 0.176675577820555 0.480457258594676 0.128967708397845 0.0727196715456317 0.0868029713077629 0.105798844806563
"ufb1" 0.762874377728637 0.700427218531213 0.177275993888798 0.492273562108844 0.131517906966063 0.0745451190082809 0.0874689277093086 0.108394244630057
"ufb2" 0.8 0.741959894059781 0.155999520767791 0.799802742203008 0.125979627421154 0.0602018375136713 0.0212714993381944 0.0861933152874339
"ufb3" 0.761904761904762 0.731762527008952 0.155477134700992 0.761739829032789 0.124998662206656 0.0581234465617354 0.0200584189343958 0.076919206364747
"ufb4" 0.723763544045554 0.731040514078214 0.184470223894584 0.456253172949025 0.1360248820585 0.0816714577436382 0.105639812036532 0.110572041343752
"ufb5" 0.634990972293498 0.639550350252685 0.17338227602381 0.165325223291898 0.111362688913958 0.0543667130962472 0.125187375882645 0.0930266905465632
"ufb6" 0.656049389198884 0.648090483088069 0.177673664399545 0.177188556527809 0.117269950757725 0.0585052947477118 0.126596023478506 0.0976706193521075
"ufb7" 0.642931092596907 0.663606600781055 0.186986519315648 0.250046912319929 0.13209070100939 0.0785327370927736 0.121113825021431 0.0976915368523527
"ufb8" 0.644478997104053 0.640457910038765 0.174211200414639 0.189008699391791 0.11207202418955 0.054471127297401 0.124613366191335 0.0960973853553479
"ufb9" 0.644974623553634 0.668394226023189 0.188434705096669 0.219723365881258 0.131071626210589 0.0777726274985702 0.122641266231368 0.102102498513663
"ufb10" 0.638514777001092 0.638680950730834 0.173194267767719 0.181794965248867 0.113492734231761 0.0571388122380274 0.123556092987372 0.0942088479080557
"ufb11" 0.670303874696934 0.603003461510306 0.157531960795842 0.364231488038286 0.113427628316024 0.0628890776793326 0.0760318506407932 0.0728114140255389
"ufb12" 0.630952877100091 0.643765767158334 0.183330808501998 0.151185379996219 0.118429270872583 0.063532745868385 0.134235498838638 0.106520800991509
"ufb13" 0.797619047619048 0.789485261768588 0.15877389563506 0.797428955495418 0.127308272835605 0.0611723548675611 0.0238838134321302 0.083679806537374
"ufb14" 0.689027724892374 0.697488982798951 0.19616415103494 0.348634049349673 0.140780203479581 0.0840140141740443 0.125262029429 0.134852261114942
"ufb15" 0.694665053764092 0.73184008405188 0.188024164633042 0.432587003381937 0.138832492579816 0.0831844751980424 0.109537282368072 0.116881679456863
"ufb16" 0.700093857355406 0.678479733995539 0.182511355719906 0.315196478908841 0.126371736904208 0.072881107322792 0.116408764892306 0.109175732538387
"ufb17" 0.705882352941177 0.542758866089432 0.131529223730884 0.705650284944715 0.102759963064034 0.0448261900289285 -0.00710499773615349 0.0312640046665759
"ufb18" 0.623607705748932 0.577783931373512 0.166316607289274 0.200083859478164 0.111510731298767 0.0626375501470818 0.110062545531064 0.0746541260299486
"ufb19" 0.602897640491629 0.642793922138786 0.183166738575853 0.105235285991652 0.117432183411671 0.058148206312198 0.141105299413569 0.100881967745304
"ufb20" 0.581871143356536 0.613177630553498 0.165075964976415 0.116483363400777 0.107875472171903 0.0510841146385066 0.12086327258444 0.0856133041371943
"ufb21" 0.652457270234906 0.647780693376851 0.178190988315497 0.172177022380632 0.115591340830745 0.060177913257694 0.127145480240112 0.0996404334955976
"ufb22" 0.882352941176471 0.813368174941549 0.138932134679582 0.88235294117647 0.117113804521641 0.0535209835816973 0.00147964186019176 0.0662905350834893
"ufb23" 0.640707397583413 0.643128530510742 0.175287379048612 0.157873499112026 0.113851484476837 0.0546199033143503 0.125776972799612 0.0952546462750813
"ufb24" 0.694287978467873 0.690904919092839 0.181426438956355 0.303381278006706 0.126887114270327 0.0670393983301558 0.115236121150031 0.109493284184427
"ufb25" 0.679408296381807 0.708088255409953 0.178083061471683 0.386706212235148 0.127012999531999 0.0748628317857663 0.105894278912544 0.104286264593323
"ufb26" 0.661213563445217 0.650643856771162 0.177830301520874 0.210087739347311 0.117817270170392 0.0643724378625409 0.122370012487392 0.105413309003323
"ufb27" 0.702641159104536 0.653777660230979 0.156906169119217 0.480457258594676 0.114526032272436 0.0645904283447055 0.0646816383128975 0.0784702022754102
"ufb28" 0.724228426101053 0.650159781852844 0.165085316818047 0.432354775173979 0.120535151556422 0.0765808910613467 0.09177315046363 0.0835571076186383
"ufb29" 0.588235294117647 0.54564701897019 0.175378644223497 0.588119260119416 0.136799444244363 0.0597828648070724 0.0437441174357541 0.0697809557043687
"ufb30" 0.697139716187537 0.654833730882559 0.179390948732534 0.505654517180623 0.137209905710695 0.0676836384466621 0.07477196911342 0.106103330613363
"ufb31" 0.70263498455353 0.649906503220445 0.159267902454935 0.572559309690994 0.121465456976001 0.0722204337743215 0.0513202276519193 0.0861244533712939
"ufb32" 0.785319497775343 0.831473686554865 0.237051046488152 0.576055123024873 0.181309371131604 0.109724934288747 0.139783119824906 0.188866834452383
"ufb33" 0.633565359051602 0.616975157187188 0.168550505829485 0.209542152542184 0.11480203060618 0.0684231602279631 0.109364629984688 0.0797163105632461
"ufb34" 0.629924536144453 0.60116504494715 0.161688985340552 0.18618073956599 0.109565225489931 0.0602169949634449 0.105057740794164 0.069216671199266
"ufb35" 0.642404652621718 0.658531364438707 0.184810268925672 0.189072386071 0.124793012069921 0.0633468779660539 0.126757399544328 0.112551308607607
"ufb36" 0.638430964828452 0.646711592843798 0.183818369717247 0.15315282680494 0.118463721850566 0.0612287841385927 0.136194252879683 0.104938396693569
"ufb37" 0.712522117313054 0.690128575673267 0.187588274447088 0.324836513532695 0.132483758469072 0.0730734618845389 0.116268007343584 0.119463004111997
"ufb38" 0.639959621339128 0.6462189420281 0.182147125545814 0.139979448252874 0.114093710898313 0.0522111647152691 0.13752486354639 0.100899889229551
"ufb39" 0.623169463059033 0.620360306464845 0.166277452766569 0.198577960359126 0.111248799833939 0.0600701348665036 0.109909519863227 0.0937641080633035
"ufb40" 0.629558710566759 0.614255687208199 0.164909463823183 0.198814372761962 0.107257608253887 0.057386718755103 0.112924280657337 0.0898400948334462
"ufb41" 0.589728323047384 0.608077441172782 0.164729595130686 0.116518857006097 0.10536287891739 0.0504912541310564 0.120974599292638 0.0822336391893712
"ufb42" 0.595041870434575 0.60961018594169 0.171266960833086 0.0827522610524137 0.108661249907952 0.0473563881346733 0.127384108214743 0.0900714910598241
"ufb43" 0.629660485952706 0.640064205692222 0.180193819601684 0.15315282680494 0.115380332502421 0.0619591792625272 0.132361302971975 0.102618706965693
"ufb44" 0.598705061220062 0.627609921657693 0.178072260307263 0.0700466969727233 0.112668730467446 0.040975191531843 0.13536702294566 0.097706043273445
"ufb45" 0.717647058823529 0.797578368741643 0.203549842079364 0.717484611226006 0.167232068992055 0.0789618865712119 0.0764122911130987 0.127114865371283
"ufb46" 0.666666666666667 0.658140179148582 0.167073622603273 0.666470983598225 0.132371167570937 0.0600523054058488 0.0327907123084451 0.0666579014213087
"ufb47" 0.588898869692528 0.61086741078664 0.172623741378459 0.0702640975588984 0.109609571001524 0.0430077256119767 0.129290880280271 0.0906036020680393
"ufb48" 0.647183351757094 0.665820377694385 0.187272739638151 0.24721586949957 0.132113912520232 0.0778755348588379 0.121512652853513 0.0989763540335577
"ufb49" 0.600568350594058 0.632997717681402 0.181929102139845 0.0585579714162652 0.11496995995741 0.0496884443364216 0.139805339699715 0.100235042497775
"ufb50" 0.635167976626324 0.621327431749671 0.163907980303662 0.209960153508947 0.106571219159159 0.0527366785032447 0.109912932245736 0.0905041175983894
"ufb51" 0.773809523809524 0.662547080979284 0.136976921094507 0.773655772827177 0.11109212722735 0.0519888783140602 -0.00169564219899103 0.0533331734872223
"ufb52" 0.78293873936553 0.654834665412945 0.134734583206788 0.67275048581738 0.103576085527715 0.063087686060113 0.0235132664154442 0.0568287218745304
"ufb53" 0.622164176247136 0.611384214890285 0.15906157935565 0.200730174859681 0.103991579756456 0.0508199088807525 0.106799123177428 0.0846769585326574
"ufb54" 0.713608888550917 0.633523237035708 0.156707989174943 0.434340571371307 0.111149582962301 0.0657971955189813 0.0747886783219897 0.0845712311678855
"ufb55" 0.698296492909802 0.681431736868848 0.177605392736395 0.330889564768035 0.124606759414517 0.0668792475704474 0.111015709288901 0.106572141025373
"ufb56" 0.729411764705882 0.826330968898589 0.20019557369122 0.729260920508182 0.160227919483923 0.0745657105776811 0.0725225799682277 0.114487114708056
"ufb57" 0.643760359933579 0.66225361903983 0.18549475010413 0.24721586949957 0.132334936245365 0.0732953472862956 0.119590801101794 0.0932245728341186
"ufb58" 0.685595893132314 0.619248577997 0.162966035362089 0.376094344468499 0.117719969409973 0.064413728109669 0.0819916159812065 0.0725722863216482
"ufb59" 0.680970520276928 0.724522234132998 0.183970528901975 0.401975643855662 0.134327134504744 0.0741696051940698 0.105091815727129 0.111349900483137
"ufb60" 0.821739334578757 0.776843146956952 0.160093173726822 0.737811104600797 0.127737109719075 0.0789918342674273 0.0527695164558659 0.0838324974954497
"ufb61" 0.682010873344942 0.658463263200363 0.172063038312638 0.295638204621497 0.116486039123755 0.067421958052524 0.113182466704678 0.0894436686245604
"ufb62" 0.681737538269367 0.607453049719773 0.151257129319274 0.529672505046487 0.112253116331415 0.0612946785946953 0.0422808934135072 0.0684693203667406
"ufb63" 0.669542590845268 0.643815232872053 0.179817325779767 0.22768879008441 0.119373080383123 0.0698172385435688 0.12152350381505 0.10846243490165
"ufb64" 0.661948309420038 0.651858058951605 0.177704337636486 0.203529631270082 0.115908262130082 0.0622387076419712 0.119260336743941 0.10903505659963
"ufb65" 0.736966030495181 0.613573249134553 0.13366445010512 0.629432212689854 0.101894206394994 0.059330059220823 0.022343402792481 0.0544583596736911
"ufb66" 0.627080510403099 0.639876330939675 0.179919341429836 0.151185379996219 0.116639085525375 0.0596891021814316 0.130618946238507 0.104284352555858
"ufb67" 0.701513810841836 0.677962482842764 0.172306911323606 0.43502523292989 0.130375184534631 0.0687742039185593 0.0819088229939462 0.0895501590602383
"ufb68" 0.692856451418539 0.693947946064597 0.198259974352887 0.342392522948944 0.146207362842433 0.0725734682822128 0.110061153243679 0.136530057154017
"ufb69" 0.647058823529412 0.514767932489452 0.147675948077061 0.64682675553295 0.111475920803302 0.0458648917037844 0.011619232520575 0.0348655449928058
"ufb70" 0.658738502943818 0.606714123246704 0.163594055856165 0.352532215854506 0.116568411184561 0.067378691041945 0.0826803909930391 0.0755025332947938
"ufb71" 0.598471091682604 0.62473555634696 0.178282389564163 0.0467422126565168 0.112678500078425 0.0424379820225614 0.13601770208124 0.0978460146984808
"ufb72" 0.741176470588235 0.76374156219865 0.18317286358733 0.740921195792128 0.148557753216165 0.0693768736769925 0.0527825301138288 0.110013589217102
"ufb73" 0.655916498762843 0.661300966297431 0.184029478695946 0.210315873489848 0.124387566802915 0.0625474332022304 0.125912205599077 0.109170400895213
"ufb74" 0.697388973044713 0.717422062755983 0.181907589841623 0.390550562402205 0.130020344456483 0.0748522393814465 0.110054714761631 0.109807537722656
"ufb75" 0.733474157181719 0.752530017946014 0.218231922347387 0.381255979735902 0.162546615855979 0.0962542432846651 0.149383449290234 0.154996556672728
"ufb76" 0.613139636355175 0.645461441723435 0.185116204878978 0.0932693781118812 0.116837406187282 0.0499209274769371 0.142771671595146 0.102288318408505
"ufb77" 0.620014959727829 0.634064128088438 0.176221158369685 0.152974179409869 0.1141432452859 0.0604467429272977 0.126677058105297 0.100420796938733
"ufb78" 0.629889153359806 0.638423061684749 0.173290690372547 0.147585407764409 0.113613027132316 0.0544234786485118 0.125109068811484 0.0928090712221869
"ufb79" 0.658732342930557 0.64978107945467 0.18391968995017 0.256634732310413 0.123311807066929 0.0747564544130458 0.122234635330721 0.114380498883943
"ufb80" 0.637973408660975 0.639973799552641 0.180712677623902 0.233467537682467 0.119522895880559 0.0752329867866666 0.122375988244779 0.108176143210235
"ufb81" 0.597482276504553 0.617054494593212 0.173492277341222 0.128067182902309 0.110495713079251 0.0518453935201673 0.126484090054427 0.097641286350273
"ufb82" 0.612353583824102 0.636693171516222 0.179598139461923 0.128467760179498 0.114153727513468 0.0527750664785365 0.135551082727634 0.10101569798894
"ufb83" 0.61718960288825 0.635862264112808 0.178555224385842 0.12856218759663 0.113031232586992 0.0531712244818342 0.135041859093956 0.0980785341590931
"ufb84" 0.638165295845644 0.641636964487176 0.179792789599978 0.140077372126462 0.112927778552377 0.0536646861525521 0.135758128192201 0.0956918356367773
"ufb85" 0.658823529411765 0.512353706111834 0.134663937528651 0.646224134842414 0.103310768348335 0.044115174453335 -0.00346988873943487 0.0236020397927721
"ufb86" 0.681053244268493 0.53533032416906 0.123102669100764 0.595070198173198 0.0942036011356775 0.0545069968970282 0.010931947244957 0.0220775215626773
"ufb87" 0.632244169340797 0.628719838422036 0.168380564705943 0.292529839825889 0.113218073118737 0.0637063339945753 0.101111019149575 0.098960117726176
"ufb88" 0.695993030366705 0.702966544085864 0.189523684407745 0.314769522376794 0.133801355426742 0.0699984169519585 0.11833525101061 0.124512785014728
"ufb89" 0.706478707458437 0.586323474509479 0.130995997458949 0.536504026481852 0.0937839257057861 0.0621108046901086 0.0355369304694411 0.0489029226936484
"ufb90" 0.733807244699803 0.61552715901633 0.134108927715862 0.62497308496187 0.103758877486383 0.0586049257583477 0.0224672234483351 0.0524297416996926
"ufb91" 0.593084293334101 0.597672896823628 0.158888489068595 0.174287584720013 0.101040214941051 0.0479205961354234 0.106523099855186 0.0838861545488265
"ufb92" 0.674372668515788 0.661732578741851 0.17044346926751 0.295423802722705 0.116910709497496 0.0638102434697634 0.107827557578595 0.0929820446445355
"ufb93" 0.700467646630106 0.67872219771911 0.170074452090698 0.464015804290231 0.130216913424086 0.0694785423511984 0.0792070521446105 0.0822898800635281
"ufb94" 0.629825707315179 0.635481443409283 0.171719069307291 0.153455106612235 0.109296075147791 0.0509587234636074 0.124655519784415 0.0903363486616011
"ufb95" 0.653217247703103 0.670948170468784 0.190081543158303 0.270814808838143 0.131763299251797 0.0806126369193527 0.12454872469879 0.104589439985849
"ufb96" 0.66646219511578 0.596718975929234 0.15568522699365 0.364313280161502 0.113445591559391 0.0616300145924681 0.0740064643541133 0.0680699413205694
"ufb97" 0.650240651574785 0.551317959116048 0.141316042586913 0.328933168024262 0.0995520443870507 0.0573360271382598 0.0659336136116109 0.0523700773278587
"ufb98" 0.776470588235294 0.653948065712772 0.130687417906116 0.776308140637771 0.105142085087363 0.0464048132409893 -0.00808118124907402 0.0409295859745199
"ufb99" 0.595487230103431 0.625575416843914 0.175227012347302 0.0821946357400231 0.111939142631511 0.0512482555401634 0.132805172867668 0.093184103636277
"ufb100" 0.611767841659237 0.639681663564598 0.170883944235475 0.246295975103749 0.113922347771486 0.0668670616477839 0.117289055679276 0.092052044388112
"ufb101" 0.63642188178448 0.616232468499407 0.16841510535716 0.211916439152841 0.112930944553615 0.0645515906093967 0.109160962271109 0.0804784000448185
"ufb102" 0.648945590153405 0.652893291843509 0.183100883114266 0.235607397682097 0.127992208373367 0.0734550141931883 0.117003239488061 0.0921916243237369
"ufb103" 0.670588235294118 0.723128561392553 0.192507958542089 0.670321357098187 0.15061909820154 0.068076488305516 0.0636077887640586 0.101755352580196
"ufb104" 0.75391560328183 0.678694025320368 0.164747344871695 0.433673033705136 0.117753699322411 0.0625259689298773 0.0839778695850528 0.0902008414099747
"ufb105" 0.645023920495889 0.636760241196902 0.170667151225365 0.169465643343761 0.111732219751825 0.0520899394615936 0.120856457292342 0.0905098262956104
"ufb106" 0.623868613923581 0.638974242788972 0.176020977460483 0.164714264070735 0.115298798492806 0.051690308220886 0.120325136180456 0.104934235553049
"ufb107" 0.61827586020963 0.637457430808858 0.17759113709899 0.162437562222218 0.116284734706689 0.0552387505445743 0.124413251514759 0.10604998314807
"ufb108" 0.773357847781078 0.742084154235857 0.158467350286228 0.685566470200532 0.123151831615257 0.0770018869835048 0.0509359445933474 0.0800355977272625
"ufb109" 0.759036144578313 0.655273120605733 0.142786131401212 0.758880821334282 0.114536297297672 0.0518154328916954 0.00364236045484147 0.0686233300471474
"ufb110" 0.614941974866124 0.626141098198945 0.176051604469018 0.116678821377792 0.112050324166818 0.0450141925498474 0.132420117734488 0.0957759375349658
"ufb111" 0.670731707317073 0.529538266919671 0.13683123320185 0.670574780351729 0.101738451209401 0.0460175644267183 -0.00312212842303779 0.0255447690881553
"ufb112" 0.716049382716049 0.580025460016202 0.136180643959856 0.715885559276103 0.107800677654326 0.0493852109189189 -0.00485245252474587 0.0452327625770928
"ufb113" 0.635399030878393 0.630802153406201 0.168997015804724 0.1747781983499 0.110459113119206 0.0512818013366978 0.120565153680595 0.0870202087136815
"ufb114" 0.651016065986769 0.6653983055096 0.186890175237323 0.23195221378481 0.132237623063184 0.0742548121915105 0.121099134072998 0.0996910634260081
"ufb115" 0.706718107418109 0.710688096157027 0.203362086020582 0.37744740866087 0.154173756723385 0.0740310183548719 0.116230080114714 0.136250266355647
"ufb116" 0.697723845368928 0.635252398831873 0.160483070643795 0.3656096942006 0.115893493589676 0.0649001383489197 0.0788974944173544 0.0809139291017437
"ufb117" 0.635664165058142 0.613465842958188 0.16678534008088 0.197712727795346 0.11323482048641 0.0634690974803146 0.107473812730399 0.0765239729446041
"ufb118" 0.739156498816638 0.673675025108254 0.168382846375235 0.476884456729564 0.124650323310162 0.0667720071324018 0.077605020279464 0.0950440109198788
"ufb119" 0.631283705824335 0.625552848696069 0.171699491400546 0.238130913901387 0.121165390098563 0.0690304918462009 0.109095784451627 0.078652133863522
"ufb120" 0.668668337428434 0.682342008743462 0.17566398170625 0.281173119908066 0.120177797415401 0.0635809683340512 0.117042104414194 0.0927016860402967
"ufb121" 0.724788611179419 0.740201626701061 0.211512469482742 0.386608909331872 0.15388561994497 0.0869233405787151 0.135094800286844 0.15053475894609
"ufb122" 0.695719637844621 0.724299361042576 0.207811677308151 0.294897738522531 0.147312069749874 0.0833185334108215 0.143615202065261 0.136874185153005
"ufb123" 0.669577444569241 0.651065175170503 0.179868726501015 0.203608578480767 0.118100272849644 0.0655399114883277 0.124521574626113 0.105785946182053
"ufb124" 0.595610672635559 0.636945769787588 0.184492394262889 0.0700941338497971 0.116682374233304 0.051630568394979 0.142500619782162 0.102537991145181
"ufb125" 0.636659248959446 0.634037866591204 0.170224979710682 0.159380307070342 0.110976677177986 0.0540049344047921 0.121844318127438 0.0906725847581371
"ufb126" 0.709548488708182 0.587938857871735 0.12888415462408 0.530699740473662 0.0950644877966197 0.0598516172584471 0.0329532997297126 0.0410201504157376
"ufb127" 0.770576168266345 0.703167524674558 0.170089654071913 0.492198639465234 0.125823026256703 0.0667943164274541 0.0794981400208052 0.0996336820738439
"ufb128" 0.606180364036075 0.540037395495073 0.144325566563964 0.175783476536144 0.0945427465062422 0.0503055160961599 0.0944297127425983 0.0514560486237907
"ufb129" 0.627993944054661 0.632141222667454 0.170219539534157 0.186525329463975 0.109002798426235 0.0490259512258968 0.123069460705576 0.0904179517238318
"ufb130" 0.628564763765972 0.580757420675537 0.163323514240454 0.304499781993464 0.112363676520771 0.0709217672352234 0.0956119960026456 0.083178588454721
"ufb131" 0.609659276477645 0.560619236510586 0.154951862226532 0.257546286465166 0.103110233254969 0.0643361572639539 0.0911430086879528 0.069468760012456
"ufb132" 0.62600564061651 0.636902007619333 0.176864317365279 0.15315282680494 0.114034730558587 0.0580166302625026 0.128837537170718 0.100249575613679
"ufb133" 0.61966042996869 0.635775220544461 0.176264655765433 0.139741046340859 0.11144606420824 0.0562290587321721 0.129430242721454 0.0989230141345177
"ufb134" 0.583350623202381 0.597790922024517 0.165438563464757 0.117026985480711 0.105025680655498 0.0515006322386335 0.119074673256925 0.085511159369449
"ufb135" 0.648599233438752 0.633106700121202 0.173360858528722 0.198513823390885 0.1150763213021 0.0625192061564075 0.120004873059463 0.0956123393922578
"ufb136" 0.695586251633024 0.704343043443688 0.189391049091696 0.338413491697912 0.136546855865695 0.0738722123334501 0.118190965631281 0.120069429142158
"ufb137" 0.728342590710202 0.75562939004292 0.210691311389126 0.361062341187452 0.155590619388371 0.0815508697150791 0.134333821164462 0.149176700943886
"ufb138" 0.659280270601979 0.691923125875016 0.178903564060738 0.331276605709363 0.123520682753676 0.0721387174801629 0.112549729834824 0.105472250402179
"ufb139" 0.670588235294118 0.614047017680202 0.166109408197429 0.670553425094648 0.129404797611245 0.0569612287333724 0.0329952307925541 0.0727800711273323
"ufb140" 0.684784996459094 0.644328045495361 0.17372056892701 0.517432625166538 0.132055176462854 0.0659273481617739 0.0683786758226131 0.0909565370744874
"ufb141" 0.569389778816661 0.59956317412684 0.164085659350866 0.105200009479199 0.103399323988117 0.0498970146472659 0.118500223648654 0.0875277295941898
"ufb142" 0.606479237347784 0.641448279719116 0.183533110384959 0.0931861310723707 0.116471954605122 0.0508255688439297 0.140751864760371 0.102947563343516
"ufb143" 0.619642889819078 0.615681677125715 0.162087506850982 0.210573373110015 0.107113118359684 0.0556968343920476 0.105400669781521 0.08697185957253
"ufb144" 0.761904761904762 0.787985588972431 0.187550135459397 0.761798533953322 0.151205953411318 0.0708190120815663 0.0565684121765638 0.119057984132196
"ufb145" 0.678571428571429 0.710848157560356 0.187071702621226 0.678445632313144 0.143468143163065 0.0656957900184448 0.0560128472464887 0.093583086540456
"ufb146" 0.645336377831032 0.633350216520243 0.16861482682926 0.200861710783193 0.111513015522651 0.0586075373756862 0.114912940759504 0.0927054508528994
"ufb147" 0.724659132218408 0.747762415546423 0.209596735230144 0.405719184314849 0.157132567025013 0.0884240043467448 0.132832157488645 0.150711792778318
"ufb148" 0.626287262539888 0.636117188780904 0.175809039561695 0.174508712596536 0.11838731118343 0.0561407258878756 0.120092204694964 0.105818248735124
"ufb149" 0.754360165285205 0.679327947897084 0.170937660296198 0.422137310955368 0.121719528171774 0.0706290167983909 0.0981782884152869 0.091838015067676
"ufb150" 0.675658008596696 0.662030679084788 0.182528307737509 0.215392783225146 0.12266245595993 0.0673558823247087 0.120867349835707 0.119204396690468
"ufb151" 0.60081411346055 0.622110795302193 0.171391348376179 0.128363140824704 0.110897939084586 0.0502944660082148 0.12618013496127 0.0952882016813042
"ufb152" 0.586107170854853 0.608284172335262 0.165659592273857 0.0821928211571015 0.106893115035176 0.0436065973749831 0.122698087077683 0.0858831109616709
"ufb153" 0.744640599165138 0.764250565234739 0.194155628889593 0.6143354768815 0.15162178699714 0.0905007745189691 0.090849169325584 0.117790065090513
"ufb154" 0.598768376747417 0.584968307174308 0.156308250338065 0.139509294642737 0.100069812805303 0.0424746593298467 0.109433758261773 0.0770107806069186
"ufb155" 0.575574390437474 0.615690451611843 0.171619667124287 0.0934296297275101 0.109167213041497 0.0482406777094145 0.127755009978245 0.0930637122647737
"ufb156" 0.653612958266152 0.631386761363118 0.167332729357895 0.212574612147294 0.111331460427211 0.057913021494937 0.111116473744071 0.0956429405957883
"ufb157" 0.661662770134507 0.730233468110082 0.212114459837079 0.353739878988924 0.153341889224938 0.0847556875156269 0.125939741895651 0.137957909292053
"ufb158" 0.714285714285714 0.583283439109089 0.133075455360827 0.714134758775773 0.105316702044699 0.0464089663038292 -0.00622400455584923 0.0368036352814112
"ufb159" 0.719947129828619 0.563972072678331 0.127592990692076 0.580074191753324 0.0917568415209441 0.0546267470288952 0.0151111688421882 0.0331877407606939
"ufb160" 0.60087735838435 0.638874848890676 0.179406387003325 0.105164575009852 0.114175058685563 0.0566503055504917 0.137007496353653 0.0982142584459221
"ufb161" 0.583656490037848 0.595478006891585 0.16623097898677 0.082146512286931 0.106140328537979 0.0457189281058443 0.121497842456587 0.0844429958475154
"ufb162" 0.631606936395797 0.632000810403556 0.173788047132397 0.185225872198757 0.118234596660029 0.0671389032069259 0.111235537725628 0.0855942266614753
"ufb163" 0.749860759402724 0.695905589405247 0.154481507114701 0.494911056674074 0.111434654342187 0.0670933095233794 0.072579016184891 0.0714944482218645
"ufb164" 0.609865060378091 0.625498505401852 0.171220980930835 0.13959357153172 0.109820756947169 0.0573189123795541 0.122864933904306 0.0945262113103791
"ufb165" 0.807228915662651 0.732676630434783 0.144463131321945 0.80471378877938 0.117202509898146 0.0561659050763549 0.00559157259867858 0.0739956444139716
"ufb166" 0.691624894063512 0.702039985262464 0.174823350065007 0.427202878633727 0.128889556414083 0.07884068342329 0.0950282310374596 0.104541904908659
"ufb167" 0.640949096063416 0.646251965152441 0.173958947541711 0.224793062340133 0.1186095015975 0.0576890251573968 0.115082360282327 0.10018848761954
"ufb168" 0.654082261510742 0.672479657908336 0.186796496120039 0.279727725253735 0.127706923901044 0.0736630121565986 0.120812132290768 0.119178760669296
"ufb169" 0.608837780656835 0.528778432500505 0.13524876112568 0.303545957797361 0.0948871557782591 0.0548641206869329 0.0591637182549031 0.0496502347607347
"ufb170" 0.586799586525542 0.603995354622811 0.171123935784451 0.0821125372201054 0.108194252563121 0.0490904156710756 0.127242477031114 0.0882351895397362
"ufb171" 0.627050279070678 0.639769933963642 0.18151605409161 0.116331514699057 0.115113070621921 0.0552304741400095 0.136859360672246 0.0997401491361383
"ufb172" 0.607302738659164 0.644023908653707 0.184387143607014 0.0932693781118812 0.116879613069874 0.0492898680739808 0.142004725462198 0.10151837915478
"ufb173" 0.609212009461212 0.628371229008768 0.177121558573758 0.129842499027661 0.112611863526755 0.0530008462963367 0.132221267758245 0.0983632444918827
"ufb174" 0.605866736905405 0.633865299302875 0.179906044704082 0.117991227934551 0.11374980610051 0.0539660778684159 0.135874120081311 0.101401672440909
"ufb175" 0.632850995218726 0.629274343952725 0.172265371595673 0.183086707082973 0.119055833956866 0.0674015671346283 0.109670016452381 0.0817974020691572
"ufb176" 0.627353597741295 0.607765652757133 0.163969490771491 0.172917947296491 0.112043142354805 0.0631312761234972 0.104398577762776 0.0724151037319226
"ufb177" 0.634128958566164 0.600711236224469 0.161522011823201 0.200350590672896 0.108005411536969 0.0601875136694117 0.104831181450703 0.0696171520412794
"ufb178" 0.606544725937962 0.6317755697904 0.180247098917539 0.0936987385611754 0.112942029122188 0.0540060039978875 0.138035317878076 0.0956276714329847
"ufb179" 0.706856289759429 0.623774589365708 0.1516923157334 0.375227991950436 0.104023277591026 0.0583807327804889 0.0770772807276263 0.0755145024441666
"ufb180" 0.70853070690688 0.64467234612115 0.156816258903054 0.468566032436898 0.115583024707562 0.0599427854407871 0.0645818929785112 0.0765775237192903
"ufb181" 0.597783744139689 0.568796990057822 0.155862771439636 0.152138924894498 0.0993399463786989 0.0550849432799849 0.105154738674912 0.0695707060506469
"ufb182" 0.682105589704243 0.699754164678547 0.178100305166503 0.361797673939804 0.124473462447075 0.072264883200138 0.111619411216096 0.104046749826565
"ufb183" 0.632678763310036 0.644347429562461 0.180908601752935 0.139979448252874 0.112872581172708 0.0511021806193663 0.136218765578615 0.0982976325332346
"ufb184" 0.627062932113504 0.637191668900167 0.179041670866177 0.116433519571139 0.112698852589259 0.0465902014228412 0.134966683966621 0.0950903393726583
"ufb185" 0.598383387268874 0.629324668196787 0.181005665699971 0.0582767089793789 0.115310698958348 0.044029528011835 0.138834354059248 0.0997850144054156
"ufb186" 0.678352991643651 0.606459165404214 0.146690721501562 0.445480050951497 0.102726256132386 0.0639304840827473 0.0640362381001707 0.0716009819172074
"ufb187" 0.684009054646913 0.618528994583475 0.147167854363909 0.439172465175646 0.104040640132602 0.0697319763385015 0.0721344858593995 0.0708914303616138
"ufb188" 0.741325203858227 0.651538051209104 0.158822065186978 0.456177453231246 0.112705581610816 0.0682940822990993 0.0774266315296561 0.0848456105918838
"ufb189" 0.600255374689109 0.635633080611078 0.177406589533257 0.0932693781118812 0.112340072077802 0.0466069356677941 0.134661434632494 0.0989452547187413
"ufb190" 0.636390818925823 0.622114519600778 0.168073084939837 0.198381718646829 0.107919534269194 0.0538261396165306 0.116373345446857 0.0920794351773168
"ufb191" 0.715543346037345 0.632867647961501 0.15688101979516 0.363522215483224 0.105690874363699 0.0615699972920682 0.0885989705039551 0.0780707175113936
"ufb192" 0.644448595070942 0.634114056387427 0.169832074693957 0.16532294505378 0.111139236028316 0.0499542401426751 0.119994167291283 0.0877376220518755
"ufb193" 0.651016537270726 0.625814229325867 0.174350655941437 0.325400431627222 0.122284406171963 0.0662940254170112 0.0940226810288498 0.106488927676625
"ufb194" 0.646236480593439 0.635636738809295 0.173026584136281 0.210411245919112 0.115668229855298 0.05840003478732 0.117114959612107 0.0982398006479474
"ufb195" 0.707317073170732 0.543073665440767 0.130593048504177 0.707130814062332 0.101826253259058 0.0467576842717416 -0.0115005999517204 0.0389317538751784
"ufb196" 0.616428790094186 0.60623641272203 0.159395843479849 0.201003551569836 0.103388717095559 0.0552400596419162 0.105000994396578 0.0865203102812313
"ufb197" 0.674645219280535 0.693671682553283 0.176545848395441 0.354663543947144 0.12391643226005 0.0686526078245199 0.104301127553668 0.106406364322256
"ufb198" 0.737162731133109 0.755165650106134 0.18664320924331 0.602206265627359 0.143260263516452 0.0873767240240326 0.0823736834791273 0.115738719340756
"ufb199" 0.724776748844631 0.641726999605989 0.158322726927933 0.367801872697304 0.109121743032081 0.0664986881358628 0.090196798721517 0.0755139390139287
"ufb200" 0.7159025085962 0.59858855883364 0.129296031090216 0.582683008432543 0.0978320663920868 0.0654826691141727 0.0334105337240308 0.0469322414040886
"ufb201" 0.781249518067214 0.690277978862024 0.146011589246728 0.674432591593534 0.115207544989778 0.0697378239945922 0.0366099337017635 0.0717113751294555
"ufb202" 0.738095238095238 0.755813953488372 0.189607602752869 0.73802535128508 0.15549461166115 0.0714358317756048 0.0589575806905779 0.114589591549178
"ufb203" 0.601928202813103 0.620280269927046 0.174453929275935 0.128206661613322 0.109625843224702 0.0524350468611131 0.128544331497934 0.0970980899080363
"ufb204" 0.588411828082971 0.613936483753318 0.173287292837927 0.0467087333688516 0.108846283178036 0.0397759719793117 0.130717128424741 0.0946058420422277
"ufb205" 0.614537843618396 0.559890058748488 0.157504502283248 0.246696410142701 0.108987634482785 0.0582877224475696 0.0893882887130401 0.0717387638733001
"ufb206" 0.74390243902439 0.590078024921393 0.134973634698291 0.743746978666199 0.106223605413 0.0502244088149496 -0.00528091617848227 0.0486542298751124
"ufb207" 0.633142439675525 0.596003415095646 0.14946428719244 0.386444964719693 0.105321494877418 0.0682988575831737 0.0670784609416684 0.0634168137570155
"ufb208" 0.675845533412375 0.620339024405121 0.150849675011046 0.411146927617665 0.107099281306043 0.0721581090301491 0.0820642459151892 0.0738145736602815
"ufb209" 0.672994575362345 0.618549811446847 0.156216433493167 0.423096208609267 0.114680541911638 0.0576414420241529 0.0640609927631046 0.0772657400123439
"ufb210" 0.638968361286319 0.629753526870049 0.169672869989906 0.212905828979178 0.111510428134858 0.0579441611126024 0.113499201357346 0.0961268163947958
"ufb211" 0.697613777165709 0.685955889313097 0.178399662971503 0.43502523292989 0.13557902625387 0.0746897749087964 0.0886670061999568 0.0912714372532575
"ufb212" 0.572665565833342 0.605584141648964 0.165216580683676 0.0935413095004778 0.105081787087776 0.0511437424865475 0.122087417587578 0.0875455580309545
"ufb213" 0.749371586073448 0.658954757246304 0.137504411367122 0.607770503692363 0.104623943421981 0.0692207902566207 0.0429889132929412 0.0539762390914981
"ufb214" 0.699275606883306 0.69125 0.182745058369607 0.33046891806071 0.131467332668001 0.064406130662153 0.110844733427894 0.116235679646668
"ufb215" 0.617409701130083 0.636209474700416 0.170226525856625 0.234566772470966 0.113029183974755 0.0636563337483182 0.118618847417529 0.0859094295516359
"ufb216" 0.638456442295167 0.619674208333551 0.166332464788536 0.212971695296317 0.108451702329539 0.0589603030871773 0.11238647914034 0.0924527665868711
"ufb217" 0.696080882225491 0.582444084278768 0.128405104090697 0.496308152783694 0.0925133169817692 0.0618496200661816 0.043534308235702 0.0418338714821354
"ufb218" 0.595453210125877 0.614565409256284 0.168723368355699 0.129719408469312 0.108391232833116 0.0496438747735537 0.122497235061036 0.0930894307146291
"ufb219" 0.583104083443421 0.589678312540385 0.163379294782455 0.0934056285063494 0.102997778602432 0.0461518496951122 0.118481597923275 0.0824782488611616
"ufb220" 0.69742607942084 0.704540307971015 0.175960758409226 0.420542201990745 0.126378453628217 0.0814253283696369 0.103563052284678 0.104250093025991
"ufb221" 0.744641665465752 0.654033602667693 0.164021068944467 0.52676822260001 0.122259206928992 0.0639166580005677 0.0571480391705619 0.0961123986883259
"ufb222" 0.59653836065421 0.61332988744109 0.1702813734058 0.0821946357400231 0.108110563222298 0.0471492995448413 0.127605157140745 0.0877366210978778
"ufb223" 0.811764705882353 0.753474648652846 0.174747690345208 0.809521014051403 0.148335920602209 0.0721171041529405 0.0430124442217224 0.113329606740911
"ufb224" 0.635189231047244 0.581119445201031 0.172436469541929 0.223616930160998 0.115179971334809 0.0603253362851353 0.105475937716659 0.0895020199453232
"ufb225" 0.600145438567966 0.618473781125957 0.172450568155608 0.129719408469312 0.11096480738847 0.0512636120392018 0.126429561085624 0.0960300623394197
"ufb226" 0.695037112083231 0.627160936007641 0.14806142118238 0.45084823912254 0.104345728471909 0.0672844679124831 0.0654312167959313 0.068015076354506
"ufb227" 0.574192392281142 0.610493982880305 0.170345221668572 0.105227554784011 0.107808791746868 0.0540727668070325 0.125821354995193 0.0918805158322232
"ufb228" 0.579844060819777 0.590825335027466 0.16152520609697 0.117032572069144 0.102453399129088 0.0473159778092435 0.113903519385267 0.0830531109598215
"ufb229" 0.745981748495736 0.63567303592884 0.137597654169564 0.623301576004152 0.105328444414802 0.0607589783173881 0.0276504712783246 0.0509519811950961
"ufb230" 0.66646951133398 0.647895125553914 0.169092272982109 0.279977005110039 0.114454639742205 0.0683750864918935 0.112988098828121 0.0837236686167591
"ufb231" 0.75 0.786021637570691 0.21269937581673 0.749882590158935 0.177534452572904 0.0851480455261346 0.0862683664611285 0.159338675017205
"ufb232" 0.684577600661335 0.697744673369244 0.177622092118626 0.380446879254769 0.123655795562344 0.0821349106959272 0.111086344202722 0.102252593836949
"ufb233" 0.703183769036104 0.721773283373211 0.177890932454472 0.462555381043339 0.135835443008946 0.0725162634784102 0.088150991857867 0.106886432816703
"ufb234" 0.705882352941177 0.590604026845638 0.132945166879584 0.70570830194383 0.105172076944995 0.0461805335025273 -0.00546302720527183 0.0383284394798106
"ufb235" 0.576779807442899 0.597749419204956 0.163604118268841 0.106374374847161 0.103558023218488 0.0491996989923978 0.117123538359792 0.0871911041333729
"ufb236" 0.72188446972055 0.621089582544654 0.147731335831103 0.415006946618126 0.105181858066245 0.0598954972161148 0.0651540018672476 0.0718808975971255
"ufb237" 0.637574909900971 0.650185731620344 0.180955788446995 0.200020306492697 0.120767117306741 0.0608156401160908 0.122573393828843 0.108786006326231
"ufb238" 0.612452133129577 0.648658191051469 0.167923857295083 0.248910044696474 0.115027131835093 0.065124017360746 0.111742105168881 0.0924441104047808
"ufb239" 0.673523383736132 0.718760343536052 0.209531872629756 0.329858732143293 0.150835847461692 0.0889790388270677 0.132977110028849 0.131657663988375
"ufb240" 0.660093193228575 0.628416905691675 0.158385688341439 0.444933425408563 0.113839517179883 0.0694716531867075 0.0663229995046496 0.0756513540798064
"ufb241" 0.718597271338656 0.634939055069547 0.158547590466972 0.386819563379676 0.110329231778309 0.0634556980997412 0.0847008531912504 0.0783038928826643
"ufb242" 0.658823529411765 0.823937677053824 0.230907369220543 0.658661081814242 0.179071766471765 0.0836575253459666 0.108136907602723 0.157809492094893
"ufb243" 0.700108433124474 0.615651935528088 0.147342154924808 0.398862374054642 0.103001785599663 0.0622897638126604 0.0723444905888581 0.0689541814013352
"ufb244" 0.630296706882103 0.628112125260414 0.166495169557752 0.198381718646829 0.106490829494589 0.0513065786509642 0.11469737119359 0.0904574693847986
"ufb245" 0.623047507681487 0.596024070425042 0.158318145638907 0.186324086086304 0.108232668701256 0.0552082957713367 0.101410696777969 0.0647029814680755
"ufb246" 0.637443494352856 0.626102147657171 0.166145487136653 0.19767146241613 0.107481726984646 0.048771397802979 0.11752696764635 0.0869403439366485
"ufb247" 0.645485845781136 0.63415576020618 0.169937840179192 0.193392932987541 0.110595547287157 0.0533381587047197 0.120081221844878 0.0921907075866333
"ufb248" 0.694117647058824 0.560993425858291 0.13345460481333 0.69399000966077 0.104374798623869 0.0442381349835859 -0.00487226755839426 0.0313410213834198
"ufb249" 0.629686769782518 0.626384075733243 0.166419820993659 0.198381718646829 0.107475902321898 0.0539090032039509 0.114617340125466 0.0913262096456718
"ufb250" 0.702022410472424 0.678249536789875 0.171635929710637 0.426672563515588 0.128112216825654 0.070412491164324 0.0806411114517662 0.089239485239565
"ufb251" 0.764705882352941 0.695776876668974 0.154586094611389 0.773655772827177 0.125496180337842 0.0572641586498254 0.0196324475877615 0.0798962932969319
"ufb252" 0.715517554648118 0.688001397957076 0.172985553561094 0.47043885489569 0.131000987352666 0.0750667822008209 0.0826615844451472 0.0880182875352889
"ufb253" 0.633738671558784 0.637129170216791 0.178804748127964 0.116523814770738 0.113564682573394 0.0483956574860944 0.135306320782218 0.0938337941737435
"ufb254" 0.600198041223791 0.608571062452948 0.169137673299396 0.128206661613322 0.10747850365707 0.0526590278381322 0.122932432210594 0.0904477025361337
"ufb255" 0.6789493918711 0.694191190214118 0.172638918151438 0.384846765627374 0.123008784868669 0.0716014692010305 0.0999719776910032 0.0990737551840167
"ufb256" 0.719605643624195 0.563398474936456 0.127301156578746 0.58510160280788 0.0904317216324718 0.053500775677076 0.0151624486035616 0.0388373075391997
"ufb257" 0.721147751844791 0.732420429311621 0.181149564315159 0.498273830214444 0.13862851954119 0.0801927573279948 0.0917653300854445 0.113245562464414
"ufb258" 0.682352941176471 0.801631415577853 0.212741148327774 0.682097666380363 0.169263813877517 0.0799783209719917 0.0870708080274655 0.143115675047581
"ufb259" 0.63395737271688 0.559630148500981 0.140096423039259 0.335564999382188 0.0934101217494096 0.0528192158803632 0.0564670210394929 0.0667438907937469
"ufb260" 0.604754377556037 0.53439789741956 0.132191449043227 0.302972511377543 0.0866136460469409 0.0496081737812549 0.0556751033754107 0.0572893750300558
"ufb261" 0.631327860937923 0.644622156660672 0.182795621983667 0.141340299947778 0.11580756660465 0.0592862364859013 0.136329945459801 0.10305370820763
"ufb262" 0.67238170480559 0.655684357833615 0.182446936404464 0.233267327823813 0.124330652460083 0.0709019252401574 0.120819984203662 0.118944839062709
"ufb263" 0.752941176470588 0.80712656336034 0.193068131614828 0.749941295079467 0.15576026768498 0.0714434670574142 0.0642573824136877 0.12183178102743
"ufb264" 0.634661087224159 0.64521994855244 0.175585477166695 0.212812315485553 0.119589319752534 0.0608482810990724 0.116866782412923 0.100464583044541
"ufb265" 0.685378534610329 0.675086119605758 0.191001260512172 0.239402379801847 0.132492916744891 0.0718146675872124 0.125609167373342 0.132877496639979
"ufb266" 0.624176087307129 0.61637709758305 0.167620127525526 0.208145259665819 0.109359180288836 0.0569307790189312 0.111302522003944 0.0968298764285146
"ufb267" 0.592491865738499 0.599475218568521 0.158352286818067 0.127933135367509 0.102545502358025 0.0491916331654176 0.112465304594601 0.0796105360039791
"ufb268" 0.714943844975369 0.640954683176006 0.160399991959616 0.456261393954849 0.11657971451559 0.0715125889804682 0.0791572442307081 0.0837432222767282
"ufb269" 0.657329625375089 0.641938513909586 0.177416194789297 0.221751944360576 0.118849536834863 0.0679944633012458 0.118982947188602 0.108262593323882
"ufb270" 0.683424792521278 0.670906183757545 0.17483555726954 0.315196478908841 0.121897275171388 0.0670034499740023 0.108112297068988 0.10487128206785
"ufb271" 0.580860498256722 0.606039800982626 0.166079106977366 0.0819449306581622 0.105616403695647 0.0523139305608137 0.12313920325578 0.0858971109549321
