NA NA 0.08857138 NA 0.09043971
NA NA 0.1246181 0.2065928 NA
NA 0.1944882 NA 0.08574204 0.1432077
NA -0.03393739 0.1698967 0.1003207 NA
0.1844753 0.04568088 0.1995715 0.2933198 NA
0.1877746 0.09954344 0.07517658 NA NA
0.1498143 NA 0.07892188 0.140117 0.08822994
0.08089718 0.1768747 0.2561547 0.2971098 0.1317343
0.07309638 0.1339712 0.1848035 0.1823328 0.2584181
0.01575032 0.06882635 0.2122797 0.09803883 0.1712604
0.1249991 0.05459934 0.1410479 0.2140149 0.002975206
0.05648143 0.1024619 0.168247 0.1446319 0.1414336
0.05352046 0.2299375 0.1320866 0.1878513 0.04232538
0.0547962 0.1040484 0.1147373 0.07061205 -0.00961319
0.07788188 0.07354434 0.1017482 0.06296301 0.1482822
0.0425495 0.08596996 0.1029252 0.05463961 0.1770626
-0.000265128 0.04961728 0.01130355 0.01095866 0.07669347
0.004946826 0.0248416 -0.002772869 0.052013 0.005440044
0.08475586 -0.01373486 0.04911308 0.08454354 0.02937032
0.01682664
