0.1944882 NA 0.09383443 0.160138 NA
0.1184675 0.03307695 NA NA 0.3007482
0.03881152 NA NA 0.1099102 NA
NA 0.2741281 0.194506 0.1909826 NA
0.1006735 0.1099102 0.1677751 0.2623484 0.008476221
0.1246181 0.09680936 0.1987224 0.1078902 0.266621
NA 0.06357142 0.02449673 0.0003765 0.3227587
0.03392662 0.1390742 NA 0.1706968 0.124994
0.1019759 0.1267652 0.0791222 0.06651918 0.1060339
0.0934342 0.157533 0.03488789 0.08228211 0.09019163
0.2550973 0.03230472 -0.04699745 0.2992128 0.1592007
0.0944485 0.0696831 0.1171039 0.1732914 0.2447039
0.02437911 0.08931718 0.1792913 0.06429442 0.02678772
0.08956586 0.04178681 0.09183052 0.1823913 0.07580148
0.09937969 0.01766073 0.1677497 0.1300661 0.1091555
0.1336521 0.05888167 0.1587324 0.01548628 0.1023487
0.02810202 0.03851137 0.01572007 -0.001377859 0.01295515
0.02687984 0.02204212 0.04886467 0.04485515 0.0570801
0.02541235 0.04880039 0.04259332 0.1418742 0.0947884
0.04419159
