NA 0.09756056 0.09756056 NA 0.2017601
-0.06322317 -0.05019746 NA NA 0.3063746
0.08054418 NA NA 0.2325258 NA
NA 0.06035168 0.0479254 0.09453616 0.07773125
0.08606546 0.1099102 0.07730284 0.1818992 0.1474093
0.2007394 NA 0.212789 0.2996547 0.007039469
0.1619371 0.07978865 0.07957387 0.1963651 0.1357321
0.219129 0.03803418 0.1584133 0.09667133 0.06977217
-0.01398193 0.117685 0.1406632 0.03653283 0.2920186
0.01387133 0.07614134 0.3050973 0.0853446 0.08997255
-0.0009616911 0.05425257 0.0209036 0.1033548 0.1098735
0.188703 0.1034657 0.1483088 0.07098605 0.07973138
0.1395318 0.1205478 0.2221933 0.1432555 0.1141394
0.01110006 0.03662503 0.1008192 0.0431901 -0.01196434
0.07010679 0.01909101 0.03038486 0.08646121 0.1457404
0.03680935 0.06136713 0.05442105 0.1137328 0.09226204
0.01203827 0.04856126 0.05649738 0.05050842 0.04999839
0.05435288 0.01976539 0.05445674 0.03656592 0.01900737
0.05191994 0.03903975 0.02083153 0.02311434 0.07342585
0.02515933
