NA NA 0.1073445 NA NA
0.1316197 0.2903008 NA 0.1949723 NA
-0.04671576 0.1316197 NA NA NA
0.103367 0.08234097 0.06460921 0.06958294 0.1891977
NA 0.1444349 0.04847797 0.077408 0.09788662
0.2358783 0.131696 0.2574549 0.1168391 0.3347754
0.08864395 0.1883578 0.2251412 0.1081659 0.1232981
0.2734398 0.07395425 0.03111913 0.1731229 0.1281873
0.2672647 0.1811217 0.06371918 0.05305855 NA
0.1094101 0.312951 0.0427681 0.1075541 0.15075
0.09080925 0.07378531 0.04131198 0.1183509 0.1284295
0.04721118 0.07963994 0.1665757 0.1223237 0.01901965
0.1441519 0.05585804 0.2323515 0.01620717 0.002457415
0.08413622 0.03707615 0.04475435 0.08057065 0.1584216
0.0658436 0.1152923 0.1424456 0.08702142 0.1088915
0.06143666 0.08392639 0.05836374 0.1249754 0.05366285
0.03574693 0.02672507 0.03068277 0.01160116 0.02951208
0.01619621 0.01981988 0.01668803 0.1901394 0.04279179
0.04767804 0.08448342 0.02287162 0.001325937 0.01736137
0.0204719
