NA NA NA 0.1010145 NA
NA NA NA 0.1118902 NA
NA NA NA NA 0.2866102
0.1148199 0.1095608 0.09300551 0.1534344 0.2456099
0.1331204 0.1879549 0.05603397 0.004968662 0.05997343
0.100169 -0.03393739 0.1507656 0.08054418 NA
0.03974982 0.1359291 0.2765846 0.1200381 0.2524087
0.1647739 -0.01027466 0.1084464 0.09169859 0.1068492
0.2544254 0.3196563 0.1829747 0.08085823 0.2167811
NA 0.0205874 0.1859426 0.02210978 0.1119916
0.06572287 0.04694616 0.1544367 0.01998792 0.1888793
0.08749101 0.1952918 0.09634997 0.07296586 0.1405626
0.0901281 0.0461484 0.03870084 0.1053334 0.1406495
0.07602139 0.08461211 0.1028571 0.2129155 0.09909992
0.076107 0.08964948 0.1242422 0.02962014 0.07742115
0.1641303 0.06126621 0.06696271 0.106144 0.1017554
0.01135926 0.02970104 0.05636646 0.02887428 0.03024491
0.009511322 0.01290765 0.07652239 0.07600846 0.05784066
0.02179129 0.09309741 0.02511727 0.01902056 0.006862119
0.01509159
