0.1976736 0.05801536 0.1248447 NA NA
0.009848248 NA NA NA 0.08434114
NA 0.3175958 NA NA NA
0.1107537 0.08257501 0.1859915 -0.0463983 0.2330363
0.1323767 NA 0.1519285 0.09272656 0.2733329
0.1727339 0.1730952 0.04286899 0.05745194 0.01786086
0.1334821 NA 0.09505014 0.04680577 0.02374946
0.04997178 0.1948629 0.08539994 0.06165226 0.09619181
-0.002316539 0.1148088 0.2242305 0.1013447 0.05414444
0.1208439 0.1833404 0.04797407 0.206477 0.05093841
0.007019041 0.01117673 0.0752156 0.02152534 0.06568728
0.06847724 0.1687762 0.0574851 0.05084857 -0.01647453
0.1207717 0.02871332 0.08674891 0.004096314 0.03639257
0.07130801 0.02401777 0.1056196 0.04530843 0.1136621
0.05785496 0.1516856 0.07682385 0.08583102 0.1027394
0.1421665 0.06991097 0.07795329 0.05797035 0.05605197
0.04474467 0.008838081 0.03461136 -0.007098184 0.007788241
0.004854529 0.05321595 -0.004274659 0.09486582 0.02730886
0.05009296 0.02744409 0.009908993 0.03982179 0.02480653
0.01584266
