0.2798818 0.1429049 0.2819882 NA 0.2293193
NA NA NA NA NA
0.2819882 NA NA NA NA
NA 0.247485 0.06893848 0.08132349 0.1007497
0.2866092 0.2196903 0.0816878 0.05245206 0.201791
0.02375804 NA 0.0816878 0.01389425 0.1316197
0.05749591 0.07090179 0.1767869 0.142996 0.09947911
0.1645733 0.2996547 NA 0.1563156 0.1056392
0.08570959 0.0113143 0.05650928 0.06670866 0.1377541
0.1481223 0.07452356 0.0664421 0.08306041 0.2340161
0.09962467 0.2106942 0.06444075 0.09488473 0.02787898
0.1593539 0.01652795 0.1187209 0.02352147 0.1865814
0.1240857 0.00148822 0.1030386 0.06107413 0.06937073
0.04136532 0.06594916 0.1036711 0.06205337 0.1113712
0.09123482 0.1906998 0.04309243 0.1610862 0.08715946
0.05278949 0.1356749 0.06463161 0.04016785 0.0236999
0.03647031 0.02783761 -0.008347603 -0.0002593912 0.01783492
0.02328128 0.03753448 0.02215622 0.02831208 0.02506196
0.1071868 0.04703611 0.03002682 0.0630711 -0.006340253
0.02987248
