NA NA 0.2325258 NA 0.214955
NA NA NA NA NA
NA NA NA NA 0.1033973
0.1099102 0.1920235 0.1200479 -0.03003623 0.2765494
NA NA 0.03317875 0.08116305 0.2357136
0.01841656 0.1066248 0.1511582 0.03257161 0.141713
0.1753267 NA 0.08650578 0.0283494 0.2059751
NA 0.1311485 -0.01198836 0.07089877 0.1916038
0.1279465 0.2576045 0.1749698 0.1616491 0.08802604
0.208287 0.04488011 0.1066888 0.2934569 0.2572388
0.07995831 0.1603565 0.06482953 0.05293549 0.182891
0.08175915 0.1036194 -0.01901198 0.06308402 0.0714252
0.08502228 0.01751716 0.02849283 0.03506969 0.04324923
0.04840846 0.05785929 0.2130507 0.04341867 0.08352345
0.03974211 0.147877 0.08380357 0.03968517 0.06856526
0.0844322 0.02325986 0.1429025 0.07849979 0.07684744
0.08192436 0.01265293 0.04245216 0.03168282 0.05602031
0.06929216 0.04220196 0.0171503 0.0468486 0.003127324
-0.002834324 0.08672048 0.05633899 0.01912925 0.01113522
0.008443264
