NA NA NA NA 0.07036973
NA NA NA 0.03952596 0.04293496
NA 0.1944882 NA 0.1831354 NA
0.1435256 0.2720085 0.01910636 0.2829544 0.08351041
0.09730154 0.1060901 0.1540085 NA 0.06106377
0.05456187 0.1540335 0.03571412 0.2654334 0.2500981
NA 0.1588573 0.09255709 0.1955547 0.08779918
0.2436511 0.1367275 0.05887331 0.05201026 0.16021
-0.005150234 0.05409243 0.273508 0.1110934 0.05231493
0.1086431 0.31889 0.2616423 0.1296095 0.2648706
0.0838233 0.02273906 0.01371004 0.06041797 0.07219644
0.1189718 0.02266574 0.07821536 0.1214658 0.0360924
0.1060114 0.1194067 0.03042139 0.0504803 0.08128858
0.04985532 0.04909475 0.09902452 -0.0006808421 0.0214778
0.04796049 0.0250599 0.03336466 0.06863418 0.02312842
0.06083388 0.07635748 0.05772184 0.1545958 0.002722871
-0.01471947 0.03732825 0.03581747 0.03001383 -0.005644936
0.04149183 0.02921325 0.03828526 0.0172864 0.09678552
0.0128735 0.02781777 0.06771805 0.008075541 0.07003116
0.06724725
