"quartet" "wQuartet" "cluster" "phylo" "mutual" "shared" "clusterNorm" "wNrqs"
"mb49" 0.703191110784918 0.730835993056722 0.21526306954376 0.299665659148857 0.154195205114821 0.0933482681460808 0.126293929236257 0.139085911073222
"mb50" 0.759710975320013 0.786837075285995 0.201320938132555 0.641566620779847 0.151600247057322 0.0909474855429745 0.0944061030181479 0.137202501428509
"mb51" 0.925925925925926 0.919008525418377 0.209365899067161 0.925840122848032 0.172011500920585 0.0864247486908916 0.0761287671367647 0.154458520045901
"mb52" 0.825146298478126 0.872837646629239 0.25790229153104 0.592141798391654 0.192431285738952 0.129712991383717 0.174314298166777 0.215431174385106
"mb53" 0.836202596067795 0.896193397856896 0.259173165042317 0.678723545406781 0.195276709185688 0.127657223592639 0.160002693836232 0.224803668606141
"mb54" 0.772151898734177 0.7696295739725 0.20990492579596 0.772097049606062 0.163250697466701 0.0794632271679486 0.0756489227053927 0.149546664148903
"mb55" 0.746835443037975 0.790155081694821 0.221791533312243 0.746691262071063 0.171992990380389 0.0833561841932791 0.0886098767134961 0.157707887837414
"mb56" 0.794947692100504 0.768474192706067 0.197806021650909 0.675373173664347 0.150079330774119 0.089871324585257 0.0898843497767238 0.124841264626915
"mb57" 0.702026376621152 0.760134135516323 0.241288639963436 0.320931206899706 0.167323814310845 0.106005434275366 0.184336115238878 0.182457134672465
"mb58" 0.743483634338861 0.763416041546451 0.213159492767996 0.604831698000531 0.159034767653727 0.0984865916999682 0.107829420767175 0.152239050461979
"mb59" 0.83318589698344 0.828148940827395 0.233897564541593 0.726813276447543 0.1824349170135 0.116340238405343 0.130981377331238 0.168460450411671
"mb60" 0.717235497035021 0.770100572317609 0.20040266622462 0.516461060162395 0.147712069265536 0.101033886677068 0.110148938439913 0.119829040297302
"mb61" 0.601908365912 0.645024998001736 0.201061852284316 0.123610018948845 0.130592734956313 0.064186883138854 0.161098741835755 0.133088254212094
"mb62" 0.641522948353127 0.6827215680527 0.193379797722561 0.247903312432755 0.135357738124321 0.0900503099979698 0.132814176596069 0.106929232368646
"mb63" 0.648461171566329 0.676664530371003 0.192301644109511 0.43195739079264 0.14162282407717 0.086114809001779 0.101324561116235 0.111558597127274
"mb64" 0.666666666666667 0.765844290146255 0.219259842405774 0.487673020726915 0.164807702789873 0.0787312963909401 0.0862094680849144 0.137756466120882
"mb65" 0.728395061728395 0.764833170459305 0.209545615669381 0.728324020445578 0.165667022109328 0.077094342742905 0.0763387694610548 0.156558099347222
"mb66" 0.82782655388464 0.8228525472486 0.200688539044959 0.728172333387667 0.152832459590203 0.0943803220885018 0.0936890480939273 0.122857811138205
"mb67" 0.608518878262446 0.654494225074431 0.203040186428408 0.111230766814414 0.131414571917981 0.054779585980061 0.162935755046491 0.136728164062645
"mb68" 0.585111622366859 0.637384991572956 0.193149619843959 0.111082490495746 0.122197999284093 0.0651602356126011 0.152775397895223 0.119203092310424
"mb69" 0.8 0.796735701549856 0.21817112982309 0.799975341255335 0.178446200562591 0.0873831198235234 0.0854170771483369 0.162396969520479
"mb70" 0.684824096843165 0.699766355140187 0.198518225642008 0.236588572849641 0.139107097525475 0.0819714905792715 0.118990618359206 0.115691386108308
"mb71" 0.789527866722072 0.837987298630056 0.251043665078454 0.49325802913482 0.180981906676082 0.121826731117838 0.177092022230137 0.201289118339915
"mb72" 0.794871794871795 0.789247311827957 0.173254638330889 0.794663991272878 0.131211620649627 0.0626154441103982 0.0326123668505276 0.0877105799033361
"mb73" 0.614862442172262 0.658226956469992 0.202849898480819 0.111276199215264 0.130172275093452 0.0612213153118288 0.161943265012763 0.135863419966671
"mb74" 0.611234156050449 0.656709416543921 0.201618255447093 0.11261975823194 0.130482215769745 0.0565047702020759 0.16109893018453 0.135104251349769
"mb75" 0.601826425131404 0.571658423216733 0.1493416574018 0.246731349009502 0.0945176347011891 0.0579207128955548 0.0854929113028002 0.0597541157445961
"mb76" 0.851851851851852 0.867596868098775 0.170700524441184 0.851680245696065 0.134826512409899 0.064382210810297 0.030947529339567 0.104755273638851
"mb77" 0.66834580122364 0.66127039988959 0.179260236952175 0.211361387674373 0.12108723159246 0.0695347649299076 0.10626187800834 0.0955590378216572
"mb78" 0.740740740740741 0.798173592493298 0.199459685887463 0.740501322468812 0.151116848163052 0.071223026839098 0.0645531655120239 0.130421138394925
"mb79" 0.621615976350383 0.661021595700261 0.205518530206376 0.11130782372731 0.125514660977811 0.0629346254372232 0.162664870247513 0.137316435551336
"mb80" 0.782181339759313 0.759163221329814 0.200729157297226 0.541846475327881 0.145572508126216 0.0969268411416694 0.121648773519404 0.112903333907265
"mb81" 0.629105974809693 0.581387392010949 0.15452008244902 0.312054893671798 0.100900646635787 0.062226550884033 0.0860625744804 0.0660012345530517
"mb82" 0.677253770665685 0.679876054934446 0.183248055948518 0.470309408297946 0.13270282089849 0.0833146482136455 0.0907529494545808 0.101301210049052
"mb83" 0.777777777777778 0.882386292049893 0.242011901574017 0.777642153545493 0.19253678064604 0.0939649429692021 0.114276252235725 0.208202581853549
"mb84" 0.65967748362202 0.607825912166941 0.165352734232459 0.357632768957627 0.110420231890076 0.0682256188412301 0.0914032139950045 0.0827131697060694
"mb85" 0.64317958436004 0.64195456409874 0.176070263183741 0.148418540234247 0.114419503557016 0.0709862542767489 0.126038211362176 0.085304357481446
"mb86" 0.638354764357267 0.631491788707356 0.172968171230751 0.153765994748809 0.111186424889597 0.070909111884855 0.120604913034171 0.0802637121306779
"mb87" 0.7375 0.716008355488036 0.171010931261351 0.737331633875933 0.131419725346629 0.0604927112057718 0.0306674527605148 0.0959588786759097
"mb88" 0.691358024691358 0.743233567234713 0.201701221779456 0.691122296868198 0.154370459554094 0.0731425136418398 0.0671724435391158 0.13707893352309
"mb89" 0.6625 0.694689151774478 0.181324135933382 0.662309951018465 0.141822564963795 0.0640005725451246 0.0419777318599539 0.101308247086896
"mb90" 0.679012345679012 0.786264748005183 0.226004521051315 0.678823209843568 0.170883251255504 0.0809023870093385 0.0955713186122307 0.15769381908377
"mb91" 0.705719050938256 0.73473888022374 0.208186706633728 0.389311234325748 0.153711718255969 0.086290333398396 0.101212268389343 0.130979693638324
"mb92" 0.709214302505169 0.761564234236747 0.231844312523416 0.361908410472647 0.162902421251012 0.103270162177979 0.169647655920513 0.179300955396727
"mb93" 0.685609279488553 0.686849253055681 0.193612541204464 0.525157237858344 0.143041561474757 0.0795616554095738 0.0848406562533324 0.1149431460638
"mb94" 0.627944386236137 0.644311358937218 0.180351051445382 0.111330702512069 0.112579947103375 0.0718889981455546 0.133810232000113 0.0902817625781578
"mb95" 0.584685789602987 0.610565810442835 0.176437251285851 0.110973605363167 0.113189193587079 0.0597400966457488 0.134619117151341 0.0973374255929927
"mb96" 0.677421476413095 0.723399521664164 0.185160235383158 0.552815841862399 0.136670586779116 0.0825981795071193 0.0757575269468651 0.105838999563955
"mb97" 0.584745246850674 0.561696128114068 0.141793787847549 0.221668566472363 0.0859427571050073 0.0571336016507248 0.0847406948106814 0.050813351033473
"mb98" 0.755265604948468 0.796554557405784 0.240729925725548 0.387084443117934 0.169009872539875 0.109062226306673 0.173346576615273 0.189351924744221
"mb99" 0.753683734426563 0.794120740429112 0.202547101633522 0.624661143490249 0.151638580298542 0.0966245424377816 0.0957964063780256 0.128136124431956
"mb100" 0.802469135802469 0.833607784431138 0.197311984085733 0.802240327594753 0.157119992058818 0.0754427954138392 0.062043534433569 0.137804932635813
"mb101" 0.732087630639111 0.75260663507109 0.189849398188988 0.602526539267346 0.142867961377764 0.0877104489847338 0.0810762701113534 0.116267031280982
"mb102" 0.715381103298228 0.772646073839568 0.236758004800157 0.333426389814966 0.164267630627965 0.104664533519866 0.174872868730242 0.182187014157642
"mb103" 0.730458702690587 0.789022839305046 0.236667479837386 0.399510278575243 0.16761086469339 0.104386040758788 0.169036426621435 0.186415926030377
"mb104" 0.679012345679012 0.744476997386966 0.193614645171477 0.674762189204192 0.147039765276222 0.0670892820550884 0.0577231224288296 0.113120936581479
"mb105" 0.663088357992313 0.694229455952652 0.207855025885 0.326579036626003 0.148692046911024 0.0855525397129565 0.100835777377805 0.121560824625406
"mb106" 0.732566368004993 0.749844543476008 0.20288001478181 0.574770367923068 0.152709036818755 0.090436868811212 0.0957970114772416 0.139098132666403
"mb107" 0.740740740740741 0.779374605180038 0.192154273502619 0.737331633875933 0.152104591329763 0.0706301567468424 0.0560166498993067 0.122587155311936
"mb108" 0.7125 0.739228344092479 0.201477561823018 0.712321994686953 0.159914066290256 0.0756367902846778 0.0658889517532298 0.135277792719175
"mb109" 0.644371073503603 0.681129440286708 0.178810442951732 0.284613180041939 0.123688385283318 0.0768653457805563 0.105988608940052 0.0974658138428253
"mb110" 0.814814814814815 0.918066418771637 0.241220337073888 0.814600307120081 0.192654742257681 0.0950691039623455 0.113351293813412 0.206891166301277
"mb111" 0.651388698585565 0.632180038098613 0.165086779771774 0.161373827430596 0.10531219292497 0.068186618606667 0.102324024435231 0.0750771531192618
"mb112" 0.659476481001347 0.632733295412721 0.159426939846163 0.419279716272521 0.110123119773912 0.0578826348045802 0.0647469340026253 0.0853575300903142
"mb113" 0.619109978606792 0.578949795111493 0.152699684049767 0.287009223338543 0.100172216293291 0.0596663220607708 0.0840094291571578 0.0647902865003389
"mb114" 0.661102167029211 0.68681931149347 0.210188291602881 0.234590405911088 0.14286546272307 0.0726181625097628 0.160199915470408 0.148720653418992
"mb115" 0.675 0.704767375071798 0.177426061595909 0.674700538455572 0.135101600876705 0.0626074531602738 0.0374161682643034 0.0966210634726935
"tnt1" 0.75014732017307 0.729542867052197 0.192304915458967 0.480219680040826 0.137297786720403 0.0915044601637707 0.120623965951917 0.0970701533138075
"tnt2" 0.672908216072448 0.674487238323861 0.183060727794442 0.193664511769284 0.125952182740523 0.0657773926531625 0.11011601754124 0.103620378181167
"tnt3" 0.693963319993516 0.719659097197882 0.186676976520975 0.375506452710664 0.131480038257128 0.0814481252806215 0.106398305741017 0.106893195581418
"ufb1" 0.590077186527579 0.603573680816841 0.166519339259651 0.147538538816572 0.104513452443045 0.0577938921867651 0.120481231297968 0.0759356170859569
"ufb2" 0.582963288543409 0.606499741776351 0.169254765736871 0.140443377399654 0.107019453149389 0.0586315811481291 0.124375274776915 0.0815986100583163
"ufb3" 0.585397902382507 0.618928872227635 0.178139602271522 0.122975569296748 0.113498084580052 0.0613467807367353 0.13461169285805 0.0905753258330243
"ufb4" 0.740740740740741 0.868873826903024 0.236918472775352 0.74056221496951 0.184274055705875 0.0896654655085275 0.108324482209399 0.196816700114527
"ufb5" 0.641144818668887 0.657838427861559 0.196173802202803 0.212576294252231 0.132198058451013 0.0629501564209059 0.14742572089256 0.133072407691418
"ufb6" 0.792787742872749 0.758782523618797 0.202075133333571 0.553844067713532 0.148520619323378 0.0873140589418598 0.111967117901691 0.1276933864453
"ufb7" 0.577195550267048 0.594716482063151 0.16827315197819 0.1281244245733 0.106742392042761 0.0576626422421103 0.125581210697477 0.0868294962273574
"ufb8" 0.790123456790123 0.78886031184697 0.191388560153136 0.789880348069425 0.15081862646817 0.072148503260358 0.0551218990463233 0.136972311334482
"ufb9" 0.800924552749038 0.778279200499688 0.208078031054805 0.553844067713532 0.150902288920099 0.0887087431325437 0.118647910526439 0.131123301906948
"ufb10" 0.705782071192621 0.735531190547712 0.198939956526244 0.55531419380719 0.146015819601983 0.0863389215337351 0.0917063923152542 0.137001022650616
"ufb11" 0.717218646639338 0.759755387303436 0.209863806791601 0.499722223777816 0.153717954195887 0.100373042293069 0.120635350247365 0.144303840529951
"ufb12" 0.65300570228948 0.706316015227066 0.208705557936532 0.461348244142014 0.151323476898404 0.0870792951335726 0.102414950399102 0.123680040014011
"ufb13" 0.6 0.676873170345755 0.204826061385559 0.589582320978397 0.153414023283833 0.0691868377958612 0.0704354113321136 0.11064605283448
"ufb14" 0.703117075624772 0.689133448674909 0.183709042663488 0.356716752518453 0.125135850603263 0.0813863423188435 0.117522594217102 0.0874029599544655
"ufb15" 0.65614658244496 0.696608496680677 0.213590587114565 0.172239321438258 0.138434372663874 0.0714070633431503 0.161347303131936 0.153606041562175
"ufb16" 0.639857449658008 0.655774917237168 0.197184654506093 0.172419037027906 0.124956906946576 0.0647558180389643 0.148503329220124 0.131809964209951
"ufb17" 0.68227921809263 0.68502503413746 0.190218238103434 0.356365783831001 0.133729646822879 0.0735754614375539 0.109479334740427 0.111822246098634
"ufb18" 0.665496494492654 0.709982312624364 0.196414554881638 0.493501591402268 0.142285174139589 0.0816529503878002 0.0888429288466663 0.107005279309044
"ufb19" 0.619835901791934 0.660855970925032 0.200063533826859 0.111321884585105 0.124607963769516 0.0615806182719778 0.154747249050271 0.137092312745086
"ufb20" 0.679012345679012 0.643322000971345 0.159912446857623 0.678823209843568 0.119253730117243 0.0523893244618025 0.0183414521091652 0.0699996855501846
"ufb21" 0.584599025889247 0.594693523363749 0.165833357464309 0.134978970951413 0.10409296345296 0.057797030424277 0.119788854780051 0.0763239730031374
"ufb22" 0.620683370260457 0.601349510076895 0.160295849786625 0.270633840463925 0.104183837209059 0.0614330269730199 0.0917467718065453 0.0746344147991539
"ufb23" 0.662364582760202 0.652471160278689 0.172786140163157 0.307259933284707 0.117502168665012 0.0689447264663884 0.105400668985498 0.0897881841964843
"ufb24" 0.817509016464667 0.779342553037434 0.16556623451694 0.728101999746397 0.12762330966045 0.0774428711706821 0.0538651111121034 0.0835185764735455
"ufb25" 0.753544849719738 0.723988714177023 0.195949770523503 0.472474614890454 0.142245368140941 0.0784358756091476 0.104590642142668 0.118633350734843
"ufb26" 0.71252732583564 0.70042780251334 0.184779768194 0.383540286410589 0.128996798216849 0.0832914063837901 0.118487472437375 0.0878331910021304
"ufb27" 0.683717476712715 0.678449330119051 0.180460615182247 0.305452932391345 0.12195272620958 0.0797729273775895 0.122666384682092 0.0774372912013814
"ufb28" 0.727570688435736 0.765731012449773 0.236423072634228 0.370484905134913 0.165857027045247 0.108951547703426 0.174510779616984 0.183034876410834
"ufb29" 0.671506325775466 0.706730270662657 0.194452638706507 0.334941200986387 0.139481169822925 0.0942628248573179 0.123040748164406 0.110608664012666
"ufb30" 0.59271780061512 0.637179393249435 0.192429146312126 0.111181903949492 0.124223090756406 0.0576096406305501 0.152169823612658 0.121878485843158
"ufb31" 0.75 0.754201506747247 0.178115271898954 0.74978387206166 0.142614022864686 0.068104218743278 0.0382226887038683 0.110338606666413
"ufb32" 0.747085191937259 0.691037859578561 0.172901806036692 0.555363110061815 0.125687696258144 0.0778309415311512 0.0797395747568869 0.0831836175748199
"ufb33" 0.703703703703704 0.740135581435773 0.189368471384591 0.703421383892828 0.144449178374325 0.065687907764251 0.0527613862643842 0.116616372461302
"ufb34" 0.584151159060565 0.614894587686488 0.175303018861261 0.122875309737192 0.109714675340978 0.0616798514578176 0.131649239983569 0.0870936114141548
"ufb35" 0.730253064582176 0.672593439096531 0.175171661219693 0.509123328755239 0.124466403949293 0.0784796073948957 0.0816894286138755 0.0954447782324583
"ufb36" 0.7492459926226 0.663732979076719 0.154296909714798 0.616256442710443 0.110451162436998 0.0612283868651926 0.0400671892947996 0.0570197568339428
"ufb37" 0.737072501196554 0.71362547856195 0.186770698653127 0.421818063811742 0.13035795802637 0.080984942185216 0.114317131717139 0.0946163138547847
"ufb38" 0.575349030309195 0.623335081216861 0.184142415188099 0.110928754362855 0.116135869166281 0.0690252760930505 0.143063400478425 0.108243402795388
"ufb39" 0.580067714796436 0.607267882170309 0.173194101032449 0.124870271251807 0.109836772853334 0.0647718274551358 0.131207555558329 0.0962139852475673
"ufb40" 0.73117749204756 0.700132076163921 0.163662188625384 0.518035650068624 0.115097432272638 0.0745915638783848 0.0694592304034915 0.0749258804525186
"ufb41" 0.69031774299936 0.676668015300868 0.180229460516606 0.280932877049002 0.121659474894972 0.0745306241849018 0.118589306563063 0.0847431482135295
"ufb42" 0.66772296218383 0.666354582258164 0.179577678366252 0.231302057125183 0.117262704818962 0.0737693741827597 0.124963853978468 0.0801900124164898
"ufb43" 0.664222199958797 0.643043602741802 0.165824934604831 0.411977049842764 0.113355069061832 0.0640286844730418 0.0716733983939021 0.0912176232842355
"ufb44" 0.71387655007575 0.691100084153101 0.186924137978199 0.550387280139827 0.136404247965443 0.073218284463137 0.0775062014625572 0.113529772825036
"ufb45" 0.610323551164964 0.654545905346843 0.195472118957169 0.11267629871682 0.121991455699858 0.0638041074695286 0.148465679952863 0.134031196539127
"ufb46" 0.60790029732081 0.647457560157299 0.196841058718046 0.112674455601885 0.12282713404606 0.0608183031765034 0.152515293666592 0.130830295696348
"ufb47" 0.713289503463487 0.613731072327433 0.15466167181884 0.549194275317894 0.106185724896691 0.0600453865141667 0.0395066847868866 0.0538931079263468
"ufb48" 0.591220089709353 0.604731405963712 0.170944155358658 0.137053914784039 0.108402450231596 0.0593117485891173 0.126174019246259 0.0828284796810688
"ufb49" 0.629106193514623 0.63823176525255 0.176068002006087 0.27430434751766 0.119697223734918 0.0650310576728299 0.10268045585029 0.0916414068900104
"ufb50" 0.719549192269024 0.7416499532023 0.215506288666782 0.499927813140084 0.154799826232654 0.0878667341181778 0.109886776241761 0.14459553035541
"ufb51" 0.613751732249733 0.649502757696309 0.197536617110887 0.112658318934483 0.122564647220071 0.0562565387616401 0.155091044201166 0.128788576654664
"ufb52" 0.628315190419757 0.617665483399457 0.167921825906081 0.197685606879136 0.108481798717461 0.0655299059197829 0.112498046269221 0.0815294402062058
"ufb53" 0.649540985799945 0.63678823303422 0.168078092078717 0.27096005469341 0.110030916619281 0.0635557261964299 0.10050662273759 0.0820728585305078
"ufb54" 0.600469607837734 0.5914136827722 0.162308197247958 0.159582277820532 0.10234635021608 0.0557498692247558 0.113333784811373 0.0708695355856161
"ufb55" 0.693781540815363 0.65294890459113 0.157782919618898 0.530447515105393 0.107831841382778 0.061808023867802 0.0450398860542754 0.0694870334731049
"ufb56" 0.62654259253935 0.662623707790834 0.203807503760547 0.112674455601885 0.125012053842532 0.0623312641505356 0.159878604918812 0.137869319719721
"ufb57" 0.636854441751535 0.629082772854583 0.171394255750301 0.197630727462459 0.111086223817799 0.0673179615931184 0.118869710158168 0.0839257426169115
"ufb58" 0.632359669563956 0.61508139540057 0.17072669841781 0.209045158805366 0.112447531766908 0.0637644016150912 0.108207689524851 0.0868083503735242
"ufb59" 0.67948717948718 0.558638508200404 0.142590426293079 0.679352162391892 0.10566097801718 0.047178318577953 -0.00352146961387978 0.047325346996462
"ufb60" 0.633192547468771 0.619562609578297 0.169589739241944 0.192833261976768 0.108521469541432 0.0667902491102292 0.114349964389275 0.0802303179556351
"ufb61" 0.786014085277529 0.685210909706929 0.170646991151696 0.617123561354483 0.122871911603707 0.0681177120119602 0.0596260010867652 0.0914249624004139
"ufb62" 0.657300318455546 0.626212324070143 0.164918989062197 0.407150813415753 0.113038876417727 0.0591221461408296 0.0708575936363807 0.0925173687008932
"ufb63" 0.6821975940873 0.611966424835499 0.165317192257952 0.394674700344824 0.109404726822323 0.0633949557538437 0.0829009524697723 0.0920054286710277
"ufb64" 0.617249320358706 0.67463514480736 0.201046051371892 0.123755185680057 0.128007534496433 0.0658580515057814 0.15051745076706 0.141660007808625
"ufb65" 0.607399884469673 0.655769434161819 0.194588402060338 0.111352333296232 0.121198453945186 0.0579024684867502 0.147530537308556 0.134399804503279
"ufb66" 0.775 0.707393865529149 0.163329496119478 0.774811649930356 0.125950155756718 0.0596927788929604 0.0212669450478394 0.0887755839721662
"ufb67" 0.583583311724714 0.606767168365643 0.173296506035343 0.123410308118893 0.112603518131173 0.0513989951107931 0.131679993544455 0.0976064053456378
"ufb68" 0.5875 0.527205441088218 0.163598273389553 0.587288268160997 0.116796449209738 0.0511076732763492 0.0223136463769518 0.0400902035198099
"ufb69" 0.569121820057463 0.527334403489112 0.133366770797628 0.209614859064214 0.0834048950068718 0.0471349485303853 0.0724382634063057 0.0438238297816873
"ufb70" 0.715658032752189 0.695659605640681 0.182644625134002 0.406468173543249 0.12464797526713 0.0836164151714121 0.116231274518764 0.0810383426794873
"ufb71" 0.684643633585317 0.675654143107536 0.177772001423333 0.293650008956335 0.119685458128012 0.0781062727278931 0.115836411737298 0.0763636476076569
"ufb72" 0.633157075045745 0.61685844649252 0.169275063347915 0.196677759919711 0.110463688024872 0.0614747700887734 0.110650219589777 0.0853379263342745
"ufb73" 0.565726133660047 0.548459970088733 0.13668853836962 0.217381187679343 0.0846305848673341 0.0534942353336979 0.0819552084046667 0.047280016575345
"ufb74" 0.59652362433182 0.555724641312915 0.144237200876507 0.246449685312504 0.0914830591115381 0.0518634119624978 0.0800755520716671 0.0560203353082739
"ufb75" 0.591288171362408 0.552104793362284 0.142434594642524 0.234045958983254 0.0894646866013894 0.0533374514432905 0.082201984168594 0.0539348742006856
"ufb76" 0.610282182042125 0.583863685942731 0.160329717175163 0.186380579107111 0.0995011020179301 0.0543227557687813 0.109470776627898 0.0692553379724958
"ufb77" 0.624942893044055 0.622843647683968 0.166076723880014 0.263284825569742 0.111652909690309 0.0663668127548118 0.0982580942788888 0.0784513217417828
"ufb78" 0.683544303797468 0.647669041369829 0.155540096180921 0.683332863529619 0.111744801741595 0.0495059222980268 0.011698741492964 0.0487342878129275
"ufb79" 0.583809023571258 0.604839452812874 0.171433308033566 0.123691596167419 0.110198892945681 0.0583420472003515 0.129353932533465 0.0940966065637639
"ufb80" 0.588249881851738 0.594425728870882 0.166357186611563 0.141054681909688 0.107586075944868 0.0566292845399439 0.123560384620991 0.0863039648735623
"ufb81" 0.59015000006394 0.605314459333673 0.175365947698396 0.1235514927213 0.114286638173317 0.0551698093527429 0.13430969325817 0.104108152705667
"ufb82" 0.7125 0.641175151379233 0.155669286490539 0.712303856007236 0.119420262356663 0.051442563771962 0.0130452983540013 0.0644166150511151
"ufb83" 0.582855189120472 0.600398253760702 0.16940918732766 0.127437219779754 0.10780870252397 0.0594087032131394 0.124564665021654 0.0828609179055911
"ufb84" 0.629064926926062 0.66319954315549 0.195430360484637 0.14815866012939 0.125865311391859 0.067244566463281 0.146698296568216 0.136792092784046
"ufb85" 0.564102564102564 0.376980056980057 0.133913485646299 0.563913882825559 0.088033609059061 0.0380227681331422 -0.0136770551084098 0.00345253431322394
"ufb86" 0.578419785670505 0.609274861111631 0.174854103479472 0.113689648646905 0.111064671560051 0.0663381224634521 0.132958981127166 0.0973308101126776
"ufb87" 0.60779713701743 0.537497569039284 0.132583002547145 0.295185234309285 0.0863183171144053 0.0547394082844481 0.0623071655378626 0.0457947044457791
"ufb88" 0.624898860973925 0.625857824312599 0.168600110492979 0.160926038704441 0.110176671955689 0.06360276326985 0.119931800291839 0.078342215308845
"ufb89" 0.532110611220121 0.532584093164731 0.137103438509909 0.123438706757328 0.0866399624299105 0.0522800130318627 0.0893773891688988 0.056489987630826
"ufb90" 0.8875 0.909876634409396 0.218528437996803 0.887443747238734 0.176948869488268 0.088551931028483 0.0858350560262453 0.164649824915554
"ufb91" 0.63639279387674 0.60224733247301 0.156761855012137 0.502537419093231 0.112358348866466 0.0658737811869485 0.043282540247705 0.0776228013568602
"ufb92" 0.580414688189365 0.622002754761338 0.182491924422588 0.116914111813013 0.116758867630937 0.0616915884832465 0.141327335935253 0.106770578432833
"ufb93" 0.659529288803585 0.695019607843137 0.194097202450197 0.30111259301703 0.136323338806324 0.0930313599436145 0.128806966827181 0.111357844943872
"ufb94" 0.63567304584744 0.629028489163804 0.168787282789014 0.197630727462459 0.109424681396677 0.0655486116896011 0.11609748361143 0.0793787955022946
"ufb95" 0.655245835287063 0.643574209669921 0.169639083064102 0.333083359272362 0.117684620930594 0.0636655607323669 0.0954959508237521 0.0870327581016694
"ufb96" 0.609451169153412 0.636395571688809 0.184812769843074 0.123399569468685 0.115218569457069 0.0677766987455479 0.141632945749056 0.0992147681818149
"ufb97" 0.565142514116719 0.530850547127225 0.130178673838125 0.196962394219442 0.0800542674761716 0.0455072940119385 0.0750973370748521 0.0406473444838934
"ufb98" 0.54320987654321 0.624695863746959 0.196334678699019 0.542985220066357 0.140856520106995 0.0632450846046606 0.0609015341942151 0.0752326304251686
"ufb99" 0.62494682669939 0.611568530567575 0.162523131640161 0.233267771795215 0.103577827510994 0.0591897841172073 0.0993476120543621 0.0775950205579591
"ufb100" 0.628656739738773 0.615264797507788 0.16270132958786 0.245900885271236 0.104415915326319 0.0669896689140552 0.103582105375616 0.0722635945507166
"ufb101" 0.692307692307692 0.562240896358543 0.146287613262991 0.69224888828001 0.108329330868004 0.0484870309710861 0.000805758137313396 0.0526738846656942
"ufb102" 0.726515105148661 0.672658590595285 0.156676739526918 0.592725068397629 0.114312518092065 0.0628442728891162 0.0424568271647512 0.0536543203174447
"ufb103" 0.730878973965834 0.752043384623369 0.205312278171819 0.595516697408479 0.152498318194793 0.0950751434000739 0.0985560187370068 0.137038966916922
"ufb104" 0.586078620848623 0.619757410696111 0.180373884999243 0.115412018885823 0.117176863975328 0.0529255295099293 0.139358749503737 0.107984398694591
"ufb105" 0.54021811784286 0.49623610025846 0.129818708123296 0.160317704376933 0.0796071331212879 0.0438441533144035 0.0770790156758494 0.0495513034515532
"ufb106" 0.575897304340712 0.619250267177821 0.181945342600339 0.115449118745389 0.114359474132083 0.0624402244933227 0.140765277376945 0.10535289165786
"ufb107" 0.60821832449101 0.650657487641962 0.198901147469207 0.11261975823194 0.128812705909848 0.0583330769011923 0.158244352299278 0.132372886563943
"ufb108" 0.62523382056768 0.637329267624972 0.174705455860742 0.153803569787582 0.111393919254466 0.0709086921744513 0.126338030165352 0.083604040031335
"ufb109" 0.549676082023905 0.544837208880916 0.142207242545553 0.123288960209194 0.0904744973732612 0.0492248905707394 0.0968043383362869 0.0599827749488606
"ufb110" 0.544673416508372 0.520416632158773 0.133680571929459 0.135775617742281 0.0838867071167636 0.0477721459592576 0.0858332553620433 0.0510388036414414
"ufb111" 0.625583104543424 0.66635778916385 0.185691888608868 0.275960297274734 0.128452521479145 0.0858255602020572 0.119642651845842 0.0995788012133066
"ufb112" 0.666666666666667 0.697856614929786 0.19423351264969 0.674721047950983 0.145427221220937 0.0692789214022185 0.058446281042151 0.117713147134402
"ufb113" 0.578511567470819 0.559633701036719 0.143631362474409 0.199455072495569 0.0881706153066992 0.0537015084217141 0.0867756323914893 0.0546268420232636
"ufb114" 0.605115086823659 0.665899170144385 0.198867422767247 0.123755185680057 0.126132803198808 0.0631128414635453 0.148201038182726 0.139080683700742
"ufb115" 0.602315113978868 0.65762191194782 0.194290041321134 0.112704140832223 0.12222209470959 0.0621400174775216 0.145462526432443 0.134253058599594
"ufb116" 0.59318629729847 0.62283056761751 0.185200400527036 0.128255121988997 0.12039755249369 0.0571111184095952 0.144589184454768 0.116961302603678
"ufb117" 0.582019112833673 0.604283010130716 0.169990448092302 0.127437219779754 0.106812246600047 0.0591412541895994 0.125171618136127 0.0812050389121294
"ufb118" 0.65438498763079 0.632468751173004 0.169307038871224 0.270298079469836 0.115092239909212 0.0638238976730576 0.0951599979857402 0.0903962352817104
"ufb119" 0.584789837854265 0.636510995136023 0.188777154175226 0.0987705034788765 0.120370734757718 0.0439612005536702 0.148335771004824 0.118998586649219
"ufb120" 0.594035515232433 0.597252341667336 0.166534960000269 0.147203468505918 0.106106300386789 0.0580027043190255 0.119294066132487 0.0753005724901309
"ufb121" 0.747443351570725 0.774259890674893 0.192384460924268 0.637105977037628 0.145362922600817 0.0923445996625559 0.0839516975923638 0.119765649796871
"ufb122" 0.617092807720163 0.58782522263563 0.163093665191935 0.208693553638646 0.10347920591759 0.0592548062497182 0.110194680496014 0.0720874145632216
"ufb123" 0.591851734095942 0.597848419296322 0.163832173510255 0.171776323493813 0.105306416031514 0.0609557567023769 0.11640100336481 0.072540787199475
"ufb124" 0.58327116674043 0.598311606555522 0.16501847268751 0.15277362810901 0.105355288565446 0.0602942767161835 0.118863495684746 0.0767082612824618
"ufb125" 0.625680433644836 0.590871646443282 0.150328956498806 0.336896726141243 0.0966203372055748 0.0564893716287318 0.0662920640829112 0.0758659438972082
"ufb126" 0.64199618194882 0.641777358094639 0.176299878221138 0.153803569787582 0.111583029275609 0.070318922651241 0.128095634043109 0.0869790913461698
"ufb127" 0.628760353058745 0.636213857951928 0.189621757672047 0.221758483188014 0.126481874081749 0.0596234634628513 0.142220748795513 0.123973649556269
"ufb128" 0.644348595819161 0.678588071400892 0.187377765466508 0.263485934369131 0.131884759537732 0.0828423351654232 0.121477144331992 0.102718307909104
"ufb129" 0.63153334385172 0.651656297733694 0.178085677130196 0.225641999629993 0.123839549842821 0.070676379415017 0.120219760505623 0.092542584310485
"ufb130" 0.704140598652204 0.744367515878883 0.219636689334454 0.357541958959321 0.15412051057472 0.0969334740160064 0.150496712722225 0.170860336937202
"ufb131" 0.617934079110393 0.659076512045207 0.203109945767007 0.111281377827949 0.125641349062888 0.060257303641014 0.160960113939109 0.133762644248129
"ufb132" 0.617115217706417 0.648357759068704 0.183903577482723 0.137007222669424 0.112437148221158 0.0698328478463636 0.138764500990683 0.0926785303133042
"ufb133" 0.749881694402935 0.70768386388584 0.170945895050663 0.542920623397418 0.123240772933113 0.0724598192436781 0.0775633549454087 0.0807049388133218
"ufb134" 0.684575407334113 0.667252099558321 0.189204634106895 0.381708899052743 0.130970249269522 0.0920964590480899 0.132199241436473 0.0869838432027011
"ufb135" 0.576623567272572 0.598925317445198 0.169889583459653 0.112464237504398 0.108806633262908 0.0633274020775236 0.127263925888408 0.0896948469484002
"ufb136" 0.621653980124195 0.623941726553292 0.177424342017739 0.160760072219158 0.112850497248293 0.0663946413062118 0.131979196293437 0.0878985792668914
"ufb137" 0.594809762004023 0.638644945130845 0.189902676895179 0.0987303605634924 0.122142392866881 0.0418563619154079 0.149570166097318 0.122768617787015
"ufb138" 0.618218456300546 0.543335041358612 0.145408816103539 0.515603524977662 0.10455192075893 0.0596619500258875 0.0307006650070293 0.0369827120360166
"ufb139" 0.569116694462946 0.615143892106897 0.178049166904786 0.0988522227908544 0.11183216046923 0.059165601965363 0.136663352772615 0.10361776362642
"ufb140" 0.682806857723352 0.72536260830039 0.220447364045909 0.259036413409911 0.153083452518122 0.0732909962358477 0.165638584927055 0.163988334566553
"ufb141" 0.587976030737179 0.620375748499502 0.180183005390111 0.115412018885823 0.116569569584322 0.0531900493024918 0.139167183051941 0.107841798717893
"ufb142" 0.662638320302929 0.679213588004728 0.183297858981069 0.461127485172113 0.131363483491157 0.0676720099594222 0.0730498888433123 0.0999459390481
"ufb143" 0.552830054392694 0.525297883691979 0.137752327443742 0.123467500100691 0.0863170524038948 0.0510004601261062 0.0872975395035054 0.0545527533161681
"ufb144" 0.552720714252026 0.512677687013572 0.125324387003622 0.2175575688035 0.0799817935520112 0.0445534698144142 0.0671767919757237 0.0371771971932352
"ufb145" 0.790123456790123 0.819399985111293 0.208005104119848 0.790063025571519 0.163487429447626 0.0799364364625074 0.074538651931558 0.1526790810843
"ufb146" 0.682435639234084 0.674338784575005 0.186484763288865 0.543020713024424 0.139245349490927 0.0805968247601465 0.0775838898984172 0.105297749641603
"ufb147" 0.620927717151552 0.630867193010785 0.17506567250542 0.140904616487926 0.108250214278731 0.0716098032997685 0.126777941984341 0.0824181828172827
"ufb148" 0.553019443923278 0.517496419143292 0.129685741923204 0.184907613366857 0.0802661256224472 0.046306528026604 0.0719041390290271 0.0410350428769662
"ufb149" 0.57454566729874 0.588803891380049 0.164514168827356 0.128086005479803 0.105656290202451 0.0499657148959844 0.12210382019014 0.0862707359719758
"ufb150" 0.580917957453561 0.578993997403828 0.159046012661721 0.142817168953099 0.102052901320546 0.0547653876833776 0.115287236676497 0.0768447120183781
"ufb151" 0.679250025366319 0.635705876301622 0.161060163328512 0.449746807208762 0.113222372726109 0.0764792199316818 0.0780846431704322 0.0665268347366366
"ufb152" 0.5493968379309 0.532429806813357 0.13941005354125 0.135821988917267 0.0870674602294027 0.0531558126565687 0.0905994944701369 0.0550043594018655
"ufb153" 0.75 0.797008717907702 0.204667295599898 0.749922941422923 0.161585293300048 0.0764886065581986 0.0696203003284212 0.141346647083201
"ufb154" 0.573833375746045 0.616996168774773 0.184656854054836 0.0866103462548884 0.119338872054414 0.0593974941547554 0.144017746366899 0.117311060653577
"ufb155" 0.541554768145948 0.543136519657331 0.156640599399893 0.147384651171154 0.099581754933526 0.0512297492640741 0.0932429211284089 0.0829655184101858
"ufb156" 0.594936708860759 0.6651911126245 0.209513340495118 0.589771997006417 0.154969136729931 0.0728602549461814 0.0752133038223535 0.106060532230979
"ufb157" 0.612160342103664 0.615082350973999 0.179580944004144 0.456696334981682 0.131575710134691 0.0728482986610195 0.0697558937625338 0.0969093360114439
"ufb158" 0.597695294981566 0.591248827898544 0.161149161391324 0.174273955288461 0.100289802575515 0.0558902076053917 0.113591036809975 0.0702751657865112
"ufb159" 0.574085807574601 0.544552949986505 0.137926525367641 0.230483167837376 0.0875558512678402 0.0508186078193531 0.0772284665506785 0.0496664236876358
"ufb160" 0.652002453503491 0.638382061182499 0.16665508335095 0.268601044565645 0.107354262746015 0.069396136316855 0.107905186572433 0.0764453073700128
"ufb161" 0.587438703913084 0.61829873833797 0.179879186318815 0.126741869512313 0.114475051504452 0.0614933105510094 0.13859131730046 0.104435843766395
"ufb162" 0.606422924735233 0.633658518672656 0.190995496918847 0.111281377827949 0.11845034715131 0.0574791802230111 0.148204896670104 0.121953232767577
"ufb163" 0.720850351646639 0.65213453227989 0.169220998574894 0.477621923758586 0.119359195217594 0.077683077579571 0.0867840809418924 0.090922671445397
"ufb164" 0.802469135802469 0.716251354279523 0.148151569785805 0.802301220095451 0.116646118127341 0.0546468034505738 0.00459863986887111 0.0725519799767896
"ufb165" 0.552626178472802 0.531544074638744 0.137902720778717 0.128126794672642 0.0866788153859575 0.0483885181570038 0.0889659611105477 0.0549866167940189
"ufb166" 0.617873299910974 0.612999640509159 0.173474512370293 0.166754591743632 0.110001659540613 0.0664836066537428 0.126618969268495 0.0809929742213814
"ufb167" 0.599813307139654 0.59410102543109 0.162445155943506 0.283553825339443 0.109761669201211 0.0563218737316343 0.0797453324617656 0.0824599657440912
"ufb168" 0.605776855786088 0.607401555316536 0.160519431058678 0.22383372014943 0.103130623385764 0.0680931643777682 0.104528970910787 0.0678271526616316
"ufb169" 0.6253987382896 0.6228874623346 0.162923495298474 0.247272571366573 0.108436702007939 0.0647383157974937 0.0998219053964919 0.0758978830523229
"ufb170" 0.676515422470369 0.669826764917465 0.17919854219029 0.255107938100853 0.118107684877773 0.0775548191767328 0.121401443206459 0.0764482200840791
"ufb171" 0.737213451582951 0.786816722674545 0.230868240062786 0.419408407590753 0.165792839412263 0.0992054360169903 0.154924483982356 0.184190535733172
"ufb172" 0.756310644212198 0.700905296950241 0.16312645731999 0.541943968480925 0.116506668665302 0.0774593071876194 0.0800654220507656 0.0615394351951779
"ufb173" 0.616214772660642 0.649164954853558 0.175919448055494 0.273043508928927 0.124011172392158 0.0781519916467196 0.109089600273647 0.0934514899284872
"ufb174" 0.777777777777778 0.837241838774151 0.216637786810718 0.777520368544097 0.168851282721861 0.0821543645281662 0.0846261085579816 0.174775099729635
"ufb175" 0.786894038281251 0.839066535622043 0.232090929930995 0.629274757425895 0.173017738445908 0.108244497915719 0.129295106766031 0.192572244349724
"ufb176" 0.612018406148114 0.657258663631258 0.200760539019394 0.114042549370498 0.126690227807621 0.0599117544766042 0.159172336618449 0.1327632882334
"ufb177" 0.646171279544996 0.716086082383923 0.215066033596755 0.185189598481227 0.143578633394505 0.0715796885206196 0.159878903949213 0.161085115225525
"ufb178" 0.672374094673132 0.668592162554427 0.184880251236876 0.530692954476157 0.138037314852164 0.0796424273119397 0.0748581713955244 0.0956491684110315
"ufb179" 0.649912576672252 0.655628107029874 0.179020886409119 0.423891152872735 0.130324184039953 0.0809856442507265 0.0860068367351512 0.0958526879713874
"ufb180" 0.649350649350649 0.555778538543265 0.151971718664719 0.63995475609326 0.107550847697774 0.0481544288069486 0.00620643179574152 0.0443393385398323
"ufb181" 0.66369668572892 0.659492069670137 0.18060472718983 0.358958134783822 0.126058165172633 0.0697978021456393 0.099299640099572 0.100066230385817
"ufb182" 0.602439948461573 0.640053851999767 0.192505406769234 0.111246744706288 0.12445607331629 0.0545052989192131 0.151524019548303 0.126086042683597
"ufb183" 0.599384570996631 0.637977998407491 0.193393241980579 0.112590027859031 0.125532669320992 0.0549320531683106 0.152803665736891 0.126760562961368
"ufb184" 0.547749149427212 0.522719781212983 0.134383231949614 0.136080328523441 0.0860212579190104 0.0481088629648467 0.083683901533926 0.0530996967748918
"ufb185" 0.600239311404023 0.556430745814307 0.154581678356173 0.285302632616758 0.103236233358218 0.05961007885875 0.0794547355865121 0.0686620011879942
"ufb186" 0.5 0.602036136843071 0.209667942627943 0.499874267845627 0.14855815373815 0.0667485303470744 0.0760956085881981 0.0789456055842208
"ufb187" 0.625895914460539 0.629694938201511 0.167901896784141 0.245916401407469 0.113042864788265 0.0592655990984342 0.100033579619838 0.0851941764867669
"ufb188" 0.622391743244009 0.681513573710278 0.200073796283339 0.148121264861371 0.131440391504629 0.0667997215351079 0.146964727087022 0.146537182332712
"ufb189" 0.621880540440309 0.667715014111536 0.194597635808393 0.149932284185706 0.126417752036062 0.0639127903950327 0.143691676311703 0.140592286128133
"ufb190" 0.561846415527125 0.569775106603112 0.155523408553324 0.123552489990676 0.0995432794310325 0.0536038123059895 0.111547707607735 0.0760945881074242
"ufb191" 0.55131141363836 0.541187499890684 0.141622941784881 0.140951045038321 0.0888042435923835 0.0528559956956298 0.0941793716674501 0.0577564389344605
"ufb192" 0.611730031804981 0.647568566426765 0.173005887919051 0.372867264019355 0.124519671158079 0.0832738585827658 0.0911629612428751 0.0832649580704726
"ufb193" 0.765432098765432 0.764796755817322 0.174686526550949 0.765282174020165 0.135891289898509 0.0621517893701209 0.0356052498692019 0.0977874180972332
"ufb194" 0.5740053507205 0.561751378185702 0.150214340926549 0.147565756031285 0.0935790774324169 0.0515941141317516 0.09865386338295 0.0633748415394236
"ufb195" 0.573366285047071 0.550382294374268 0.140876324655802 0.209614859064214 0.0870433626674754 0.0518223090542919 0.0804757752198594 0.0524302203364163
"ufb196" 0.661303224230279 0.695497879028991 0.208421441045903 0.24021330715603 0.143371465165579 0.0710031576424681 0.155833133273891 0.150390445195177
"ufb197" 0.629874734312605 0.64297892203437 0.174017237491281 0.210445617622303 0.121404413932302 0.0642850712089792 0.115923514649055 0.0876605740082766
"ufb198" 0.777777777777778 0.710273306686832 0.153311195252969 0.777581261044795 0.11510618739064 0.0541102328726816 0.0106277619821686 0.0702295771826929
"ufb199" 0.706184813469318 0.673156047948987 0.167973058135613 0.512278844681828 0.123948368967888 0.0760352246726667 0.0740639759835312 0.0753922344828564
"ufb200" 0.57526180106443 0.633106802169711 0.190490663796099 0.0987601190593317 0.122807689902635 0.0585486296275287 0.150142330395633 0.123235559341894
"ufb201" 0.657052111899402 0.648342585249802 0.184627827876483 0.367213354255972 0.129617607129278 0.0722094846068553 0.0921854330189932 0.0989729618360906
"ufb202" 0.648832674952146 0.633229034356703 0.18049004852069 0.4406936883835 0.124464441650913 0.0637798564232425 0.0697737755941752 0.0873615894602796
"ufb203" 0.695502889931988 0.677218715187523 0.190615404342791 0.392747496315595 0.130358251506969 0.0697173070268894 0.0992132652660851 0.114233660726756
"ufb204" 0.709413215367418 0.691467940915716 0.182490656150589 0.381200591672495 0.125764217327008 0.0774708614218859 0.109938715301141 0.0918270374233535
"ufb205" 0.611024862883399 0.642723660967147 0.194626347076945 0.111281377827949 0.12150960368128 0.0588386135644971 0.152027793049313 0.125305593709806
"ufb206" 0.575146806143382 0.568037250990656 0.151836047867039 0.147357644141538 0.0962069007999792 0.0482809044294114 0.10376201797707 0.0622455410830512
"ufb207" 0.575153343958471 0.585813566756797 0.158613421914159 0.135289221506598 0.100094581384699 0.0503880127360713 0.113188371288378 0.0706355614312537
"ufb208" 0.572155804941475 0.592090910472023 0.162467088599703 0.140429681597711 0.103431134284088 0.0520316123185361 0.118109121238101 0.0774725521128323
"ufb209" 0.711271500859158 0.691589456983861 0.182787335465369 0.357947992483839 0.12613853519506 0.0838170878948317 0.121333900697037 0.0775766512347711
"ufb210" 0.626483480649679 0.621115455855114 0.160295733210628 0.409819877640118 0.111895292259593 0.0718259691917132 0.0653563834761718 0.0852603556843204
"ufb211" 0.66131140497128 0.674055194402283 0.173856664580219 0.384167413534593 0.122871439010875 0.080639250982199 0.0922030513619921 0.0965976924079357
"ufb212" 0.642984349480405 0.66570647113594 0.191788034985842 0.480088916283006 0.138541567857403 0.073999842683539 0.0830246469555995 0.11117535589168
"ufb213" 0.648555229835817 0.647863163113535 0.172788393629737 0.365015310211915 0.123627478165432 0.0790463374324109 0.0909530591150208 0.088749584687093
"ufb214" 0.628873283179891 0.639398163706442 0.176089069504205 0.162262576353389 0.112070373876557 0.0667457317390842 0.127830095582862 0.0838876169751996
"ufb215" 0.663816301213127 0.722880476293061 0.220304325381613 0.177152650062716 0.146058306483544 0.0788025575723129 0.165449885452151 0.163259348779601
"ufb216" 0.58268378118461 0.586079503472735 0.161820179049039 0.137420141109661 0.104923699916139 0.0596897891916906 0.118185100895005 0.0809297830903785
"ufb217" 0.628854802919517 0.647946564470537 0.173139654660882 0.326632178785803 0.123659539003752 0.08076430021072 0.0997545235619777 0.0884658157390322
"ufb218" 0.652723467743395 0.673852562672023 0.185266330618516 0.297820107393444 0.131152006852585 0.0843676370661189 0.119194480022075 0.101159523675957
"ufb219" 0.574038758074744 0.578103707088373 0.157966188238032 0.111379423743075 0.103516308697461 0.0563804741384433 0.112497513594589 0.0751376597451712
"ufb220" 0.591084887919375 0.61375722243646 0.1738120462759 0.140263889955529 0.109987879188914 0.0602691723370866 0.129207543896378 0.0832295509155557
"ufb221" 0.624215817415414 0.647584248328842 0.193414511267175 0.137852015577409 0.120826842446746 0.0583402263366254 0.146262461509642 0.128283504862042
"ufb222" 0.599499990451225 0.637819424170777 0.189144777882232 0.123779515645988 0.117291291046629 0.0537612110857068 0.143187497819695 0.125885425971432
"ufb223" 0.60508051731239 0.647324671621849 0.1938842979 0.111337318029287 0.119754288361039 0.052211389305901 0.149394878932237 0.130095112236799
"ufb224" 0.640678524935473 0.667365269461078 0.184876210233896 0.345954142613903 0.129842825259109 0.0708312773227576 0.0928381128068174 0.0943930041733901
"ufb225" 0.633791203642995 0.563010514424748 0.16010047053919 0.335511173569411 0.104613846513064 0.0600045009541139 0.0767391012506594 0.080195014598824
"ufb226" 0.571096376514687 0.554659311224006 0.141238362269898 0.197230516863673 0.0874366593252342 0.0518069345145706 0.0808632658291816 0.0524880553249231
"ufb227" 0.619452930667739 0.561409296661605 0.143988270966902 0.294551515197329 0.0930576029691501 0.0581263056409644 0.0796935273747265 0.05090860723288
"ufb228" 0.595928799770421 0.558811494134146 0.141266351365335 0.260829025742734 0.0896608089147561 0.0577473704270299 0.0808009541813728 0.0494762756868233
"ufb229" 0.644830723957063 0.629953135144277 0.16378234528458 0.27096005469341 0.107476861352996 0.0628033649171364 0.095861961075323 0.0773223619403444
"ufb230" 0.62309835514672 0.554994047474428 0.143876970619061 0.344206744961384 0.0995008373345488 0.062165202144993 0.067916297804683 0.0454073268609042
"ufb231" 0.761233521760155 0.701431578947368 0.161353081584333 0.591564909140146 0.115650937746173 0.0741045725466352 0.0662591408028812 0.0641014464139876
"ufb232" 0.657597682098137 0.690458909954001 0.209212200668855 0.234700451376603 0.142722157101188 0.0704171765199771 0.156631749514453 0.151506973920572
"ufb233" 0.725016657578927 0.762638881505502 0.203008371908584 0.570803665091679 0.149315974566846 0.0919661105179994 0.0959426117629957 0.13569311826014
"ufb234" 0.58974358974359 0.618269869907891 0.185133814900378 0.589644109259122 0.135335547197031 0.0594511196797505 0.0449996176223453 0.0786122083056671
"ufb235" 0.578107922172668 0.580877823136665 0.159013905753693 0.111341894396978 0.103908079990536 0.0531164630164029 0.114490191230677 0.0767246082590174
"ufb236" 0.575352952103263 0.59644937046743 0.168485414491245 0.0991582845840554 0.106458936647783 0.0602333586524024 0.125178779449804 0.0865226318348726
"ufb237" 0.728395061728395 0.720479795497001 0.173227222018194 0.728202235444182 0.130817500378669 0.0592701740859553 0.0339000243088464 0.0862763243810593
"ufb238" 0.585410414727315 0.599054363616046 0.168597040951534 0.140119938658587 0.108359558959424 0.0590117684860219 0.122671317768136 0.080016894215478
"ufb239" 0.582694945474686 0.608162031243432 0.17249825095068 0.127564785435453 0.110570112924657 0.0586673864661181 0.127785996003027 0.0842359680112449
"ufb240" 0.657668745280833 0.641418494734876 0.174047508125154 0.251104297621991 0.115603343571488 0.0561218695190409 0.100611091240806 0.0932839648739228
"ufb241" 0.626705991883898 0.613067186157248 0.16617407506589 0.19801430333412 0.106939571929729 0.0659212915563217 0.110707086594876 0.076865382328394
"ufb242" 0.761062641657099 0.722227492647756 0.194224215312314 0.516710285806188 0.142286225611877 0.0805554953991316 0.103229611842177 0.116008352613024
"ufb243" 0.725 0.682008368200837 0.173139313609201 0.721347902654486 0.127439264856143 0.0609164848905918 0.0330698349829349 0.0923944040173748
"ufb244" 0.587443328110742 0.622087841528745 0.182391842161577 0.115449118745389 0.11608462902055 0.062185522325692 0.141235661820381 0.106488093566305
"ufb245" 0.577421496199623 0.582591077548705 0.165122103799228 0.128241129089062 0.106396526254257 0.053423547462232 0.123507504753647 0.0912312843100848
"ufb246" 0.649361717423176 0.63892818062932 0.167186542475845 0.268590345886324 0.109049161193659 0.0651050872168581 0.104475322388466 0.0812553109569293
"ufb247" 0.589992275295766 0.563990774843168 0.144339529390467 0.217744433457121 0.0873718180753409 0.0552744466393306 0.0840616800934813 0.0530260747369428
"ufb248" 0.559669462459507 0.575059013730155 0.165049812198365 0.0984560445737191 0.0998870015562961 0.0519376179161973 0.122666000435132 0.0835120729551861
"ufb249" 0.63315246719054 0.673676167188813 0.202888931923352 0.137848278782622 0.12958851527771 0.0652857999970016 0.152478594261353 0.141291185989903
"ufb250" 0.675 0.734149505432139 0.195890667068935 0.674905988535967 0.148796339030755 0.0688021374895046 0.0593534057677027 0.118628610972232
"ufb251" 0.595894002442633 0.593720962416718 0.162584670210313 0.312118319448785 0.113932536717536 0.0608841849479319 0.0797330048329496 0.0843482057589568
"ufb252" 0.581544597390031 0.628474903364809 0.183422568839934 0.0987303605634924 0.117439477509137 0.0467286469386626 0.142767431339509 0.114392986639067
"ufb253" 0.554777662458186 0.546439249996318 0.150785519907854 0.136080460203918 0.0958298941216064 0.0514867442582142 0.094344211132768 0.0704305073981238
"ufb254" 0.612361528572979 0.653086649815002 0.197259455440593 0.112674455601885 0.122221784966618 0.0552616852986925 0.152956310971037 0.133742111047866
"ufb255" 0.608588258536136 0.579669197124328 0.161445295310974 0.307505725368464 0.112727135260804 0.0611044372031754 0.0785579716900586 0.0799401955383564
"ufb256" 0.765432098765432 0.715562913907285 0.156512161381962 0.765221281519467 0.120391776906258 0.0543871059164232 0.0143681527905812 0.0743727341047771
"ufb257" 0.650086207243901 0.656239142726734 0.17659308461323 0.323172173286164 0.126250582313901 0.0803685738044856 0.103514450749587 0.0930252261907695
"ufb258" 0.537700613777043 0.510085511576522 0.130125216000599 0.123418421572005 0.0823718540156241 0.0458996239598353 0.0807880436299593 0.049033304591998
"ufb259" 0.671340914229253 0.642251866073054 0.17041305100042 0.328259321478715 0.113379144897696 0.07198375986681 0.096280351239036 0.0748161937336397
"ufb260" 0.605215149800751 0.655420146382659 0.194826534708887 0.125257753656667 0.121599223410893 0.0580991682925144 0.146032359450112 0.13466677956794
"ufb261" 0.566983492846594 0.61815986482476 0.180918695785156 0.0864380016187848 0.114100229484198 0.0581080969824895 0.139677364490776 0.107645086215335
"ufb262" 0.617863603206893 0.62934611915581 0.17118837420212 0.147708603355197 0.107385151682312 0.0668130925684429 0.122628261860491 0.0820993096663865
"ufb263" 0.612966920926667 0.629850022513941 0.16903153308067 0.298355844070117 0.120076452856208 0.0752870723865992 0.0952817998546545 0.0862127450981944
"ufb264" 0.638471248007111 0.658030904451375 0.180910845002593 0.273043508928927 0.1264557831566 0.0788902933130211 0.114485780827647 0.0995227550302631
"ufb265" 0.616748417583784 0.566411629249116 0.149063164026941 0.283487883781638 0.0972461375799715 0.0538151485547542 0.0801638158340781 0.0624097098955148
"ufb266" 0.708007012063891 0.640508397639582 0.163632933553465 0.499754864865243 0.116244779249159 0.0685717582353128 0.0688482159616706 0.0703617594619534
"ufb267" 0.633906912350347 0.568018387230339 0.142523462759226 0.331622043726868 0.0934034235261235 0.0598082004839188 0.0662156664881505 0.0590927278921562
"ufb268" 0.754129039890342 0.721977137336983 0.191102240526964 0.492355900404935 0.134524842237917 0.085519365932756 0.111069363261184 0.103504587275204
"ufb269" 0.645394121906143 0.631938181291824 0.163604437530685 0.269188211490289 0.109832783819314 0.0562378713407538 0.0954710178621433 0.0829826818609123
"ufb270" 0.629174820276779 0.629514056419817 0.16942316147361 0.212923646488857 0.116092310627911 0.0628752137101989 0.114208726397062 0.084674666491125
"ufb271" 0.7875 0.82011447260834 0.18908758521272 0.784643873077509 0.14698597759346 0.0690375906962503 0.0520227028594857 0.127038574664488
"ufb272" 0.666666666666667 0.733151049364469 0.197260643445531 0.674844341674305 0.148510912928145 0.0682654773221932 0.061983541902886 0.126955119196106
"ufb273" 0.567128323064733 0.606734207613836 0.174928531266503 0.115111475714755 0.110026170519525 0.0657566952704026 0.133035184858768 0.0967520880500291
"ufb274" 0.679885668868875 0.660334886471483 0.191795846454397 0.282681027946359 0.122359764511073 0.072886293392953 0.12621601468556 0.142767530320169
"ufb275" 0.616961970834594 0.663466200575576 0.196973047624137 0.125257753656667 0.123587883266993 0.0616332217492887 0.148308952816217 0.136816148583545
"ufb276" 0.624215209681988 0.623879639150823 0.167223022094033 0.286642354626931 0.116747274807546 0.0631741574838178 0.0927568062056903 0.0855607761285033
"ufb277" 0.639719560805602 0.59204231905827 0.150450787089175 0.394629930799449 0.105878878686561 0.051707634488063 0.0547597302903178 0.079280151811788
"ufb278" 0.60773013125739 0.556108914474739 0.144852405410109 0.271084195894796 0.0939412903732977 0.0563331530438871 0.0807368821639738 0.0562343789977027
"ufb279" 0.621636108481814 0.65479204202492 0.199677706891372 0.123744439329436 0.123131612335381 0.0580883037962059 0.155508025399503 0.1328418306954
"ufb280" 0.697071075295597 0.668634187206505 0.178995079745302 0.356515713554973 0.118612259100778 0.0763364195476238 0.106132915099026 0.0898962880328748
"ufb281" 0.57970569406209 0.593038738433024 0.164866250474901 0.0991938861862151 0.104284302917249 0.0602527746274874 0.120629874995209 0.0844836001595221
