0.206092 0.06053852 NA NA NA
0.09982503 NA 0.2812449 NA NA
NA 0.2360881 0.08054418 0.1403978 0.08172593
NA 0.1706968 0.2618767 0.0871839 0.1939246
-0.04585556 0.1053735 0.04979001 NA 0.1657304
0.08054418 0.04108866 0.0982731 0.2310002 0.09218223
0.1310687 0.01671835 0.108674 0.1100648 0.07940324
0.05828021 0.09338548 0.008954707 0.08000053 0.1230912
0.08604815 0.1568956 0.3114139 0.03574829 0.1385637
NA 0.1006448 0.08931816 0.1767146 0.1344909
0.1024708 0.0191031 0.1101409 0.1044275 0.1091681
0.02292235 0.04609697 0.1751562 -0.01284154 0.1266488
0.2464361 0.06449955 0.2221614 0.06764671 0.1216375
0.05327106 0.03071836 0.1367343 0.009536019 0.08099944
0.02333022 0.1783107 0.08840972 0.09254194 0.08658604
0.1145889 0.05484761 0.04507553 0.09023389 0.1028522
0.07188428 0.01358393 0.04915114 0.02924334 0.06059935
0.02944496 0.01444588 0.02047197 0.03247209 0.04126294
0.021208 0.07160088 0.08533313 0.05367331 0.03065177
0.05239829
