NA 0.1503228 0.1200968 NA NA
NA NA 0.1939246 NA NA
0.130899 NA NA NA 0.152738
0.05188233 0.2518997 0.245807 0.06473481 0.003300981
0.2691491 0.1747346 -0.05047376 0.08895015 0.2454046
-0.04607179 0.2310531 0.2113789 0.04167523 0.1538881
0.07357601 0.1521985 0.1825364 0.06554491 0.0962684
0.0500732 0.06921002 0.1278412 0.03603094 0.1845054
0.059387 0.1386586 -0.004028757 0.06817287 0.2023134
0.210959 0.04164426 0.2303271 0.07386179 0.02905488
0.1635523 0.1024751 0.07962681 0.1737085 0.1582897
0.04344819 0.1356736 0.2365984 0.01111968 0.2058176
0.1568044 0.154296 0.04701239 0.03429184 0.06160352
0.08455402 0.1087394 0.1820728 0.03538522 0.02408915
0.1494239 0.03450254 0.1175007 0.09319914 0.07013457
0.08486047 0.1207962 0.1029174 0.1279878 0.1306708
0.02584405 0.05767263 0.06414531 -0.006468684 0.01027731
0.03798211 0.02480157 0.02177459 0.04105371 0.02918216
0.155822 0.02331081 0.02515184 0.04341157 0.03866832
0.02568524
