0.2775484 0.3109028 0.1682354 NA NA
NA 0.06529707 0.1352537 NA 0.1417827
NA NA 0.1232181 NA NA
0.2762468 0.02518328 0.08310343 0.2623943 0.1962232
0.01857817 0.1297665 NA 0.05053392 0.2386076
0.05768316 0.3029051 0.1494486 0.1848938 0.1264927
0.2084283 0.09328795 0.1410241 0.08971061 0.01976459
0.2056238 0.02999335 0.1871388 0.1568741 0.2518645
0.1206754 0.1562665 0.2860993 0.07948223 0.1608848
0.1704662 0.1031711 0.05337678 0.02268604 0.002430045
0.05972485 0.1375035 0.05526371 0.03893572 0.06231924
0.05936714 0.1038572 0.2147335 0.05302941 0.1225714
0.2133291 0.03121735 0.1544198 0.01353409 0.07614209
0.06389442 0.02910273 0.01741682 0.06490734 0.06488892
0.1481245 0.04817466 0.06681071 0.04072768 0.1059311
0.08436863 0.1794334 0.07250015 0.1160287 0.2062733
0.03055954 0.03312883 0.09738372 -0.005600603 0.03359449
0.02322187 0.0121477 0.009827227 0.01349421 0.02000935
0.09789763 0.006853525 0.01410731 0.01418876 0.04251963
0.02299424
