"quartet" "wQuartet" "cluster" "phylo" "mutual" "shared" "clusterNorm" "wNrqs"
"mb49" 0.714285714285714 0.815562537602781 0.216067259180899 0.71411759461432 0.173933766845535 0.0824417603968619 0.0932334688195328 0.160004924720632
"mb50" 0.817904854686046 0.886135229370343 0.276217618532017 0.685814217986089 0.227365819795215 0.142361849080633 0.18680139067995 0.23918047091306
"mb51" 0.760038361515326 0.801842445657318 0.239436907173857 0.471262463635646 0.186656720055592 0.115334811146309 0.159232185863215 0.188653034403146
"mb52" 0.833333333333333 0.905217514257435 0.266521779805407 0.833284187229473 0.227546006751602 0.112172979992223 0.152784984778441 0.252590128472243
"mb53" 0.678554062970922 0.716036468825869 0.200197632906588 0.318989728042435 0.149959466116889 0.0951771436458343 0.115980219596614 0.124547102383252
"mb54" 0.80246165902447 0.820441756949693 0.188558514314393 0.645633571853385 0.148008395829217 0.0967631261978235 0.103128203726305 0.121240918966131
"mb55" 0.788222938655874 0.783696710871357 0.199428402224723 0.682237343336403 0.163477605923655 0.101311795375734 0.100840511155112 0.13561865488435
"mb56" 0.709042202953065 0.731925801771856 0.185419686222454 0.453319450944748 0.136711755202656 0.0852322206280344 0.0992803154858271 0.11148610363754
"mb57" 0.789811297663051 0.822939637176208 0.19344256057332 0.694016258784951 0.156475968340147 0.0969207737557142 0.0941175318056825 0.111312447939754
"mb58" 0.801018749900897 0.827872386290149 0.1877221388938 0.704108730108522 0.147947704272189 0.0931114423595139 0.0874007991381515 0.122527572059421
"mb59" 0.642179464474845 0.70954689813402 0.215480544900231 0.164531634501342 0.14038857008905 0.0844184004372909 0.176709754121426 0.134093273690853
"mb60" 0.702386709371796 0.726439023652646 0.17776427065531 0.38677644742334 0.129206667302368 0.0845090951139739 0.118298532842796 0.100771643138255
"mb61" 0.804736225633457 0.792570431313887 0.186059860178152 0.656822703639606 0.146470646231623 0.0889843347328095 0.08549170235791 0.121506995222949
"mb62" 0.647058823529412 0.732426995061879 0.218409144050881 0.506353326953195 0.174383719961897 0.0829888427996949 0.0970486721399974 0.145202132472268
"mb63" 0.75 0.816991334940387 0.21002350512556 0.749867572398866 0.165528334824366 0.082104921749981 0.0871301497601144 0.149007341132234
"mb64" 0.752941176470588 0.796951371054594 0.190792983451764 0.752914912109171 0.156330818577736 0.0728477087422222 0.0651444492418337 0.119996219828042
"mb65" 0.821428571428571 0.844139276602131 0.190809192903997 0.821308819522615 0.16207216797597 0.0796668922275248 0.0654417851524553 0.136320729983118
"mb66" 0.697988279352218 0.752930541785735 0.190765242978255 0.517479631506547 0.143577697706877 0.0940441344128685 0.105439197063507 0.117152431829999
"mb67" 0.819291865659469 0.819138924832373 0.190960215489114 0.682170328224605 0.151984144378393 0.0907450651046249 0.0913294936798563 0.118718859956019
"mb68" 0.653352379220643 0.712125625078415 0.211936079633706 0.188110659402698 0.138150812292517 0.083428180884391 0.172007778973042 0.132596198010023
"mb69" 0.784170420098764 0.807001755339529 0.187720783175894 0.575157650125034 0.142838150794193 0.0953205807463547 0.112081437697171 0.118168268052592
"mb70" 0.882352941176471 0.925327235451821 0.198263634799584 0.882229919210467 0.167769200427919 0.081351982450446 0.0737750959582689 0.148824668463138
"mb71" 0.641115644556518 0.710496792230317 0.211536005613622 0.188051138090618 0.138555619319177 0.0847098923872431 0.172021762179587 0.131578493029682
"mb72" 0.646341463414634 0.641161996983888 0.1711457652532 0.646284265735677 0.133492370683009 0.0610244756746066 0.039756653501544 0.0772523234625839
"mb73" 0.741176470588235 0.751939609981128 0.194716592182943 0.741137904030218 0.15983276166227 0.0784445468757804 0.0696772910565183 0.132034401938961
"mb74" 0.655192142541818 0.698015258456941 0.199784943937934 0.223280073541391 0.130343748010133 0.082850504502543 0.157228762383066 0.121129458548897
"mb75" 0.744086480609491 0.733110794977205 0.168958435182954 0.576255169876835 0.130276379691822 0.0925321581394605 0.091702745867527 0.0745335854482233
"mb76" 0.61758473614055 0.662511044483739 0.186016976131766 0.176181079952732 0.124078865365911 0.0687954246621674 0.145804050035293 0.107686054897918
"mb77" 0.75545606207401 0.800774071392772 0.189892251521649 0.66485071558251 0.15413682323555 0.0941755573020555 0.0899303535579629 0.123695742800665
"mb78" 0.702443223910882 0.727961627021929 0.176099620059429 0.414491813726464 0.126820492900247 0.0833359331055193 0.112169325439378 0.102637237988729
"mb79" 0.644098076720429 0.71159705779101 0.213029963066616 0.178236025831796 0.139199691967867 0.0761449961239807 0.173914262767389 0.132682762024507
"mb80" 0.646230994420593 0.649678615513994 0.174386383381506 0.235725952506803 0.122039593671331 0.0753806626222732 0.11049888325591 0.0909448047793854
"mb81" 0.858823529411765 0.804026248470693 0.141313185193661 0.858733923494358 0.11760073446278 0.0551236833947607 0.00798174167004982 0.0820910504720858
"mb82" 0.657100688737651 0.672335676384783 0.173421636520026 0.316766295090139 0.123809649028316 0.0783159613041528 0.113722064846084 0.0982541038204844
"mb83" 0.718530330921018 0.64060406640872 0.157604090963993 0.446816210186798 0.109987089107283 0.0685145673500961 0.0792928735901673 0.0837847405644312
"mb84" 0.764705882352941 0.65769436997319 0.141851360843787 0.764575879304529 0.113049299703177 0.0522590257268565 0.00860348182246421 0.0661447938889773
"mb85" 0.746987951807229 0.769756901524516 0.183161267169669 0.746762482582023 0.147087439350506 0.0671105516861828 0.0544964771624451 0.117699495892879
"mb86" 0.823529411764706 0.838990687894263 0.180380379236904 0.821308819522615 0.151416480808285 0.0721408259766013 0.0531150418725889 0.131654493323895
"mb87" 0.773809523809524 0.822187391152908 0.18834159415401 0.773583474031211 0.155376450051463 0.0714674294553545 0.0616908300884343 0.13101631195791
"mb88" 0.761904761904762 0.804102813589556 0.180623937837283 0.761725523215039 0.143710554299 0.0671713812482986 0.0532105485758191 0.115039811559887
"mb89" 0.729266237648707 0.773851314455106 0.18947622848276 0.575974147250141 0.148198826903576 0.0859409272897367 0.0893895279673997 0.11826031177429
"mb90" 0.650997162976459 0.677826341273194 0.175984758972006 0.246154800706378 0.121633878778664 0.0729558856749731 0.126973223754558 0.101164708855635
"mb91" 0.776470588235294 0.817907064601436 0.191772299669469 0.773818307812582 0.162546737612407 0.0734880688655601 0.0662758274718123 0.145293051174366
"mb92" 0.761027146813368 0.691974240227035 0.170963561310633 0.517445859459864 0.127611197780405 0.0707129779399478 0.0838700233286148 0.103536922650449
"mb93" 0.666305340286925 0.691417628654655 0.181139031474672 0.4547450782117 0.132984503275603 0.0722327574626676 0.0793877489860528 0.103971881901699
"mb94" 0.760885889890925 0.757103971982871 0.171995767658911 0.599834973598622 0.133617257066357 0.0879469507124656 0.0850106670128208 0.0801662589694487
"mb95" 0.617367143172864 0.644416813773132 0.176958175881354 0.176098739034883 0.116440070261871 0.0668133343079895 0.135739282614749 0.0947722981378862
"mb96" 0.75 0.667287110283853 0.13970574364679 0.749867572398866 0.114425361560995 0.0505361332908113 0.00470235161998647 0.057823142378323
"mb97" 0.726190476190476 0.738261313371895 0.174208754950934 0.726151670766521 0.142867865997494 0.0653185858600102 0.0453527098575348 0.107248746579081
"mb98" 0.773809523809524 0.817833333333333 0.178509989369729 0.773583474031211 0.141833822007058 0.066685970001462 0.050767880059665 0.111171408204726
"mb99" 0.747705291101098 0.739530413291226 0.170601796408305 0.599834973598622 0.134748064047468 0.0893697738648492 0.083470253600695 0.07972114298604
"mb100" 0.621444217426177 0.628615492443342 0.165370455409432 0.211379856393287 0.112308151477949 0.0676703773311021 0.121865024726666 0.0771932135188703
"mb101" 0.613477339976097 0.652871660404772 0.181853562314337 0.176141265982407 0.11976186837892 0.0690966708371219 0.141208997224492 0.101750454861422
"mb102" 0.621671518573141 0.627826706231454 0.163089499061061 0.226162754605124 0.111152812909249 0.0696387512191461 0.118631567796671 0.0736889862680424
"mb103" 0.6998464899906 0.688560970689109 0.160299769464268 0.43435423475874 0.11641266935697 0.0802697874094791 0.0998454181350953 0.0604353681190698
"mb104" 0.659383991712973 0.68743134074018 0.178770243824905 0.259102763406751 0.122865364328635 0.075530252298566 0.129901234125725 0.103735445869286
"mb105" 0.730592439882832 0.705105933923208 0.161672366160904 0.505624781635444 0.120662846620577 0.0837098133176228 0.0912239983979547 0.0655063122984108
"mb106" 0.613196197792226 0.653293341696781 0.179426239353534 0.178514407986858 0.118872780034384 0.0704143388914612 0.138661766642552 0.0999693976935799
"mb107" 0.629634879021375 0.624615928939871 0.162438195637126 0.236078180497956 0.116622028917122 0.0496398910414074 0.0844422253020743 0.0878636669553347
"mb108" 0.741000367769363 0.668037083142239 0.165921665946056 0.499810168840534 0.125522970813673 0.0716833956996654 0.07811536061054 0.0886356424275981
"mb109" 0.61642109071973 0.620229764714062 0.159705585157663 0.223878015792456 0.109749704795418 0.0674929248666905 0.0991399605051968 0.0726281656638463
"mb110" 0.690781351616313 0.677637240224912 0.15858490691876 0.387349565693069 0.114329221823566 0.0707318643711367 0.101484769101313 0.0590795529059864
"mb111" 0.857142857142857 0.788678857612492 0.154860760404251 0.857176214197846 0.13161378876039 0.0621202166264634 0.0230633273215445 0.0992988436380368
"mb112" 0.669731826261952 0.65901583323841 0.161690051264786 0.533642256690979 0.126509068761054 0.0687029250498345 0.057191911212806 0.0771120865990542
"mb113" 0.641816393776386 0.656719291490181 0.175764606243799 0.246287345701952 0.121088480870546 0.0677489250974939 0.124824667592114 0.100680009774953
"mb114" 0.656903006747512 0.628892799031294 0.160514833569825 0.247886188482077 0.114017129551758 0.0484255913001815 0.0823397546723208 0.0871001435890378
"tnt1" 0.633337879929863 0.624810934849845 0.15847751393014 0.26827023845096 0.110537996998329 0.067298575993835 0.0976642820566301 0.0916559180237373
"tnt2" 0.666728684702689 0.696655671528823 0.176268971626984 0.340342009194605 0.12544820711848 0.0775694603587629 0.0992958138628682 0.102356456036876
"iq1" 0.715509471602451 0.694936279908504 0.160701671629059 0.475908916980303 0.120126665367085 0.0818059983069962 0.0958232355275751 0.0620409901672637
"iq2" 0.722579368630389 0.705396584560189 0.163499071983456 0.529103146515844 0.123887093126212 0.0876760118438449 0.0932042103658223 0.0658986793942129
"ufb1" 0.776470588235294 0.76951481322456 0.173812417993559 0.77641090782528 0.143929621463719 0.0670568836564845 0.045527249255939 0.104257358836989
"ufb2" 0.655756265616644 0.603281947886476 0.150493697407423 0.305625862061178 0.0999356450526323 0.0642703483733021 0.0893163998036639 0.0666986841304425
"ufb3" 0.64493419653017 0.592351074398055 0.146780900590779 0.305608618386794 0.0975421294757947 0.0651194504113821 0.0888658370800292 0.0614358096660879
"ufb4" 0.644998561532943 0.601026430755076 0.147189343064925 0.285460631985861 0.0976382339551194 0.0634653041962564 0.0922314361894126 0.0589355609663042
"ufb5" 0.628610594555632 0.625907969001419 0.160516626256454 0.222940883402587 0.103753066413299 0.0678925342807284 0.114938079367199 0.0715196302163758
"ufb6" 0.627911210003701 0.629654036243822 0.164122877296512 0.213646659178371 0.107467443943845 0.0684261787019239 0.119729189402168 0.0755368309666637
"ufb7" 0.835294117647059 0.732101616628176 0.153949649227493 0.835237927778249 0.130791389974915 0.0617683309934603 0.0225803157090823 0.0941131858956792
"ufb8" 0.833870696180515 0.742006003654398 0.162441511373574 0.738064154056833 0.132647080283823 0.0786428123950509 0.0590871119066693 0.097013560471061
"ufb9" 0.618398801588533 0.580571834487658 0.142243359856121 0.294368793952344 0.099265011252232 0.0430945511704016 0.0700670233414226 0.0668260540599653
"ufb10" 0.722525681975321 0.67898745172248 0.166547492971007 0.482029530674517 0.126571274751651 0.0616487610802149 0.0789900296441914 0.10151653779913
"ufb11" 0.66910890027913 0.649604409063074 0.162163684461875 0.281434445014189 0.10934173798265 0.0670445966301223 0.112439892790637 0.0684801160486612
"ufb12" 0.665198005929621 0.645716615147168 0.162991061961564 0.261042857181351 0.110593552739033 0.0668561111494917 0.114958944867002 0.0688345831999152
"ufb13" 0.773809523809524 0.67864654778235 0.156570200293327 0.773818307812582 0.130898763539742 0.0600025004651257 0.0250393502526022 0.0901188918063116
"ufb14" 0.66087431293901 0.624589698909916 0.155730600291703 0.318582727788368 0.110924568304822 0.0651888708312187 0.0902092902613282 0.085977992826163
"ufb15" 0.731886278407433 0.747150888922656 0.183783432648117 0.585896280996975 0.138695670661542 0.0816692663132923 0.0827791576740437 0.109259177215736
"ufb16" 0.632520427340697 0.624019427650772 0.171289670369086 0.234116452498526 0.114961497061381 0.0701672168393779 0.123665421148363 0.0780450397765964
"ufb17" 0.716171544163238 0.719689310416767 0.200082883151778 0.374195104169164 0.147701753915997 0.0821225296413573 0.125490574334461 0.138012543552064
"ufb18" 0.686086907855718 0.669932323156926 0.179737457577469 0.362786223248428 0.12956853529647 0.0721206723106311 0.110630303156196 0.106758037825215
"ufb19" 0.637939677027728 0.697293433170706 0.205005417270119 0.166660235196902 0.134914275809424 0.0818102952959668 0.165852618949138 0.123361404445619
"ufb20" 0.776470588235294 0.757223775722378 0.188570171363473 0.776468928267077 0.158237702921712 0.076895329527164 0.0625764929877036 0.132322698956202
"ufb21" 0.637842164694166 0.602587481434618 0.161141945289311 0.258143705974118 0.110633601688332 0.0595795384125309 0.104109756109343 0.081729951198233
"ufb22" 0.652705379715722 0.663958304085357 0.179833920100621 0.353336536752182 0.129490659543454 0.0742051643368636 0.103457885634354 0.105123228344789
"ufb23" 0.654761904761905 0.450536729109661 0.130790136861478 0.654593006752087 0.102785216195147 0.0430848614336298 -0.00525982304926133 0.0311567413049122
"ufb24" 0.726190476190476 0.762564543889845 0.177104214017718 0.726034253875836 0.141572022877409 0.0670412260303495 0.0496135027619888 0.0994912199292781
"ufb25" 0.634784434968749 0.681279743208007 0.195220130744951 0.199095723740385 0.128008257458061 0.0776423159167658 0.155633131938683 0.111926469108746
"ufb26" 0.622248611064938 0.651617492320686 0.179530427801666 0.211064993934993 0.120294926654925 0.0725448516173132 0.138766921577589 0.0933903880249545
"ufb27" 0.713430705716883 0.678281427934842 0.156134408105613 0.446775893033981 0.114152082796525 0.0763383151219806 0.0909029188588427 0.0598701852926873
"ufb28" 0.695716857249526 0.670869393313711 0.154238981126769 0.392615687226665 0.110737711256157 0.0734435134607687 0.0933482823795979 0.0554287501556686
"ufb29" 0.694178254772558 0.598371270806022 0.145275992796307 0.39255795795366 0.099509011641141 0.0586233767067013 0.0733500098971903 0.0656418268323301
"ufb30" 0.745775682163874 0.766618977057892 0.200358827294733 0.555525070581747 0.152107401958307 0.0878559497817664 0.101567750660398 0.131883751060715
"ufb31" 0.700277499730788 0.687742520398912 0.159745475499239 0.463984595628201 0.117040266535895 0.0817515625808811 0.0948141160579287 0.0623699158503197
"ufb32" 0.662650602409639 0.680053804765565 0.173509815058985 0.66232946002245 0.132481231117091 0.0608211074070699 0.0445439296702589 0.0834016002454697
"ufb33" 0.643575194099352 0.660831883391878 0.164699639991521 0.306554641256904 0.113444714511427 0.0726659975232085 0.107860805649588 0.0971937980112475
"ufb34" 0.653314505973986 0.670346903520119 0.166288292619398 0.298203865815708 0.113036804438409 0.0720311403116953 0.112388323235524 0.0974748047897284
"ufb35" 0.620169846600415 0.610568252727435 0.151374149865051 0.279934132227583 0.102378000600664 0.0604898261078828 0.0795160246299569 0.0786690463679287
"ufb36" 0.625778368140847 0.57950448654921 0.151871079584483 0.237405674778015 0.102459874011602 0.055954603284334 0.0971249059335627 0.0690995649358537
"ufb37" 0.736364165599875 0.766677421436407 0.176489099631583 0.476825697998954 0.132499515269598 0.0832155515542792 0.107103267744737 0.105126555401681
"ufb38" 0.665748462589477 0.66393355005439 0.181752307505635 0.353118676684934 0.12929809081078 0.0796877788893776 0.112900470000836 0.103065225195008
"ufb39" 0.627015556160869 0.69247471009129 0.198122897744682 0.475924880251424 0.150572766411307 0.0902112882988537 0.0993742378770928 0.10928552020055
"ufb40" 0.714285714285714 0.578053636257173 0.132478150730547 0.714176303059663 0.107126467382686 0.0461983116359991 -0.00365944573000132 0.0438649928996349
"ufb41" 0.69652474643671 0.669260172626387 0.153150806118854 0.434238612330195 0.111208632385311 0.0750162960992747 0.0877098381774419 0.056204317103648
"ufb42" 0.60467978150838 0.607429417449775 0.155484945323182 0.246557090036695 0.105305709637967 0.0624848221081212 0.10697807476728 0.0672521331206291
"ufb43" 0.628263925159422 0.647535480628396 0.17906886367229 0.22292431235709 0.121221891071288 0.0720450706894054 0.137950868201565 0.0903027623706667
"ufb44" 0.706607142864821 0.711162565716959 0.198123668485406 0.354818276890353 0.149471402972579 0.0835586402734129 0.123259451238401 0.136472692474023
"ufb45" 0.615764685202095 0.646719533461562 0.176258383039894 0.19910539878968 0.117256725156884 0.0656129916505045 0.135335855940151 0.0970541596306918
"ufb46" 0.714285714285714 0.536859741503112 0.129205299182661 0.714176303059663 0.100663832442579 0.0445940925016962 -0.00709272176812396 0.0326885406137064
"ufb47" 0.63382661841274 0.643832908230128 0.16944303895878 0.211230578790687 0.111395917620918 0.0685939665115562 0.126159167148472 0.0818552639032958
"ufb48" 0.62667070393063 0.644613020667506 0.152593737508174 0.271378848464284 0.106467535036193 0.0613531530913789 0.0977900528250313 0.083982368670186
"ufb49" 0.630603011021466 0.657680327598475 0.15935835729268 0.274547970482002 0.110846999435111 0.0696944387901465 0.107334667902634 0.0886559890343989
"ufb50" 0.6310821103454 0.660203170181521 0.170826047307404 0.211394746141152 0.114587656324499 0.0613276990496149 0.12571947398968 0.101322633983946
"ufb51" 0.648366050084934 0.615595968325239 0.145871611082354 0.37634405404121 0.105752403545485 0.0743435053065287 0.0843614533811526 0.0538972860785508
"ufb52" 0.686641452956213 0.601538714398641 0.145461059826695 0.399661909969208 0.100471856607637 0.0596865595012775 0.0736503845070683 0.0667307100870713
"ufb53" 0.680495663673721 0.601388813801638 0.141819218254824 0.380610855575619 0.0964665475445007 0.0595353854277726 0.0755025925416464 0.0574634129038525
"ufb54" 0.732572772923615 0.692174305085921 0.161386997856428 0.505590619259338 0.118647027912076 0.0672928151544203 0.0732874042247276 0.0813787295770303
"ufb55" 0.706692881265748 0.666922521914002 0.159799020329964 0.471864167627966 0.11956723688519 0.066618855458551 0.0712857666702564 0.0940222443303884
"ufb56" 0.606502572250491 0.647077000587791 0.173143281469986 0.199103990065544 0.115717970782693 0.0413545887448171 0.132428573961513 0.0981026559078914
"ufb57" 0.626481640003167 0.600568762056054 0.149880514120525 0.246568364394065 0.101222413809719 0.0579596656445278 0.0994050764559736 0.0632915789580386
"ufb58" 0.619134341968666 0.591165055623526 0.145433577329167 0.246533189900053 0.0983745574197988 0.0566658869211078 0.0926874257504817 0.0615826715500548
"ufb59" 0.626595227178404 0.592600548545669 0.146926461394142 0.238166035800442 0.0992265522859415 0.0549115310903896 0.0919068841263379 0.0640554569979624
"ufb60" 0.738295125556296 0.715374343452328 0.164141851244208 0.541006948044685 0.12386386336888 0.0779482485198787 0.0763316657940616 0.0715208687255119
"ufb61" 0.712544112314093 0.66468779057292 0.149035886752793 0.482162362268471 0.110063001453773 0.0713182378796642 0.0699281478202926 0.0555996138316462
"ufb62" 0.695950045781149 0.707179767529645 0.166819019314414 0.432811939627346 0.12181541272275 0.0774568511592379 0.0963791244886305 0.0962624688526971
"ufb63" 0.630252065466029 0.596359751662162 0.148688729867443 0.238131775267334 0.0998479319138346 0.0556293990482007 0.0961339455166738 0.0625372031795548
"ufb64" 0.619747397397182 0.618813128494293 0.160320350345828 0.234439556381279 0.109696280420993 0.0653400725405962 0.115713483632813 0.0710344285362123
"ufb65" 0.618455746998344 0.592720010444343 0.149721296648186 0.269054022585143 0.102438414339956 0.0656598901665911 0.0919778840297374 0.0602480605805344
"ufb66" 0.62085605207056 0.606291773248618 0.15790006202502 0.252983156129913 0.1071735655857 0.0679328473670345 0.0972053443261183 0.0724365925123315
"ufb67" 0.608504793352843 0.595932963602752 0.144934019874614 0.281561220349925 0.0972698619971197 0.0628948621389549 0.0897974317728041 0.0552443669433578
"ufb68" 0.61293005646996 0.605898348798744 0.151986330097583 0.273689824276947 0.10389717777386 0.0654173144806304 0.0943973335045987 0.0634867868862092
"ufb69" 0.672518328696812 0.611764421916486 0.171330626698836 0.303074813644082 0.122663442994577 0.0750296188894055 0.107078136602283 0.0945976147353569
"ufb70" 0.723275119053667 0.757965514447913 0.181781221609904 0.437787583504769 0.130398081903073 0.087730123176973 0.112928874771592 0.112164742779184
"ufb71" 0.71363445645495 0.744779283893561 0.178284645888387 0.395526980703187 0.128094540810769 0.0874485071962042 0.11462164889998 0.105125295273526
"ufb72" 0.667901897391341 0.640308357180401 0.154352549180334 0.533886737036432 0.117690173917218 0.0652498976622077 0.0491814017422843 0.0723658214723711
"ufb73" 0.640613021882674 0.69137675140302 0.201970094064257 0.164483312397945 0.131194975323484 0.0744814584993935 0.162668027990155 0.120667304551296
"ufb74" 0.624798154396849 0.607956004796381 0.164772308818623 0.198970237150435 0.103802408682821 0.0580390504134607 0.121209005510362 0.0753330254333272
"ufb75" 0.629374077016394 0.614541724641229 0.168989319718333 0.20172528458918 0.108647317782488 0.0660895759376667 0.124813073904935 0.0795580930054047
"ufb76" 0.717647058823529 0.841117192695279 0.248642159150029 0.726210379211864 0.205546332704536 0.0990193471349458 0.131976078111037 0.212493819280655
"ufb77" 0.621905661927145 0.597040459980952 0.157405157228562 0.246717661664896 0.105510145023228 0.0636697153507332 0.10306141081125 0.0748913799703022
"ufb78" 0.753638381728899 0.672361682478381 0.130663683658626 0.656890056870225 0.0992531588426804 0.0584391884137983 0.023685899371847 0.0477510088385915
"ufb79" 0.654761904761905 0.682880344713291 0.177973251731433 0.654351798484769 0.138326057714681 0.0625889759470521 0.0500765492233029 0.0868864048783149
"ufb80" 0.736970700668534 0.748328938092378 0.174943021226837 0.476128290871667 0.128236840079433 0.0866033100975135 0.105189956577859 0.10414738319452
"ufb81" 0.605843862238986 0.592944721116856 0.144750092706129 0.281581863359354 0.0969467115536949 0.0641839288827626 0.0919617546073881 0.0548279760912929
"ufb82" 0.633561358444758 0.638485713871066 0.164262997882907 0.225588843208815 0.107694785414887 0.0684230820279362 0.119878576750725 0.0758162693781057
"ufb83" 0.586511113900148 0.555079408639604 0.14004536979405 0.262028574092019 0.0963035540155508 0.0436218422635778 0.0675834219966779 0.0622656462007536
"ufb84" 0.615277799665268 0.599436008274352 0.159713548730358 0.286089115609751 0.113441713049754 0.0502855386202078 0.0813330346058064 0.0838937384047991
"ufb85" 0.709787147664943 0.693039129060238 0.158697764394001 0.487851776894564 0.117832058601975 0.0825919717488026 0.0880263984652896 0.0623307162438806
"ufb86" 0.706835280049499 0.686214309541754 0.157423827782897 0.440232462336131 0.114214637196303 0.0812651429643316 0.0923130611048859 0.0594905398529089
"ufb87" 0.666070902653285 0.641146249970029 0.160719101341192 0.269659961674028 0.106765073905264 0.0664741841224524 0.112558847797407 0.0680312250895153
"ufb88" 0.598868966577691 0.589440741570516 0.149067877278974 0.249813679236538 0.0995842437887559 0.0611284182962288 0.091266232673189 0.0609139326516291
"ufb89" 0.630952380952381 0.642055568454454 0.174808627130442 0.630877105119742 0.139096232466881 0.0615874401156377 0.0466849907768824 0.0932346111848503
"ufb90" 0.693619469169761 0.732446794162868 0.187065960137977 0.566062642123796 0.142457165113639 0.085349176712162 0.0866698819599682 0.118578798921087
"ufb91" 0.655968749021957 0.649478104602549 0.160805715088691 0.336415914163009 0.115733559553811 0.0650724118253138 0.0825326209223418 0.0850814846365893
"ufb92" 0.652287301467222 0.61760482902101 0.159926314720932 0.478286563271306 0.116708802011999 0.0638807638612153 0.055831629901178 0.0802400374439167
"ufb93" 0.622440681862365 0.603652283414161 0.151429349901755 0.234790123060352 0.100259986236935 0.0575936985383302 0.102717044545487 0.0652571833045612
"ufb94" 0.679438154671589 0.679372928190649 0.174837128695804 0.330339817633549 0.120670531247333 0.0743459263482175 0.110815657892209 0.102658022792026
"ufb95" 0.623045078839937 0.675666187148924 0.190887381438308 0.187275027654778 0.1252030272242 0.0801131671151367 0.151087255355648 0.110242662543928
"ufb96" 0.612948745083496 0.614231352809422 0.155975670946309 0.246477492760798 0.105681848980646 0.0686179975556334 0.110137168414651 0.067590194129508
"ufb97" 0.752941176470588 0.649552620366425 0.137688352097994 0.752740850783778 0.109282506735264 0.0501575804289723 0.00379406747697262 0.0557506754994014
"ufb98" 0.686900627555169 0.640763999851362 0.166217768843213 0.364488681177815 0.116406669440217 0.0735875042448625 0.0961513713110767 0.0892301155396013
"ufb99" 0.664761876084561 0.606445518762761 0.154370832711784 0.321085758227241 0.105076055624719 0.0627189570448441 0.0890068939403815 0.0713994953369703
"ufb100" 0.618410324395335 0.590690181282872 0.146333660672944 0.246992031839104 0.0988148336012417 0.0635751716934004 0.0956601139586032 0.0564404583436722
"ufb101" 0.622325289418599 0.600813784423081 0.148773047267614 0.246960389285051 0.0996878186093846 0.0641351313968964 0.0999182695891463 0.0582032144835535
"ufb102" 0.643004663085325 0.624214088342477 0.164085685064735 0.327669565602022 0.116858504777239 0.0683710757919044 0.0993286215317173 0.0869236751399074
"ufb103" 0.626166048641668 0.594801579056721 0.150038821055353 0.307951430860962 0.105830469166747 0.0619285773213687 0.0887318827504919 0.0676378487846909
"ufb104" 0.598156195743967 0.639512185328951 0.174089820192336 0.15219821160786 0.1129456766999 0.0632470935637337 0.13305884602659 0.0945307902049653
"ufb105" 0.607764255617719 0.617239570766214 0.166622032280764 0.187935122151823 0.108835805462998 0.0627418599984051 0.123160109765144 0.0804054617502683
"ufb106" 0.644340792714076 0.669633815756049 0.195765432988167 0.233851914731927 0.139946614572137 0.072380977510258 0.137690908152012 0.120220585146357
"ufb107" 0.739056022564959 0.693229661214325 0.159708480688328 0.529226403752274 0.120570077448231 0.0711756545597585 0.0714325522275276 0.074905583893708
"ufb108" 0.601675293852037 0.603644384927889 0.154242004451269 0.234740124924539 0.103425232144829 0.0610074255016537 0.105663742424429 0.0643884787395849
"ufb109" 0.604162362243551 0.610320181842253 0.155793163984117 0.234713144736596 0.105818876563174 0.0626996119188832 0.108723532389399 0.0660859271374031
"ufb110" 0.631711710004258 0.585922013786481 0.154513309312608 0.257468245426323 0.107087101955406 0.0591844565200264 0.0970298593699093 0.0745211183194643
"ufb111" 0.737789188559511 0.711909765253157 0.162027848798535 0.541006948044685 0.121853532362163 0.0796127093320622 0.0739955790783804 0.0717964191763309
"ufb112" 0.647473352898891 0.678944771030554 0.179847309446144 0.224017144667393 0.121300298084121 0.0649992114977523 0.135216731267518 0.109205528306628
"ufb113" 0.626439662448065 0.686365805311074 0.197752061453229 0.142739280208373 0.129350955765117 0.0721722757365302 0.158242262065941 0.118466819949669
"ufb114" 0.789208675465276 0.706818955410158 0.137509176804023 0.71744005945845 0.109701304688416 0.0649960760158746 0.031296126575812 0.060053677098471
"ufb115" 0.705199630603456 0.677336840892973 0.157265201351687 0.470250374573019 0.115800016664782 0.078837237249411 0.0921211233327007 0.0598329146118113
"ufb116" 0.68927237350543 0.671361141655343 0.155962519472064 0.416363753957098 0.112499296533234 0.0733280009036002 0.0951959071415287 0.0579806652310203
"ufb117" 0.604854408736616 0.580417115847085 0.147546511222291 0.234800503255271 0.0990439786044967 0.059452427975511 0.0969244658295046 0.0635648460824912
"ufb118" 0.620361933861073 0.619566524740805 0.158532246680546 0.249540267843483 0.108896444223503 0.0672198787792771 0.112832590387358 0.0683850981975454
"ufb119" 0.610667930039594 0.607702501334959 0.15586912216599 0.18765545385735 0.103650521201867 0.0570042932357491 0.112564827375571 0.0769557202104972
"ufb120" 0.619260943669571 0.59371399104909 0.148294777641761 0.225616835996704 0.0996926562109252 0.056188863861313 0.0994002564158665 0.0619985403512367
"ufb121" 0.603561814552793 0.64206755132345 0.173170627103362 0.187290511908518 0.115621325726627 0.0647077363931951 0.132094703873828 0.0955853393113913
"ufb122" 0.599648020871271 0.633931967247306 0.168006614325198 0.189806389384074 0.111090807117298 0.0702341848172004 0.12634033659043 0.0892595016291864
"ufb123" 0.664798514647895 0.669789383398456 0.164557883471888 0.342894368934902 0.120324517222527 0.0731150179658506 0.0865207232699333 0.0903563564452254
"ufb124" 0.629105012331003 0.615700065811122 0.158984060316776 0.305754130265196 0.111098630176915 0.0720251879604879 0.0983664305552449 0.0727361811386915
"ufb125" 0.705882352941177 0.552400789300592 0.135670518424347 0.705690838909762 0.1042773733266 0.0459567833658914 0.00146291738590919 0.0450626556608828
"ufb126" 0.689572335963195 0.589678216865608 0.128006864109082 0.606892803223007 0.098484216075664 0.0589592434155093 0.0207021399909434 0.0399962803255827
"ufb127" 0.62962962962963 0.62020097912909 0.160144433320398 0.629640901884672 0.125400753860756 0.0537180656073754 0.0267025254333185 0.0642322675972657
"ufb128" 0.61608304374535 0.621109296949514 0.156466928305062 0.245982386259077 0.109049536901317 0.0595958204896305 0.0990361793306924 0.0921320925633417
"ufb129" 0.6336820939275 0.63969315062554 0.167680645622385 0.248982651289782 0.114998338932495 0.0645737499768596 0.113890521707148 0.0993151518397287
"ufb130" 0.666348292949073 0.70037555108039 0.186528861828313 0.473249210287552 0.137256696572391 0.0771024742472835 0.0857903141866472 0.107784279528441
"ufb131" 0.683468106084418 0.716435474617908 0.1779258108894 0.412497782649374 0.130250830788155 0.0768424414783548 0.0911987355026676 0.107548626326039
"ufb132" 0.649429604583527 0.680531388457855 0.180101689687364 0.237148842197609 0.122350438968462 0.0735399875646869 0.132933396373145 0.105788556122444
"ufb133" 0.682352941176471 0.526038619075483 0.130561717861636 0.682194843193653 0.102156714990286 0.0427391886632703 -0.00443914533240332 0.0329429449289062
"ufb134" 0.704104772386973 0.598898669560674 0.127065126642946 0.606960612510421 0.0987334262594454 0.0542425909277271 0.0196445152834562 0.0400097830050207
"ufb135" 0.700103014717096 0.623970354685018 0.125168164679413 0.551320681038274 0.0942184095876247 0.0595961906753527 0.0333157798852928 0.0364527774694832
"ufb136" 0.677177565527248 0.686041437714138 0.188361941849006 0.345055901193976 0.141648483957141 0.0772010724479575 0.112549868665081 0.11741214860083
"ufb137" 0.650102390682765 0.707021543272149 0.207754939175367 0.164397966606444 0.13488275587033 0.0666405918842455 0.168051205820746 0.128861540930042
"ufb138" 0.635119441313778 0.596256646579227 0.143341909512269 0.317797718567394 0.100754952997473 0.0485240889885822 0.0712580109758383 0.0704234231515826
"ufb139" 0.645270603331546 0.628644352485244 0.157523915784976 0.329802499968402 0.114900975707952 0.048697143811485 0.0790703147132188 0.0826848310988654
"ufb140" 0.608928179337758 0.600346801005443 0.148448652208227 0.273689824276947 0.10102821520587 0.063361736369063 0.090605542703746 0.0598164739416182
"ufb141" 0.64806561368678 0.616827095898071 0.167371267230135 0.261298425074234 0.117425954294493 0.0633843817197743 0.107297846359415 0.0930251390270987
"ufb142" 0.611578222356672 0.62786791726552 0.166290158357962 0.187326934430452 0.108935570126592 0.0655024921380791 0.123519728627371 0.0816842622432119
"ufb143" 0.67102628398535 0.669692528487897 0.16859905576645 0.338891453190719 0.11937316327143 0.0709160262724086 0.104038362959052 0.0937238692124568
"ufb144" 0.725108658697925 0.747684394165573 0.176290261912093 0.449738565291658 0.127622476359088 0.0804172570610185 0.0995865076328409 0.111119883226695
"ufb145" 0.729411764705882 0.541159057269726 0.12435466139306 0.729302875509466 0.09938207321 0.0438651035008412 -0.0116099941694165 0.0373915419858929
"ufb146" 0.720972707957298 0.589181517110866 0.122713307744547 0.642716123841261 0.0970066369532408 0.0569558619687011 0.01475717528164 0.0361991582347547
"ufb147" 0.725844109462905 0.68974652645218 0.157088068748137 0.517426715378762 0.117603647311327 0.0782781403817697 0.0787288806666157 0.0659858358942671
"ufb148" 0.720179969786084 0.688616524976024 0.158504526082412 0.475928838786566 0.116761079189474 0.0791124108268623 0.0877899507487525 0.0629673040909389
"ufb149" 0.679875330863443 0.663076361706362 0.156351861720813 0.356297586311489 0.112545203894833 0.0686590642211674 0.101982901004426 0.0560969841709686
"ufb150" 0.643401780243839 0.568668826344102 0.15460570702229 0.435081164252294 0.112676710014626 0.0542577637591944 0.0504980410763975 0.0675038493452691
"ufb151" 0.611366005416097 0.61338591218566 0.157238327839079 0.213712783632487 0.106052910600324 0.0639926127414794 0.112467732771778 0.0695563148720769
"ufb152" 0.667887007164196 0.688428264239636 0.192728416694884 0.464006376474477 0.143961189993114 0.082641895656278 0.092994646632482 0.112987061054591
"ufb153" 0.717647058823529 0.560356083086053 0.125349198603117 0.717525867430513 0.0974099543169049 0.0425162700291585 -0.0104610315279124 0.0345412089751763
"ufb154" 0.702380952380952 0.483483483483483 0.124043666385262 0.702259643798148 0.0973878938099249 0.042888810275507 -0.0130622606477494 0.0274132831648762
"ufb155" 0.607074298424311 0.591204500121368 0.145775586669361 0.257625476063795 0.0967182829656282 0.0615746659580156 0.0967364442373984 0.054666518162364
"ufb156" 0.602311382316312 0.589416795845372 0.144187157085123 0.2736270633747 0.0976065072684317 0.063903916384487 0.0889909064611898 0.0545607070942116
"ufb157" 0.705727095041274 0.672660721743189 0.154807440990417 0.475928838786566 0.112973521946423 0.0754001508463968 0.0836835401365401 0.0581639685925669
"ufb158" 0.641332152285134 0.658755020655534 0.17448156883306 0.226105814140433 0.119685956553888 0.0659178166191064 0.125381866709652 0.0999382541733694
"ufb159" 0.649741781973254 0.698777675854476 0.20067289882493 0.194769900608132 0.130839224158631 0.0756925641068893 0.159626588165397 0.125033713986075
"ufb160" 0.68213367749708 0.65210216645105 0.150097806776462 0.368165256839842 0.107046812611335 0.066326021900734 0.0924211213502806 0.0501437632955266
"ufb161" 0.628887799926342 0.61388461352943 0.168172827750679 0.222805237256657 0.107879104609 0.0657588099578672 0.12478849396208 0.078246405926336
"ufb162" 0.633262174217911 0.600238009123683 0.142651395664633 0.345001286000295 0.100623433419933 0.0697054002475108 0.08445542738551 0.0495060839213924
"ufb163" 0.752941176470588 0.652482269503546 0.132273490994028 0.749867572398866 0.102718943062478 0.0455718346913836 -0.00246157892265874 0.0462185847778862
"ufb164" 0.702364910033738 0.676872402617728 0.157149278357825 0.428289461926523 0.115370282361683 0.0741824634442934 0.0964512832092519 0.0584600729325128
"ufb165" 0.717647058823529 0.731678880746169 0.171093361811246 0.71411759461432 0.13850258376439 0.065602105014444 0.0423859952716364 0.0977987403044774
"ufb166" 0.667508024443845 0.639866128944679 0.160118210126384 0.292835859268805 0.1088876035902 0.0681144058813404 0.110270817176772 0.06597975933328
"ufb167" 0.611862151345227 0.622087807700385 0.165220884763864 0.187151739319002 0.107507155292197 0.0629119392384151 0.122394212485892 0.0816203347005509
"ufb168" 0.602409638554217 0.669405099150142 0.186316704552845 0.602268801157437 0.142893778827603 0.0651214879971235 0.0582624382996819 0.0933297946707875
"ufb169" 0.811764705882353 0.815295134795253 0.181023714309925 0.811625891178544 0.150006853342226 0.0738345426138145 0.0538582699362518 0.12122344971449
"ufb170" 0.621472764216758 0.623174741255643 0.170829490646095 0.222329854954647 0.115661653538057 0.0664530469383888 0.11727611582707 0.0906906500754238
"ufb171" 0.593997922721744 0.595637898835903 0.149864862007008 0.234344641594474 0.0991505855948819 0.0587911972865196 0.104704418341965 0.0662309837947261
"ufb172" 0.606906627019321 0.595247454101255 0.148312713942363 0.281561220349925 0.100409325846607 0.0658340066912274 0.0933939916748452 0.0594642675734585
"ufb173" 0.635465339087556 0.577079419055715 0.144166699738822 0.304918430030741 0.0984312641826122 0.0486254505545709 0.0721796840523211 0.0710208134331908
"ufb174" 0.708930631037842 0.65743230893757 0.136421145084705 0.481189805764583 0.101332274306507 0.0630792918202963 0.063878490755425 0.0454214434208666
"ufb175" 0.637320193147179 0.680861557107814 0.194629171395181 0.189731629008329 0.127983013438734 0.0778793758974147 0.15501310338879 0.112068689455944
"ufb176" 0.617200018277647 0.584634645493834 0.153867101279821 0.246328194510494 0.103148329657613 0.0576982641157491 0.0992512930115596 0.0719570424574119
"ufb177" 0.61358192570822 0.57791310947669 0.149385886793538 0.237409321349845 0.0999590653394237 0.0608372720718784 0.0968460255920453 0.0642470250838542
"ufb178" 0.612477963167622 0.619023399266056 0.162696862231097 0.189746533213443 0.107213990650561 0.0651439002289933 0.119039596490411 0.0775601262412817
"ufb179" 0.630507011303611 0.636805547705063 0.166286256710332 0.222963283943287 0.108227707333228 0.0714357648469627 0.122009287051075 0.0771331795283911
"ufb180" 0.687207937208304 0.669023590411383 0.15770301715387 0.380103329360046 0.11228358553293 0.0738461820782358 0.100542442087251 0.0577328827552739
"ufb181" 0.607914730067396 0.582390365825949 0.154474265367295 0.1875144551576 0.0968849278110219 0.0559575479815601 0.10423160262636 0.0678443516771947
"ufb182" 0.733037241580382 0.720437539960946 0.165920836709831 0.56449334072139 0.127473079530357 0.0797326621750566 0.0782975406785191 0.0748804949102866
"ufb183" 0.617954666033085 0.677807996339883 0.188214658411527 0.460953017643914 0.143952727706439 0.0818422834986101 0.0879232394239558 0.103329702441071
"ufb184" 0.688885384589444 0.648146768023054 0.178328626643002 0.349939323292105 0.129486164225639 0.0775280958511697 0.109032870411254 0.10711074211344
"ufb185" 0.61512192820274 0.595815028149305 0.147701586142874 0.222876651056601 0.0961135440664345 0.0625445119146001 0.0987943516616413 0.0588462954501441
"ufb186" 0.595041036824494 0.589826665906354 0.149965859469902 0.234360439961607 0.0976778627505641 0.0586720461626432 0.103800967343663 0.0650328069874658
"ufb187" 0.611735963061099 0.638758478070877 0.170619812003225 0.201756932054323 0.113351354849181 0.067190152169209 0.129084403362015 0.0903796032343734
"ufb188" 0.693757324280654 0.657338141959463 0.165624221863616 0.446911985521632 0.123829214128769 0.0659158547557039 0.0779697652763036 0.0943262867925552
"ufb189" 0.757711977425337 0.654518553128529 0.131179236184701 0.670391412776057 0.102059035608331 0.0597589860664352 0.0241866735456215 0.0506632998410467
"ufb190" 0.690782398980111 0.532764363030808 0.117064267515874 0.618811306999954 0.0895884989381669 0.0505901254422866 0.00802300221328112 0.0177372840480275
"ufb191" 0.688390661665419 0.649933839335344 0.148597385544684 0.397312862426636 0.108332322482449 0.0690827565179914 0.0872845782390119 0.0502194146495725
"ufb192" 0.695418977692016 0.704035786362096 0.16555537107624 0.392061387578419 0.119940974062198 0.0708821181265649 0.100733406231006 0.0939131506110361
"ufb193" 0.610617670467196 0.608264557805927 0.15594602365372 0.258403050223874 0.106811573023059 0.0643534353512785 0.105798768724819 0.0669628533205207
"ufb194" 0.628030410916148 0.604597215622085 0.152583471052036 0.29745558176602 0.104931000053916 0.0693663721604518 0.095035026574675 0.0645116997599418
"ufb195" 0.776470588235294 0.634167959228894 0.13008428457082 0.77641090782528 0.105307082195349 0.0490683216416783 -0.0049907114371322 0.0547953195696803
"ufb196" 0.723198152076177 0.625192180979574 0.151985166190069 0.452105963768132 0.108575655956963 0.0619675311398322 0.0730200811679776 0.0736930026536862
"ufb197" 0.641447092465125 0.632515519527805 0.175901760308288 0.245889737846529 0.12140878664095 0.0718456950944158 0.126910324574923 0.0813017874590292
"ufb198" 0.702065554855463 0.711198459555372 0.195326094135735 0.397915638580267 0.147553052530556 0.0787732975939041 0.120290214518657 0.128967874860653
"ufb199" 0.683686443576954 0.707517936406019 0.176527635527307 0.518520941595739 0.132606185103128 0.0748795577895007 0.0742033431264523 0.102107970251163
"ufb200" 0.666387913107604 0.665364570805471 0.166105417299755 0.293068130939684 0.119836026026245 0.0657516339369528 0.109402398142527 0.0964923424966039
"ufb201" 0.636445257995177 0.607238036256065 0.143581969725672 0.317623915850983 0.100402309376621 0.0662651338600383 0.0883785503605271 0.0486527682078764
"ufb202" 0.748577497570418 0.690407793166536 0.164936760377182 0.511654667125947 0.126249772910636 0.0679863099567229 0.0772598527516701 0.092841507932352
"ufb203" 0.601848306726521 0.627279183276817 0.168406796223196 0.176088843732902 0.108414548677946 0.0636079242543511 0.126303155437781 0.0848306961098162
"ufb204" 0.607014990901317 0.621915722844149 0.165799198628827 0.187920885341298 0.106807325064961 0.0635777441894301 0.122995897652164 0.0807573897082142
"ufb205" 0.699726209818704 0.617618381115637 0.145531603564683 0.416403834169655 0.102016823796775 0.0628464037315435 0.0737542491689675 0.0657055645860591
"ufb206" 0.650926599974911 0.603697367353953 0.147213424926985 0.285476000404823 0.0980995369859994 0.0622920614407367 0.0893415952368127 0.0599331028859133
"ufb207" 0.600345355350246 0.583122267343964 0.142273595874487 0.249216125092948 0.0943396407624807 0.0603538755099374 0.0913442460806794 0.0519087627646045
"ufb208" 0.768109032268322 0.787005037488285 0.174998338959851 0.574805243256924 0.131093014241026 0.0835446825476315 0.0881403838495097 0.105893988306971
"ufb209" 0.702380952380952 0.523848684210526 0.131751090497774 0.702318352243491 0.103398515149958 0.0452451180310117 -0.00414845958763004 0.0356765497468547
"ufb210" 0.647657679902921 0.582234238987075 0.142645833438427 0.305958636000841 0.0948537052935164 0.0542536522464964 0.0809044317624001 0.0575162713217271
"ufb211" 0.593205162230759 0.624345543248684 0.16818609075249 0.152230998728606 0.107939619003557 0.0616754761355895 0.126526910853659 0.0868855401084736
"ufb212" 0.636053475618057 0.703158809335629 0.206620203251977 0.166495017074297 0.135258346666194 0.0727288765758514 0.167185438282177 0.128100022638523
"ufb213" 0.618455877040783 0.650536985925553 0.178603381509117 0.19910539878968 0.119655747314655 0.0668415025000957 0.137797351210592 0.0987443374526669
"ufb214" 0.595033572543133 0.572034341296957 0.143976393129401 0.222568506130492 0.0939160137181626 0.0557975271990234 0.0948271676301619 0.0574149841076369
"ufb215" 0.666666666666667 0.706211812627291 0.186332014648501 0.674389122164505 0.144636932054614 0.0655470033356185 0.0599975612171894 0.107645618967856
"ufb216" 0.602636170417651 0.571179535844253 0.143785773634958 0.213776602829521 0.0949154306271895 0.053272004511952 0.0946256035771318 0.0586251170650183
"ufb217" 0.640983659162093 0.664347147812879 0.169173736017268 0.339684135907374 0.117994557909224 0.0771564681734313 0.0989677046131614 0.0966591540527047
"ufb218" 0.641546740315123 0.685213945180652 0.183329251895075 0.235089677098319 0.121503199191847 0.0747786772895839 0.137732480255778 0.110123408239415
"ufb219" 0.687979575928857 0.608390178050951 0.148955510246773 0.39354112538596 0.106746409271313 0.0639856723028741 0.0695641984318227 0.0810353591888196
"ufb220" 0.70365938921133 0.614138471223812 0.152477733403252 0.399416106933482 0.108766700485078 0.0658006008091251 0.0810508069941999 0.0811170542181612
"ufb221" 0.630059715255519 0.663765137565655 0.187958902056098 0.198842611653773 0.120336385744079 0.0696198357371104 0.147972358999841 0.10466251264474
"ufb222" 0.618418702639983 0.645488795663882 0.177868433141061 0.19884693292761 0.113884805377577 0.066386897892045 0.137250169734967 0.0943662951918797
"ufb223" 0.625143058939552 0.582216458548493 0.150691587099453 0.258144694960666 0.102817136015973 0.057853092153249 0.0958708071607946 0.0697826744489927
"ufb224" 0.6165685463918 0.567153118230532 0.144886119813518 0.237409321349845 0.0976899161416625 0.0537444827645876 0.0920566869957547 0.0620216293344706
"ufb225" 0.703404358899542 0.654674996490243 0.149237774214938 0.452188731138583 0.106586160922893 0.0665435759095307 0.0701850834448953 0.0653723236357856
"ufb226" 0.638491657999012 0.579641256244522 0.144177196548211 0.306083256259869 0.0981006289942219 0.0485631462288307 0.0721635836328654 0.0701491713885236
"ufb227" 0.613896049660097 0.592350958800076 0.146106940394269 0.234762661146973 0.0973743387763781 0.0565767442212957 0.0954074485954968 0.0623137197624053
"ufb228" 0.614873228800056 0.642926994094267 0.173581892443803 0.201756932054323 0.115006370798327 0.0683441987246368 0.132194824965437 0.0919853599883551
"ufb229" 0.676346285980639 0.661619696877473 0.155354087686241 0.486280284990207 0.119428494156685 0.0734275852512632 0.0658190241454148 0.0763833618955893
"ufb230" 0.700127777610094 0.574505217036129 0.128604603639195 0.59971792008477 0.0966288321147402 0.0545916903715405 0.0212949830459664 0.0467883674518808
"ufb231" 0.672558948681361 0.581496758986447 0.123955775546128 0.523499165411359 0.0912948518038407 0.060365918022877 0.0319760967639584 0.0371907563182894
"ufb232" 0.589876720431921 0.579290168540488 0.145797858843815 0.222944887125635 0.0952798266048947 0.0568250412941597 0.096755496197278 0.0604019380305411
"ufb233" 0.601985730137374 0.572874485579738 0.150019914501542 0.177784123368229 0.093729441514993 0.0510824538558158 0.101190122997069 0.0615166241677974
"ufb234" 0.636167028595204 0.663764140309899 0.158968016017408 0.294504657518712 0.111442732424221 0.0712980030513526 0.104531354575519 0.0852398575860891
"ufb235" 0.625387264908443 0.654816026002784 0.166686356937605 0.22324916845338 0.113081171556188 0.063254796079643 0.120159282164814 0.0965140649020405
"ufb236" 0.64332991161556 0.699022483820708 0.201387094317585 0.200003546839661 0.131643852899467 0.0811316854356314 0.160374902398423 0.124248713064062
"ufb237" 0.672422369189846 0.587631714150001 0.138697003394178 0.344087673266572 0.0918509803704396 0.0547611161265764 0.0766884231268579 0.0524698842521362
"ufb238" 0.639645954945956 0.595497480841096 0.146762171160754 0.260970494033391 0.0940965850575118 0.0574553803142349 0.0941233537210079 0.0568486361050148
"ufb239" 0.61605389095309 0.630531453362256 0.164180351037489 0.246479608455794 0.111876733753322 0.0703342134994025 0.120614499692402 0.0768515018441038
"ufb240" 0.608737046460234 0.560270340116181 0.132409220629975 0.285890486731725 0.0925165606237157 0.0466066216005664 0.065295153099853 0.0558186650877322
"ufb241" 0.623791612188622 0.618546900207421 0.157954995425193 0.282155732960362 0.110384202314587 0.0689440814834732 0.0972631940913345 0.0736965499123099
"ufb242" 0.614684499948335 0.560576144547508 0.139828692803614 0.285914885193092 0.0971227039998319 0.043192100749706 0.0673484872561017 0.0662960465347085
"ufb243" 0.663135361175501 0.64107585615664 0.163862166776082 0.249123592308427 0.108846849605254 0.0662476045875866 0.117279208629318 0.0715400854984735
"ufb244" 0.700251324404378 0.664570347976462 0.152700041672474 0.440232462336131 0.111027340281306 0.0741456733025075 0.0872069570681012 0.0548840055261952
"ufb245" 0.672210559802348 0.618226658155864 0.155098847114297 0.340902272957003 0.106992458942577 0.0660397634586167 0.0897873081696622 0.0738222494099613
"ufb246" 0.6554851455152 0.616994575338029 0.157299176035599 0.331560887252462 0.11200550149494 0.0639056295329498 0.0920374793925356 0.0775531954716065
"ufb247" 0.65572903461426 0.683009409079856 0.172529412108536 0.286043005167618 0.118556445757063 0.0753001329893774 0.121361180772729 0.0985019057399231
"ufb248" 0.628468376841795 0.659319070150175 0.184631401435552 0.199147348654834 0.122785548589039 0.0690850600165932 0.144347269497786 0.0995770198473724
"ufb249" 0.646770579972099 0.609790517929236 0.144789097995081 0.376352448416867 0.103305547411316 0.071044997791766 0.0786806071480743 0.0528649399801312
"ufb250" 0.585131913131353 0.601079990728618 0.153921173539712 0.187725929764158 0.102410471385726 0.0639828169073673 0.108959252784207 0.0661132430686227
"ufb251" 0.755732407837738 0.712670411851004 0.161897397974405 0.523650326698701 0.120473412345144 0.0728664985363637 0.0739013745215109 0.0777454962803457
"ufb252" 0.71426592305054 0.662353893398719 0.150249079810308 0.476031802462695 0.108074501499008 0.070198687659336 0.071290359395414 0.0641288681161146
"ufb253" 0.676591810651869 0.623153081978787 0.142877931130357 0.398744641624498 0.0989290501594258 0.0669672350355903 0.0708776620106296 0.0553291347046069
"ufb254" 0.587036494180968 0.537686569239927 0.128203543661455 0.261913072326083 0.0867834005483768 0.0383052189100601 0.0607463319050663 0.0508299974287583
"ufb255" 0.610790147685594 0.694071382027808 0.204838579661221 0.12022612337795 0.134233298815097 0.0816220013387828 0.165678098990022 0.126481544820833
"ufb256" 0.593615878897016 0.625784432456237 0.16752842318826 0.16367737117355 0.11407028358255 0.0678572794830313 0.125377285671751 0.082323886784565
"ufb257" 0.617681231718586 0.619396584952205 0.17122631627304 0.187377696394021 0.118808429925782 0.061552973696718 0.120021119303787 0.0806153787243881
"ufb258" 0.640542792314667 0.64982476635514 0.185796633464157 0.214104270393993 0.129952555619785 0.070569436915784 0.133237010709875 0.097792891691949
"ufb259" 0.679137779185207 0.632274175782597 0.143868824677157 0.434154385339519 0.101060715565577 0.0688761870377375 0.0719517929452298 0.0569135566145122
"ufb260" 0.61456284642743 0.638867068621994 0.172856867485982 0.201764906367378 0.112534950414933 0.067961050874766 0.130985903576521 0.0891648049470869
"ufb261" 0.761904761904762 0.668358284699315 0.130176836172488 0.761784231660381 0.104693098442025 0.0476558071655345 -0.00632189866503315 0.0457073659152411
"ufb262" 0.641702802147594 0.600987914531022 0.14321210194935 0.293319300595619 0.0963300357894376 0.0601262624818761 0.0903563065988002 0.0539968544868111
"ufb263" 0.647097513198585 0.617801410743353 0.151820953440564 0.293398198566465 0.100628639772902 0.0648220319365608 0.103150099620221 0.0614836362955377
"ufb264" 0.71732899557212 0.686596666848013 0.160636698601064 0.511730247769618 0.118356205473612 0.074203599897849 0.072274026510249 0.0657526272813573
"ufb265" 0.823529411764706 0.806826376091659 0.165137335502015 0.823402899257498 0.137434931652655 0.0657689446606752 0.0355051549652854 0.109645694392078
"ufb266" 0.817341630828039 0.811990547752436 0.176868660000376 0.726010031705058 0.145226791222326 0.0884484803907782 0.0755026071584096 0.118620121789072
"ufb267" 0.617056143734201 0.633348184665976 0.167922353998008 0.213717152613625 0.113656019676344 0.068135823843487 0.125236395437358 0.0814349697729785
"ufb268" 0.684570812609845 0.662534014125417 0.165454102050075 0.429562703347276 0.117928786967524 0.06855963970929 0.0773376281631342 0.0989088398194386
"ufb269" 0.613493060426567 0.579177035381698 0.141977908973751 0.303771353668799 0.099480931476958 0.0618334841719658 0.0836567836957111 0.0574111552756932
"ufb270" 0.732410549660849 0.674008966077165 0.159827335097511 0.499734588196864 0.118947646609511 0.0665368125470401 0.0713794585168796 0.0751066808191746
"ufb271" 0.608927016669623 0.614704631088532 0.158581516568471 0.187615025460037 0.104256158135025 0.0595441391910101 0.115417767224593 0.0785159020192889
"ufb272" 0.666666666666667 0.484638128294125 0.131188425872731 0.66645095756826 0.0991559605929082 0.0426442312418847 -0.0047991932773805 0.0194908323022881
"ufb273" 0.627334286133649 0.593621788343469 0.148348280374492 0.247111695057943 0.0998338233704382 0.0526390881945355 0.0904983529382616 0.0659719073988514
"ufb274" 0.628447046780218 0.649536403050592 0.165027659852607 0.247246629379351 0.117006616951412 0.067334183654214 0.111038756204678 0.0924260432635902
"ufb275" 0.651438753080925 0.685728279807682 0.190474343352394 0.219319222421599 0.124492167002023 0.0780100142828173 0.146458005517293 0.114773889315487
"ufb276" 0.642642229711104 0.625890263649061 0.149982276171379 0.293660282483063 0.105824987330294 0.0681670940416473 0.0995333106089805 0.0527208204673606
"ufb277" 0.600662622739124 0.654813294394136 0.181528928978961 0.152161834067652 0.118626271567762 0.066125895524867 0.141093812378746 0.103233442296148
"ufb278" 0.599693060811775 0.581395565683936 0.151430081569403 0.187180598882207 0.0973891139772161 0.0584334568780603 0.104117181769411 0.0633422874347403
"ufb279" 0.592978799924539 0.618568191927416 0.164249638496982 0.165976643772025 0.106194736603134 0.0637640314783955 0.121941733294309 0.0812125632359176
"ufb280" 0.596736215818301 0.631846513319729 0.168746273508451 0.16595152143744 0.110599359282276 0.0653546503622462 0.127116068213807 0.0875446623695475
"ufb281" 0.628143426177815 0.650987277202764 0.181803625299069 0.189851916485903 0.122384821509336 0.0683781636274506 0.141152381591301 0.0949087739774159
"ufb282" 0.61764126647693 0.626613098551451 0.173591489316258 0.222946041887188 0.119325965740243 0.0702911445088353 0.12446271134943 0.0786199658315858
"ufb283" 0.643643251961978 0.587287700634565 0.145213178787514 0.273438599816017 0.0938728850299192 0.0556616382408187 0.0871911017920572 0.0575588714991079
"ufb284" 0.721870912822882 0.69590237348858 0.160349590609219 0.540909017795162 0.121817799284231 0.0815986462202228 0.0822936017060092 0.0670042807784898
"ufb285" 0.661606512350352 0.648454371128812 0.167908153890701 0.245808314972774 0.112648302176392 0.0684160488585216 0.122728916646466 0.0754964550253039
"ufb286" 0.636458087106575 0.656736317964351 0.176698267047078 0.211232800870859 0.117020516092663 0.0721322502299586 0.134470096914265 0.0895132279919101
"ufb287" 0.631331989722035 0.671999414640824 0.18599981399144 0.176477267463294 0.121014611808053 0.0642199803101547 0.144765391394128 0.10880889523477
"ufb288" 0.653485851389408 0.592185020173241 0.139313631675769 0.35175984419182 0.0942165476166018 0.059017277119122 0.0773483800267297 0.0540697878634318
"ufb289" 0.651988395749101 0.595297650801178 0.137260387763906 0.340046375294964 0.0936842267203282 0.0605006229256194 0.0787131247491036 0.0501646532860512
"ufb290" 0.649671728945325 0.591075056140668 0.138262703608298 0.308428833891623 0.092651601711596 0.0575582063696088 0.0827279858870797 0.0499279654749883
"ufb291" 0.59665425383336 0.59799605056706 0.152249625775341 0.213364426187821 0.0999441191757535 0.0579022259780235 0.108060266099351 0.06883899290542
"ufb292" 0.709252227448019 0.60694427282837 0.122630964170225 0.630797620064314 0.0946315484475623 0.0574913720862196 0.0146646987668601 0.0327123692057752
"ufb293" 0.603329023421268 0.576928113677795 0.14600074243268 0.246544491384583 0.0968689797820105 0.0583017562640426 0.096970027954722 0.0614026291612206
"ufb294" 0.611190868582337 0.605004734055269 0.153067758413054 0.237902622664428 0.104402630409812 0.068126452602009 0.105863974044498 0.0645066315294522
"ufb295" 0.702124636721351 0.685399490027122 0.170272509694788 0.392102974617923 0.119917489698678 0.0711194134219637 0.100349984820713 0.100973266717353
"ufb296" 0.601977789914391 0.630236880503485 0.168512816924034 0.164460908460542 0.111047600484417 0.0370779981038801 0.127561802770699 0.0954572316393614
"ufb297" 0.735435462268343 0.756350866706515 0.170531047948473 0.512937337724797 0.13102686043398 0.0810615727557583 0.0931782226353926 0.0995865820686369
"ufb298" 0.607153131749384 0.613148174711325 0.164431077040526 0.211082093943512 0.109981974549438 0.0660852521753903 0.117821682733095 0.0720292687507329
"ufb299" 0.619480747867549 0.589431684429903 0.146089760233386 0.226193830527325 0.0971377047624453 0.0548865707886901 0.0933745312914969 0.0630725850716377
"ufb300" 0.73583856986215 0.679914393858997 0.159910765999215 0.482104226582632 0.116543267666498 0.0673192406549141 0.0716560884057886 0.0824909949432746
"ufb301" 0.691237204010406 0.645298864903878 0.152364836475987 0.440141299994212 0.11129549915937 0.0593894290316012 0.0624178404221992 0.0790703873101637
"ufb302" 0.730765568142533 0.663742409715564 0.163127754636381 0.482178922490748 0.122276045609142 0.061220853054484 0.0752110343497555 0.09438751511074
"ufb303" 0.662952985488285 0.647135793017788 0.164413640296598 0.249123592308427 0.110256735665228 0.0686511786736728 0.117863561649382 0.0712562520889007
"ufb304" 0.596636979361688 0.578986135778503 0.151328247657507 0.177477491645985 0.0953132464573392 0.056511723144869 0.105215243462402 0.063366957790005
"ufb305" 0.601680764866495 0.608466143481234 0.156229181471356 0.213702042822284 0.104929346111486 0.0615812041875562 0.110382471966623 0.0673383328693216
"ufb306" 0.610574481956773 0.610625225375163 0.164437212804531 0.187151739319002 0.102876774069685 0.0582595569536375 0.121559925438217 0.0759740650854078
"ufb307" 0.622140157707973 0.673265172235861 0.189944338894875 0.199095723740385 0.124637087685052 0.0771676118382684 0.15009782469359 0.108202143121372
"ufb308" 0.614503543441164 0.630224290511515 0.17043916310476 0.210762770916607 0.109978618485085 0.067353215758691 0.128888931636219 0.0839019245258806
"ufb309" 0.601161119169597 0.584918401541394 0.147806698286705 0.234800503255271 0.0960638185893074 0.0578806448520975 0.0972001038265014 0.0614359151079667
"ufb310" 0.606360118255511 0.591006982461214 0.153790503970365 0.234858216421465 0.100317156123017 0.060905894512696 0.101550672148938 0.0677112578697757
"ufb311" 0.623984032526486 0.590835126077284 0.145553933377533 0.304158799285587 0.098308114035 0.0632573754376144 0.0927773840027756 0.0564930886380067
"ufb312" 0.605799559079926 0.606903087021781 0.160206848494179 0.175519736771166 0.100146553534558 0.0589580042440846 0.117122941117493 0.0746293465571309
"ufb313" 0.764705882352941 0.638834951456311 0.131343073159491 0.764575879304529 0.104482451632934 0.0463714997136821 -0.00353646613860522 0.0513871281726987
"ufb314" 0.625108327574665 0.617142207570763 0.164120467877299 0.270982662797589 0.113433243468189 0.0730958458654028 0.107290782163515 0.0771551752241759
"ufb315" 0.611009137016443 0.607841716440828 0.153519189541015 0.258283601120266 0.104221888576476 0.0672198787792771 0.107547276839485 0.0647753979881142
"ufb316" 0.621301504630366 0.620272935537551 0.162079397642431 0.188129009173853 0.109573845710427 0.0555633932791312 0.115344358759071 0.0833328873240699
"ufb317" 0.625000195215296 0.594786369876067 0.147409656816938 0.261709414565317 0.0983328118059526 0.0658007294937193 0.0948032539967339 0.0579122397198558
"ufb318" 0.721103075616385 0.653726362625139 0.159113051962764 0.482104226582632 0.122051512785522 0.0567925932210886 0.0707745713728829 0.0877599448147465
"ufb319" 0.675325781369782 0.626734297204695 0.155696365312763 0.333106588991479 0.108798044410198 0.0669099297086458 0.0904521075516348 0.0722212584225765
"ufb320" 0.614038881817999 0.611384385845793 0.164982943081335 0.187586510557357 0.110110883195237 0.06430269970118 0.121430625908196 0.0737449912187243
"ufb321" 0.62068268690343 0.617893616133583 0.168324886574237 0.202201571568337 0.113992624432914 0.0708207842609502 0.124113319720332 0.0756658593530566
"ufb322" 0.609460368826782 0.59674605372473 0.150185820263924 0.246861210544167 0.103276892760352 0.0644835493393022 0.0997205074364559 0.0615004599539206
"ufb323" 0.603533163388373 0.590053511566411 0.150006664169015 0.246903439666608 0.102271394155878 0.0655553087760692 0.0975332410728632 0.0618802702886318
"ufb324" 0.649865654005936 0.623098339937474 0.158570922333868 0.333881563162646 0.114712206508972 0.0476375868179225 0.080250776106397 0.0847637865362831
"ufb325" 0.606755023700115 0.624850899312567 0.165040732598275 0.222319613825019 0.108542522159391 0.0613657348704654 0.122772950153161 0.0831969157321381
"ufb326" 0.596342274096778 0.589586346357103 0.150728893399716 0.213379806936335 0.0973483209301887 0.057216568726826 0.1056124932691 0.0654087270098591
"ufb327" 0.604630849340177 0.551933719185812 0.129970006791414 0.269765940888407 0.087792884540928 0.048355392167357 0.0672785258241316 0.0510695912050146
"ufb328" 0.603173098835702 0.553675908728366 0.134480319425313 0.269675494919275 0.0914853293667446 0.0463272991516394 0.0675264655209194 0.0579277210721543
"ufb329" 0.608112730225209 0.683551235249172 0.197259466859331 0.157538777534722 0.129873045703604 0.0780963914115839 0.157772782684939 0.11766774632816
"ufb330" 0.614045429836866 0.611228855987077 0.168033475560497 0.168110147922461 0.107311729597222 0.0601716768559998 0.122825101749013 0.0819582280853789
"ufb331" 0.624342624184263 0.624150352846064 0.160498631304293 0.214122504056463 0.107887877358922 0.0681323219927445 0.115908478440695 0.073101177495687
"ufb332" 0.658793473385114 0.603942381307952 0.149561140449453 0.300870370135987 0.0993591994943256 0.0608150175723918 0.0883347120117226 0.0616040302043367
"ufb333" 0.629148920414112 0.617013882109456 0.154273036514663 0.226111273297984 0.102069971180645 0.0653827076672887 0.107155848201672 0.0632760724797115
"ufb334" 0.698769518956015 0.58574784651527 0.122626742462323 0.606960612510421 0.0925214351652813 0.0524685303755441 0.0145809669415741 0.0334062117142592
"ufb335" 0.672216937545526 0.693406131877362 0.188863429260395 0.352769783801336 0.143289028736802 0.0796795852312459 0.113224905839339 0.117628342917366
"ufb336" 0.611785732364156 0.632357082696406 0.169509618965441 0.165778952347268 0.109929480173082 0.0632013303038396 0.127466837604101 0.0866184883910213
"ufb337" 0.614481062776538 0.658170537808959 0.184358306934047 0.152374539324577 0.117940384037482 0.0650965548761251 0.144194463304898 0.105577469623141
"ufb338" 0.700630221353154 0.63133856973454 0.147304688688003 0.434952360521525 0.100673167101667 0.0658909972253596 0.0680360132807227 0.0660599473847005
"ufb339" 0.666345020047781 0.603668806803969 0.139431633582165 0.399661909969208 0.0942664243535813 0.0652832261601438 0.0671142789878396 0.0541490476593834
"ufb340" 0.616203587558908 0.599095418287901 0.150317672481544 0.213691142280877 0.100000593356919 0.0550275516014781 0.102964111808008 0.0644884926165663
"ufb341" 0.634576382202453 0.656938886717782 0.156424027752232 0.280908394701052 0.108570174736997 0.0671311355279943 0.101916262810775 0.0888605354509827
"ufb342" 0.641506557618057 0.608259208218492 0.147608912238434 0.376360819205631 0.104806427145489 0.0704407709878925 0.0759787304281414 0.056386422237556
"ufb343" 0.643242274815344 0.658179425312569 0.175233832628282 0.353336536752182 0.125717933373582 0.0693601549664671 0.0984294258506673 0.0998534313940653
"ufb344" 0.666666666666667 0.507392996108949 0.131936847566462 0.666509666013602 0.0986711015711293 0.0405166321330886 -0.00393362755923518 0.0215059412110387
"ufb345" 0.603000948620625 0.625301843683312 0.163746408686468 0.199226093927857 0.108383951875406 0.0681858066271684 0.121414262574558 0.0828609054333333
"ufb346" 0.634963939520082 0.689715177910297 0.197996176742684 0.178378744568016 0.128386538883953 0.0702008490119013 0.15682226345977 0.12193803116887
"ufb347" 0.650972104565984 0.664705901364887 0.169362484120328 0.28586843475032 0.121223649663681 0.0727920748563898 0.112781999834763 0.0937497866453131
"ufb348" 0.648436268933016 0.675041414483982 0.182991887920342 0.247132725197539 0.119333859461762 0.0747823660213755 0.137401652308942 0.109726399706109
"ufb349" 0.665320824194931 0.669136010326346 0.165752290801978 0.359971250439262 0.123179632037651 0.0656038048672527 0.0879405722593297 0.0889329767002583
"ufb350" 0.663291323538238 0.655990646373442 0.161125779622112 0.345463386503345 0.115796038037051 0.0665684205102227 0.0903676238242731 0.0850357260792666
"ufb351" 0.637987881596869 0.672808706049298 0.177312850358582 0.234524045094672 0.119388141004757 0.0736722320759679 0.131403790514104 0.101613811551792
"ufb352" 0.656270570633615 0.595355021136948 0.147274541625799 0.305523720408029 0.0965033126778825 0.0638683653103694 0.0858654161348496 0.0621584453239021
"ufb353" 0.616441697819087 0.603346892362171 0.150493766455485 0.257672193957551 0.100441416300601 0.0624654689081206 0.10315001965757 0.0593310869530239
"ufb354" 0.607226897889553 0.588974262578304 0.144128924478258 0.257625476063795 0.0960351101019958 0.0608391119643731 0.0949952507961149 0.0537944809844146
"ufb355" 0.631529638401226 0.600467774031286 0.158138652124806 0.245414044820224 0.106429515097979 0.0624970020129213 0.100902275379423 0.0719146957772352
"ufb356" 0.613770990105759 0.605386471077534 0.156302447797622 0.187611078858553 0.101523939412992 0.0575387369888824 0.111483978269918 0.0749224742523413
"ufb357" 0.666232984549618 0.698527784976959 0.169599906983312 0.320781272104063 0.120810826194266 0.072048198782044 0.112967828493443 0.0948453075650112
"ufb358" 0.610034206471803 0.620030536914512 0.162315737283476 0.177866807249078 0.107101779794461 0.0577779525309301 0.119910008577236 0.083666751563817
"ufb359" 0.611057245914176 0.611165738197536 0.155762594384199 0.258283601120266 0.105499516445563 0.0690581168460778 0.109912519780274 0.0662455210851373
"ufb360" 0.614957121991518 0.578526891627017 0.150243538774181 0.225819474556025 0.0995392170886709 0.0579711507356621 0.097782717573095 0.0654398824699552
"ufb361" 0.595238095238095 0.345863885159558 0.125489380506846 0.595127127335197 0.0957180021219295 0.039977591148611 -0.0113902613025099 0.00891238493998921
"ufb362" 0.633410086701426 0.692701327718724 0.198710838470581 0.166717409887828 0.130545864293341 0.0606569523780798 0.158882754570354 0.118719981028354
"ufb363" 0.638268519468251 0.697005419285428 0.201804771706611 0.168663395460767 0.132487184380079 0.0661765609000737 0.162358022186522 0.121330589949144
"ufb364" 0.713844728079883 0.692521835960608 0.157414299505459 0.499792106416356 0.116792078949066 0.0801966026455014 0.0791213701655487 0.0652037897055981
"ufb365" 0.637943544705372 0.623081963405935 0.159534117984919 0.289123973584086 0.109708730694024 0.06962463327144 0.0989729289945454 0.0722593574359101
"ufb366" 0.603101892150447 0.59597643154907 0.147913782074921 0.246469893789641 0.0999089564642052 0.0662823810778597 0.100428449773212 0.0603137513051358
"ufb367" 0.607927941460977 0.591062913397939 0.14139162917103 0.281581863359354 0.0948660370096244 0.0612248987292613 0.0883959976168074 0.052025763449007
"ufb368" 0.609239823863946 0.63813537555752 0.17230968104859 0.211020408011915 0.112128232584921 0.06852868492771 0.130858901148655 0.0908257042744732
"ufb369" 0.616059747075549 0.647548463927778 0.172429297754459 0.194799526863222 0.118489490179186 0.062510491173164 0.12320464675911 0.0985527031634969
"ufb370" 0.631211154507152 0.668033287949096 0.183465209610102 0.199889994906484 0.11715204710945 0.0621876590195584 0.140047105064371 0.109421696209261
"ufb371" 0.647058823529412 0.638806462248599 0.160259617422231 0.634018746641125 0.124087862837938 0.0541748566805073 0.0298700557525147 0.0715561116696186
"ufb372" 0.643035879668718 0.690683337752122 0.196934015056481 0.154784439091149 0.127331560631061 0.0532377552453651 0.156687097391194 0.117803076260147
"ufb373" 0.647562257832253 0.683749897651375 0.190486218863198 0.188186072539464 0.123969191195548 0.0652419445788144 0.148250592678807 0.112526896117312
"ufb374" 0.638057094698461 0.563300801483016 0.131798485703453 0.305099756419004 0.090593498205894 0.0515620313918369 0.0692387588731639 0.0542218570874847
"ufb375" 0.634698380222432 0.564213637466087 0.135938512206552 0.297734234769686 0.0929613282629878 0.0511129176462819 0.0690974594650103 0.0611055561191642
"ufb376" 0.656086162713161 0.645059284661978 0.155885995259383 0.317093281701126 0.110498084224594 0.0729081732675235 0.105789636173373 0.0596786591249754
"ufb377" 0.637645640244895 0.677450246270148 0.188443980108926 0.21389304826061 0.123247878839941 0.0751611383349943 0.144316676925205 0.113793106700146
"ufb378" 0.613789177490797 0.614575415235948 0.167317425171861 0.189746533213443 0.106412246075209 0.064807271376237 0.123888477463158 0.0781152608328419
"ufb379" 0.624822317759242 0.596222526336191 0.148897666025443 0.226163656327184 0.0984197106718702 0.0552657161706638 0.0983558575261389 0.0627788260943225
"ufb380" 0.633318437084293 0.617322157036351 0.155965982067426 0.305754130265196 0.108327657117469 0.0681023373959977 0.0951308192708149 0.0689149331618588
"ufb381" 0.644273839138538 0.684825679874735 0.191319487385756 0.202213133717753 0.123022935374006 0.0645239319344793 0.149117480613706 0.117473740466736
"ufb382" 0.717151866974364 0.677709488832259 0.155489520597886 0.49386261399098 0.115613973476498 0.075579649319994 0.0769817275073255 0.063226960132056
"ufb383" 0.621951219512195 0.502118270079435 0.146946189731858 0.621850234022175 0.115341823548757 0.0493455784034761 0.0120824585921327 0.0479581441016929
"ufb384" 0.628590396067047 0.585698938972525 0.151842271016444 0.249362067629186 0.103748398349371 0.0587826217939209 0.0971071745248926 0.0697777765985972
"ufb385" 0.715743352890937 0.6865334857693 0.165062201368877 0.471862423708302 0.12444136261795 0.0642807440791518 0.0771034118071968 0.10334748247462
"ufb386" 0.668295198644172 0.642658169884759 0.16032119718002 0.381508106954336 0.113114710730975 0.0654388847275053 0.0819386050443981 0.0979652350340602
"ufb387" 0.587445953582188 0.614866550603847 0.160288106803861 0.175919838000897 0.106319060008501 0.0639868049305255 0.117208368222172 0.0750535127666509
"ufb388" 0.617297286007583 0.565662464360551 0.143767388520398 0.246962642738756 0.0952840740626104 0.0444836379124698 0.0820529917017494 0.0742223057047365
"ufb389" 0.610038805408341 0.643137819280818 0.171322746507522 0.188354220400784 0.116473749794095 0.0599027463945767 0.1236765461203 0.100943517915021
"ufb390" 0.635997761560557 0.605045629951307 0.149840014181114 0.330533659760102 0.105873602389823 0.0629068127462348 0.0839232819955698 0.0738503411182611
"ufb391" 0.630229135797138 0.640800341582509 0.163595870735045 0.212341572303188 0.110188720904683 0.0569475853525754 0.118100353178429 0.0883784640672379
"ufb392" 0.66247748130721 0.615846690303865 0.16271821016267 0.437276327794147 0.116347930196849 0.0540619407697706 0.0592768513535482 0.0865393131532157
"ufb393" 0.698298336281824 0.681534561762699 0.17623446346138 0.400568568688666 0.127199072640114 0.0746381837390468 0.099523238073328 0.103114808019288
"ufb394" 0.607277531106768 0.584785487963633 0.147622879005845 0.23760553386422 0.0976876554701284 0.0573873609594172 0.100121335165196 0.0630701441662665
"ufb395" 0.617732355242174 0.615611858578325 0.157949416417569 0.249812178065853 0.108516611670303 0.0682177749949721 0.112213350656146 0.067821118562229
"ufb396" 0.616641986861404 0.609267453986865 0.154523391393085 0.249842516430976 0.107513858817787 0.0661403449082599 0.10740073675597 0.063853650823345
"ufb397" 0.601806677865908 0.609307885537863 0.156862946358985 0.222320936378843 0.103293857637661 0.0589797760740272 0.113609635197946 0.0745126077026442
"ufb398" 0.681241313961202 0.579692157936363 0.13687013741913 0.387036116868403 0.0943152771224524 0.0580500580574346 0.0701534610414376 0.0542069125848001
"ufb399" 0.729411764705882 0.755686751172079 0.176542768505812 0.729302875509466 0.142074926324965 0.0645326606706547 0.0486815512821166 0.0974270123356583
"ufb400" 0.642890644651827 0.699181287551993 0.204318034554722 0.154531615503268 0.132014653029754 0.0638473476364175 0.164768840805831 0.125700392987625
"ufb401" 0.644941210584433 0.64394847284297 0.183067661801566 0.228798747136657 0.12727192659102 0.0752005494822364 0.132572774936382 0.0882427853165416
"ufb402" 0.618890594356447 0.607280331747099 0.149445351166481 0.273115666963973 0.100606297916757 0.0636269862486256 0.100619154112205 0.0583897216539187
"ufb403" 0.672133664246864 0.672601543067864 0.170104981484787 0.345463386503345 0.120893913475902 0.0690899035650946 0.100061656926362 0.0972540335262914
"ufb404" 0.675514826049521 0.660332142798361 0.154800555768629 0.352019123235413 0.109573652895734 0.068654807696076 0.100333140323516 0.056783578172794
"ufb405" 0.596029918948577 0.597001651974959 0.160654359939254 0.199718143094586 0.111840617254831 0.0631728394228824 0.106442294693449 0.0767877889953737
"ufb406" 0.65853853925068 0.610137806835532 0.1500708285606 0.293685644491028 0.0974435824332297 0.0667560032631555 0.0952871991133225 0.0617671654984146
"ufb407" 0.649915082469484 0.653899906328112 0.163013418891326 0.33057136353063 0.116957718642107 0.0697821076072066 0.098105001126658 0.0902388494810417
"ufb408" 0.638134213289204 0.681142796010793 0.18568502032501 0.225868940868627 0.123034221166397 0.0774429030686369 0.141406724207826 0.109465364622882
"ufb409" 0.698795180722892 0.53896841626903 0.134705641006626 0.698686685332564 0.10854007031974 0.0484980048828448 -0.00219592427887627 0.0365715647840819
"ufb410" 0.68543655206258 0.661680271083605 0.154719122742727 0.403781906741264 0.109943439557879 0.0732125767478591 0.0938640376769705 0.0565331772256313
"ufb411" 0.623416516325405 0.611322597196246 0.168311682178424 0.211054909276183 0.109576484333789 0.0654321887960042 0.12310554563925 0.0794206177774445
"ufb412" 0.606830063172809 0.638078714234902 0.15249381041377 0.271352718714683 0.106149415103221 0.0669071470267723 0.102056645220019 0.0819463150105217
"ufb413" 0.630752566602551 0.672020480645157 0.177074282749279 0.223914413287698 0.119840763651101 0.0636772548775716 0.133298256454197 0.107378586911725
"ufb414" 0.623125288140851 0.591286006408295 0.146969408115474 0.246533189900053 0.0994710824632843 0.0564241583030305 0.0943180521680053 0.0613130222545953
"ufb415" 0.673329969543307 0.654960512095769 0.156237750408105 0.35152131239541 0.108123835284526 0.0717269611220561 0.101861435780535 0.0583178382932967
"ufb416" 0.653315356395988 0.618206438945123 0.152509667953084 0.337999888296809 0.109831718850594 0.0663575564361158 0.0809573986671087 0.0818725883545213
"ufb417" 0.607974297720102 0.624879972028264 0.164865058732734 0.21103635603893 0.108183709848904 0.0656581111275624 0.122589540009571 0.0828432125485465
"ufb418" 0.637374627499493 0.640111733509615 0.178996054183587 0.271370671704119 0.124928262584921 0.0795456909301292 0.115394075212562 0.100475712995316
"ufb419" 0.62137938497843 0.614367575466509 0.166224646359922 0.271151514666206 0.115531708885454 0.075217391440864 0.106068497815505 0.0829502107152765
"ufb420" 0.60613494598551 0.592939446964016 0.152152768379491 0.238301276050752 0.103663552988121 0.060252703189305 0.0974247775582283 0.0651890000776342
"ufb421" 0.694117647058824 0.703435294117647 0.168983281251962 0.693971851272607 0.133517506244242 0.058468871138321 0.0399482747834864 0.0823169504373909
"ufb422" 0.597207361064216 0.620680329776487 0.162513676719541 0.199226093927857 0.105725428979516 0.068359441647256 0.120119128257097 0.0818890922155372
"ufb423" 0.596380643967966 0.608503358151249 0.156397948968629 0.199239510029404 0.101901304487054 0.0656044087689541 0.113122185250916 0.0755096820090884
"ufb424" 0.726190476190476 0.588861298332742 0.128664621182146 0.726092962321179 0.103176027690608 0.0462900293967193 -0.00807142100883302 0.041204290240102
"ufb425" 0.624179014737419 0.632612546576263 0.175348371712453 0.236801164520278 0.124288934009489 0.066270274005354 0.119241949099247 0.0945413841955559
"ufb426" 0.617118586099185 0.613345448524122 0.158617804611362 0.234132368733345 0.104065898377365 0.0592929114006769 0.115454518470225 0.0760801239204597
"ufb427" 0.639082735102139 0.599529687251945 0.145655725607786 0.261012696586412 0.0952709539662676 0.0580609262117543 0.094949977163963 0.0561982955526265
"ufb428" 0.646573683663173 0.620163336038611 0.156144131284389 0.261063486074975 0.101204735875 0.0616198731875761 0.109131185508793 0.0654960001716161
"ufb429" 0.621817290019731 0.609392998349989 0.153366154926744 0.222912454941196 0.0996288771526076 0.065342845432486 0.106200626653229 0.0642626493303366
"ufb430" 0.654810524204265 0.628698142723244 0.148279141208777 0.34095889221437 0.105060064787638 0.0712974519113402 0.0933800255077438 0.0530237874350524
"ufb431" 0.614666463573205 0.62945309664715 0.168793061833658 0.199085667798537 0.11129938702734 0.0640972324783929 0.126715231931112 0.0862244781310772
"ufb432" 0.700317531695738 0.68947590276802 0.180222737338312 0.496333345957328 0.131291271873994 0.0697920028860435 0.0789439623789012 0.106812580158135
"ufb433" 0.726591540865367 0.700963906071707 0.18164246033326 0.471712566932098 0.130682321051008 0.0818871854849198 0.095471228552699 0.111117425228047
"ufb434" 0.628641835363907 0.589515421961082 0.150049872349186 0.270663292911413 0.102440998576294 0.0592384651249558 0.088788296054795 0.072223742950988
"ufb435" 0.607178816339534 0.62670711622957 0.162485880259802 0.211404749324793 0.107915420994157 0.0651878282364779 0.118831707155228 0.0780894154681231
"ufb436" 0.610134418085288 0.614571645595 0.165553318047639 0.245319207862571 0.113761920507225 0.0623660335898192 0.105348733763908 0.0912582561767371
"ufb437" 0.697198352824054 0.715066880816056 0.199727514215809 0.34234026166605 0.150796551101885 0.0670021786557404 0.115261253953415 0.146614916281136
"ufb438" 0.679560918407002 0.695954371033007 0.193572682919346 0.362417178966965 0.143504092196678 0.0801507623437237 0.118373297623765 0.130315357395658
"ufb439" 0.656474723936025 0.663602448823417 0.159559287725062 0.340342009194605 0.115447746104451 0.063531893604277 0.0810816682021127 0.0827619138904843
"ufb440" 0.714836185057445 0.621568526964929 0.145930925276656 0.516095581629963 0.107457431207492 0.0671460705530984 0.0560751850356436 0.0690746642049419
"ufb441" 0.608331476450745 0.590610437241858 0.153211235168018 0.211411283520982 0.101163593041228 0.0625519408038207 0.105991969216711 0.0690048724276947
"ufb442" 0.602751120025847 0.632974973997999 0.16871614014947 0.211020408011915 0.111644424878978 0.067190152169209 0.127085395509753 0.088185962046785
"ufb443" 0.696022743016732 0.625555145514933 0.12647790874631 0.504555539773693 0.0936782251308867 0.0594887675058932 0.0453103748951717 0.03686686257153
"ufb444" 0.690863338796517 0.659245713518773 0.147399362115895 0.457672095552051 0.110273095628426 0.0760154555544902 0.0757789038301065 0.05331925367924
"ufb445" 0.629426835750951 0.613967178742793 0.157265472869461 0.317172557112488 0.113441463129423 0.0655405918462142 0.0919800574389495 0.0767703653932518
"ufb446" 0.607967462495763 0.607841269085106 0.158764073574376 0.190022851522264 0.103940439755727 0.0624178266951998 0.114055520786625 0.0738324604683787
"ufb447" 0.622217288355395 0.609845007185995 0.152634369159212 0.222912454941196 0.0999443770683865 0.0673898466033468 0.105428073483697 0.0643918568114129
"ufb448" 0.606513945733153 0.640797929680613 0.173817272235632 0.189793287720273 0.115623880242152 0.0656129916505045 0.132773473585461 0.0944988849182844
"ufb449" 0.599174114211815 0.609103442513369 0.157910031856255 0.222320936378843 0.103855626892178 0.0599784170181974 0.114710436653529 0.0751218535134413
"ufb450" 0.666732997670431 0.677055823236498 0.17134634750902 0.342552321148648 0.120997747635611 0.0775067583397892 0.101406002339321 0.0953909939317361
"ufb451" 0.698343285166527 0.601382794841112 0.14701209792166 0.416424124152415 0.103500745295521 0.0527567546475039 0.0675839328413204 0.0700415396057282
"ufb452" 0.707166669695225 0.668512435476302 0.152569559719826 0.499792106416356 0.111248258772519 0.0738729798605246 0.0736588920061626 0.0558217358093178
"ufb453" 0.61077189681234 0.594930504909329 0.144185388289677 0.273106446511054 0.0969423788621289 0.0619195278068124 0.0933718052542193 0.0541049930382387
"ufb454" 0.606629944233006 0.601316117505298 0.1525074431794 0.204616767575346 0.102959451009372 0.0634255504664457 0.106473755418339 0.0651002577663561
"ufb455" 0.601631235713154 0.587129030778405 0.147587810444559 0.214057139481954 0.0994801355251316 0.059894239445454 0.0986459371287995 0.0593896442149702
"ufb456" 0.605556987333664 0.630661385812959 0.162316823415158 0.222857285440226 0.110183861108577 0.0641990605610705 0.119344690789509 0.0778577586543849
"ufb457" 0.601437866022398 0.632489008564952 0.176943703240253 0.199553176561948 0.123146567551208 0.0649780595575366 0.120945821423957 0.0950049491806312
"ufb458" 0.611764705882353 0.464262922782387 0.133528271174615 0.611590815161731 0.101469754440494 0.0411645769725195 -0.00101196443240538 0.0212175301654488
"ufb459" 0.690192066472638 0.656653696498054 0.150916254309238 0.409398293718606 0.107066384353976 0.0688132571999338 0.0853065014661734 0.0532673093277617
"ufb460" 0.690619271029821 0.660143653970176 0.152337937490477 0.385349063340689 0.107145909134185 0.0709034020600811 0.0913114215607532 0.0534948191883835
"ufb461" 0.663387706677871 0.68316104391811 0.173082840638554 0.274065538296911 0.120736602884195 0.0736709973900662 0.121909279575441 0.0996253095947908
"ufb462" 0.607798434794386 0.585238845796485 0.150733381443729 0.234858216421465 0.101008285921982 0.0595411719006193 0.098304821455815 0.0678507131325242
"ufb463" 0.685265372190248 0.663373150469449 0.150549777765107 0.399058891669311 0.10915927241018 0.0708098866239948 0.0893934742365628 0.0520538320502819
"ufb464" 0.604561637372636 0.623078706131032 0.164135399366591 0.199239510029404 0.106281083317646 0.0676198230236036 0.121256557485176 0.081157421623328
"ufb465" 0.64243997918846 0.630101164156927 0.161741813295746 0.26853478646873 0.111076651969425 0.0609431540528098 0.104670197360654 0.0949754016492209
"ufb466" 0.647530038295436 0.642116496416214 0.165625341764823 0.271917520349572 0.114068550187457 0.0625689082070037 0.111670380339011 0.0936423048923691
"ufb467" 0.602877447302961 0.61903732089579 0.160508791180391 0.225291783161144 0.106205844398354 0.0624160815929058 0.117443908690408 0.078108176631573
"ufb468" 0.588597810486501 0.550331475207688 0.130623960095095 0.222707205913258 0.0864510384154441 0.0501054649276933 0.0807173187089389 0.05204187872817
"ufb469" 0.727021845818183 0.573829914359689 0.125353263454646 0.618946925574782 0.0944188775565872 0.0565513522282458 0.0173356769680746 0.0405058653306403
"ufb470" 0.693674476494545 0.643040902348889 0.145960070776255 0.452172648493647 0.106217208516941 0.0702044475335513 0.0740916538056399 0.0502847465479049
"ufb471" 0.61191809155682 0.594607732640761 0.159820647221976 0.199566898141388 0.105531565477391 0.0600218177647091 0.11153729723088 0.0796484408834705
"ufb472" 0.694137928969179 0.678958663655728 0.188436292269316 0.354818276890353 0.141202725290239 0.0785606564147735 0.112757938303727 0.122700251805524
"ufb473" 0.611333423403557 0.652202895508456 0.17774761569294 0.20143470324047 0.118702860809876 0.0481311595428017 0.13725944959285 0.101260369181182
"ufb474" 0.611908060558018 0.583545254434805 0.150188455227141 0.246656782815774 0.102005331008165 0.0632499966023473 0.0977262548061627 0.0659166600262622
"ufb475" 0.6353646584135 0.650473605329885 0.171012035189167 0.225604539621662 0.11267302273816 0.0721211787433702 0.127811530869546 0.0829034533605745
"ufb476" 0.767377851602949 0.617468324264209 0.130334917948464 0.642716123841261 0.0987257367302436 0.0552400465954228 0.0229325584702935 0.0529571847374379
"ufb477" 0.858823529411765 0.897948016415869 0.179819520823526 0.858733923494358 0.148009931098769 0.0719328417023081 0.0524670969212807 0.113913431939919
"ufb478" 0.605744370689421 0.583096807682325 0.14654119034472 0.225715627954595 0.0979294954133946 0.056824048286775 0.0975482795716315 0.0624427757708821
"ufb479" 0.604495186551915 0.680349246188257 0.196350689196516 0.151812939397956 0.128350695741161 0.0742446449845258 0.156819302387742 0.117270008887321
"ufb480" 0.605199839208037 0.594340265681092 0.149377986308605 0.222858555696594 0.101635366317624 0.0614579240268453 0.101966356826788 0.0611952509947609
"ufb481" 0.628209232727184 0.59158992395144 0.14781961913711 0.238166035800442 0.0992560945808963 0.0542379454651448 0.0928576467054988 0.0625038369765719
"ufb482" 0.64416862969161 0.616525798846344 0.161923524858193 0.298037227497975 0.112718510196564 0.0475895059708047 0.0838796270190492 0.0916667617059859
"ufb483" 0.613643564532338 0.611658565521882 0.161546266026256 0.25902981750341 0.109603307296089 0.0704588899878676 0.107426129052759 0.0734909413857929
"ufb484" 0.603696478127532 0.601844824114376 0.157109014054021 0.24710385496109 0.105929492499971 0.0681194089977989 0.105036725158777 0.0694796871076204
"ufb485" 0.600801742186305 0.599845584259675 0.153859364533762 0.238108235326275 0.103809351578827 0.0617910511351118 0.103588136221913 0.0664267468252316
"ufb486" 0.669217239104981 0.633967246808028 0.176283379135526 0.302487771995265 0.129205725838939 0.0715941892196078 0.106815136703933 0.108478276462957
"ufb487" 0.613167801104702 0.614009997179965 0.165252568303304 0.199765757453309 0.108200367274423 0.0631119449363132 0.12088163975135 0.0782565547388651
"ufb488" 0.694469180037097 0.680228843584829 0.154578726541771 0.456107623590416 0.114821898181583 0.0749471245213955 0.0754204887314365 0.077861631782123
"ufb489" 0.68859823970957 0.622478419966223 0.146612954914531 0.440101660735626 0.1033861038342 0.0608957824702636 0.067147622605227 0.0616613944518617
"ufb490" 0.663241002408206 0.620929453486895 0.158143827453585 0.329117341557223 0.106122476287175 0.0638824266244337 0.0930676679392373 0.0791821989790887
"ufb491" 0.601141979054667 0.577564291568094 0.148610697991263 0.213828194573102 0.0954457248152003 0.0565262104802885 0.0980496098220794 0.061891728504729
"ufb492" 0.625303154999094 0.664268992150699 0.185727224895194 0.211019266970158 0.124090178193323 0.0744018237847203 0.145497681452949 0.10137622412286
"ufb493" 0.627066766692653 0.656116551044261 0.182460231224216 0.20146795975135 0.117779975142891 0.0725729946208359 0.142069280366876 0.0983508427397483
"ufb494" 0.565409096528487 0.577845798497183 0.147196147622797 0.152682942282493 0.0970422389443981 0.0330868068714013 0.104458565070871 0.0800468482887731
"ufb495" 0.64853881059329 0.617384901867593 0.144604075584039 0.345001286000295 0.103321276062245 0.0693399336107963 0.0865412528885676 0.0510555318674757
"ufb496" 0.62356805703962 0.584812809932998 0.1467168967373 0.258675335913133 0.0999724347123846 0.0647470429543537 0.0887974887536682 0.0602019460766416
"ufb497" 0.75677830176068 0.68117917556249 0.160469588671235 0.517445859459864 0.123320986539682 0.0612333615577973 0.0722736175970153 0.0937740563136433
"ufb498" 0.677829932988703 0.631384634516958 0.154575701956991 0.340863079347853 0.107061711196768 0.070681558908869 0.0971897363256606 0.0647707097267122
"ufb499" 0.671434588727013 0.638691595096858 0.156837842247989 0.293195972170202 0.106471525780204 0.0680011860426938 0.104822627561992 0.0643883426411441
"ufb500" 0.606718992743842 0.627400139787282 0.167072132426265 0.177866807249078 0.10955227789313 0.0630467441529153 0.124907184657453 0.0853647726748042
"ufb501" 0.686111878664019 0.593841294907225 0.139427304027741 0.423228911908019 0.0972966023414469 0.0619879850427907 0.0671095856018658 0.0602248965347918
"ufb502" 0.651507359790011 0.597001804648713 0.146054618259887 0.293711800450941 0.0946758273660625 0.0643527351003362 0.0880902559379055 0.0586242944095495
"ufb503" 0.598337627369614 0.606511463997453 0.161098738053223 0.187948109159892 0.106523842512227 0.0638364180213525 0.116507013008528 0.0760636522592724
"ufb504" 0.636997651267714 0.628396332335329 0.162421403279394 0.317994491984281 0.115464365345744 0.0547759771304903 0.0844238691955787 0.0895310059728701
"ufb505" 0.678821863424658 0.613083289500521 0.147055568697922 0.423170309827634 0.107471615390377 0.0549725519833604 0.0677637344772068 0.0711827187442185
"ufb506" 0.664640818380285 0.58253525654897 0.134507847450429 0.386940608601018 0.0934674327112497 0.0585360841255747 0.0676085749858846 0.0489667512343279
"ufb507" 0.669439149549342 0.597800290287149 0.137041076296026 0.367861903586709 0.0938792757558319 0.0597320492748177 0.0749132793433034 0.0496314569379934
"ufb508" 0.667074085662321 0.600373635215717 0.138819040074354 0.339446579399832 0.092918780909887 0.0577369120941681 0.0803769467174018 0.049633087536555
"ufb509" 0.711355513990663 0.675962782973943 0.153873327084418 0.493841280666039 0.115958910348289 0.0772514491248728 0.082769571677211 0.0594828257749628
"ufb510" 0.668740821313818 0.617416651484788 0.144973208548704 0.545913374773148 0.112621750324876 0.0621373538980691 0.0386355749875245 0.0557980800945413
"ufb511" 0.697007476624538 0.670930142202191 0.151200472239238 0.494991573067965 0.113874171557003 0.0686389806025827 0.0613827796937568 0.0754490299665517
