0.1033973 NA NA 0.09756056 NA
0.1033973 NA NA NA 0.07624503
NA 0.1251068 NA NA 0.0140126
NA 0.03649594 0.1511082 0.1872565 0.2233512
0.2514064 -0.002916385 0.0525489 0.1243766 0.04654619
NA 0.1323099 0.03985812 0.09106127 0.1281074
0.08873716 0.1316197 0.04051753 0.0662545 0.06314607
0.1337846 0.1568729 0.05712532 0.06728449 NA
0.07725486 0.004764761 0.1968882 0.01919795 0.1016975
0.07998183 0.05054457 0.2443655 0.07881279 0.03381473
0.2024159 -0.05395206 0.2422192 0.1156954 0.1507128
0.05153903 0.1057374 0.2374639 0.05379362 0.2616013
0.0005067538 0.1030679 0.145232 0.07135291 0.04373115
0.03123955 0.13989 0.1163803 0.08856089 0.05328105
0.04865966 0.2003621 0.08186926 0.1710772 0.08740163
0.07118284 0.1760897 0.1211413 0.06366811 0.06770761
0.004519899 0.01400042 0.02889891 0.04776033 -0.004315566
0.0431979 0.04254334 0.03924477 -0.0007365544 0.01153663
0.006665413 0.0450124 0.0330541 0.05014964 0.04837561
0.0224342
