0.3263553 0.2316244 0.1761999 NA 0.08054418
NA 0.07126396 NA 0.06440734 NA
0.1513907 NA NA 0.116404 0.1939246
NA 0.01077755 0.01213923 0.1935042 NA
0.168494 0.1724877 0.1935783 0.1234651 NA
-0.00302775 0.08895961 NA 0.05614594 0.07408187
0.158612 0.06873194 -0.01506299 0.01355674 0.03546278
0.2400996 0.0498902 0.05537913 0.07454964 0.06693886
0.1930034 0.1298831 0.1363921 0.2164328 0.04094304
0.1681302 0.09191825 0.1197926 0.03827824 0.03922924
0.07267376 0.01344799 0.1852824 0.06858996 0.1004022
0.02484105 0.06327053 0.09165604 0.08950594 0.04505503
0.1314861 0.09962714 0.06112444 0.07120495 0.1328604
0.03435317 0.1477738 0.06389454 0.07955808 -0.006299195
0.03324965 0.08705348 0.1176931 0.05444593 0.02823443
0.05410317 0.1427844 0.001866275 0.04740788 0.07454413
0.04218585 0.06979672 0.01845682 0.061681 0.02222885
0.05110479 0.02560929 0.08160239 0.03265552 0.02053592
0.02980763 0.02764962 0.0908073 0.03155051 0.0206971
0.003071622
