NA NA 0.3030108 NA 0.104958
NA NA 0.1573609 NA 0.03638465
NA 0.200011 NA NA NA
NA NA NA 0.2917991 0.2258279
0.1231644 0.08760128 0.2057784 0.05503531 0.01358678
0.1537102 0.135117 NA 0.2423658 0.1240986
0.1436025 0.1182793 0.02592626 0.08075522 0.2086125
0.07104458 0.1150078 0.02578071 0.07415924 0.1469968
0.1431007 0.05598686 0.08746449 0.1225901 0.2621871
0.09595407 NA 0.1849179 0.124988 0.009840894
0.2432612 0.1031524 0.1954654 0.1107989 0.1594868
0.06069611 0.1403867 0.0805446 0.02691204 0.1864201
0.05399795 0.1669271 0.1353178 0.1474118 0.09466639
0.1657353 0.04759902 0.05228686 0.06845983 0.08079279
0.08338282 0.06166319 0.1096965 0.05531095 0.02870195
0.1301188 0.1031865 0.1322603 0.05979237 0.1607832
0.04380014 0.02508047 0.04634092 0.01516075 0.008288889
0.02971028 -0.0197399 0.08033225 0.07696521 0.03171189
0.006109202 0.01409141 -0.003541274 0.06504653 0.04772369
0.05370093
