0.02302383 0.1640161 NA NA 0.1580323
0.01167463 NA 0.1316197 NA 0.1706968
0.08002388 0.08368533 NA NA NA
0.1978993 0.09640259 0.1161443 NA 0.141892
0.2141349 -0.002704147 0.1200463 0.1619371 0.07082804
0.3006707 0.1673732 0.1495513 0.1403514 0.009991827
0.126489 0.07913294 0.03204478 0.1480273 0.06935394
0.1383662 0.02796688 0.2405424 0.3029879 0.2692881
0.04794873 0.1777696 0.1864506 0.119456 -0.006442809
0.3283409 0.05905863 0.1337635 0.1528443 0.01794946
0.08830921 0.139704 0.02805987 0.02541284 0.05655004
0.09984767 0.1515788 0.1290029 0.118847 0.02460973
0.1230099 0.1201581 0.04226343 0.085631 0.1926726
0.02741811 0.1824306 0.08375906 0.02148261 0.03206163
0.05236281 0.07128194 0.05999021 0.1468407 0.2247992
0.07680157 0.0350895 0.1100714 0.00767161 0.1811552
0.02370904 0.01775542 0.02083935 0.01715711 -0.009362968
0.01453192 0.05409208 0.05094875 0.02781108 0.001705241
0.04513022 0.01041786 0.1014124 0.01752163 0.03736882
0.06332916
