0.1706968 NA -0.0420564 NA NA
NA NA 0.1478029 -0.02486697 NA
0.133678 0.1976736 0.1143398 NA 0.1299592
NA 0.3070254 0.05677178 -0.02565519 0.098902
0.1117813 0.1663697 0.1775493 0.106332 0.1629529
0.05106455 0.2562468 0.2179495 0.04604459 0.1378287
0.3004414 0.1949723 0.1226081 0.2873243 0.1893638
0.05085955 0.0853962 0.09660303 0.02612403 0.1571824
0.08876972 0.2580989 0.1001654 0.1510617 0.1572055
0.1473189 0.1408767 0.1116357 0.08424834 0.1805334
0.09628273 0.06921865 0.05339707 0.1846259 -0.02206972
0.09446232 0.03977081 0.07303266 0.07431846 0.08595198
0.1436051 0.1562516 0.1997439 0.1545847 0.1826318
0.02867503 0.06699797 0.02350495 0.03868363 0.03732551
0.03038697 0.01040588 0.0782208 0.03114188 0.02016737
0.08071679 0.01215127 0.03463124 0.03452922 0.07828239
-2.112755e-05 0.01799271 0.03008897 0.06286301 -0.003183554
0.03107904 0.02138344 0.05296598 0.0426084 0.07133769
0.02384571 0.01344913 0.07398515 0.04919084 0.01367563
0.01190121
