NA NA 0.1471822 0.192054 NA
NA 0.09228496 NA NA NA
NA NA NA NA 0.09525771
0.2014312 0.1494807 0.2559949 0.05840665 0.06429323
0.2270034 NA NA 0.1222701 0.1815238
NA -0.01817594 0.134903 0.07525346 0.139293
0.2475274 0.2319369 0.1907138 0.06062921 0.03788286
0.07025339 0.1011658 0.2647055 -0.01027466 0.1335848
NA 0.06219597 0.1774305 0.1175775 0.1651875
0.1014958 0.1386858 0.03024714 0.1659701 0.2122595
0.1024807 0.1113509 0.09842608 0.09449848 0.1271282
0.02107157 0.1821462 0.03155034 0.06506325 0.07040368
0.1805793 0.09855895 0.2031853 0.05152098 0.005203265
0.09340829 0.148038 0.02350917 0.04804286 0.02155755
0.08321398 0.02811831 0.2111888 0.1901699 0.04020125
0.1150425 0.02765538 0.03669935 0.04322482 0.1653141
0.0006299779 0.02546787 0.0586389 -0.0009963161 0.01472703
0.02850519 0.01921805 0.01220651 0.0101945 0.04092917
0.0639708 0.004189905 -0.008298978 0.0128635 0.04511947
0.01058203
