0.08113185 0.1283682 0.2957552 NA 0.03067045
NA NA 0.1706968 NA 0.1286192
NA NA NA NA 0.1217007
NA NA 0.08402856 0.02057006 0.1511205
0.1616427 0.1074935 NA NA 0.1644791
0.1776531 0.07460731 0.2086557 NA 0.02371518
0.2700492 0.1257167 0.08328093 0.2540855 0.1459713
0.1547505 0.03684446 0.3143207 0.08668418 0.04535708
0.1004043 0.01550694 0.02744913 0.1876722 0.2400038
0.1262799 0.0244437 0.01701628 0.06644957 0.1422987
0.07164076 0.2143619 0.03549588 0.03315711 0.139739
0.03876604 0.1498442 0.1591685 0.1399035 0.1212016
0.1071303 0.1679169 0.05926135 0.04919726 0.04869439
0.07579214 0.09682536 0.1761469 0.09949245 0.0871478
0.02661959 0.07781412 0.09923449 0.1253777 0.09314812
0.07111777 0.0301366 0.1111331 0.04109514 0.211383
0.02688415 0.03053268 -0.00407491 0.0476834 0.05702287
0.06195499 0.01555591 0.02124061 0.009586491 0.004505768
-0.005696765 0.08621571 0.05489443 0.04930346 0.05930731
0.02912037
