NA NA 0.1976736 NA 0.2643826
NA NA NA -0.01980415 NA
NA 0.1563156 0.3011636 0.1024015 NA
NA 0.1726885 0.05128863 0.1672932 NA
0.1246181 0.2457143 0.09248474 0.1902353 0.1197219
0.08016647 0.2439028 0.3023502 0.06007907 -0.0062972
0.2490051 0.05831918 0.2975484 0.2235857 0.09341729
0.08055946 0.1750449 0.1358521 0.04252065 0.1450419
0.0448377 0.1208218 0.1567434 0.1275515 0.0431938
0.1406111 0.04898157 0.1916359 0.165159 0.1467258
0.03864324 0.1035058 0.06134829 0.0008353058 0.04229819
0.282089 0.1937449 0.0931934 0.0437739 0.2080637
0.01932571 0.07265477 0.1123108 0.1232835 0.08008201
0.1061406 0.06555865 0.109482 0.2483423 0.1306783
0.09380087 0.05197834 0.04113268 0.04756598 0.08918258
0.02317927 0.03875038 0.02065367 0.05541483 0.1726566
0.02663294 0.017927 0.09182059 0.03289495 0.03562482
0.02228558 0.01284842 0.0005887686 0.008543197 0.05886106
0.05010635 0.02527214 -0.02180913 -0.003657567 0.02253891
0.06375927
