NA NA 0.2940434 NA 0.02483563
NA NA 0.309852 NA NA
NA NA NA NA NA
NA 0.1294487 0.1028965 0.2463887 0.1017448
0.2588579 0.1032913 0.006638226 NA 0.2069851
0.1970018 0.2519561 0.0487052 0.1276544 0.2316547
0.1167245 0.04725657 0.02161821 0.0571695 0.040723
0.1158685 0.1369349 0.06731068 0.05410494 0.1040549
0.01146681 0.04051055 0.211096 0.1085041 -0.001237559
0.05289943 0.1342611 0.262543 0.1640233 0.1409703
0.06189928 0.04991245 0.04292705 -0.01425922 0.01731031
0.002614889 0.1051996 -0.01069899 0.06889227 0.05728948
0.2021198 0.1792944 0.119346 0.1665725 0.1461479
0.08658364 0.0217796 0.01930467 0.2063433 0.06742194
0.05496397 0.0229098 0.03725634 0.02386372 0.06629768
0.1192404 0.08067125 0.03139651 0.08415484 0.06092267
0.08234669 0.03896824 0.05333695 0.02080055 0.03599148
0.04528596 0.00408229 0.02716187 0.09120693 -0.0005271671
0.0417036 0.01987595 0.04919086 0.02602445 0.01350626
0.04658489
