"quartet" "wQuartet" "cluster" "phylo" "mutual" "shared" "clusterNorm" "wNrqs"
"mb49" 0.568943822768571 0.657814212848459 0.191880036254387 0.0599275442733792 0.12114781867005 0.0536089152512279 0.149541847358146 0.114138205637312
"mb50" 0.797989850861778 0.839462773722628 0.247234500313942 0.526893185596138 0.18505183199839 0.1208624664064 0.162155547395006 0.183884288813096
"mb51" 0.790123456790123 0.868348549511102 0.275687476237445 0.790080212354014 0.2279131308016 0.112430339321615 0.152500713594218 0.243909054607954
"mb52" 0.695121951219512 0.706886316414366 0.203394924117581 0.694925008906644 0.158452220629906 0.0771414916127208 0.0697501993423998 0.120187699661413
"mb53" 0.889386526490966 0.888165006281224 0.200989247305679 0.794969585960337 0.158673615051413 0.103338506198307 0.094924753501236 0.133899428125733
"mb54" 0.686612136160434 0.722993772431305 0.202545077820665 0.431584467698553 0.148898809658217 0.0865174763153299 0.112365962245196 0.121872450704788
"mb55" 0.784003645265456 0.803091963701001 0.222945558349091 0.672887911420404 0.17713918994146 0.114124906661301 0.119501852853787 0.142092307712124
"mb56" 0.903614457831325 0.923707787732598 0.229570045736087 0.90358784395657 0.196881932410133 0.0956875866815588 0.101077014549934 0.188186236605076
"mb57" 0.855934119650659 0.856436159133514 0.2202985994804 0.734803758613717 0.173418875183306 0.10818612278477 0.116797321073494 0.161736559077013
"mb58" 0.773710442083363 0.838708313067016 0.250178577691761 0.573578583817706 0.18587259281941 0.118481864366693 0.150131679930798 0.182710760072672
"mb59" 0.701037398365375 0.73426803466867 0.218937188468353 0.34554539228085 0.160713252358913 0.107259036611338 0.158724705863054 0.13992391787456
"mb60" 0.695636293967902 0.720410754398448 0.223418453403443 0.279200777613499 0.157261511568803 0.0907307057071594 0.135420512615912 0.152573280419586
"mb61" 0.70546131530741 0.684427427368913 0.191327983681928 0.514570503699197 0.138657984900649 0.081470208285718 0.0834266910837211 0.102651777496048
"mb62" 0.748161452804885 0.761872849930751 0.235591736977426 0.524959995765939 0.181505865935801 0.101795343117741 0.133532393077155 0.186005526485731
"mb63" 0.690922252420538 0.682310661520032 0.205920822260082 0.369150099638276 0.150653801688219 0.0788004919566436 0.115896320862062 0.144519643504099
"mb64" 0.780518511111495 0.810689887797275 0.234141647909111 0.460585565435473 0.172268928110893 0.109273969147185 0.15772832508915 0.171218944306901
"mb65" 0.710843373493976 0.80618698728787 0.247623565392577 0.71082429163065 0.200496132700717 0.0956137013943471 0.122141517166527 0.186702169597644
"mb66" 0.780487804878049 0.844878846439721 0.223765318416828 0.780422974061354 0.177600719046965 0.0862784359267956 0.0936456415741324 0.14655471455475
"mb67" 0.69085755555496 0.727642063325645 0.207883629275627 0.515289871700887 0.156184258277153 0.0901401556000553 0.102500546052384 0.126880077363425
"mb68" 0.879518072289157 0.884226620232736 0.188710841714637 0.879410543156181 0.155332671304879 0.0761247107281918 0.0534032741160397 0.129943340300989
"mb69" 0.675 0.722373076606599 0.192403611445059 0.674820823693502 0.147640300745955 0.0666958206643233 0.0552977897307307 0.105254492179947
"mb70" 0.586746760956771 0.634185100006035 0.168101752937787 0.108839684420141 0.104091376431359 0.0606429233676063 0.115780108590501 0.0883741070722227
"mb71" 0.68113345675392 0.657387669801463 0.184371578718362 0.289093217262425 0.125146325885893 0.0766072250638763 0.116836487566269 0.100745864688662
"mb72" 0.72289156626506 0.779913205207688 0.190483984697349 0.722763068122467 0.146574711422245 0.0688195921806746 0.0554721435503451 0.101320738229235
"mb73" 0.593534610067839 0.630608214701926 0.179884356796252 0.0830761189019772 0.113043996022024 0.0551931633066534 0.136309864366718 0.0977931393196536
"mb74" 0.746987951807229 0.723702972469014 0.159934759627644 0.74676214062798 0.124904221177976 0.055388353675956 0.0198278900385737 0.07735820721321
"mb75" 0.733438068985264 0.713301601038511 0.169057581965499 0.505762445406813 0.119971441977626 0.080813105157367 0.0752406406329268 0.0875224892698431
"mb76" 0.695121951219512 0.823686284017213 0.237239077357188 0.691193459784838 0.18685525070926 0.0906361299134369 0.108688473183859 0.163411140950699
"mb77" 0.575083620600686 0.65233384098765 0.187668792899475 0.0480467253457921 0.118529921479439 0.0478815865576073 0.14486595611146 0.110495607549504
"mb78" 0.617202635173398 0.599594703189965 0.158283736665876 0.228795520911302 0.107491849255233 0.0579635746068821 0.0935730687571229 0.0792757055151826
"mb79" 0.781743279229242 0.750371862901269 0.183844124615518 0.540642453915416 0.133897059775057 0.0909836604432156 0.102620915789399 0.100109255942207
"mb80" 0.76607670263531 0.74680121152182 0.192133454072947 0.517748000705425 0.138876670176906 0.0859594344613302 0.100921877074553 0.121426134594998
"mb81" 0.595024801972185 0.637323167348679 0.182105818589807 0.0831486516184971 0.114311526347208 0.0542084435439326 0.139004457464291 0.100118292851757
"mb82" 0.602188222374004 0.640592384425941 0.170513971600736 0.133048890882051 0.104575677482075 0.0607217250438625 0.116255144966327 0.0924410782152225
"mb83" 0.682039802637969 0.698785632110444 0.228360096435212 0.321281540472074 0.161480889463269 0.0862823106148155 0.125401785246711 0.155816204265396
"mb84" 0.769211752115779 0.73766373586937 0.182098726474328 0.492598333756808 0.128634000933612 0.0911614009376719 0.108468445644915 0.0976221252462016
"mb85" 0.74390243902439 0.805701533366928 0.213350253255219 0.743866890388543 0.169203549542484 0.0814641305762936 0.0819955282899914 0.134799605930525
"mb86" 0.565253242287685 0.630724529611797 0.172543515655218 0.0479927098908302 0.108971213301753 0.0429117232465282 0.128108296706303 0.0951720520919253
"mb87" 0.597363235454209 0.632062221573502 0.177353646989453 0.131380174507885 0.114699946668855 0.0587593015595594 0.130957047179755 0.0957948900235578
"mb88" 0.709362105131856 0.741856345146807 0.218849915227994 0.357019905128618 0.161544579893389 0.103715543108793 0.153988707948937 0.145365810257017
"mb89" 0.768292682926829 0.791693413788676 0.208174756515404 0.768097307227711 0.170205208813447 0.0847152729277251 0.075955827431851 0.13827894054511
"mb90" 0.563621790299323 0.644479361872663 0.183757951167553 0.0599373429469629 0.115377208686289 0.0513906328158071 0.141137994506412 0.107101177026361
"mb91" 0.780487804878049 0.76736213145264 0.17592299680209 0.780362843085908 0.136545389827452 0.0645161937622077 0.0369395144352735 0.0872850528753931
"mb92" 0.600349458454888 0.644207803139374 0.185337004244485 0.0832128814737768 0.115906033568701 0.0504339768443941 0.142652414390348 0.103278864213054
"mb93" 0.802274045568372 0.774746151326564 0.182915697291214 0.572784808109246 0.134526066201971 0.084481913949122 0.0906633962565443 0.106824009359821
"mb94" 0.757972807327687 0.77153199251959 0.219486005657823 0.407878326398656 0.160143415839171 0.0998752629473724 0.149067577561864 0.154039560763843
"mb95" 0.754427669833247 0.724656442939653 0.168341350863855 0.590145025330007 0.11915359312603 0.0713666174514448 0.0579430197509583 0.08240996861245
"mb96" 0.626589916415823 0.635727788279773 0.187545378195538 0.193886424045818 0.127830305646156 0.0722209566725574 0.106426156857658 0.113744712583003
"mb97" 0.596047949433482 0.629171674575709 0.17819432065033 0.082993962326492 0.111062451635928 0.0509902284562548 0.134053648693123 0.0961233071087279
"mb98" 0.728130145099017 0.766468989374846 0.227309731062635 0.530858112201463 0.175364032636535 0.096306715618867 0.124739143663025 0.165275621663373
"mb99" 0.741095192590937 0.733392353596957 0.178349129766724 0.554031805361413 0.128802219896148 0.0779341831581251 0.0692792789025099 0.0945112225653837
"mb100" 0.583174737758816 0.628192786489967 0.169462819136994 0.0846360624960035 0.102867686839654 0.0533460675954334 0.120383208362116 0.0879287830259286
"mb101" 0.677404510165556 0.620704534078945 0.16504621302804 0.396409092420356 0.115719683814249 0.0644968878988523 0.0706799532989425 0.0715582155489856
"mb102" 0.710843373493976 0.636409480584972 0.153275459262987 0.71064471300646 0.116561446865063 0.0557618183073242 0.0120579453061863 0.0618597985287034
"mb103" 0.71536318200723 0.690193466011602 0.170938550353807 0.444408865358331 0.1198554555006 0.0845526655397157 0.102403475614403 0.0848568030050208
"mb104" 0.635186564326289 0.64458237754689 0.18665965301113 0.230240128554409 0.128704530014685 0.0729682403311706 0.105451996780579 0.111713465436613
"mb105" 0.628022979016258 0.650601942558248 0.174545356011282 0.145178360574291 0.107011209855195 0.0632491818405656 0.118069756297058 0.0967979244441354
"mb106" 0.700392025844594 0.676976446475594 0.194228992134332 0.337477743931088 0.133128750130099 0.0860780429573547 0.121552141188046 0.114204653978681
"mb107" 0.714301823891536 0.674958784738578 0.170629632016571 0.534588498048005 0.1249385695743 0.0701022598694623 0.059826593792262 0.0994693629239194
"mb108" 0.630197322848724 0.633824560096305 0.181227178704961 0.140409075154815 0.119794304588485 0.0601957380726712 0.127533372251708 0.100345086806609
"mb109" 0.576835646444568 0.560051140417176 0.149057513237349 0.119427122947662 0.0978884908345206 0.050787823230697 0.0955041555543391 0.0675742977856917
"mb110" 0.578882177622032 0.564358891149086 0.151435273224668 0.131501728692231 0.101206611842255 0.0517861539185592 0.095889073216738 0.0702623799144467
"mb111" 0.651882672232104 0.619139224819606 0.165958215145976 0.264743441852938 0.110049084287945 0.0696778857430491 0.105682198843182 0.0800595444045948
"mb112" 0.582959390497928 0.595782451614693 0.166271402141117 0.181591400198146 0.111886632458934 0.0629432948164022 0.0911315401067342 0.0910794103415201
"mb113" 0.562836465260223 0.631558730271912 0.176904868995573 0.0599453827473883 0.110531200759399 0.0481392240223785 0.133975000903112 0.0997894922212401
"mb114" 0.580246913580247 0.666826830674611 0.194830081690667 0.469507684980249 0.140137828692254 0.0607035512923202 0.0584114874608575 0.074081524710837
"mb115" 0.625354985132508 0.640946542231247 0.174192621198443 0.145225373680863 0.107303176927207 0.0618856715581941 0.114594307275453 0.0960735697309887
"mb116" 0.823863012755696 0.785192214841083 0.18371415214626 0.584915759597749 0.135543663156992 0.0824694127779476 0.0916025965883995 0.110467327243291
"mb117" 0.621232664695814 0.617476298187701 0.173913079940246 0.140827711848746 0.113686280763055 0.0552824155563252 0.121840078427416 0.0915277384444195
"tnt1" 0.735487706349054 0.701194803387885 0.160744116462281 0.58873722284228 0.121855274271498 0.0810300755237164 0.0660405697243283 0.0749143100175394
"tnt2" 0.645650286056722 0.638762157759405 0.179293264239222 0.1814822220582 0.114822286469062 0.0686534307006326 0.111381528319033 0.108759452894814
"tnt3" 0.805112341366889 0.775608919382504 0.168768726679876 0.709187717486646 0.13177379059205 0.0802075237635511 0.0585053730018121 0.0856608640251115
"iq1" 0.657427089427967 0.655381154955748 0.184554393498943 0.230240128554409 0.124808522333545 0.0677311661812056 0.103136538436655 0.111772838367656
"ufb1" 0.630070324754842 0.608918833579396 0.162958429441476 0.240666713353389 0.10789510144751 0.0631923876869043 0.0985855853436121 0.0763682960482058
"ufb2" 0.658536585365854 0.817834220947699 0.233278204584986 0.654129370982345 0.176086675745968 0.0839103514218653 0.104753166198173 0.146476582416429
"ufb3" 0.587550411518281 0.6255747097451 0.168004471481727 0.143541641107368 0.102289494269548 0.0524890624864375 0.117381637385448 0.0876847998656454
"ufb4" 0.843373493975904 0.865926869201383 0.179653627007828 0.843233706103035 0.14420878363365 0.0704868062023218 0.042835488635936 0.113622173029762
"ufb5" 0.731556583340666 0.6816131131628 0.162120133621494 0.469296244400301 0.11142402707549 0.0699889507441126 0.0786980060577434 0.0859425657745311
"ufb6" 0.680339074239377 0.627616144678384 0.147154585212905 0.384885895088656 0.101523018596166 0.062585650726009 0.0703502480666939 0.0638709276881022
"ufb7" 0.631188441196451 0.637725527831094 0.177187498213395 0.265402875632113 0.123520399064481 0.0579528647803364 0.0951619578772614 0.099917058073456
"ufb8" 0.620608670502077 0.60946533568433 0.166882437193881 0.265238540236748 0.116742430346144 0.0622912703216289 0.0917747379879586 0.0875628048795453
"ufb9" 0.62135085335109 0.601581395348837 0.160359629328906 0.253041834193399 0.109666611378864 0.0592897548644855 0.0908641956692992 0.0820809762016772
"ufb10" 0.573283723177498 0.632364834549315 0.17759550258805 0.0838527400040831 0.110534013559053 0.0499078273005918 0.132109962579623 0.0965786141149486
"ufb11" 0.597999263735533 0.622317062709102 0.166605816922499 0.227389558897737 0.104722940241117 0.0673626155946547 0.102564766034282 0.0877462114107288
"ufb12" 0.619247973348629 0.620558106676086 0.168802529195169 0.276266018821244 0.11324837062062 0.0661487059232463 0.0938907852055813 0.0939402260146299
"ufb13" 0.658773200602686 0.626051856242348 0.169835870368062 0.264932554736322 0.113849076526511 0.0712836630810186 0.105991937196646 0.0801978921401616
"ufb14" 0.65 0.635941530524506 0.173418201341181 0.649740672336826 0.127363043072167 0.0589889146965558 0.0324132675838127 0.0782001073691186
"ufb15" 0.731271615426893 0.76160518867384 0.219542321835214 0.373117115548275 0.163891527161084 0.102631025661915 0.149032980756218 0.14910269546573
"ufb16" 0.686746987951807 0.669213297542845 0.157120910319792 0.686526821637696 0.114588256958471 0.0531761649735311 0.0165447443010252 0.0543420228991628
"ufb17" 0.518518518518518 0.627040537374053 0.221941036015908 0.518502071194195 0.165310704089653 0.0722582221164957 0.0901158054888107 0.105964208733086
"ufb18" 0.653679775304938 0.604042304074934 0.174892959188631 0.273432676318118 0.121252664565709 0.0584472893427671 0.0927992962682768 0.102604597030454
"ufb19" 0.657933409527731 0.555844023620444 0.151057484122527 0.359992578170375 0.101499199023359 0.0505165507916953 0.0551102218927225 0.0636571200070923
"ufb20" 0.567591892736366 0.501079109920369 0.13350516043654 0.203051980377454 0.0837279377265424 0.0427641480741903 0.0709259701326905 0.050329775938829
"ufb21" 0.607686657575457 0.579540386204274 0.147726935418404 0.228727995700807 0.101120186090668 0.0489430123852582 0.0861504090002978 0.0647233507310266
"ufb22" 0.564728273784817 0.570118343195266 0.157682550505208 0.0836924044785509 0.0952782741756717 0.0399689708875638 0.111849153730165 0.0737335555605893
"ufb23" 0.631463739815891 0.639650626700692 0.169202558419014 0.194517872759827 0.105863894935132 0.058311272692936 0.10923030369741 0.0949949744051483
"ufb24" 0.63764912841908 0.552895991221152 0.13611619256023 0.553757334148969 0.0999336263917227 0.0602682161259798 0.0214401404132719 0.0413535020877326
"ufb25" 0.620909989059515 0.529110023563531 0.125528914597831 0.445222823000219 0.0884212698460695 0.0531346121198126 0.0267974011552236 0.035994469196712
"ufb26" 0.63900973203464 0.667915901204327 0.186776333250292 0.202700478382649 0.12760130354674 0.0718380208974994 0.135502738612893 0.105361559532855
"ufb27" 0.664630025942175 0.625923377516975 0.169924440445968 0.30096489726159 0.115013952893109 0.0791891442650263 0.106087318773547 0.0847380512844892
"ufb28" 0.567622339457838 0.646841510737049 0.185403616992822 0.0600199895365255 0.115420848678013 0.0515133554724292 0.142481425003651 0.107860671165945
"ufb29" 0.575531412095346 0.643177250473197 0.183187441685583 0.0717834024311219 0.11393711731541 0.0509235539864261 0.139795595711491 0.105517135280193
"ufb30" 0.63855421686747 0.651632970451011 0.182269018130605 0.63840985776342 0.143394269122677 0.0640316101675986 0.0458870771459551 0.0931468421324883
"ufb31" 0.652832928147223 0.640265220012055 0.172232422359399 0.325687821086293 0.120550931339447 0.0608183031684364 0.0897129143532944 0.0913304185791157
"ufb32" 0.645285710619804 0.603710866674725 0.156949115859559 0.313398009366308 0.106450453473132 0.0540891358321189 0.0809459020897844 0.0723623480360785
"ufb33" 0.714207718170021 0.759778068908372 0.220211414483 0.335374256136127 0.160608081718108 0.0941010060486549 0.149740726888544 0.153747680614535
"ufb34" 0.701243250947146 0.741193866421806 0.214451615676431 0.323140092224213 0.156922628120991 0.0979633973418559 0.149295677479431 0.142104364655044
"ufb35" 0.613341681535574 0.63095181090674 0.177921317727146 0.118321023623035 0.116858585742753 0.0595486709412204 0.131560984177835 0.0941408987471073
"ufb36" 0.609756097560976 0.654866608032835 0.196179175488358 0.60960743667827 0.152576120167136 0.068669686066577 0.0614352527979143 0.0995489526492491
"ufb37" 0.646269061342182 0.640640961442163 0.169911418965994 0.289416124746223 0.117209655030677 0.0582950648048893 0.0871605319311897 0.0899963892161116
"ufb38" 0.624440834736656 0.605061321817772 0.160086167394672 0.277142046436285 0.109779922515158 0.0591831709039132 0.0843657669199378 0.0792248642538606
"ufb39" 0.63468619187102 0.639621698084985 0.175896189054293 0.194405229643332 0.110444844088315 0.0603749783359746 0.112552150156246 0.10155603256275
"ufb40" 0.565665761465883 0.640726391808286 0.181067476749295 0.0481294386198944 0.11354538199643 0.0442992856298805 0.13830703736827 0.103795552596859
"ufb41" 0.679012345679012 0.639815772159038 0.163579743152726 0.674759195741338 0.123306043124225 0.0559073483975043 0.021658496740646 0.0662816749951657
"ufb42" 0.698795180722892 0.686337914308812 0.160371914862491 0.698704586185329 0.118438036999302 0.0541257815115897 0.0203379544339661 0.0611835332125084
"ufb43" 0.617010873472582 0.593429464177275 0.156317016298271 0.228877194585369 0.106112737351862 0.0567673090241189 0.0864869832607688 0.0772070986837179
"ufb44" 0.775703163375664 0.730133196062029 0.171004803238382 0.499575164084858 0.12093561178582 0.0763303409893592 0.0884672631577332 0.0942262870800025
"ufb45" 0.728395061728395 0.850050418174269 0.246378054208108 0.728196682115055 0.198303253511353 0.0961026207804486 0.118701669006185 0.181044080558537
"ufb46" 0.596301643664887 0.633267157006388 0.18016835447655 0.0831486516184971 0.112761687940185 0.0480144529579126 0.136964892929841 0.0977939988033286
"ufb47" 0.759036144578313 0.785451197053407 0.205093804222869 0.756072295271295 0.166882958988575 0.0802061340697755 0.0725186024945781 0.131438283015249
"ufb48" 0.759036144578313 0.605863551195856 0.133891080459766 0.758880495743988 0.106702422942551 0.0478555573655579 -0.0105593783952716 0.0528252681138829
"ufb49" 0.568108325131857 0.639705009333211 0.178758190658247 0.0599019971722333 0.111736263107566 0.0444461125423086 0.135131047887598 0.10195118608048
"ufb50" 0.72032026328804 0.686901627573001 0.186103044829926 0.443684944937315 0.134999741928654 0.0739815892862163 0.0940064487978507 0.101945693343444
"ufb51" 0.664993228878306 0.636537100032809 0.172423350693346 0.26482786343657 0.114637343188401 0.0692653375000946 0.108778408197477 0.0866544311047625
"ufb52" 0.69474570392069 0.632206375362236 0.151327609423032 0.385187785122971 0.099715393511999 0.0609690660051986 0.0668309419800617 0.0712460822596855
"ufb53" 0.587586269300845 0.56102576835469 0.157670588708233 0.203821290291966 0.109182982571236 0.0617994382666016 0.0879099007376824 0.0702429834571847
"ufb54" 0.580082943222981 0.590550961612564 0.164534765722587 0.0825280075599554 0.103110257201567 0.0496163364852101 0.116361521807306 0.0812679994958367
"ufb55" 0.62417694643877 0.576974956374098 0.16318004328153 0.285634708496023 0.113892856128708 0.0540837331062949 0.0799210089333104 0.0875470168860772
"ufb56" 0.613750661228302 0.5943614788066 0.160660662850592 0.240959514389384 0.110418178540403 0.0606617623577225 0.0911901451619969 0.0803945491940961
"ufb57" 0.58686426888481 0.516018122954256 0.142133780685097 0.21499401843602 0.0908074783360611 0.0439712141006715 0.0762152695124031 0.062899080280494
"ufb58" 0.593848088501348 0.628326557241851 0.174246992918632 0.131450916840074 0.111758307246633 0.0532619081589551 0.128561125508359 0.091327223073836
"ufb59" 0.719807835722397 0.744164022498661 0.21457130122994 0.348276572931277 0.158836909296512 0.10525070037871 0.149448243538545 0.139473212605491
"ufb60" 0.63775705734946 0.628034069151448 0.166870692423432 0.228147012849219 0.10629195128486 0.0612902372203712 0.102832916398986 0.0959306882030611
"ufb61" 0.595124379066173 0.624973651162169 0.166062266202326 0.179422394968102 0.102414156703529 0.0581082310814122 0.109006274109334 0.0888858803948624
"ufb62" 0.700760011613127 0.643139195612054 0.172087030463606 0.407814115781095 0.119873857199762 0.0760244324709893 0.0895071651938709 0.086260321141632
"ufb63" 0.627043488668484 0.632581428892655 0.17239845828349 0.239180707279087 0.10759852953774 0.067760345612 0.103937523679343 0.0941111145936466
"ufb64" 0.669380732285664 0.652115100836203 0.164728615200916 0.360003906963656 0.110054980999691 0.077203998542353 0.104438398326323 0.0752803656497621
"ufb65" 0.843373493975904 0.673792370379119 0.129384434806929 0.843233706103035 0.105794642783576 0.0502118599203598 -0.0158176466417133 0.0577207102291081
"ufb66" 0.597312889615446 0.628904803062106 0.177039494107711 0.0830761189019772 0.11032830111711 0.0448102956273797 0.133313848058914 0.0942608936793721
"ufb67" 0.63855421686747 0.606253093548919 0.173038544427488 0.638350448331794 0.129165338184758 0.0593951802766958 0.0351171363714545 0.0747748246986429
"ufb68" 0.67676217967401 0.606789606035205 0.178456292681989 0.403239787560678 0.13172570647807 0.0505067902042384 0.0687685566772345 0.121645189402426
"ufb69" 0.555133255614094 0.640086700699288 0.179731026673753 0.0481183576101043 0.115140626093656 0.0448340876402394 0.136948561441257 0.105584787295771
"ufb70" 0.750110878289978 0.763413806750721 0.201623989378209 0.600150354626781 0.153948564773799 0.0877878501119972 0.0954081242852348 0.123700838599126
"ufb71" 0.714699607083129 0.678617061255167 0.170607196109221 0.397167385608924 0.117602460360797 0.0713621026079011 0.0880300689302548 0.091128171076762
"ufb72" 0.570024662961624 0.623769775153005 0.169399287072359 0.0959129164659141 0.105990253967027 0.0525138025863877 0.121521530071365 0.0884222897231416
"ufb73" 0.584499432546846 0.594215605035952 0.158071371118624 0.228022654956089 0.103659324806166 0.0606233998593462 0.0884035687028962 0.0837670640742384
"ufb74" 0.613841959465445 0.612701780019388 0.168415958808513 0.239947738781614 0.112116976592626 0.0634136183751429 0.0934693751293728 0.0937573583384141
"ufb75" 0.855421686746988 0.893455739914091 0.186473742771969 0.855292651787417 0.151845437866413 0.0736630318571402 0.0507930697111354 0.127310946002087
"ufb76" 0.674137572294386 0.695172277382019 0.19742702409966 0.262255380182255 0.141137165133209 0.0767877079900534 0.139302835781113 0.118847156534649
"ufb77" 0.642742038971154 0.662718680401986 0.181809302630193 0.238434313210559 0.126715908404454 0.069496993014184 0.125650595457941 0.102513027831457
"ufb78" 0.579033516319976 0.608123378253955 0.165781556340322 0.131198183298985 0.107444921933597 0.0554377973578716 0.116435471003964 0.0854165968056891
"ufb79" 0.728266204318281 0.686023651365762 0.184575846807724 0.479909652173512 0.136490053606319 0.0829279615285997 0.0923064405219448 0.0988947734807544
"ufb80" 0.553779073363552 0.611268631177323 0.161960463798906 0.0956557320872691 0.102391521744624 0.0516875688005188 0.115625819088145 0.0868096854505505
"ufb81" 0.653227938964642 0.66280587433411 0.194589640584989 0.263996369276648 0.130899355704437 0.0670211698374255 0.114173750934315 0.118999027532542
"ufb82" 0.686746987951807 0.705192949023344 0.173889444789097 0.686705049932573 0.131427413299462 0.0596943456395517 0.0361099506943456 0.0795974897461818
"ufb83" 0.781770513804381 0.737574755925099 0.172641840684918 0.541719111302649 0.124650991202791 0.0728107429662096 0.0792295774415886 0.0996263439736046
"ufb84" 0.618867920930763 0.600335701225909 0.160925915260025 0.216353829758038 0.102818157057645 0.0661247377591541 0.108100998734711 0.0765258806266631
"ufb85" 0.572510423003068 0.606950050896837 0.160918426797115 0.179221329924355 0.0989577229658456 0.0611338504138137 0.100362117553046 0.0821429001570345
"ufb86" 0.759036144578313 0.740717885426309 0.156209033438589 0.75601216429585 0.12086887514858 0.0550601869743723 0.0154807837373464 0.0695471657270586
"ufb87" 0.574988182796527 0.559824792865059 0.147312870655948 0.119436510127025 0.0943483673830968 0.0477448505724275 0.0954274768541758 0.0621915023553338
"ufb88" 0.583918666322109 0.591224535482427 0.164014615414351 0.10674633729509 0.108783691800227 0.0558698953193546 0.111307608644976 0.0886187802154533
"ufb89" 0.57395874535702 0.64203335926613 0.183316574539923 0.0719953640220011 0.115479323866928 0.053202324478346 0.139931588539846 0.105777441414621
"ufb90" 0.584926514117045 0.627196414036306 0.166449145543435 0.155523864038254 0.102138752694115 0.0562725442426176 0.11402356163787 0.0880211260258379
"ufb91" 0.829268292682927 0.787545417844166 0.160807831592645 0.829184462616917 0.131113650660568 0.0610302824735211 0.0192751234990987 0.0910558031866071
"ufb92" 0.748302758273793 0.679260585988983 0.151138679816805 0.648504114494723 0.114199104175409 0.0696493478817182 0.0385366892815654 0.0723444834986906
"ufb93" 0.679086652252283 0.691829146860983 0.194842061035105 0.297616686252433 0.141731154909437 0.0780015203672067 0.136530663721897 0.112479602058407
"ufb94" 0.569980558869256 0.624935493439632 0.170715982038363 0.084052826732897 0.107932631722595 0.0479168981854373 0.125582552829076 0.0931445399324004
"ufb95" 0.578923976558733 0.62627677216682 0.166657521762662 0.143541641107368 0.102272205852913 0.0583808806211445 0.115952732403613 0.0868480181295328
"ufb96" 0.66890375991304 0.624291474737038 0.186358817565906 0.320670412441549 0.130440300377582 0.0608572045690158 0.0941165779771535 0.119598545235269
"ufb97" 0.555786686572844 0.634282434936527 0.1775885099046 0.0481183576101043 0.111827413175145 0.0455193991019673 0.134694298217992 0.102125225113339
"ufb98" 0.55858302505531 0.649096043142569 0.185663417212216 0.0481294386198944 0.117212993249591 0.048155236222957 0.143142954175986 0.111123966390837
"ufb99" 0.648676085807297 0.603736077411056 0.168276674762623 0.309702250151669 0.118977851677151 0.0558638729159148 0.0855247275269148 0.0943644412571716
"ufb100" 0.552272338513607 0.605750546609152 0.158692935342445 0.0955882103753089 0.0998402143347635 0.0526203828883376 0.111280526020211 0.0839684819534912
"ufb101" 0.608661407822561 0.639751456471282 0.170225545540093 0.167486120551823 0.104911305138359 0.0587083906880675 0.115947852211025 0.0909524916175438
"ufb102" 0.557849422423534 0.555790870187757 0.15145490530204 0.0836941862649806 0.0918898719092362 0.0358931375715398 0.103630628485254 0.0717112927701276
"ufb103" 0.565816118250882 0.618990632400931 0.165967019061271 0.107968008915847 0.0997925391648244 0.0495273763749124 0.117913464081876 0.0831664512177711
"ufb104" 0.666666284325977 0.614693026800852 0.151072261024846 0.336808919352593 0.101585374468642 0.0601653621698882 0.0746207363446138 0.0702479604228939
"ufb105" 0.620980602062097 0.56378455777068 0.153102440175413 0.299774792007469 0.104308260441087 0.0648194595501643 0.0687140307228608 0.0611932021293312
"ufb106" 0.637660828960061 0.587734379974876 0.15455863424471 0.263840194765558 0.101179548922445 0.0632983144187398 0.0846050237322705 0.0708313631563061
"ufb107" 0.613867064560739 0.628136660986501 0.17627569883073 0.118594865194672 0.114244833371257 0.0551075873619852 0.131434937570712 0.0898913254054939
"ufb108" 0.682926829268293 0.594972923265556 0.147772107981629 0.682719604023892 0.111454285838359 0.0497071591977438 0.00404087929401311 0.0505625241754121
"ufb109" 0.662650602409639 0.578364731015731 0.151994259022695 0.662468339700558 0.113749167710254 0.0500102291957916 0.010563065286804 0.0502412180297712
"ufb110" 0.604334940659329 0.620392935745343 0.166805326908339 0.243236366750068 0.107179951745287 0.0666431560697358 0.0978602407483511 0.0903193506179822
"ufb111" 0.683766532858483 0.679036349551137 0.190067287220604 0.35799825721773 0.133042908823104 0.0632261664053154 0.0986224311764391 0.11668148126939
"ufb112" 0.72289156626506 0.596122614697523 0.139767575597829 0.722703658690842 0.105170899834942 0.0495044572831077 -0.00370279588020375 0.0469450962610959
"ufb113" 0.665887061823943 0.61275319567355 0.169251637328666 0.309702250151669 0.117521085898294 0.0564569449837641 0.0865966935655964 0.0960444573691004
"ufb114" 0.600277565898447 0.616127912967591 0.163790396888432 0.182280426506432 0.103519063749529 0.0570300835655094 0.10342745785118 0.0909154279956061
"ufb115" 0.702307397851374 0.691340850694729 0.175695258130095 0.419711286518208 0.125877049123161 0.0809334719377233 0.0822895878771125 0.0931347234690206
"ufb116" 0.63855421686747 0.462920733375901 0.133070604265989 0.638231629468543 0.0996595622142418 0.0441436911112294 -0.0115166943790533 0.034362220518445
"ufb117" 0.604470108527837 0.630862739885267 0.168293893828963 0.167486120551823 0.101532495419989 0.0592928934077264 0.113889846165134 0.0897320596412294
"ufb118" 0.746987951807229 0.631179063877685 0.145356834736178 0.743686497462207 0.112823396241253 0.0532249522172095 0.00281864514541032 0.0665946709849146
"ufb119" 0.660864710353777 0.577687194741287 0.138564512258762 0.565886564542648 0.0999166113917655 0.058399639496418 0.0242134617323959 0.0455986658454173
"ufb120" 0.673450588994254 0.672565270414893 0.20512690670531 0.439797448346573 0.152955663618342 0.0779810568303636 0.099000075913529 0.141203677978594
"ufb121" 0.633010464600035 0.637891258871141 0.173193426205541 0.301506690192913 0.122168374402669 0.0634011067633172 0.0907697199277454 0.0913155446477565
"ufb122" 0.668481776041747 0.595799835931091 0.166067514271523 0.477760617888006 0.121035857111118 0.0633961832383393 0.0551190627931046 0.0714712028687278
"ufb123" 0.586041617057064 0.623004200678596 0.170676054725459 0.110159487013304 0.110732272781203 0.0514719500820239 0.122866070241547 0.0910814289018163
"ufb124" 0.577391833525133 0.612961948746234 0.168137026357219 0.0605864275383987 0.105455817470862 0.048056358804396 0.123462853665626 0.0884357073680984
"ufb125" 0.556136347043799 0.630994429226555 0.171766664541502 0.0481615058081922 0.109124281216728 0.0430014544607023 0.127768108254627 0.0946488777503686
"ufb126" 0.712354015852051 0.679460588624486 0.165658747610405 0.456342370826784 0.116886359776704 0.0795403456989495 0.0905484834385503 0.0794060693723438
"ufb127" 0.573845042302245 0.546548987728874 0.150989671257177 0.203825025348329 0.0969024907376719 0.0559642656196214 0.0807358732477715 0.0771997780391691
"ufb128" 0.595392401989291 0.632335127229087 0.178526875536205 0.0830761189019772 0.111038905214605 0.0468137310331408 0.134880257233474 0.0958935554781481
"ufb129" 0.599413093219651 0.63651019301511 0.180309857109776 0.0831486516184971 0.111894860666123 0.0438931063525703 0.137113852464257 0.0974229684303469
"ufb130" 0.55997396161897 0.60927104965368 0.162058567970356 0.119599757839503 0.103499449688246 0.0577176064496804 0.114835831073905 0.0857831963124445
"ufb131" 0.765851981718454 0.737523467472043 0.186684290294765 0.505685964667621 0.13435526091513 0.0815507964095639 0.094857479475839 0.114448277223238
"ufb132" 0.565549731234613 0.64553576449418 0.185748033057878 0.0602448087169466 0.116762464641407 0.0543756825397627 0.142843988819885 0.108181694412754
"ufb133" 0.744762011911705 0.695357083073365 0.180428252770349 0.516287808369884 0.138022658181874 0.078604451803004 0.0876895250426619 0.0945847047542608
"ufb134" 0.70848317541364 0.641525598678778 0.165201614708384 0.4441697530108 0.121148771753315 0.074211423503549 0.0819349662545289 0.0755960877839526
"ufb135" 0.556116159453641 0.60454027807326 0.159520951661523 0.10767823272781 0.100761533039589 0.0534629476920256 0.11215520573996 0.0849211231454867
"ufb136" 0.561424945960558 0.594165530832323 0.154229065379767 0.119691431646528 0.0974588706924719 0.0553346245607834 0.105499217717144 0.0787002568119867
"ufb137" 0.630508696263376 0.610418120245733 0.174175019711552 0.216189422761076 0.115540666738304 0.0549945222489063 0.110701575201254 0.0948990491846835
"ufb138" 0.618689497250567 0.63575781812365 0.17758023464946 0.118149311793578 0.11647234930738 0.0529340442416146 0.130159180030978 0.0954398676622657
"ufb139" 0.734197165201663 0.686172738991791 0.160071278138218 0.57815303054255 0.11640308464803 0.0697711135396256 0.0485751381730467 0.0757548363230291
"ufb140" 0.565025873183144 0.61747182208744 0.159410648197494 0.11950001678931 0.0985380752142656 0.0517925551205175 0.108264922240072 0.0812245469967282
"ufb141" 0.57657456425925 0.619691263782867 0.160072366093537 0.143564649358173 0.0990006529795173 0.0509383333436069 0.107245719212257 0.0831287329406272
"ufb142" 0.672510600672095 0.692566414088472 0.201893817760601 0.228458024214836 0.141307066564502 0.0797142835499405 0.14410407836406 0.120443573728666
"ufb143" 0.682926829268293 0.624215607401448 0.163631854669652 0.674820823693502 0.128971548231183 0.0579658635319203 0.0240957474670769 0.084843891232547
"ufb144" 0.615212780734962 0.597302847073703 0.163942248979349 0.241067898283399 0.111376804221983 0.0580489196872246 0.0885694842149937 0.0845428270170302
"ufb145" 0.683360961517895 0.628630119801794 0.156452365131797 0.34887353912228 0.104683685299762 0.0639875491089635 0.0804853542011236 0.0794138288478632
"ufb146" 0.719680320655994 0.627078114324755 0.140161414412605 0.62618962749549 0.1049820926371 0.0625353446448228 0.0260223442857915 0.0532000906046654
"ufb147" 0.559234648123956 0.561947902808139 0.153716787604193 0.0836953426197017 0.0937734904764482 0.0410853177688395 0.106922474891269 0.0714994713205845
"ufb148" 0.683394997212718 0.570718436166997 0.13394043349007 0.565886564542648 0.0961054981970951 0.0575710145533237 0.0189755607188099 0.0513580752258726
"ufb149" 0.578495303198193 0.558477651170147 0.148074478843023 0.119436510127025 0.0947210446315899 0.0452896305238399 0.0962354283474289 0.0636442078932473
"ufb150" 0.560357838335828 0.559716015513855 0.153214869196595 0.0836953426197017 0.0919805745993202 0.0354829863946809 0.106392803449488 0.0711172137518166
"ufb151" 0.584853587001056 0.616725405579218 0.159070049875033 0.157973436028814 0.0992602673934279 0.051727448363953 0.104053072726718 0.0844072547946969
"ufb152" 0.63855421686747 0.510097065714604 0.145527617186964 0.638291038900168 0.104603343728285 0.0467056528857296 0.00301791085369834 0.0292803425521256
"ufb153" 0.635328518561753 0.584325106195987 0.149574112151226 0.251820871694132 0.0985626394993956 0.0605258877534465 0.0842113446304233 0.0682642863455248
"ufb154" 0.759250853056077 0.722887568252436 0.18702878900182 0.553894569755191 0.136977064161554 0.0731830364009928 0.0791111174544196 0.121284352278034
"ufb155" 0.671924554903774 0.673634838161858 0.173875180694456 0.360977328275407 0.119964043394489 0.0701890073662227 0.0916234250131054 0.0966078324750728
"ufb156" 0.710695248535111 0.758399861022276 0.221308763128038 0.404268615086152 0.160939191672056 0.096700950354515 0.143560193706189 0.153954060471775
"ufb157" 0.629261353028052 0.606300452845048 0.161633414974611 0.240510795570442 0.106297192662028 0.0643107522798876 0.104197181931628 0.0765032522853249
"ufb158" 0.608604382650248 0.587811393264494 0.153264957753494 0.216284761697471 0.101294378056249 0.0583543942781423 0.0978141158231147 0.0689397374306481
"ufb159" 0.643147389958246 0.549956637796074 0.143453408081317 0.323841796956357 0.0947155169646816 0.0506825163119298 0.0581035287771503 0.0512511509794061
"ufb160" 0.599817736996635 0.628365206430039 0.175947863612063 0.143058672279041 0.117274624528918 0.0582985246894776 0.12396351760286 0.0958078832036719
"ufb161" 0.59624073502299 0.631115248714639 0.177353078411576 0.109112189409481 0.113516903614816 0.0589748234315083 0.131840127379273 0.0960274386636595
"ufb162" 0.652060256703628 0.628682880699784 0.173148379630526 0.252747288394979 0.115807044525468 0.0679155058911083 0.10955919562549 0.0912787090631579
"ufb163" 0.613963102989172 0.593912033687123 0.157512677230858 0.216424990102201 0.104716369266438 0.0589689241387034 0.0966263037609497 0.074980718554586
"ufb164" 0.647021228904713 0.595542566941563 0.153321923806331 0.288037394720239 0.10364455900149 0.0612391566584352 0.0832659852510169 0.0736622502639836
"ufb165" 0.831325301204819 0.843635475201564 0.18783324980556 0.831234169850279 0.150924017315075 0.0736639367423393 0.0523793166043305 0.127928801204704
"ufb166" 0.558689557961836 0.619463800799586 0.166507680454763 0.0836249139858509 0.103847319809802 0.0439343892432746 0.121158047964954 0.0912044164810467
"ufb167" 0.560493226375528 0.601484116006938 0.157157924112047 0.119691431646528 0.0980326261614419 0.0543482662532548 0.108596825260725 0.0834508098447142
"ufb168" 0.573769348188693 0.50824010931474 0.132489485418975 0.203180403252002 0.0817353649552843 0.0445577774140621 0.073100533618709 0.0445534748204439
"ufb169" 0.569106760528154 0.618515872653977 0.163611283041308 0.107601152973214 0.0991691836484435 0.045343407178186 0.115422000227476 0.083536359351192
"ufb170" 0.57123460726959 0.613451409067847 0.161463890182302 0.119603054442787 0.098124351900558 0.0460904278408324 0.111911592177089 0.0823472831688125
"ufb171" 0.614457831325301 0.459600852547956 0.133382600885641 0.614173147531405 0.0955912964914094 0.0425227000158824 -0.0111526626702185 0.0207675595669429
"ufb172" 0.605900002886203 0.605189675134509 0.162415414484832 0.216052955434964 0.102724179271952 0.0635993373356532 0.0980351873088495 0.0914457686630054
"ufb173" 0.600481042972838 0.630179954477741 0.167742475256913 0.167617162307158 0.101639856408662 0.0528998464740484 0.115398234397245 0.0887493150347889
"ufb174" 0.617452909997293 0.609423995843512 0.158986810485694 0.263930628631531 0.105748491151124 0.0708170652801227 0.103963123119269 0.0778262884854231
"ufb175" 0.602768772210939 0.625351772343253 0.162920209331892 0.182369694949143 0.101718666813183 0.0562967790364478 0.105637796581876 0.0893657997502643
"ufb176" 0.650602409638554 0.485037156055433 0.133725857123453 0.65034998458455 0.100821388232155 0.0437461403994911 -0.010752157834756 0.0334627121675795
"ufb177" 0.606432308505569 0.4548656555547 0.11064758936538 0.409113195625999 0.074790823440998 0.0422294997480605 0.0102359108644214 0.0161261519112371
"ufb178" 0.601228458386021 0.554116407450206 0.13832187152699 0.204331892676636 0.0914724899071307 0.0456073535248951 0.081892439280921 0.0501468719327899
"ufb179" 0.567509754294031 0.635688757037072 0.177541071023459 0.0480715065276769 0.110652025888357 0.0318172839658104 0.134451649827858 0.100977822310175
"ufb180" 0.59117124672394 0.612717263513969 0.167114224255669 0.143195926544348 0.110607273902878 0.0537793227826648 0.116378306879689 0.0832832193065586
"ufb181" 0.577734449695454 0.631067318981463 0.178065642480981 0.0832128814737768 0.113212061758863 0.0525364584019796 0.13500006675149 0.0988187856532091
"ufb182" 0.57202734782612 0.562954644304476 0.150045485296699 0.107861094102565 0.0943425245986683 0.0455253379822147 0.0965434579091976 0.072987472112672
"ufb183" 0.606840135671972 0.573487446609791 0.148384319182809 0.204568769825439 0.0985341431244897 0.0534905849078684 0.0868552885854888 0.0698730981742333
"ufb184" 0.573129901632159 0.631224458323695 0.175273573028155 0.0840718895236953 0.111731472123094 0.0502561550485114 0.130984960818573 0.0977707817179968
"ufb185" 0.658118388125005 0.622820246960128 0.169159647063096 0.288989013519751 0.11421248940522 0.0698383984191836 0.105263708807444 0.0826062043413132
"ufb186" 0.664084398990468 0.623201964682493 0.167382494912839 0.420763736298484 0.118804614082413 0.0692098673644954 0.0732802811544068 0.0777433412109432
"ufb187" 0.662650602409639 0.673350041771094 0.168282643421913 0.662468339700558 0.124600785977987 0.0572146492369887 0.0295680417304994 0.0646963606027079
"ufb188" 0.611567699596018 0.618864847415134 0.170817338110205 0.129411547912528 0.112222287235346 0.0517369508424545 0.118549194215764 0.0906441023053013
"ufb189" 0.579636592855168 0.558805123186087 0.148852548423548 0.119427122947662 0.0966341150321176 0.0457413038779795 0.095286291450449 0.06453933506129
"ufb190" 0.682153300195459 0.619303575601776 0.160453607979015 0.384012259743874 0.114198908028715 0.0732731529115224 0.0847303722212282 0.0705209844847896
"ufb191" 0.561783582759365 0.631760003979142 0.178067638561449 0.0721804313147267 0.110593741441122 0.0534456884747913 0.133334320124912 0.0959825136892528
"ufb192" 0.555115038594101 0.612988486703283 0.161681449134887 0.0960699459772544 0.0968776521237302 0.0453404942965542 0.114437459460062 0.0806011963599462
"ufb193" 0.694481822581393 0.668068029810816 0.177468676317775 0.431507743218466 0.130070034844579 0.0723574276661151 0.0843950574036209 0.0963108913685368
"ufb194" 0.586769033149639 0.599076778480373 0.152732732188868 0.192037539579095 0.0977361006913828 0.0557168297165124 0.0947531776883355 0.0821959574547001
"ufb195" 0.613846889634681 0.582853606374875 0.151996517509183 0.216648382763123 0.101700448260442 0.0517469647127067 0.0907284673826942 0.0699173164252793
"ufb196" 0.641852615251617 0.616740806175137 0.168663449609627 0.252748469678871 0.111871550545756 0.0674562456280549 0.0998277049938895 0.0852268322033418
"ufb197" 0.703728019698229 0.681117425308052 0.176614799741149 0.513018666755469 0.12986175281075 0.0724087781512321 0.0663641770903935 0.110869338780047
"ufb198" 0.632160190243189 0.619268985095813 0.175849020309236 0.239947738781614 0.11470417395399 0.0645011556790396 0.101572341941119 0.10438906296717
"ufb199" 0.648108256777207 0.634610254231427 0.185056142495287 0.251794337098743 0.123243603979096 0.0624700881359702 0.103688384369859 0.111320723026601
"ufb200" 0.626638475287264 0.627359812580397 0.177518495097699 0.230796803163185 0.115523757692127 0.0658506731365729 0.103419579035848 0.0981400029759505
"ufb201" 0.566265060240964 0.639319010944467 0.191650073191865 0.560665555196371 0.14328168048031 0.0633701026033267 0.0568327133789036 0.0787964194761879
"ufb202" 0.707736665893181 0.657204125395691 0.155131132298061 0.597307939021257 0.117534395332805 0.0691887925743527 0.0430587431073729 0.0649343308882117
"ufb203" 0.682320963127286 0.631647615235215 0.179074004570569 0.357010935394211 0.128867454051466 0.0521370721337798 0.0860058880717211 0.117542292777069
"ufb204" 0.567666142648058 0.613451980236097 0.163249813465235 0.120030223602422 0.0983383183902931 0.0496774993188136 0.113803052480663 0.0811872663323622
"ufb205" 0.559777732684258 0.549506067886924 0.144200543552191 0.10734483612324 0.0919972624230746 0.0445073754743249 0.0921257669019386 0.0640532641491263
"ufb206" 0.59031667113772 0.573886513347972 0.156302846957772 0.131913607051551 0.0972148539604261 0.0435183470044115 0.103196424077733 0.0757482277014924
"ufb207" 0.70895311257235 0.660864315025737 0.171581491186806 0.385104033164418 0.119325926851629 0.0691663630706587 0.0891013680910124 0.100513536708493
"ufb208" 0.559533479954769 0.606220726924467 0.164861051380135 0.0719598081750224 0.101262666728472 0.0470498285919336 0.119408970065339 0.0879235415045107
"ufb209" 0.559448617564102 0.608615547006159 0.164286464100303 0.0715058736235339 0.105058589178639 0.0396563553185023 0.120498657372461 0.087066811894427
"ufb210" 0.568509960889895 0.631684087435506 0.175829423493368 0.0719788286322665 0.109458771355063 0.0491165518203129 0.13157066099503 0.0985005936234599
"ufb211" 0.548273349274867 0.618924545071806 0.165891213169788 0.0719659085471172 0.103445408351385 0.0439729076277392 0.121109124224087 0.0905653595775743
"ufb212" 0.678301603966882 0.58266901335542 0.150977952308153 0.42068676858701 0.106169759365627 0.0551726336636733 0.0550217014133839 0.0621406642462282
"ufb213" 0.574406744696196 0.558636246756586 0.147396487789729 0.131520248881263 0.0960601848544302 0.0492377876349388 0.0937385948516332 0.0620074388392136
"ufb214" 0.677021607008709 0.705273307877969 0.202213529127416 0.262255380182255 0.14308512095569 0.0775414159803932 0.144435990556587 0.124635990328744
"ufb215" 0.659574063662177 0.692975099573495 0.199615169312488 0.226307661311834 0.137692900837158 0.0784666198884777 0.14467861543063 0.120197630368832
"ufb216" 0.639590012243704 0.673721911714383 0.189592086014855 0.202466055844302 0.129900619179454 0.0746876157206934 0.136431850562596 0.110229102385595
"ufb217" 0.595200345640703 0.62628290977329 0.175364263499729 0.131296881769676 0.112979064749796 0.0583556455077484 0.127810305810269 0.0940033352493359
"ufb218" 0.590774236137405 0.623538599060354 0.17366600734473 0.11934821091108 0.113043406750295 0.0584640901083922 0.127947996146099 0.0921975774692376
"ufb219" 0.564824810779752 0.612752109465739 0.169348696614953 0.0720461590962135 0.106420723137994 0.0468893571412248 0.125573363343424 0.0920178691985168
"ufb220" 0.563255467472273 0.619897250436756 0.172351896762462 0.0720458786236546 0.109224103342603 0.0481180843716447 0.128985826987756 0.094646484539932
"ufb221" 0.566364888858103 0.627453406095361 0.175936403681832 0.0720442363880912 0.111746209943386 0.0447010714252217 0.132907258721618 0.0980381638127502
"ufb222" 0.652640238306144 0.635289472085536 0.166362325037372 0.349868951979673 0.117067625199187 0.0567683661111337 0.08325763158061 0.0857940372508186
"ufb223" 0.63855421686747 0.446699487591681 0.133088710845309 0.638350448331794 0.0999765640672555 0.0435394226075847 -0.0114955679674325 0.0241316209395169
"ufb224" 0.696944509917473 0.688379682179342 0.186134396387307 0.434771425591679 0.141247902977049 0.0840446566577566 0.0940413479440227 0.104907869188208
"ufb225" 0.63855421686747 0.483514389174767 0.145450857722431 0.638350448331794 0.109259066792178 0.0485122789052204 0.00292834937359558 0.0399751933432664
"ufb226" 0.630342698416754 0.594565595742619 0.156374454483907 0.240472519647108 0.103184215214519 0.0638881754988484 0.0954058219064848 0.0710418874829551
"ufb227" 0.58439952166061 0.57894619831036 0.151664356150539 0.191824132218125 0.0982367773730798 0.0504084649490675 0.0814663868803305 0.0791984877000372
"ufb228" 0.559519125513616 0.605296230856871 0.159166037271958 0.11953221724608 0.100796741372668 0.0579100228647436 0.110720637653567 0.0836104546787906
"ufb229" 0.602407092576778 0.627979053671068 0.176464620132118 0.131198183298985 0.116026438662275 0.0588036594277992 0.127750464455829 0.0949256253486709
"ufb230" 0.58790567908008 0.62891712986966 0.16760932408852 0.143541641107368 0.102091283807524 0.052338918592915 0.116962447217678 0.0870277407941272
"ufb231" 0.618051042648436 0.585683037945345 0.161411657983902 0.216235249352974 0.105855987884615 0.0549970590918731 0.10083396591054 0.0762810602811688
"ufb232" 0.568045267468451 0.624329028567255 0.170043729085005 0.0717709681587617 0.105895423251081 0.0471492114004645 0.124873712795268 0.091958467579646
"ufb233" 0.561189692639116 0.632054641640532 0.175857729942793 0.0481183576101043 0.108537776843506 0.0454115034972793 0.132873246606339 0.0991105805224103
"ufb234" 0.581419966384401 0.564359849593934 0.149878500609285 0.119436799305467 0.094129804617007 0.0451682625105116 0.0996387709454319 0.0627808483853697
"ufb235" 0.626434722571889 0.648415898402856 0.180092197289413 0.190782172977113 0.122853970483231 0.0713409610193293 0.130146240016057 0.0971220886203459
"ufb236" 0.704849839784287 0.731197406096373 0.213119342132374 0.346074343654508 0.155324339149416 0.0933930518880264 0.141986916613643 0.140259977692503
"ufb237" 0.617283950617284 0.6232741617357 0.180992246657191 0.617065282179853 0.132717168075609 0.05912973002792 0.0421231202287822 0.0652007643209085
"ufb238" 0.630577472686609 0.622052950854128 0.169929239218111 0.242957949401947 0.109513045564379 0.0660169548473877 0.0951465927245818 0.0943554037751609
"ufb239" 0.625330089083634 0.578636635275208 0.165015690874363 0.258307109788328 0.111684636478673 0.0615423798800743 0.0815017375659985 0.0868637633557378
"ufb240" 0.609276973788167 0.557782573916718 0.151210733496846 0.235380366689456 0.100659917356027 0.0552474443255581 0.0744864654652632 0.0668212697922841
"ufb241" 0.596477136033718 0.613520352477066 0.166698663208359 0.145288721003696 0.109348577537182 0.0590121050571522 0.117450078529548 0.0881017637626201
"ufb242" 0.637595514304805 0.639216290835704 0.19495014432488 0.308685187756551 0.139960567843434 0.0758662501403653 0.103681900692079 0.125686788983668
"ufb243" 0.603171742174373 0.606149865110389 0.177285611194303 0.249365134662473 0.123940150175634 0.0664655711235226 0.0954300041352172 0.102539954936612
"ufb244" 0.56219074881443 0.624530205071363 0.175293647377985 0.0842960473187181 0.108532305462174 0.0522731885924917 0.129680796383807 0.0931160014028502
"ufb245" 0.567950287594692 0.619555574589928 0.169571946136309 0.108507195306922 0.105611841159803 0.04935768766037 0.122754104559416 0.0873963545017764
"ufb246" 0.648253115939092 0.599188114478877 0.159532457668461 0.31214026029679 0.108161016374172 0.0666351623541516 0.0837903936100085 0.0785148240811411
"ufb247" 0.671019462499954 0.686336287256967 0.196442125269208 0.27334501816393 0.138894642138128 0.0817354894152832 0.138246608302907 0.117081910870563
"ufb248" 0.657818398801815 0.653431357985345 0.177419573829459 0.273786579559177 0.12689125360685 0.0664372378825756 0.120959565878455 0.0913585642360276
"ufb249" 0.585886410038541 0.521591588134357 0.148143662478416 0.214749482043991 0.094054023052142 0.0426738605020443 0.0776838136276519 0.0710599370712896
"ufb250" 0.686746987951807 0.501188724102796 0.131828542128435 0.686526821637696 0.10002911254388 0.0442549715099739 -0.0129659088061729 0.0304987043016483
"ufb251" 0.642406197222412 0.577462484569967 0.154239875353992 0.298304077365083 0.104297606625978 0.0563676381169704 0.0781109521671984 0.0709527299281211
"ufb252" 0.595040680091923 0.624974295337706 0.173602876812723 0.131450916840074 0.112234790807515 0.0549220861335486 0.127881372834664 0.0904488543271547
"ufb253" 0.672192164591233 0.576804229897686 0.145980773307957 0.360194690776463 0.0986737631411402 0.0540931679925678 0.0608827312290924 0.0539761223186785
"ufb254" 0.589546578268448 0.572923441587536 0.148772700083173 0.204568769825439 0.100109613970958 0.0503254728171192 0.0872717299136259 0.0689180779328415
"ufb255" 0.569711114308994 0.498301082440313 0.135422409915907 0.21499401843602 0.0873289253253185 0.0432864004070063 0.0689881964587866 0.0541761403777099
"ufb256" 0.602639625464841 0.629218535712628 0.175622664654586 0.131296881769676 0.114991236894132 0.0575452862013002 0.128083608086968 0.0938950677672122
"ufb257" 0.774012152530859 0.72386895475819 0.168000298884054 0.553781147340453 0.123137533575421 0.0698956005615493 0.074063985784353 0.0993748588405851
"ufb258" 0.560202829919139 0.642282815323136 0.179667809884764 0.0481508831374731 0.112644210268445 0.0446231514031218 0.136443390413321 0.102907552410622
"ufb259" 0.694934649665673 0.638292715173417 0.148336714884162 0.42112658658083 0.10148233163511 0.0604381875376943 0.0635422639572299 0.0697838979670564
"ufb260" 0.621595761598626 0.593127395660759 0.154257677784928 0.228431615555684 0.101952762315497 0.0617089127185909 0.0963161352894254 0.0681569893402512
"ufb261" 0.653294079969768 0.565740761024338 0.147789744772087 0.360278819575387 0.102214657152333 0.0582676998719806 0.0628719561640618 0.0655904255660419
"ufb262" 0.575116208210339 0.545272097961083 0.145916104107603 0.167613221511491 0.099068080248445 0.0542224756518464 0.0841778216037071 0.0613214474308437
"ufb263" 0.56635745104162 0.566715095072427 0.150279044411511 0.0958124448717416 0.0931763116831667 0.0431501840538164 0.0985397337445844 0.0750017983629472
"ufb264" 0.573452778453521 0.598847724744623 0.15797629711426 0.194405229643332 0.100441969215923 0.0597621323257453 0.0932548609550639 0.0817472190838678
"ufb265" 0.611362742625459 0.584802933551595 0.161927108791622 0.204133134879569 0.106009740220064 0.0522968420954852 0.101386651698457 0.0781315144962522
"ufb266" 0.699293662634139 0.603584302523295 0.157722595492885 0.505789354999139 0.111837579716932 0.0614196043525092 0.0459146802042351 0.0690856566945379
"ufb267" 0.606499240811787 0.60983807836984 0.166374041055591 0.129686642534081 0.108359818424929 0.0498393054811677 0.115601363023467 0.0858437750347335
"ufb268" 0.570394400512485 0.63951033880635 0.178334553554816 0.0599019971722333 0.113309430079074 0.0446253974027178 0.134684905748276 0.101091412221249
"ufb269" 0.631814240403989 0.601473946688565 0.163588682098794 0.240629663125691 0.105450114294342 0.0664239471974467 0.10628640379615 0.0808375648434423
"ufb270" 0.575312467143139 0.621840315073398 0.173532621473803 0.0831486516184971 0.110176793223935 0.0492834741281528 0.12997947028388 0.0944929976204905
"ufb271" 0.649664756214596 0.676659468060923 0.182325098085656 0.463100402246677 0.13509368607433 0.0755511679343134 0.073783036197633 0.099183696815546
"ufb272" 0.655297493090113 0.679251727011507 0.191879722988371 0.226578560169561 0.13333262803027 0.0753711350779584 0.138869549397606 0.110559537319661
"ufb273" 0.600827512694674 0.585875602309928 0.152009893053827 0.24097699089483 0.103181858939468 0.0557424945654823 0.075561395596173 0.0702638952232914
"ufb274" 0.587829876769939 0.520619636909095 0.148846481428237 0.229307705444098 0.094569103353263 0.0450181973679635 0.0784275964887662 0.0714243820185376
"ufb275" 0.634146341463415 0.456100710135571 0.137062344418308 0.633860370264332 0.102437585574166 0.0423734711755542 -0.00837137366545069 0.0279156561388565
"ufb276" 0.648137243213483 0.652777715578047 0.162698929539116 0.263502418161085 0.106628483214069 0.0693073511452986 0.0983576591643533 0.0805435383416243
"ufb277" 0.606826970244289 0.56335904628331 0.147940126565917 0.445129640731389 0.10129196907368 0.0554393182025697 0.0342515456682924 0.0401214837010021
"ufb278" 0.672142742483333 0.67685909263978 0.198565761534538 0.439866778887101 0.139096069194475 0.0728097326743665 0.0916320540631511 0.112968820238709
"ufb279" 0.564336618128921 0.49839496747521 0.134969513330127 0.202873106372337 0.0836968529910018 0.0412420144112333 0.0685004992619342 0.0547326893913802
"ufb280" 0.636574412225591 0.61258210180624 0.166820237505303 0.289500065635858 0.114219756733757 0.0553863368464221 0.0837611929874271 0.0890099453927197
"ufb281" 0.63722012039174 0.640500536492123 0.176201990671226 0.255303437799406 0.114248902805062 0.0665420390482194 0.101957123787531 0.0999127506267244
"ufb282" 0.561253442402001 0.592367391422073 0.157024045149682 0.0960721892965465 0.0966411446723591 0.0473464849315093 0.108432950420486 0.0795966857302676
"ufb283" 0.763435013138131 0.710876430087488 0.164085286216982 0.517671519966233 0.116103461124846 0.0661966099473019 0.0697069514973327 0.0911573562400794
"ufb284" 0.718262483624182 0.666574746778385 0.158528193962585 0.462946307685419 0.110963818495118 0.0684066241086159 0.0747484408483819 0.0795740825335831
"ufb285" 0.595959619354642 0.610408944522088 0.163571866096098 0.191066849155123 0.0992832679949142 0.0615108729725446 0.0992976753525627 0.0852320942792421
"ufb286" 0.562449673374116 0.622419915122223 0.171271722954825 0.0599517731733957 0.105388047236592 0.0418048953870377 0.127999263572549 0.094671052172766
"ufb287" 0.63543820783557 0.594357418190765 0.156028706563993 0.374345763877958 0.111303334812791 0.0484838607726894 0.0605893498099473 0.0729856164705785
"ufb288" 0.66949151428411 0.644812411426867 0.154097221049316 0.397334889526029 0.108116398641105 0.0652472028919971 0.0698763054219235 0.0740157368358799
"ufb289" 0.619420082785087 0.654935947833326 0.181767909845622 0.166705052083542 0.121324384721698 0.0664399077434822 0.131924031205326 0.100817490069666
"ufb290" 0.609338228389767 0.633342267488609 0.176971329168078 0.10638060577038 0.114515975600645 0.0528746555397567 0.130557421931216 0.0952686381990663
"ufb291" 0.606558427583335 0.63183825356312 0.178971088262732 0.10654041809435 0.116393562025188 0.0603857605404614 0.133550089774507 0.0959298574235582
"ufb292" 0.652218914066461 0.526556601975064 0.134193847180967 0.493591506802349 0.091137057178207 0.0520450993595498 0.0192626137503009 0.0358470138711102
"ufb293" 0.570697353866266 0.533310167620479 0.138317710988677 0.143685418528254 0.0836716957422963 0.0378168851246593 0.0841193637204744 0.0619953117771782
