NA 0.3024329 NA NA NA
NA NA 0.1316197 NA NA
NA NA NA NA NA
0.08054418 0.05450375 0.1895979 0.0816878 0.2469738
0.08632078 0.24152 0.05898938 -0.007164707 0.1480911
-0.0510422 0.13772 0.1684042 0.1427047 0.06023782
0.05336132 0.2255296 0.01422515 0.1107537 0.0283242
0.2338845 0.1338026 0.05229274 0.2202277 0.0716718
0.1585311 0.03539178 0.2306949 0.2657384 0.08534922
-0.002087439 0.154976 0.1005829 0.2573852 0.1810362
0.1929764 0.1441319 0.07792536 0.1311874 0.09587745
0.05911171 0.1329362 0.2527163 0.03356201 0.1719043
0.1257826 0.08665717 0.08181331 0.1245582 0.07915056
0.03430779 0.1107075 0.05357649 0.1667178 0.03791049
0.08977961 0.07285575 0.0493699 0.04520049 0.1501511
0.07261671 0.03482026 0.04729275 0.05103632 0.05066364
0.002543557 -0.003985276 0.04619718 0.003874478 0.05475203
-0.004219443 0.03082921 0.01822007 0.02270957 0.00855472
0.05860336 0.1302184 0.0172253 0.06693608 0.08807156
0.05799742
