0.2399588 0.1246181 0.1503228 NA NA
NA 0.2751131 NA NA 0.3079826
NA 0.3115384 0.1841704 NA 0.09609641
0.1706968 0.1837012 0.244738 0.1246181 0.05346073
0.04783457 0.1522437 NA 0.1839939 0.2419517
0.1268321 0.08696627 0.1351923 0.1305688 0.1685261
0.08434114 NA 0.0200944 0.2308385 0.2391812
0.03264577 0.07942604 0.1546338 0.02461189 0.03857153
0.02427156 0.08704761 0.04985698 0.07704952 0.03620212
0.2208752 0.08329377 0.1636531 0.1284097 0.05290852
0.2183505 0.139062 0.02532942 0.02074503 0.08442102
0.07646076 0.1033692 0.104114 0.03352592 0.1842313
0.1891599 0.1211398 0.08919771 0.2035909 0.029242
0.09560125 0.03603752 0.2191756 0.1370172 0.02574774
0.04346715 0.01354916 0.0489395 0.03935853 0.03927042
0.08337638 0.03330243 0.07032559 0.1297927 0.05866238
0.03518205 0.03771972 0.02463546 0.063841 0.01509082
0.04268975 0.06634198 0.06781153 0.002971864 0.09386462
0.04944845 0.06839228 0.01124015 0.04486889 -0.002919757
0.0191332
