NA 0.2293544 NA 0.1316197 0.2039237
NA NA NA 0.1466848 NA
NA NA 0.1933782 NA 0.1736633
0.1009474 NA 0.09197 NA 0.1966075
0.01096862 0.2940626 0.1012625 0.06266683 0.1457911
NA 0.1300987 0.1062576 0.1505157 0.03866823
0.07836586 0.02675024 0.07666584 0.158422 0.1196574
0.2437597 0.03171379 -0.03801489 0.09950749 0.0936333
0.1465695 0.1237908 0.08144901 0.204232 0.03028342
0.09553819 0.08400224 0.06245388 0.1474422 0.1519031
0.07512873 0.196555 0.134567 0.2099584 0.09854559
0.01252966 0.1594713 0.1178206 0.211176 0.125302
0.08963841 0.1138544 0.08358817 0.07307587 0.04756543
0.02770647 0.04998404 0.06215779 0.1266034 0.1329539
0.11447 0.1051748 0.09511341 0.1529836 0.02628554
0.07882467 0.1035974 0.07360535 0.1279369 0.0731901
0.0755999 0.05095834 -0.01120248 0.03522409 0.01901241
0.042536 -0.0002329296 0.0196276 -0.009490139 0.02869763
0.04447861 0.004137599 0.07984148 0.0220965 0.08323719
0.009353402
