0.1503228 NA NA NA 0.1263012
0.1099102 0.1976736 NA 0.1522437 NA
0.1865901 0.1563156 NA 0.06429311 NA
NA 0.01684106 0.07746543 0.1773561 NA
0.1652506 0.2062036 0.06432687 0.1513789 0.1294699
0.1550601 0.1520435 0.003177668 0.06232799 0.03291837
0.01384559 0.140634 0.2505186 0.1282905 0.03508708
0.1300728 0.05823332 0.1467872 0.103367 0.2111959
0.1187169 0.1301014 0.005766523 0.1145503 0.233735
0.1408706 0.1094822 0.08106996 0.09275861 0.1087581
0.0726238 0.1701951 0.2421046 0.1364969 0.1238087
0.06518096 NA 0.06441982 0.2042853 -0.01752656
0.1797031 0.03340577 0.02015175 0.06273801 0.0810556
0.1817989 0.1060117 0.1567901 0.009539544 0.065883
0.1043752 0.05942966 -0.007602923 0.1583865 0.01029669
0.04793855 0.07718366 0.08019162 0.1399496 0.09037695
0.09821536 0.001513857 0.01157779 0.03296606 0.04778855
0.07552331 0.002867984 0.01512696 0.0397737 0.02926228
0.04832172 0.03910496 0.06114812 0.006869685 0.04651373
0.02932762
