NA 0.2079109 NA NA NA
NA 0.2940434 NA NA 0.1411901
NA NA NA NA 0.2996547
NA NA NA 0.1509469 0.1078772
0.1272452 0.1980294 0.3400449 0.2001415 0.1974038
NA 0.03994551 0.1573039 0.1096629 -0.02497144
0.02821453 0.08342729 0.05346131 0.06298921 0.2654765
0.2586333 0.2279666 0.07562693 0.1309074 0.08595112
0.1200269 0.04007079 0.1549401 -0.02950359 0.2725564
0.1528094 0.02069082 0.1029934 0.2539539 0.178052
0.0311196 0.08893446 0.09836919 0.110369 0.2299283
0.08212604 0.04997427 0.117205 0.04738172 0.03097005
0.1054915 0.2284312 0.09543941 0.1721198 0.1266573
0.141165 0.117331 0.01559133 0.1100089 0.2094605
0.101713 0.02060451 0.1510679 0.03582945 0.1561989
0.05636217 0.03210111 0.06536112 0.1468239 0.03034125
0.01347697 0.02690094 0.057141 0.07208131 0.009221196
0.05678606 0.03741755 0.03023896 0.002580799 0.02345228
0.01879621 0.0475131 0.03088704 0.01421652 0.003208605
0.001037758
