0.3011636 0.1706968 NA -0.06593686 0.1831963
0.06610612 0.1182794 NA NA 0.07904771
0.08054418 0.1316197 NA NA 0.1246181
0.1355608 0.2474548 NA 0.09358219 0.09552807
0.2630919 0.1939246 0.3105154 0.1108041 0.07027462
0.1142638 NA 0.2007394 0.09251892 NA
0.02506491 0.126735 0.04847129 0.0963792 0.1135113
0.1466702 0.1325339 0.1859426 0.08741921 0.08248637
0.01650525 0.03159519 0.1631246 0.07670939 -0.02732091
0.02971908 0.1339513 0.06785126 0.009666312 0.09802548
0.01044192 0.2338196 0.2053661 0.09368049 0.1096457
0.186246 0.09309583 0.06182052 0.0811514 0.1330773
0.0864306 0.0358769 0.1537808 0.1574799 0.09762623
0.05098466 0.0834918 0.06069708 0.1136613 0.1232471
0.09052502 0.1727102 0.1079266 0.02097746 0.03786609
0.05955708 0.1386639 0.05387626 0.1431654 0.09566243
0.03194371 0.005459331 0.01918608 0.0007789602 0.03894199
0.06230968 0.02492527 0.01304333 0.04166841 0.01093023
0.0005370793 0.02314259 0.1873146 0.04149436 0.03306955
0.02277519
