NA NA 0.2535827 NA NA
0.1430237 NA NA NA NA
0.1729759 0.04206795 0.2457143 0.2325258 0.1316197
0.1939246 0.1607809 0.2797621 0.2537477 0.1246181
0.195442 0.1219141 0.1197819 NA 0.08656583
NA 0.0970179 0.2221209 0.07859375 0.2524996
0.03797072 0.1562001 -0.0006765202 0.02429566 0.09626183
0.2027755 0.3222914 0.02533087 0.22032 0.06529823
0.07530379 0.1556991 0.03107716 0.1334201 0.2509466
0.03612771 0.03139338 0.06658882 0.1599197 0.09849313
0.04254028 0.1850364 0.09807978 0.09831559 0.189041
0.3022488 0.1448731 0.2050185 0.184832 0.1087531
0.08822173 0.08538536 0.03765549 0.1414118 0.03020119
0.07367968 0.1178828 0.09605956 0.08379949 0.1624627
0.04318331 0.1557465 0.04952677 0.04547623 0.03773596
0.07523672 0.03847876 0.02453946 0.05931851 0.02259742
0.0154125 0.02825921 0.05213478 0.005835119 0.007002677
0.01697932 0.03791321 0.009074408 0.0103223 0.02546306
0.0111809 0.04030051 0.03462762 0.01964151 0.05268327
0.04455018
