0.07624503 NA NA NA 0.1521825
NA NA NA 0.1920235 0.0982238
0.1246181 NA NA 0.01873022 0.1494807
NA 0.3022467 0.1047132 0.1369187 0.148538
0.3007046 0.03660929 0.1001986 0.04399743 0.239076
0.27935 0.162083 0.2538462 0.2946441 0.05398827
0.1010132 0.1510225 0.31519 0.0922914 0.05502797
-0.003081318 0.02724711 0.27523 0.1085441 0.05494837
0.001003479 0.1161101 0.2566757 0.3029325 0.1341668
-0.003613197 0.1569048 0.1499601 0.08384624 0.008309281
0.144343 0.04334523 0.1130822 0.2060811 0.1611301
0.07862525 0.03065923 0.05001835 0.06524666 0.01531511
0.05241128 0.2683795 0.1439496 0.167857 0.0641092
0.1302586 0.0694598 0.0738753 0.01764825 0.03964528
0.02069506 0.08087555 0.06782064 0.06685188 0.09769844
0.05566044 0.03524532 0.054685 0.07045329 0.09833641
0.03803916 0.06040949 -0.005947425 0.003399151 0.01535146
0.004345234 0.04005224 0.02984285 0.0959364 0.1304216
0.009275754 0.02726701 0.02893294 0.01330752 -0.003222644
0.03739457
