NA NA 0.1838072 NA NA
0.1246181 0.1246181 NA 0.09756056 0.03586616
0.2008698 NA NA NA NA
0.07251433 0.3028808 NA 0.1487606 0.004619044
0.08455445 0.09884702 0.08726479 0.1037113 NA
0.2314013 0.1452369 0.07540268 NA 0.1055084
0.1545058 0.1010689 0.08753886 0.2033662 0.1353539
0.03762479 0.08423101 0.247278 0.2530646 0.1903381
0.2278679 0.2567014 0.196147 0.004590902 0.03214487
0.05278004 0.00720195 0.03163676 0.1795467 0.1165795
0.1057468 0.02036823 0.04297972 0.2036347 0.03214204
0.05499349 0.218545 0.1505832 0.001438921 -0.0001236196
0.1056172 0.2021849 0.01802675 0.01291288 0.08962664
0.01559931 0.1329555 -0.002911405 0.1773071 0.1717588
0.07778281 0.09029851 0.002436423 0.07871839 0.1633941
0.02970975 0.09514584 0.03299257 0.02194866 0.1074501
0.0327573 0.0032147 0.0588663 0.04188254 0.0373008
0.03117113 0.005359088 0.06332943 0.02723593 0.002769848
0.05310742 0.02898518 0.07179078 0.01444071 0.04428223
0.07746534
