0.2910218 NA 0.1503228 NA 0.1286192
NA 0.08054418 NA NA NA
0.141892 NA NA NA NA
NA 0.1422603 0.02017045 0.1865901 0.04286831
0.2568292 0.1916586 0.1392623 0.2853215 0.1258253
0.2930243 0.1927029 0.2577835 NA 0.06068692
0.02393054 0.1931843 0.1334324 -0.04569706 0.06522552
0.3206582 0.1110456 0.1351867 -0.01186776 0.04920003
0.06614181 0.1994638 0.05727055 0.07572955 0.1616144
0.2459561 0.1900887 0.1341212 0.1248493 0.1388872
0.01817948 0.07549294 0.06605496 0.02463477 0.07995354
0.02947075 -0.01402872 0.09678801 0.1079455 0.09420773
0.1784775 0.0604269 0.08857102 0.1540767 0.09954015
0.09130574 0.149662 0.07017038 0.1059352 0.00242134
0.132871 0.02408452 0.02269369 0.02298191 0.1111319
0.08659879 0.1211529 0.1064933 0.05945791 0.02165644
0.02097647 0.02376442 0.09641157 0.03283258 0.06215667
0.05681207 0.04258441 0.05098693 0.02353833 0.004231295
0.02579 0.003613381 0.01321266 -0.007639974 0.08391717
0.02371546
