0.1357592 NA NA NA NA
0.2264782 NA 0.09330189 NA 0.2550641
0.1316197 0.1309624 0.09756056 NA 0.05336469
0.2318279 0.0937593 0.2348775 0.301703 0.1240574
0.193144 0.1212923 0.1193475 0.2917991 0.1343979
0.1823155 0.2641585 0.2465305 0.02207621 0.1029573
0.07438672 0.01566359 0.08898938 0.1123318 0.08322832
0.2091384 0.1866585 0.1038597 0.2148454 0.1809296
0.2187061 0.1981876 0.08904518 0.2724751 0.1674283
0.1215703 0.08823049 0.2554764 0.08890975 0.1242677
0.1039917 0.03065304 0.119313 0.2374579 0.00554428
0.05542954 0.06857993 0.1521088 0.1582729 0.180368
0.09351299 0.1424521 0.0712498 0.03470381 0.05228825
0.097998 0.06749882 0.1229558 0.06244818 0.06679723
0.05712868 0.1101015 0.02028155 0.04264035 0.1120828
0.05613928 0.09912865 0.07871925 0.2094007 0.1323068
0.009207189 0.07692298 0.08533753 0.0916688 0.03129903
0.04243464 -0.002318672 0.1083545 0.01743747 -0.005463356
0.04428885 0.07134893 0.02047387 0.05019459 0.0466004
0.05438821
