NA NA 0.1643809 0.2996547 NA
0.1944882 0.2755589 NA NA 0.3131717
NA 0.1251068 0.1511582 NA NA
0.2533225 0.07147409 0.1652188 0.06345571 0.193056
0.03524957 0.04982323 0.2596217 0.06361528 0.2037183
0.09859154 0.1798399 0.272387 0.1780172 0.1365867
0.06975725 0.03491843 0.1097017 0.1801685 0.1181952
0.1598615 0.1580124 0.1101498 0.1047448 0.1411882
0.1605716 0.1584207 0.0970801 0.04967444 0.07769905
0.1850576 0.02887407 0.07680762 0.2314363 0.03041859
0.2242855 0.09669498 0.07052192 0.07146536 0.07332926
0.1583088 0.06332924 0.1183343 0.06296216 0.05320823
0.04473934 0.08130866 0.1312055 0.07289015 0.06025672
0.01872319 0.01975066 0.08031618 0.002892723 0.05567453
0.04111935 0.05494853 0.05076341 0.0652048 0.1138264
0.138202 0.1379647 0.04632213 0.02436175 0.1631573
0.08192471 0.06833708 0.0652223 0.04234393 0.03324078
0.02558895 0.02666788 0.05082948 0.01770281 0.06805173
0.02449029 0.01313195 0.004045736 0.008925105 0.0486549
0.06477321
