NA 0.1099102 0.048794 NA 0.1489554
NA 0.1568975 NA NA NA
NA NA 0.1563156 0.1282924 0.3011636
0.1706968 NA 0.08190346 0.02953141 0.02765736
0.04366917 0.2568083 0.2998244 -0.01845174 0.004152294
0.06007561 NA 0.1717783 NA 0.2187031
0.03385161 0.1980294 0.1856782 0.09629641 0.1582236
0.01970797 0.2709707 0.1349664 0.1183605 0.1642761
0.1247558 0.2625982 0.1976046 0.09507527 0.02255904
0.05778747 0.2022916 0.004734146 0.06687677 0.1006753
0.001022048 0.1486285 0.03759259 0.08808306 0.2409755
0.08392934 0.1656511 0.01567227 0.1169237 0.1678684
0.03621746 0.05418854 0.07852 0.133488 0.1131795
0.1995246 0.06533802 0.07580199 -0.01697561 0.09543419
0.07908413 0.009446465 0.06496176 0.03745531 0.1146403
0.073457 0.06391316 0.07648549 0.08524909 0.005829021
0.02877288 -0.005383204 0.01785146 0.008502682 0.03344431
0.06550692 0.005595217 0.04905865 0.009391305 0.02522951
0.05484031 0.0006560024 0.01951475 0.02540111 -0.002907894
0.05095495
