NA NA NA 0.1521889 NA
NA NA 0.3133969 0.2762468 0.008601081
0.04968559 0.1522437 0.1944882 0.039897 NA
0.1706968 0.2198823 NA 0.203599 0.1190894
NA 0.01247505 NA 0.1233469 0.03501236
0.1124924 0.2996547 0.06078741 0.102477 NA
0.1204205 0.1132917 0.07261962 0.121891 0.1338193
0.0941096 0.1597173 0.1663208 0.03905518 0.06507085
0.001274109 0.1076052 0.1296516 0.07783578 0.1373689
0.08779557 0.2450755 0.07771158 0.08658217 0.1427183
0.123919 0.09296178 0.1330089 0.137421 0.08358615
0.1209491 0.05438501 0.02560981 0.2116154 0.07057636
0.2136339 0.09051634 0.03985549 0.1917753 0.03676134
0.008271297 0.09107698 0.03850886 0.1468319 0.1452133
0.1645017 0.04974639 0.06512188 0.1445346 0.1538884
0.05691618 0.157135 0.03126498 0.06004776 0.134845
0.008630327 0.002830769 0.04336564 0.01004336 0.02377719
0.0003345594 -0.01178974 0.07278511 0.01306221 0.07814823
0.06340537 0.06226295 0.05495803 0.009823458 0.04438833
0.01155443
