NA NA NA 0.2293544 0.1420194
NA NA NA NA NA
NA NA 0.1162753 0.1251068 NA
0.07057062 0.1955178 0.1288263 0.08698208 0.143836
-0.02158093 0.2270367 0.1590515 0.09260065 0.1146552
0.1179173 0.09330852 -0.00207435 0.1337141 0.1529088
0.08572541 0.02701917 0.2513424 0.0957082 0.1253399
0.1055842 0.2082147 0.08303107 0.07736572 0.1343617
0.06321689 0.07782511 0.156722 0.05446938 -0.02864706
-0.01652495 0.2082966 0.04314813 0.1363232 0.04223539
0.0304222 0.2480908 0.2495758 0.0434001 0.01760761
0.2055204 0.009242543 0.153818 0.1217302 0.01786182
0.09622299 0.04890107 0.131908 0.100488 0.130615
0.0410862 0.197099 0.1256608 0.1327568 0.08837722
0.04122667 0.03564641 -0.002465472 0.08306964 0.1351879
0.0560891 0.02970597 -0.009892588 0.02314944 0.118506
-0.005637363 0.01884768 0.06612615 0.1024731 0.05098267
0.04561909 0.05961493 0.01037548 0.06147996 0.01789631
0.02545773 -0.01497363 0.02021057 0.01191214 0.0855203
0.03259213
