NA 0.009852674 0.2762468 NA 0.2819882
NA 0.0816878 0.1009999 NA NA
-0.0176332 0.1316197 NA 0.1565048 0.08200737
NA 0.08402256 0.1809504 0.09922259 0.2787893
0.08642664 0.2105741 -0.01874629 0.1418723 0.1232922
0.1114872 0.08404167 -0.0415427 NA 0.181688
0.01838963 0.1066138 0.3203881 0.02661758 0.2858368
0.03261544 0.1303039 0.0857157 0.1903542 0.2456267
0.1646497 0.03372087 0.2149164 0.2545311 0.2961009
0.181836 0.08423518 0.1087096 0.06066698 0.03961235
0.0703998 0.07128885 0.1418861 0.04450314 0.04539249
0.05195406 0.1852506 0.09010893 0.09051439 0.1417933
0.1723413 0.1453962 0.2312208 0.03052512 0.0286345
0.1042741 0.04818854 0.05377539 0.02482187 0.09887635
0.07461741 0.08918732 0.08956393 0.1326018 0.06301592
0.03033099 0.00839567 0.05896952 0.0491644 0.01658397
0.005745913 0.1589231 0.008123882 0.01692351 0.07569339
0.0282516 0.0503903 0.07028254 0.01613292 0.06666436
0.02256887 0.01019072 0.04648622 0.04255338 0.06911703
0.05118306
