NA NA NA NA NA
NA NA NA NA NA
NA 0.1287936 NA NA NA
NA 0.1557488 0.1241939 0.04939412 0.1997305
0.08954076 0.1266135 0.2686732 NA 0.05727201
NA 0.2359865 0.05074941 0.1175913 -0.06084521
0.07931551 0.1385281 0.2141045 0.02680339 0.2374877
0.07665892 0.185703 0.08831226 0.09154425 0.2930398
NA 0.1756857 0.05495989 0.08592113 0.1597247
0.08038738 0.1351493 0.0553126 0.05524079 0.09933978
0.1115863 0.055134 0.09592491 0.05401311 0.07539371
0.05842951 0.1825282 0.1796907 0.0937795 0.04028514
0.1199628 0.231249 0.1355744 0.08917405 0.04382918
0.03986339 0.05961499 0.1226776 0.06422129 0.161061
0.105351 0.2196284 0.1690264 0.06674565 0.1094462
0.02354944 0.09637949 0.007341496 0.1054239 0.1604446
0.02385309 0.003776547 0.01435318 0.04104756 0.04441102
0.02523386 0.1093245 0.006426658 0.01656525 0.01381628
0.02220835 0.03213462 0.005423976 0.008488418 0.05368097
0.1642829
