0.1503228 0.09991718 NA NA NA
0.1511582 NA 0.2819882 -0.04042819 0.2819882
0.2692852 0.2287097 0.1939246 NA 0.1080377
0.1246181 0.1174074 0.2003912 0.1294036 0.3205158
-0.01271637 NA 0.06925241 0.3099284 0.1864609
0.2274372 0.0767671 0.1976736 0.1434771 0.1848354
0.009702808 0.07100335 0.2317479 0.259306 0.1369027
0.1035575 0.01458637 0.13607 0.1508706 0.1714869
0.06270796 0.1719211 0.1246181 0.1358517 0.1416264
0.01932508 0.1000682 0.1513864 0.2218856 0.1131455
0.201224 0.1042583 0.1551775 0.2349806 0.1454309
0.1376203 0.07603867 0.08294945 0.1446276 0.1621385
0.1378436 0.1499479 0.2972864 0.1102873 0.06370497
0.1300267 0.1657845 0.02981917 0.03677689 0.1144766
0.1088418 0.01932725 0.1191492 0.02947931 0.09175645
0.07535714 0.05548484 0.108123 0.1103878 0.01782591
0.03444127 0.02329419 0.04331153 0.0001142379 0.07344887
0.007433245 0.00428272 0.04948689 0.009384342 0.06070758
0.02410585 0.06174567 0.01879181 0.04308543 0.07314551
0.02747102
