NA 0.08872229 0.141892 NA 0.02822551
0.1368913 0.1246181 NA NA NA
NA 0.1444043 0.1927348 NA 0.08944328
0.1099102 0.009341905 0.03701154 0.1668764 0.1302409
0.1133813 0.1484906 0.01260943 0.2606852 0.07296375
NA 0.02603018 0.04009736 0.1447868 0.128442
NA NA 0.06339458 0.1570741 0.04819845
0.09110901 0.121149 0.003916954 0.1367696 0.2497887
0.2071938 0.1967228 0.1184204 0.05649697 0.1353431
0.02481139 0.1885335 0.199025 0.03560097 0.03638973
0.1484359 0.07861629 0.03178092 0.1844025 0.05590868
0.05436477 0.1000043 0.1354317 0.09002425 0.2076522
0.05002574 0.1517851 0.122153 0.01495105 0.1003386
0.01957226 0.08427062 -0.006111086 -0.004056277 0.148992
0.07668718 0.1494286 0.07411757 0.1314525 0.08513556
0.01827063 0.05429529 0.1207045 0.1482004 0.04371403
-0.01727183 0.03225494 0.0710655 0.07339445 0.005264725
0.06412897 0.08254713 0.06070364 0.01163058 0.03139942
0.06647839 0.0486393 0.05515882 0.002719046 0.02682619
0.06020922
