NA NA NA NA NA
0.1939246 0.03689498 0.2367424 0.2057961 NA
NA NA NA NA NA
0.0959699 0.160138 NA NA 0.06040241
NA 0.06419458 0.1958397 0.1201342 0.2176587
0.3051406 0.05166006 0.0895905 0.06855186 0.03118634
0.1755464 0.1251288 0.08801631 0.05011519 0.1799405
0.03582592 0.1257189 0.1597455 0.08661905 0.1070384
0.05279648 0.1289742 0.0576234 0.03106195 0.06697888
0.06642915 0.02647779 0.1662029 0.09114886 0.07606063
0.1069489 0.04770244 0.1325505 0.1093036 0.02731735
0.001853113 0.009357322 0.04073579 0.1329496 0.1184981
0.07392132 0.05826333 0.125936 0.04610098 0.0858126
0.1398569 0.1292951 0.08112276 0.0310876 0.06836944
0.1029904 0.03237945 0.1219957 0.09924826 0.02548794
0.0970402 0.04715232 0.0625112 0.04471584 0.06527992
0.01360693 -0.007850772 -0.00340364 0.01180586 0.03870465
0.002261685 0.02867555 0.02404317 0.08601509 0.01630571
-0.0009330541 0.02830691 0.01611045 0.0101626 0.03633089
0.06664624
