0.08944328 0.09756056 0.07433476 NA NA
0.194506 NA NA NA NA
NA NA NA NA NA
NA 0.1323502 NA 0.06436669 -0.0463983
-0.04493538 0.09911511 0.2960698 0.09695685 0.1284998
0.1143962 NA 0.1229006 0.1995882 0.1306045
0.2089893 0.04173438 0.2033162 0.2165527 0.2293544
-0.03038272 -0.05763354 0.09752287 0.05676479 0.2207182
0.2713428 0.2510194 0.09952974 0.1286734 0.1925981
0.09215605 0.2030108 0.1055287 0.1887457 0.08100731
0.01758554 0.1909449 0.09926685 0.1089562 0.09932257
0.07141796 0.08626914 0.09539812 0.1540963 0.1239916
0.1141856 -0.007557593 0.07377956 0.04209112 0.02970394
0.09050643 0.06686441 0.04636285 0.05975402 0.07904458
0.08824159 -0.003230302 0.08191661 0.03907876 0.06906743
0.1201624 0.05305278 0.03598464 0.005782504 0.07206886
0.0082118 0.010097 0.009236914 0.02428556 0.09214048
0.05791775 0.07453968 0.1000832 0.07219316 0.003372547
0.03500752 0.08942205 0.02240986 0.0477877 0.04107062
0.03731242
