NA NA NA NA NA
NA NA 0.03667337 NA 0.2737314
NA NA NA 0.1294487 0.1033973
-0.02004784 -0.05996674 0.0803675 0.1050393 0.1511582
0.1035005 0.1434721 NA 0.1287048 0.05835008
-0.06268043 0.09583037 0.2679531 0.07966478 0.1038682
0.148717 0.182263 0.02608028 0.1299274 0.07570094
0.1194703 0.02648954 0.0257203 0.2236323 0.0809269
0.03822351 0.107337 0.1204822 0.1060867 0.08809816
0.1326978 0.05842567 0.0820306 0.2103451 0.1130046
0.0931747 0.122987 0.0812378 0.03393094 0.1803411
0.2091183 0.1155884 0.09007903 0.1142048 0.002542751
0.1572902 0.03159682 0.02789726 0.1371277 0.01546159
0.09592382 0.03065311 0.02101826 0.04326364 0.1056381
0.07898819 0.06218 0.06908548 0.09644955 0.06578148
0.07746628 0.1790793 0.0620418 0.07644923 0.05975924
0.01889797 0.0231807 0.02166015 0.05131003 0.06866309
0.01906893 0.06395263 0.03005053 0.05827456 0.05097509
0.03252813 0.02276822 0.03086004 0.01026755 0.0002985826
0.002575623
