NA NA NA 0.1987224 NA
NA NA NA 0.3011636 0.2132885
NA 0.1136786 NA 0.1316197 NA
-0.04078566 -0.06949461 0.07839286 0.06220544 0.1282315
0.1457308 0.06391771 -0.02732091 0.0434001 NA
0.03667337 0.0001362535 0.1245034 NA 0.1573468
0.2089987 0.1596036 0.177306 0.03459115 -0.01756492
0.1196758 0.1567998 0.02922362 0.1497383 0.2107735
0.1839579 0.04766215 0.3030108 0.199822 0.1197508
0.1905116 0.01843429 0.1671909 0.0779394 0.02241098
0.2267628 0.2606139 0.1446185 0.08449073 0.08793345
0.05235616 0.05687427 0.2273654 0.1235672 0.1570634
0.05771651 0.07882201 0.05941577 0.07002533 0.09278449
0.1393795 0.1539313 0.02519335 0.0919599 0.0965865
0.1065506 0.1715487 0.3062371 0.0725618 0.04008076
0.05300762 0.10216 0.0952544 0.009140007 0.06142977
0.05124704 0.01192385 0.04935914 0.009706283 0.01096577
0.04827771 0.03718448 0.05531966 0.01430599 0.1663256
0.04518478 0.0246971 0.02159555 0.04018171 0.07087262
0.03487272
