NA NA NA NA 0.1314504
NA NA 0.1902353 NA NA
NA 0.1929434 0.2758496 NA NA
NA 0.04166618 0.05280353 0.1211194 0.08548492
0.1521985 0.02548845 0.122848 0.1313788 0.05202269
0.0247555 0.1142537 -0.00475914 0.03453333 NA
0.1685978 0.1390851 0.1721203 -0.006496236 0.08434114
0.0489889 0.1462941 0.1334217 0.1916643 0.2625005
0.1137721 0.209209 0.2180851 0.06017018 0.1223488
0.110981 0.06223081 0.171235 0.0517173 0.1897982
0.05800367 0.09487977 0.1026252 0.09172026 0.2437475
0.05895123 0.1283738 0.05167826 0.02934091 0.1280795
0.06797639 0.1905344 0.0706428 0.00885664 0.1241812
0.01320884 0.0571514 0.1045062 0.07078367 0.1793053
0.1448868 0.0267989 0.04492181 0.03683925 0.03747394
0.02713309 0.02988407 0.05475613 0.1306074 0.02736731
0.07939001 0.04814141 0.01858339 0.01551667 0.01368218
0.01215587 0.02460793 0.02435058 0.059468 0.01950631
0.01939771 0.04256718 0.03984564 0.05964715 0.04182014
0.04156697
