0.2940434 0.08054418 NA 0.2957552 NA
NA 0.2181691 NA NA NA
0.0816878 NA 0.2762468 NA NA
0.1246181 NA 0.1951943 0.1231687 0.1211582
0.3157093 0.1525891 0.2590669 0.1562104 0.08545849
0.01003312 0.1144643 0.1078038 NA 0.009672415
0.1483057 0.04678473 0.1593752 0.227099 0.1702627
0.1151944 0.2067175 0.008189357 0.1758405 0.04037242
0.2109032 0.2467212 -0.00547998 0.04484156 0.1770434
0.08790358 0.1584302 0.06559222 0.07385179 -0.04493538
0.05424488 0.1525136 0.07317936 0.03078858 0.03345933
0.1461443 0.05751733 0.09069253 0.05544512 0.05297472
0.1338827 0.2344023 -0.0003711342 0.02157816 0.1084964
0.1389033 -0.001412212 0.05719395 0.0338646 0.05713152
0.01687286 0.0706322 0.1937351 0.1954203 0.103305
0.1063646 0.1303183 0.08690942 0.08027873 0.06270783
0.01218364 0.04557641 0.07002341 0.0606548 0.06650725
-0.0005274765 0.0315239 0.007537774 0.08255524 0.02410051
0.01137939 0.04064141 -0.001995884 0.01063471 0.01358314
0.02032314
