"quartet" "wQuartet" "cluster" "phylo" "mutual" "shared" "clusterNorm" "wNrqs"
"mb49" 0.790123456790123 0.854284842939921 0.254259426880632 0.789915655447929 0.21000568425933 0.102928542981156 0.126107193059258 0.213384752258487
"mb50" 0.670325530408882 0.711331858995275 0.218133835745268 0.245744887380915 0.153107130021492 0.100079620854169 0.129055107539663 0.139669364021797
"mb51" 0.752857842261906 0.774487713379027 0.23328773663605 0.457730001613291 0.171583636718379 0.106042349205841 0.145528498613384 0.170793825639577
"mb52" 0.736394123595084 0.77350869064167 0.256155526184668 0.337691262265311 0.183305668859029 0.127440165187422 0.200082328987036 0.179360133979354
"mb53" 0.62962962962963 0.782181460858172 0.231636937877486 0.445013458876516 0.176478972946578 0.08414617519129 0.0987958028053652 0.1681039955117
"mb54" 0.86441950753398 0.877995324371712 0.223136443548499 0.766793638823674 0.174070922534998 0.112644817497271 0.117452125703316 0.163140283769649
"mb55" 0.636325398850071 0.714887077250761 0.232564182250596 0.0722286656694611 0.156343038078678 0.0821435105495274 0.194174578138514 0.160427031620391
"mb56" 0.779535573977416 0.831192203863606 0.258213316187177 0.637911232822194 0.202362388867802 0.126792947965145 0.157299845561949 0.215593203734481
"mb57" 0.777777777777778 0.875381609476127 0.250245826975219 0.777554170479137 0.195444183862846 0.0950433562263095 0.120621954772743 0.187394126583483
"mb58" 0.802439864799886 0.841595928838092 0.257754113014466 0.627999029833269 0.196649895865302 0.125534291878223 0.155957858486989 0.19967272083326
"mb59" 0.890243902439024 0.921131590227175 0.239457494315233 0.8901586480896 0.198339492258387 0.0986952151888034 0.10945814174559 0.209782322398897
"mb60" 0.639395568055622 0.692247444475509 0.216485637096023 0.0608666300392863 0.143944339741813 0.0668953725250493 0.17785973411472 0.139277222194191
"mb61" 0.744950338385294 0.746085226275175 0.20572485248226 0.476224668801155 0.145957450559442 0.101453528170332 0.126514614242273 0.139771689357756
"mb62" 0.75609756097561 0.800717327953374 0.208419740657229 0.755954897910965 0.163172417111008 0.0788029720321451 0.0731151121160308 0.143214923346715
"mb63" 0.759790967182903 0.751537851655412 0.210260282999444 0.55346958545748 0.154642228631509 0.0923574521076718 0.102250624434967 0.134900047463062
"mb64" 0.728395061728395 0.803061712645511 0.249281662246794 0.724722152022151 0.198869260952751 0.0978225999839954 0.119491097053421 0.219837723247481
"mb65" 0.812849317032066 0.829133416530231 0.252178541277199 0.556343769879122 0.188664587763066 0.124057593982742 0.166215482882529 0.193764797089127
"mb66" 0.638999857567577 0.712653084794517 0.230704977516824 0.072245701517745 0.154082812812612 0.0790785066324315 0.192792679960915 0.156512533071349
"mb67" 0.802469135802469 0.833520958876896 0.218526990531091 0.802216240499326 0.175603254738186 0.0878035785461858 0.0834192963646008 0.159446351485039
"mb68" 0.829268292682927 0.861903376018626 0.201885274427693 0.829222572461392 0.162999478080641 0.0792561026090791 0.0654637111026016 0.151678883725784
"mb69" 0.822783994868962 0.788030789856915 0.226822470001144 0.666384753302663 0.174090457111389 0.104265785817253 0.121657106672704 0.17309807158184
"mb70" 0.691806879464485 0.668044831880448 0.196566340735079 0.302745356567394 0.129597634690023 0.0847633413539794 0.124679958706541 0.123112709867712
"mb71" 0.727030447663965 0.725213587387334 0.205818838737667 0.448897562823108 0.1432923233352 0.0896823626813892 0.115088855583015 0.129737083228783
"mb72" 0.676405930466122 0.650027289544482 0.181566297577288 0.266100771242378 0.119363674041385 0.070445399010452 0.114843059441837 0.101486154576733
"mb73" 0.62097649218338 0.635697078263018 0.181389582275783 0.159782553075153 0.125694889644829 0.074872244752751 0.108258882488258 0.0967996641811943
"mb74" 0.658820190018086 0.696087808989793 0.195141087136321 0.31421849921611 0.137151779217782 0.0944971211076141 0.134633301369528 0.116545358606036
"mb75" 0.637362689106908 0.709911193316 0.230813925825368 0.0961626086219412 0.153989656769065 0.0870983934466763 0.191889459326445 0.156985930953366
"mb76" 0.638933925788754 0.639642929522746 0.185565948992259 0.0855991065813228 0.119674727759517 0.0721748541813603 0.136284171682827 0.105225623406436
"mb77" 0.703703703703704 0.783823966696402 0.213605370739707 0.695904146855625 0.161884127989571 0.0787137944025458 0.0785589719117287 0.137304228816816
"mb78" 0.738041166133399 0.753178051874443 0.213774433046026 0.509171592448843 0.156497426243677 0.085596853299772 0.106849038214297 0.146996216740018
"mb79" 0.772914939891307 0.773945221358617 0.196354277280114 0.570219300534918 0.14469773470505 0.0976272070213861 0.104550758566028 0.118484965301241
"mb80" 0.814814814814815 0.836717487528982 0.204607061035725 0.814577725468118 0.165259398543385 0.0800551808076475 0.0682679575711612 0.154646470819128
"mb81" 0.700285204146305 0.688938485144372 0.190037446398146 0.536223620113226 0.139118741305591 0.0819471250743049 0.080136925652454 0.109960795462109
"mb82" 0.770990879065803 0.799643770082847 0.247126911563052 0.42322982335248 0.179907220208052 0.122621044760661 0.179665485842864 0.180376680413958
"mb83" 0.780211559018271 0.807433029143362 0.246277363712727 0.471451489830334 0.182485937324302 0.122809197449169 0.17077712619776 0.184039294707849
"mb84" 0.623620565470421 0.648271003346445 0.187695322050863 0.18853345805236 0.131955679366115 0.0686089820018177 0.106752510315459 0.106952027226041
"mb85" 0.636086258863628 0.640433066572141 0.186106726477117 0.0866131746897161 0.120527700755892 0.0724706669304249 0.138685050923871 0.103312788514502
"mb86" 0.625273774070686 0.688788664421192 0.214013013142937 0.144586418040145 0.141919920525104 0.086775872222151 0.172069880690066 0.138108958326646
"mb87" 0.637190186112871 0.685002017470201 0.212540487981795 0.0609021813526024 0.14067245408323 0.0761465616297995 0.173472924549391 0.132875620924673
"mb88" 0.793832059859098 0.788703767319363 0.192691720937044 0.679381642457206 0.143944429397531 0.0909688230658631 0.082904313826431 0.120222934873118
"mb89" 0.635737663896247 0.712272865290414 0.229114067372567 0.0722399439491433 0.15314120276618 0.0755232176526613 0.19088792055266 0.156548722214046
"mb90" 0.7625 0.753034081463009 0.188008136218766 0.762391765042122 0.143745620207538 0.0700841861745286 0.0461967723227682 0.11663639303263
"mb91" 0.640540550694919 0.645363988615712 0.188053416856785 0.110183533399286 0.122620822685035 0.0781524238848027 0.13670359594198 0.109751679491389
"mb92" 0.636577794275192 0.710245050876521 0.227309038731402 0.0722399439491433 0.152674734288896 0.0704130564458266 0.188993385426903 0.155207788086487
"mb93" 0.802469135802469 0.889976529852882 0.247408420753791 0.797365618347413 0.196453682515462 0.0967026448897071 0.118405941396834 0.209426465489867
"mb94" 0.617373176586839 0.612046497959813 0.169062638547346 0.122695894990143 0.115868727476341 0.0667870134237676 0.10141746792208 0.0820520890754293
"mb95" 0.725 0.829093491735537 0.238672837786282 0.721330901282188 0.187194617566507 0.092834012983249 0.106819697160748 0.167312287283966
"mb96" 0.667623473556574 0.627397713313805 0.168803222735759 0.222880189929834 0.11015064658697 0.0560064310874936 0.10603983929176 0.0823247424432485
"mb97" 0.633147577387741 0.676333477215268 0.205666891600103 0.0624125314686065 0.136141969049452 0.0764044695395347 0.165911074312531 0.126073321860196
"mb98" 0.672308641735939 0.706128586364473 0.219610211462906 0.157462431129494 0.146623645269123 0.0830698213837679 0.170238114091457 0.145754253487454
"mb99" 0.686678833102235 0.695379434133343 0.194719238072015 0.388304141014284 0.134548182997074 0.091923493757109 0.114437784141708 0.113556173720586
"mb100" 0.683544303797468 0.77371847544403 0.226823456597731 0.683313542749575 0.177292925310817 0.0853745222067514 0.0925125225570424 0.156540803166882
"mb101" 0.8 0.801613716591024 0.170562495780825 0.79987640300853 0.133760420913754 0.0628573334838436 0.0277386133612751 0.0899926594308072
"mb102" 0.865853658536585 0.928470307726697 0.207390595122092 0.864084565260681 0.167764712487657 0.0812442721048262 0.0719100549753381 0.158888476101927
"mb103" 0.817073170731707 0.8538889826219 0.18801672360603 0.812391835114396 0.149212283239297 0.0713231953976323 0.0492246121335054 0.13096081730068
"mb104" 0.72933866511007 0.760932372595109 0.244506340869651 0.361654678876671 0.176355373407189 0.125091585573265 0.182869661473717 0.170671068683759
"mb105" 0.620253164556962 0.70847190617889 0.203774307039858 0.619927010504981 0.148290244084577 0.0697348521373699 0.0650183543903617 0.104193382480223
"mb106" 0.787507791428733 0.800011899184162 0.242250966116999 0.459235140075076 0.176798001591119 0.117657792921051 0.166347405204044 0.180813099626624
"mb107" 0.642043479338287 0.652491315219763 0.188330445365034 0.18853345805236 0.131823816560294 0.0714982127546514 0.107469218590008 0.10583814911602
"mb108" 0.7 0.708542713567839 0.183572012628075 0.699937921215171 0.13991652018635 0.0663799319467491 0.0409858962193142 0.093603045316671
"mb109" 0.75609756097561 0.772752431406658 0.191040763915457 0.755894737995724 0.149849321611971 0.0706999171282754 0.0527655509455557 0.119991703991279
"mb110" 0.69887530866384 0.67408653905641 0.18515741921067 0.304734888963434 0.124385270208449 0.0761122504032345 0.112398424499246 0.117449320355489
"mb111" 0.839506172839506 0.852475532527346 0.200615610626961 0.839361595323097 0.162250711314107 0.0790416348256682 0.0635923286342819 0.150548772248812
"mb112" 0.74390243902439 0.762458329771775 0.181878817284888 0.743803778734468 0.143676128085735 0.0672092060375788 0.0420375549208385 0.108353851570909
"mb113" 0.75 0.628753127606339 0.142774333044941 0.749768795762739 0.106769890287192 0.0505131628521349 -0.00502026197684258 0.0513588892112624
"mb114" 0.782440116710129 0.76788659670595 0.202282549379751 0.631738988582129 0.154245250619034 0.0937926648170053 0.0941205634677699 0.137122015782476
"mb115" 0.625344131780522 0.627786652012537 0.179383907397376 0.0855695869063929 0.116803730931306 0.0635809707461583 0.133157216593422 0.0969623205153448
"mb116" 0.757550366748753 0.736212294098716 0.184201962067652 0.630152969426967 0.139760902841238 0.0839257997027904 0.0732600163037916 0.10817998168877
"mb117" 0.890243902439024 0.835938277750124 0.160282686844136 0.8901586480896 0.131876355195404 0.0640373467524275 0.0167500029562111 0.098084396381091
"mb118" 0.679299605134345 0.724581182869156 0.229340598640895 0.218679502675461 0.156979459261853 0.091325587243188 0.178064827076623 0.157792581698308
"mb119" 0.626259268115927 0.661167285834544 0.196544065899729 0.0616866577291741 0.129755520842121 0.0755196183808034 0.155860407685751 0.1170891532255
"mb120" 0.633441252952963 0.680378523572208 0.206409705303853 0.0623778145356119 0.136898077171865 0.0635801478091559 0.16704239717739 0.129275188884341
"tnt1" 0.619116530918527 0.685363298199326 0.209604643564151 0.120773139849448 0.140911662046829 0.076550347709384 0.168298259161501 0.136274956531327
"ufb1" 0.698950709122391 0.666760504241776 0.182230045996662 0.283539958640519 0.120801418163906 0.0781645515012598 0.115607143148111 0.105317173634405
"ufb2" 0.776029562925757 0.773503434739941 0.210501811733111 0.558962637258978 0.156683291877333 0.101095580977937 0.120503587262863 0.145423629618855
"ufb3" 0.630785519233326 0.702168127117533 0.224963463381291 0.132917558612351 0.152272991764634 0.0961120266115454 0.185167875664712 0.150991647833556
"ufb4" 0.637915693287562 0.632470674179506 0.18112069450438 0.17022258535025 0.121455945049728 0.0748994347371558 0.123409394060799 0.101838623129399
"ufb5" 0.725 0.605221674876847 0.147492006284692 0.724677855429416 0.111510566919806 0.0527352633029981 0.000510787055061403 0.0566468714928922
"ufb6" 0.755285359464826 0.660345997286296 0.147722393954969 0.662630521723606 0.108308881443602 0.0676467701819961 0.0309203937914331 0.0617502942987376
"ufb7" 0.665637882949141 0.62342964416094 0.167579143996294 0.243381559496681 0.110481241904397 0.0588966945260989 0.108740383940208 0.0790051416739361
"ufb8" 0.649485081374176 0.675066582233224 0.187389948442654 0.216717361874885 0.126459138496671 0.0771256265937532 0.13021762508 0.111704395533127
"ufb9" 0.621516811775376 0.688952653019828 0.210905822208532 0.0840379920273746 0.141885932636865 0.0671938910420937 0.170388420660028 0.140385132061929
"ufb10" 0.728570396393219 0.718583781129811 0.208372557865822 0.521449287925347 0.156578316170765 0.0864918883352268 0.100712516819632 0.134516665706494
"ufb11" 0.604938271604938 0.56957534094689 0.159542563632215 0.604676080668231 0.111652050669595 0.048118856614076 0.0153752358079299 0.0308784847431962
"ufb12" 0.644110466574813 0.680289984035175 0.206684446646942 0.180903850308049 0.140338230366626 0.0789091769316676 0.158640863649438 0.129327687571324
"ufb13" 0.679012345679012 0.656014654996947 0.161070620784839 0.678723190646194 0.117827144553478 0.0528493881073576 0.0171333246734921 0.0557427755261764
"ufb14" 0.658126801972208 0.620362982085582 0.166085519397383 0.24171455307922 0.106976438655669 0.0570430653715775 0.103251807279322 0.0805315350309359
"ufb15" 0.658070427477145 0.612194548104385 0.161169550260849 0.210461035317946 0.103561261846534 0.0522976086370545 0.10192772001059 0.0719059957739008
"ufb16" 0.660692378076221 0.60733862357984 0.163817890915964 0.240004990278462 0.10498095936699 0.0548978252875008 0.100678066776861 0.0773165658813613
"ufb17" 0.658740000159222 0.689536288656277 0.212607277677085 0.120095237881753 0.140820073118269 0.083069530230088 0.169541450022566 0.138032874415283
"ufb18" 0.628321636622132 0.638264927612967 0.184651065838497 0.133440282802061 0.121501924994558 0.068851146325218 0.138721082967605 0.101328826892825
"ufb19" 0.627126645782725 0.631919853433779 0.180789152415796 0.135030588823786 0.117427495548859 0.0670619143416468 0.133083998058058 0.0994988062746345
"ufb20" 0.633999797445584 0.632279314130679 0.176338690473774 0.181789248539614 0.113768753267419 0.0721506927638361 0.126449973003202 0.0964906486703193
"ufb21" 0.723137486935733 0.772893661039075 0.242688213241064 0.329836318621704 0.173348916502524 0.114924011468235 0.180903202554205 0.173041260034283
"ufb22" 0.651791396339976 0.67398131201233 0.1849670833266 0.327571092304549 0.128185018053802 0.0853517285775431 0.112213323065334 0.104910290000346
"ufb23" 0.613816422453686 0.599102386905409 0.160147750661628 0.159689942823196 0.107642664859877 0.0608165796356627 0.0968921068583857 0.0701073973946794
"ufb24" 0.690695004833254 0.653432683010068 0.170416731445992 0.487437969776325 0.118776238193195 0.0653905639668056 0.0578539557836307 0.0932763333036544
"ufb25" 0.647221100478441 0.674836346970365 0.189709122096158 0.1934257462885 0.129787758513813 0.0778948373935764 0.13852870877391 0.112430732533554
"ufb26" 0.637273463869542 0.632095608551028 0.180273617370158 0.172120227483496 0.121562441492906 0.0719879705203592 0.118586102877319 0.105465628890519
"ufb27" 0.731435568331984 0.709133697219108 0.19244220681869 0.395130572211468 0.134957682760385 0.0897127864243916 0.12024260687273 0.121756457857794
"ufb28" 0.706498988482443 0.7413172650431 0.234670583988423 0.265677127572388 0.164649482349523 0.0990663314171059 0.180702062749867 0.158810162567722
"ufb29" 0.646752534043883 0.685678712124897 0.210504151813466 0.192210348311422 0.143844518483327 0.0818516696337008 0.160526372996397 0.136109529040035
"ufb30" 0.628026588673994 0.670928499875407 0.201274766243431 0.0976623134110331 0.132574085056676 0.0643425351584376 0.161649355529836 0.123902884753963
"ufb31" 0.698887260866399 0.680046143650748 0.191699942426659 0.350885284630891 0.137474535362808 0.0760978774714463 0.11100234076832 0.117150853221466
"ufb32" 0.631075162063478 0.681170411788999 0.20725598791185 0.0965136076100137 0.139585151214267 0.0490456635988901 0.168324001312828 0.131754922834177
"ufb33" 0.764478601214093 0.763217309501411 0.204809512629277 0.619531145982877 0.155911688258645 0.0952439752943547 0.0969901560068808 0.139566718002778
"ufb34" 0.690610044999034 0.668804134749069 0.182293014081864 0.259038684876234 0.118759589805629 0.0735579824156935 0.120663635196635 0.100758331031617
"ufb35" 0.6375 0.530829656730873 0.149443177026664 0.63719866381077 0.106937547322364 0.0480697862609819 0.00279835986797592 0.0312162441475571
"ufb36" 0.65286346908677 0.611194312985483 0.165249722078921 0.253553956321657 0.108413750383336 0.0601097935751018 0.102218015019631 0.081322692921954
"ufb37" 0.739309698167855 0.741574081847778 0.189218346462405 0.509641965176237 0.140128592318702 0.0963735146633556 0.108556932289532 0.106301951166412
"ufb38" 0.716634102017035 0.730343395623702 0.191888661415093 0.436669389678639 0.139979478393648 0.0958347854560492 0.119875200368392 0.109867376453108
"ufb39" 0.658765134319453 0.696336760012164 0.213443740523613 0.193466168883046 0.141707551279289 0.0887012713940392 0.16915417071132 0.133245131845832
"ufb40" 0.625014403227931 0.636042373066927 0.183702680769098 0.158002489031517 0.121457948118031 0.0762631164228752 0.136140932949267 0.100083910952168
"ufb41" 0.626474464735523 0.633667372560883 0.181459871552517 0.159874184032534 0.118975510458307 0.0736363055580986 0.131929633617267 0.10082169960019
"ufb42" 0.735059636032874 0.756932180809865 0.240211553733807 0.361654678876671 0.17333158677534 0.118900269813412 0.178224485668734 0.166802003566577
"ufb43" 0.714562848771974 0.732209626684076 0.23166859954211 0.193106164383288 0.157432082645909 0.0841743072773356 0.177488388202586 0.159455068145698
"ufb44" 0.67006838414551 0.682869641744448 0.185366666972051 0.348368863570421 0.12897206673042 0.0887287732531567 0.11269409784265 0.101184621951548
"ufb45" 0.667046492037279 0.685949824194621 0.188468244827678 0.350453360368176 0.132467912847743 0.0901522057405554 0.122477505609115 0.110134429019433
"ufb46" 0.623784365975868 0.620817965599256 0.175699620170042 0.135030588823786 0.113851036086129 0.062613289839268 0.127698086776176 0.0942797637746168
"ufb47" 0.646825191203055 0.638304370751778 0.185804982901858 0.181104544056606 0.124317696371898 0.0800256619910624 0.128517339700634 0.115434451490103
"ufb48" 0.621863696237244 0.672459472880301 0.202014733470756 0.145023373332567 0.135556538719645 0.0758807033510095 0.155535260606681 0.123634169259712
"ufb49" 0.676934652143525 0.646623653611044 0.188423219544891 0.295364166958593 0.126072264701003 0.076153021267481 0.107255037187351 0.11903992262304
"ufb50" 0.756396648805699 0.744291569086651 0.184409977523117 0.612374731975561 0.134922407888171 0.0836253338517463 0.0734963201815198 0.106039560864668
"ufb51" 0.661436714051849 0.690925019795392 0.211271644613401 0.193283976018491 0.140065981119739 0.0873024296177874 0.163539623897294 0.132659463373138
"ufb52" 0.632708424666677 0.69772794534681 0.220131188361315 0.0602364867646605 0.145791877916647 0.0682869214978163 0.181837862854612 0.14485800289493
"ufb53" 0.700240160061486 0.690219911644822 0.184362073192497 0.365848048065797 0.126791553678659 0.0760444611500096 0.111532060375129 0.113384833349973
"ufb54" 0.674231205852597 0.62936536075164 0.175077962506699 0.247839699064401 0.114164230362395 0.0605581067019957 0.107650671432376 0.0948701575521693
"ufb55" 0.621054317321909 0.630178935396008 0.179965317045473 0.133415923735221 0.118608685299627 0.0589965214364496 0.135097286382504 0.0970860666019478
"ufb56" 0.708144307770377 0.746255974781417 0.239049816675175 0.218707004544092 0.163077389109402 0.0908325279164367 0.18539010456811 0.167355658311979
"ufb57" 0.656468405693987 0.634756942827566 0.182135879622438 0.218077007447526 0.12374786551477 0.0733405620542735 0.120584295052536 0.104688916095735
"ufb58" 0.665657716071582 0.650078744337486 0.19070214880356 0.208661225958994 0.130844434404114 0.0808906608663492 0.124884027394358 0.119812991234293
"ufb59" 0.625154478925729 0.626387855271592 0.180321478956248 0.124470214281542 0.118710593545773 0.06209321291311 0.135439366513933 0.0976543106351266
"ufb60" 0.637861452303088 0.707745425250316 0.21105331649322 0.428953288482297 0.153574144733303 0.0898342591493299 0.104080553141466 0.139741456332063
"ufb61" 0.646341463414634 0.537851336793654 0.153246229964992 0.646053386085324 0.113221781064628 0.0498604226336451 0.00851080614887732 0.0433424167508149
"ufb62" 0.634088444525478 0.640842467355144 0.186442571178806 0.159874184032534 0.121505736222069 0.0792603899088552 0.137183541161794 0.104670844324121
"ufb63" 0.627923418671086 0.636127357275332 0.18500575915944 0.124470214281542 0.122524658552408 0.066862908047937 0.140380137994368 0.101021829406397
"ufb64" 0.76625147193705 0.717993796721124 0.182370168922177 0.485585920968398 0.127836128055874 0.0728519652729917 0.0889296198484066 0.113682306548617
"ufb65" 0.606716518598444 0.603237410071942 0.163019177198701 0.145518481267786 0.107469639273312 0.0660146064491769 0.104088024733135 0.0801048901460353
"ufb66" 0.703703703703704 0.721381368578128 0.18556139428666 0.703385260666384 0.14560531468651 0.0678649441232689 0.0447543277279808 0.11961990370866
"ufb67" 0.765432098765432 0.62131949296337 0.141379879907561 0.765192685510344 0.108562316618178 0.0522305601307011 -0.00599774645820974 0.0553327932612941
"ufb68" 0.660678873649439 0.616514317180617 0.163748856436514 0.231246381391446 0.105656323943366 0.0558236100402791 0.107989156348722 0.0738311946941384
"ufb69" 0.768292682926829 0.825292059930038 0.214661996817544 0.768226336917943 0.168952533928876 0.0800777679550627 0.080424355661468 0.162830836660381
"ufb70" 0.834229308687512 0.845628621276412 0.238885754586776 0.658072671751543 0.182413964460174 0.103811671486347 0.135343968953058 0.19721624387286
"ufb71" 0.727693213156913 0.779184296051018 0.246588843391687 0.342259791332994 0.178041941062161 0.120798851548597 0.185102465631581 0.176137784565271
"ufb72" 0.651943281946537 0.679302501895375 0.184147200316654 0.311043050537256 0.128838814542024 0.0892537859329921 0.117805089855177 0.103644727303999
"ufb73" 0.753086419753086 0.669625246548323 0.148030560810437 0.746550943115914 0.113590255960323 0.0536709729094258 0.0017944888320438 0.0654937640968658
"ufb74" 0.666166802498798 0.624941885787833 0.17443254600646 0.235244426486524 0.111755090970784 0.062367177997031 0.107127725021415 0.093984090917242
"ufb75" 0.804878048780488 0.817626648160999 0.190806864326475 0.804679694447435 0.154830995959417 0.0749199232927243 0.0524916709545492 0.14574422644205
"ufb76" 0.737359255980541 0.68965887917443 0.16197268193487 0.562160992862236 0.112068609438184 0.0648215242325935 0.0476272222997819 0.0640255247701288
"ufb77" 0.700710146043008 0.73576770519552 0.233994986738815 0.222221712113436 0.162538944579112 0.0977080758989392 0.179996254919396 0.159508979291472
"ufb78" 0.692109172984304 0.712120228730011 0.221023374678065 0.216510073024472 0.150242743676453 0.0867005473196218 0.169207795117788 0.145619423149184
"ufb79" 0.625083425833863 0.680450115689409 0.208083850868388 0.144469494930754 0.137141589210397 0.0807882079316434 0.16477063439587 0.13183462922985
"ufb80" 0.703578037772442 0.686099136277864 0.172986700068751 0.496372915749558 0.123522015080332 0.082653767658728 0.0785138138072767 0.0868538387691992
"ufb81" 0.646340875978583 0.671830480847596 0.187583158695084 0.193685210632323 0.128698224356398 0.074909795690243 0.136268463118719 0.113383983794851
"ufb82" 0.629284719934136 0.705252398268195 0.225300324509999 0.109006410161131 0.15298985343409 0.085222022896009 0.186096843612748 0.153848959469682
"ufb83" 0.725 0.735748626373626 0.182721292354118 0.724845468724526 0.134714391355514 0.0644425413525939 0.0399866008084323 0.103775676474325
"ufb84" 0.603195741070152 0.603430739374879 0.168023986664933 0.171672310912198 0.116617396642163 0.0585237557246183 0.0937930065235547 0.0838329355603994
"ufb85" 0.628618690593652 0.62664278687284 0.181603964436003 0.205815275604793 0.123984747715615 0.0573773647241198 0.100193110719538 0.105773058180802
"ufb86" 0.652263292407277 0.679135748978163 0.189238862698528 0.228747905496692 0.129601731674803 0.0844883350126056 0.132196622299412 0.113065923426783
"ufb87" 0.627916650779336 0.666464077128335 0.200168384564193 0.0878928313278452 0.131300286356919 0.073349395354224 0.160132730515233 0.120413547141453
"ufb88" 0.709137097612633 0.691011680493758 0.184444082344003 0.382832190766403 0.130325204484369 0.0796792756748133 0.111533623091687 0.114888593973572
"ufb89" 0.751525408816543 0.756909034943323 0.198616901111108 0.513479792455768 0.144390524927748 0.0909600057117408 0.107033064596842 0.130800343393023
"ufb90" 0.76035781408352 0.69623701207526 0.19250706449587 0.473408272586471 0.136968488864657 0.0764274641289877 0.10023955074213 0.126422686605051
"ufb91" 0.601543692316114 0.600557980546084 0.171391274728529 0.227854391749711 0.118707443930736 0.0650039815347404 0.0889645023715816 0.0901846069331369
"ufb92" 0.733581469511989 0.713552218922594 0.194592433050762 0.528105880016077 0.140932806588177 0.0759441735140763 0.0851177474763825 0.10496734744173
"ufb93" 0.588021771112381 0.572674106663805 0.17256072044257 0.359744740845337 0.122007830637021 0.0600905067595032 0.0600201406231719 0.0872920540806154
"ufb94" 0.595109810523108 0.575686234833568 0.1533289562339 0.157746106527419 0.103220090725803 0.054971337482837 0.0896194651900139 0.0629193120572491
"ufb95" 0.623384723695271 0.632754911878324 0.184218439890828 0.124458888335398 0.122077161800845 0.0653018575029686 0.140628784345964 0.10000083562145
"ufb96" 0.626936932291662 0.690013427719337 0.213980071863251 0.10788533171301 0.142873705168667 0.078203041209477 0.172902349131975 0.140532449717558
"ufb97" 0.761802452436444 0.709026642636601 0.178892005175659 0.504057213864651 0.131581147834239 0.0719679848301707 0.0848893849568695 0.115092132775457
"ufb98" 0.782634804655237 0.787785101790818 0.190869694666456 0.63733916338303 0.142025699678492 0.0888699005607503 0.081082098299391 0.120589494306715
"ufb99" 0.592210862572619 0.581071453920752 0.151406017837526 0.133285116001078 0.0984106812530202 0.0526365662656212 0.0950183277459147 0.067378387681568
"ufb100" 0.827160493827161 0.898992839261804 0.24493744978625 0.824968925571448 0.197486866179995 0.0959651017202364 0.115797893664184 0.21086253302678
"ufb101" 0.71488247874503 0.688736567990661 0.186336254038393 0.524080922487773 0.135676043167288 0.0789113865340225 0.0759335335725924 0.105597100686034
"ufb102" 0.737871025436346 0.72434580810371 0.183395177617652 0.58507875971373 0.137099992141666 0.0825747816817256 0.0725933944683295 0.116934389551346
"ufb103" 0.62710999549093 0.624222521291355 0.170679775821759 0.148963048654258 0.110696203531222 0.0571690259104154 0.122294901644655 0.0885038320136496
"ufb104" 0.631452848671566 0.63382720107696 0.175361429794404 0.170768485416016 0.114361313947203 0.0588886841943368 0.128830777114301 0.0908175408806966
"ufb105" 0.638048166264068 0.610809321999823 0.165981535418448 0.193101620318432 0.107071714510092 0.0589149582056325 0.115376276216103 0.0809565558020838
"ufb106" 0.720834743963875 0.692476269864745 0.20223386904789 0.435219881941216 0.145259788346486 0.0892455700677155 0.110711369221358 0.136442187339705
"ufb107" 0.678085962082215 0.666008156399448 0.176561516559479 0.326840632080025 0.121788713531287 0.0801304697269309 0.109664527202551 0.0955857845010289
"ufb108" 0.63399381814852 0.636784301297827 0.183442044833889 0.161614958272043 0.120166410594982 0.0767844598980944 0.129179643435554 0.109479059544846
"ufb109" 0.731611230687875 0.747746570868713 0.234200973098621 0.385399855793725 0.170150135224497 0.116593916027436 0.165607091980103 0.164052940985739
"ufb110" 0.621456575048565 0.675152443061042 0.2054955892358 0.0965775042353033 0.136491552132581 0.0757161108762717 0.163094801519546 0.131898345725218
"ufb111" 0.618879687403619 0.680561216948044 0.20834815114401 0.0965540450352933 0.139699229416173 0.0782522046716242 0.166973668743575 0.135565284637791
"ufb112" 0.681596646068501 0.646823125357756 0.161542736670845 0.419267058000844 0.107898277248469 0.0721995344141775 0.0657357870614782 0.076160831754677
"ufb113" 0.682496074952943 0.664623129859321 0.163979565384355 0.380687789674174 0.107562550003413 0.0722977436538922 0.0804746901749794 0.0763820455206623
"ufb114" 0.624160340411382 0.662157564441678 0.194618430270107 0.0878928313278452 0.127936296977123 0.0615671184735082 0.154311057534843 0.117130953061933
"ufb115" 0.687593760829209 0.666462622543293 0.175497390066926 0.345484776687225 0.123322542747471 0.0748104223635813 0.108329210922296 0.0970618146477378
"ufb116" 0.623027860235471 0.63071575337175 0.181760159261594 0.137048901106407 0.120409214277211 0.0675679833259473 0.135627429315024 0.0976423215635149
"ufb117" 0.7 0.724015468392392 0.195741023618011 0.695904146855625 0.151944132789229 0.0722198541972161 0.0562724937372633 0.121669595870193
"ufb118" 0.719119597312016 0.728274515274097 0.186077551124653 0.44835786250663 0.131738271966534 0.090116847687762 0.105103671823264 0.107126353580008
"ufb119" 0.681013719815576 0.724638275302793 0.225467324048088 0.206548999547021 0.158020391423512 0.0830560387252071 0.170849819091981 0.150055929464553
"ufb120" 0.663923508723543 0.698900044392827 0.213334188706928 0.194267629928098 0.147868337842921 0.083407287777796 0.160993431731603 0.13735784437606
"ufb121" 0.663595967654496 0.689951848461936 0.209264097794698 0.174209221893288 0.13949262045788 0.0869364087658249 0.159237443765863 0.131342534986262
"ufb122" 0.657988170250821 0.682683601749732 0.206957469822375 0.144304612537665 0.135203010126629 0.0798741412816635 0.160771788126793 0.130546617005395
"ufb123" 0.630468296336922 0.618088329245925 0.175496338695204 0.145667853515961 0.116202119703096 0.0685140239009271 0.120663134894967 0.0953252289184507
"ufb124" 0.625532590780105 0.691405872319466 0.213616455571318 0.0617010267517106 0.142829653020157 0.062176181551884 0.175001784371913 0.139364263962339
"ufb125" 0.57501803660384 0.586696006459686 0.160979553890551 0.0843716041921068 0.105125060971899 0.0493432335895016 0.117100550109648 0.0860457643777423
"ufb126" 0.717309636165581 0.698052165910986 0.189803630333424 0.358374733137941 0.131228866551756 0.084628840882146 0.123725150457151 0.111840450826708
"ufb127" 0.706353008817844 0.686982297929192 0.195946413197165 0.345267366286114 0.138555224957351 0.0802995212956949 0.115558819402608 0.126295098598546
"ufb128" 0.633175368577673 0.696282678887616 0.219750052575489 0.0961210576717188 0.146108305486483 0.0805740569288774 0.179686773289258 0.146607274325761
"ufb129" 0.571616338998142 0.586413140199113 0.158525897417044 0.0843274462268485 0.103162027963634 0.0419786179652602 0.115297030257461 0.0848614825586564
"ufb130" 0.6455332525873 0.676041609057864 0.187956875998924 0.242329755451809 0.130453675958274 0.0863411301622344 0.134031244243579 0.11059494401144
"ufb131" 0.65581353407411 0.698666017889762 0.211274404032466 0.158388150056588 0.141414328355509 0.0761658921613942 0.161374933927326 0.140263044723562
"ufb132" 0.625416003337015 0.688133475653337 0.210580415823326 0.0731108924658865 0.141665514465033 0.057042400836065 0.171812116327887 0.13618598179198
"ufb133" 0.628217599845964 0.665474335007059 0.198370207057521 0.0965868174024845 0.130097030637967 0.0696736549905489 0.157777303908889 0.11923041591292
"ufb134" 0.62307214225091 0.652499625487866 0.190783365771893 0.0977471075165297 0.124731517602998 0.0681969535054594 0.149210995860781 0.112420565151948
"ufb135" 0.62379482261406 0.650250006595723 0.191682076293638 0.0965663664814112 0.126583843277658 0.0748024968018311 0.15015587637542 0.112905606823055
"ufb136" 0.707317073170732 0.70468109585101 0.179524518884657 0.703385260666384 0.142154104442998 0.0668706214593426 0.0392808368458389 0.110887193927412
"ufb137" 0.726158068040541 0.75638011339117 0.229494970607398 0.377910341073376 0.165608948708069 0.103960066014282 0.15234842123025 0.168552314279073
"ufb138" 0.719437177997818 0.707099611998675 0.190877083929445 0.375053144752933 0.131414137064371 0.0839223689389054 0.118531000650083 0.118452886770853
"ufb139" 0.696526955337351 0.691729969080429 0.174702187537102 0.399349631018726 0.123038845690522 0.0790136049244599 0.0925966189458797 0.0903077455550075
"ufb140" 0.728227090512538 0.726056236481615 0.184937420566724 0.585009270450128 0.135378955792312 0.0835362031725922 0.0743448980831773 0.104206889905502
"ufb141" 0.676499505604572 0.643829070301731 0.178839786488134 0.326877249017557 0.124996784918728 0.0745184110323209 0.105459098412161 0.0954408153262961
"ufb142" 0.651610333044203 0.68201143527342 0.185321601828528 0.326007759788356 0.128698648116196 0.0892075189076025 0.119074989323125 0.109101101681377
"ufb143" 0.783490030205356 0.769133736987465 0.202459864473817 0.546784988877051 0.146604735799058 0.0929114427868721 0.111315210329168 0.137125754281247
"ufb144" 0.691846965072909 0.734440348135674 0.231595661923376 0.230034061061169 0.162094781655088 0.0886335739158372 0.177410307262109 0.158905416789771
"ufb145" 0.644599317714364 0.629911375941442 0.168059044783067 0.389668491662015 0.11768335367365 0.0736860773504637 0.0731699252470396 0.080918385187053
"ufb146" 0.634531116937679 0.614817208798312 0.160606156333608 0.349477061296109 0.108390561798387 0.0732389091213917 0.0770982301456908 0.0746203206020299
"ufb147" 0.665599654481749 0.656472515423333 0.172515331341188 0.36300299540205 0.118233014204987 0.0817671749138381 0.0987754490898733 0.0933325993121657
"ufb148" 0.653624577577414 0.625977813942153 0.168846133631147 0.230675089131828 0.111715628284152 0.0586320215266196 0.106220428022229 0.0862496416370803
"ufb149" 0.628587825044678 0.629700342465753 0.181249682372317 0.137057023902706 0.117975410851684 0.0682794809572289 0.133497421616126 0.099126768124969
"ufb150" 0.573170731707317 0.586390217969165 0.179012976833644 0.572785711534897 0.127434257068427 0.0552240371655604 0.0386818570317204 0.0633519282205041
"ufb151" 0.639663334255673 0.676585686556884 0.205002598893127 0.168136891979082 0.137508160307861 0.0808164891225414 0.160238297392804 0.128713623359631
"ufb152" 0.667869739145046 0.586715905116547 0.152046529690184 0.384724614149784 0.10548693366338 0.0657811195654474 0.0668883189552007 0.0606112811572066
"ufb153" 0.613973322446339 0.634175944870219 0.182793178953266 0.121126266300965 0.121669131463302 0.0668626509776846 0.14004678922246 0.102376030107899
"ufb154" 0.700046030502425 0.662138888888889 0.166658235845356 0.560581700649876 0.12206721375416 0.0703023746567547 0.0535854852194683 0.0905624426943073
"ufb155" 0.627512692104649 0.637358433277668 0.182472989417982 0.109677150359532 0.118999719106138 0.0639342495928887 0.139731719908625 0.105223841889497
"ufb156" 0.686663521209112 0.678183323098283 0.198289488423819 0.472478211773833 0.145978208327687 0.0753837396106674 0.0892581663782355 0.121891759867705
"ufb157" 0.696631924866701 0.673721612853391 0.194819114771383 0.468057778996064 0.14048969519638 0.075673599227283 0.0849554400651241 0.132340271236922
"ufb158" 0.66698531500055 0.680254457185904 0.187326992257887 0.335917348645237 0.13084666228142 0.0864813017525417 0.114783888824232 0.108353232057823
"ufb159" 0.645641276192819 0.628914391469416 0.180530391807378 0.158954354065717 0.118600686311489 0.0725580858873181 0.128733219415952 0.102769993504485
"ufb160" 0.696702070810217 0.695734876493597 0.199050478339213 0.484231195324931 0.145160384341428 0.0795540701063148 0.0898758090667999 0.119299732013263
"ufb161" 0.661695147761361 0.658429233626274 0.18119550784784 0.422738239452373 0.129113973477359 0.0795722900856752 0.0875073722408958 0.0929693445989463
"ufb162" 0.606654290126797 0.609683108985713 0.168004306152278 0.170025082732957 0.111922117666251 0.0710297297673702 0.105399091770591 0.086972358888251
"ufb163" 0.638488922853414 0.628485657541998 0.177674244504414 0.181842971734693 0.113733538202971 0.0736301622127207 0.125612627716203 0.101348083318998
"ufb164" 0.621069460707388 0.67519179775265 0.203427324260687 0.12385136306195 0.136249462780518 0.0767630599472661 0.158574323013051 0.126221130365977
"ufb165" 0.616843642444977 0.67726091024787 0.204854138953104 0.144469494930754 0.13736817850838 0.0796974172019227 0.161364275986531 0.128713995776152
"ufb166" 0.646341463414634 0.618418688230009 0.170835534794206 0.646054753472535 0.126924905122283 0.0597134233665541 0.0291066467375741 0.0744245745018227
"ufb167" 0.654972851833956 0.692571319207839 0.216836325757158 0.191905765558717 0.147726167328176 0.0833297445612593 0.164694352179663 0.144236173780225
"ufb168" 0.609787237435534 0.671320300744622 0.199238568324409 0.120700700640182 0.134766117390494 0.0701910335301609 0.156507017607237 0.125914579322459
"ufb169" 0.635449768386549 0.700243498761669 0.218270898566319 0.0840915237088503 0.147663754020297 0.069878233267114 0.178711695349283 0.148428703553126
"ufb170" 0.629802113221902 0.63616889307497 0.17626020793215 0.168798597088516 0.116148452167629 0.0588706541820417 0.131132070026148 0.0924960314280266
"ufb171" 0.585365853658537 0.535601944523878 0.157986268191342 0.584998358013846 0.111190916084896 0.0501827158254335 0.0140610580003361 0.0407457085058094
"ufb172" 0.714498805527074 0.685310821181888 0.170239737301404 0.562162630652934 0.123959932115361 0.0735829048031343 0.0576529460242799 0.089102350182656
"ufb173" 0.630573287646344 0.671970394712986 0.203398110005453 0.0868202017061961 0.132956159312195 0.0695546078866514 0.163522723047809 0.123592783573664
"ufb174" 0.648428549349265 0.638681466697473 0.184331790226747 0.185797208429069 0.122760212074471 0.0776811469773794 0.130121077026558 0.109177619953414
"ufb175" 0.634603721228252 0.636187441148069 0.17661291197611 0.150836382767405 0.114103674376903 0.0631232112105965 0.128595547678087 0.0946208412611308
"ufb176" 0.614053219071536 0.669066012239091 0.199882314794239 0.12385136306195 0.134183655665712 0.0777971433991662 0.154824558530122 0.122098470678251
"ufb177" 0.697502112808072 0.725006279991817 0.222947741033828 0.206535959000212 0.155305597900117 0.0790762178747618 0.16815256334416 0.151465705672185
"ufb178" 0.719654520175159 0.696813288874678 0.189419990236395 0.404258712617257 0.13252734364234 0.0808152082116969 0.0962700168109539 0.112445349982482
"ufb179" 0.61098881405535 0.607331302199967 0.166371711798406 0.184505976500455 0.11233789201993 0.0671615551308369 0.0984358569657978 0.0798032251586225
"ufb180" 0.62663802948854 0.664151002035668 0.197477589207409 0.0965798998376871 0.131159253132077 0.0634598872731433 0.157311903054754 0.121127600541729
"ufb181" 0.619268723883665 0.648522185503848 0.188173172376282 0.0977487291653789 0.12381491411429 0.0617640917581004 0.147065647019627 0.111268410664701
"ufb182" 0.68966885830767 0.673822726282814 0.190721080259202 0.338668658305022 0.136799815799826 0.0740992956979552 0.10992575272725 0.114751738674343
"ufb183" 0.652747270264033 0.686393827728345 0.204730004064454 0.10925218690759 0.133828898992357 0.0671201933620872 0.156593752588666 0.132306757662012
"ufb184" 0.691358024691358 0.609060219971687 0.150646490898148 0.691023775697592 0.112187666768244 0.0508137627237818 0.00485942955675642 0.0476140895980573
"ufb185" 0.79746835443038 0.681444332998997 0.144161904976894 0.797240754492731 0.113082021049104 0.0546360828239774 -0.00403904630934333 0.0678345765209072
"ufb186" 0.682732766916367 0.65161648885131 0.174645306312374 0.29592892224986 0.116872176406933 0.0673647558347656 0.107407712088177 0.0983961362887357
"ufb187" 0.707317073170732 0.718430760499432 0.185442007053823 0.703446160583779 0.147248700748875 0.0676326146483489 0.0462097998833783 0.120087238632754
"ufb188" 0.724112950193847 0.772956232589265 0.239583370069259 0.378899820884194 0.175582168862323 0.121307200084376 0.171446002982634 0.171620725937143
"ufb189" 0.620596913356501 0.697044032360505 0.219672120891845 0.0961210576717188 0.146156342775439 0.0814501182372048 0.179604840068904 0.14795830654718
"ufb190" 0.698988621593851 0.661468048088528 0.17587794078918 0.386812399649627 0.123168891382039 0.0702680855674772 0.0813447219221829 0.0920888875541572
"ufb191" 0.673055642763765 0.65407566042412 0.176385599902674 0.327154448902247 0.125259736939739 0.0806415107587021 0.103018188234216 0.0974930272909468
"ufb192" 0.626873413209035 0.659291380275187 0.183674887805572 0.205046323854701 0.124914491268799 0.0809583518261993 0.129476064962329 0.106183597968663
"ufb193" 0.664593944465369 0.635968783758377 0.170624566732846 0.231465168642312 0.108959137712149 0.067391305173885 0.112145842035679 0.0852811187083197
"ufb194" 0.598165953453865 0.58844817476085 0.169885632050896 0.131832043926191 0.109568076975831 0.0564004370457649 0.117354739681368 0.0892197472774158
"ufb195" 0.648536574148396 0.687218842001963 0.205069732082977 0.169681456385148 0.13777101365024 0.0760303752799939 0.161591644281405 0.127276104780499
"ufb196" 0.649364232950134 0.613703289091404 0.161847701958488 0.211545177779922 0.106407123074692 0.0551453398870068 0.102653765710847 0.0750564785170373
"ufb197" 0.630452231581239 0.696475039428973 0.219107884434549 0.0961210576717188 0.146236824745424 0.0805534053432007 0.179011631917542 0.148099203297745
"ufb198" 0.657397832780145 0.691857618219962 0.210330956651663 0.193386651481591 0.139329508966188 0.0870316379577085 0.164341742084858 0.131218250287851
"ufb199" 0.670984037972483 0.638072034884623 0.17321145949678 0.389747750911609 0.121707620017228 0.0737490189245801 0.0789100115888933 0.0888554702249244
"ufb200" 0.663788915016847 0.634279326102732 0.178396299729251 0.236767603976962 0.117699318547993 0.0704207952308389 0.11141462585163 0.0999476715010061
"ufb201" 0.650391210500649 0.614963934144964 0.161966299670788 0.217344883910398 0.106320985117249 0.0551715406297044 0.108843507616187 0.0730663427614904
"ufb202" 0.62172409527893 0.671810732026106 0.20205127171542 0.12385136306195 0.133715535193449 0.0788228805355375 0.157115657898731 0.124138261407286
"ufb203" 0.750431626430577 0.722019152342688 0.17647809883145 0.579907543463272 0.131088123692222 0.0721953816382505 0.0643904674366323 0.100618449471169
"ufb204" 0.672919680300667 0.641195259172787 0.161063713839179 0.399522589337499 0.108610790558711 0.0676655626994378 0.065162394578511 0.0746865231531614
"ufb205" 0.697509341364054 0.633092958810933 0.169388048380191 0.422030508388335 0.118856550066611 0.0688987072448595 0.07411038830735 0.082061011663451
"ufb206" 0.72296468476075 0.640403481842364 0.173682938737997 0.385487470256475 0.117363929564325 0.0691018451977559 0.0909476757683623 0.10091868456272
"ufb207" 0.621158937934486 0.679591996001345 0.207674322747295 0.0617109010905046 0.137819079271124 0.06817023479404 0.168814083005261 0.13129259268966
"ufb208" 0.689224355546372 0.652952886529529 0.172221009400908 0.329124905333541 0.116329240333818 0.0660938462632167 0.098306895657754 0.102931302039029
"ufb209" 0.719512195121951 0.714670372622253 0.175821207692988 0.712391694969848 0.13928407026519 0.065221469945643 0.0349445195385588 0.094726283285344
"ufb210" 0.725375741701924 0.759413659055143 0.231344163359167 0.35402962294935 0.16473623002417 0.107612145418422 0.16249439308336 0.165841764944899
"ufb211" 0.695121951219512 0.687718990889979 0.17525594440148 0.694838342537035 0.135635833425107 0.0626201583998539 0.0342826359248752 0.0863250003310628
"ufb212" 0.759639592918963 0.78434247871334 0.232718235094947 0.470001243910451 0.173727757642546 0.108979355684636 0.144518188957801 0.169253678284675
"ufb213" 0.716633277673942 0.746299356494352 0.234960432533835 0.337076157243847 0.168422820352014 0.11577214586337 0.17254495362777 0.159532772847289
"ufb214" 0.626387135214137 0.666888054752751 0.197236138772432 0.0965798998376871 0.129492096109755 0.0584995613604703 0.157058368194144 0.120239876933315
"ufb215" 0.654730029260989 0.620006119416033 0.176574827928455 0.268143861531197 0.114257260273908 0.0769199934476329 0.114569492462793 0.10898291912832
"ufb216" 0.597560975609756 0.536635986284064 0.164121045939079 0.597209637105584 0.118396997374767 0.053415980994417 0.0212444518732779 0.052405032417383
"ufb217" 0.671274780346649 0.65986995968374 0.172403056074439 0.254088070147472 0.119732962182677 0.0679836764749587 0.114218711576065 0.0936188133109482
"ufb218" 0.629986931726967 0.702201171205337 0.22312737271937 0.0609687019570314 0.149508635606562 0.074279048204978 0.184981582936652 0.150261633308612
"ufb219" 0.670731707317073 0.681707740367928 0.177025809358384 0.670536104184041 0.137284745512968 0.0618807294792178 0.0363550234848071 0.0851415453168649
"ufb220" 0.638355075207208 0.619254262079156 0.170455862048582 0.217369421990664 0.110403554743073 0.065640212976011 0.107951446109434 0.0910525583335757
"ufb221" 0.635364025612531 0.619924141352207 0.165576441624697 0.217523234375421 0.108699275016692 0.0629404667500744 0.106752081467677 0.0822676199010287
"ufb222" 0.584637554413066 0.580834613789908 0.156253381850344 0.108718059878384 0.102895620791237 0.0533031226591832 0.10870521407215 0.0744934726180403
"ufb223" 0.648618888333545 0.608299209599086 0.165275321602423 0.230675089131828 0.107119201165113 0.0577060916634451 0.102380562774908 0.082399759288499
"ufb224" 0.651346184501409 0.616708892934997 0.163717543700789 0.232177997849372 0.107703296678164 0.0589170248155337 0.107955755736925 0.0759258054135344
"ufb225" 0.601767226694242 0.588452757616457 0.166401351232456 0.122940494309958 0.107304521183138 0.0532386374797139 0.115872839981272 0.0837177827159476
"ufb226" 0.608822312068418 0.597138354668768 0.169102722898297 0.133349096027913 0.10903725381538 0.0545027716257648 0.120615861129003 0.0843541055623246
"ufb227" 0.610458476564174 0.599611116655346 0.167739089337687 0.11963420035497 0.109288003641829 0.051557392217474 0.120792474036149 0.0823742663505859
"ufb228" 0.746329264428941 0.665444166963967 0.185718204765853 0.447746533107548 0.131717710134501 0.0722288033456394 0.0921634879299043 0.119758388165364
"ufb229" 0.622077147124933 0.619868404700424 0.167630147017434 0.169467030518728 0.108754675921319 0.0565345732575536 0.119115746309489 0.0877102780044507
"ufb230" 0.652867429981893 0.689010689432527 0.210355777650883 0.132127870200863 0.138994602606951 0.0811110046645758 0.165892330197186 0.137061650768068
"ufb231" 0.630950609212477 0.618488305182277 0.175779438644446 0.243091208578205 0.122436738509715 0.0604080451982011 0.0936734121617014 0.101187026912846
"ufb232" 0.686602621049599 0.676930108867282 0.193538800362936 0.328661919449653 0.135962497810345 0.0778074369214695 0.113024783282945 0.119878755685792
"ufb233" 0.627883276087229 0.676531831403116 0.204769998607425 0.0965136076100137 0.138077032694808 0.0471605615191158 0.165715924044559 0.129389124145977
"ufb234" 0.615812381153133 0.674386413107233 0.204446933857028 0.10869508616397 0.135627114905488 0.0772458880068243 0.160930789365056 0.132028657298007
"ufb235" 0.67402221761856 0.64439099811029 0.182676902881428 0.29042460469072 0.119170950567771 0.0694709021927622 0.101194903472422 0.105904306563523
"ufb236" 0.734419835055818 0.70868414491475 0.18251977657083 0.423724922585121 0.128279178934258 0.0834049085848382 0.101191948551476 0.104422566385203
"ufb237" 0.651821937115426 0.685688296601532 0.206087676351568 0.0962809462822037 0.136856271487449 0.066352134075792 0.163721955882962 0.134729095654052
"ufb238" 0.639596389273078 0.67270484086012 0.202124951943565 0.148110449913678 0.135049551353277 0.0786710468535988 0.155651898867837 0.124572667396472
"ufb239" 0.630692076502024 0.676739446232764 0.204967795548772 0.0868320601267419 0.134663090678148 0.0613349882808513 0.16552453452498 0.127591846667921
"ufb240" 0.601886007855034 0.587407715466834 0.162810129280837 0.120908943833074 0.105713561369699 0.0502034022799471 0.113983073202572 0.0788769407283103
"ufb241" 0.658536585365854 0.629759478189971 0.180983234253563 0.658324825092303 0.137024928471438 0.0624632382023792 0.0409888900914888 0.0976122418248582
"ufb242" 0.65016678700458 0.635326871138407 0.186568789828132 0.305038247806477 0.121799097719912 0.0778310232885226 0.105474787199114 0.110308729806101
"ufb243" 0.620880528756204 0.623473959432684 0.176737643356697 0.14573180419671 0.115432750338183 0.0642240344120567 0.128770076057664 0.0946438418134182
"ufb244" 0.72944764052624 0.591566100770437 0.141850284024504 0.592789826728115 0.0977579725539797 0.0579383315936039 0.0245273121905871 0.0531130503991671
"ufb245" 0.626670248038174 0.631510631668574 0.173185133049884 0.168798597088516 0.113425099029165 0.0539085647676446 0.127888528833654 0.0896092231945606
"ufb246" 0.618462544557476 0.633250282587965 0.179820428787884 0.108781914734872 0.118186054222602 0.0569106360502279 0.136039381982489 0.100628367841275
"ufb247" 0.616383157319149 0.639152972900839 0.186917162719045 0.111889554847111 0.125306652431382 0.0663884660216502 0.14512110146879 0.105748197361966
"ufb248" 0.62026833099516 0.614214151040146 0.173193544104199 0.125986502205124 0.112467602089799 0.059300585305182 0.126600813753646 0.0915808282149522
"ufb249" 0.620214418480494 0.664793507172034 0.182620532543644 0.216714544600404 0.125075484455245 0.0797708580510408 0.125112650215769 0.10751697390886
"ufb250" 0.626661269469885 0.659832947209357 0.186496681175484 0.193004771413785 0.124957075211476 0.0805254706499396 0.135122585957796 0.110991768819473
"ufb251" 0.608378022484812 0.662896539352875 0.197277161078774 0.144469494930754 0.131361666290656 0.0793494102559444 0.153372881405029 0.124614126830068
"ufb252" 0.634146341463415 0.502439024390244 0.144259768136791 0.633661627247865 0.105865044815865 0.0476603822704386 -0.00201170949725831 0.0441591462340587
"ufb253" 0.6125 0.628248676830713 0.188571493639345 0.612354341330525 0.146661821139602 0.0651641554540911 0.048041374307145 0.0949821299396107
"ufb254" 0.621271679012068 0.65447512920066 0.192108287382363 0.0868074865687607 0.126893011101718 0.0625061912436018 0.151669184337208 0.115642364794597
"ufb255" 0.643345062665182 0.664016031776906 0.182854260834415 0.180251839323715 0.123005961942447 0.072587975878011 0.128589777929153 0.109017402418847
"ufb256" 0.687854498923639 0.669357008340059 0.188523745893106 0.338583249247943 0.13257781391091 0.0748620522233804 0.107509044860282 0.116371147121673
"ufb257" 0.589541969381178 0.580720938870211 0.157845301717678 0.182256845394786 0.108618800416012 0.0597031669592557 0.0892869471401618 0.069813056140925
"ufb258" 0.662180024461141 0.655291896494281 0.178669689628583 0.255339452204165 0.11952125137985 0.075773961758959 0.116779912457432 0.105245234988204
"ufb259" 0.667386519464524 0.631630717073853 0.171933896229681 0.238438652926039 0.114843619045171 0.062524579735605 0.109482278058743 0.0881091578473962
"ufb260" 0.621884399362649 0.620179941217164 0.174543928350001 0.147456233635505 0.113307636605737 0.0630550902091355 0.12459520352515 0.0945405616163226
"ufb261" 0.643327302420763 0.608421986393848 0.159831987931817 0.218354196034829 0.104340223796232 0.0534894345377308 0.10060266100517 0.073670185395375
