0.1246181 NA 0.1511582 NA NA
0.1901361 NA 0.1316197 0.08348004 NA
NA 0.08944328 NA 0.2623943 NA
NA NA NA NA 0.1202136
0.0785259 0.1507656 NA 0.06757813 0.277664
NA 0.2915436 0.2226558 0.09886139 0.06669117
-0.01096791 0.2733066 0.06488277 0.0782276 0.1488222
0.1284009 0.01316076 -0.03144101 0.07487337 0.03750753
0.06488857 0.0942629 0.03029221 0.1447897 0.108774
0.2922983 0.3597095 0.03643155 0.08208459 0.2336084
0.09319976 0.04695167 0.02020902 0.2262279 0.07876019
0.09544002 0.06989461 0.02763795 0.1404693 0.1567489
0.2119009 0.06898485 0.0601584 0.03568149 0.06440054
0.05682267 0.07435736 0.1216571 0.0757755 0.1424627
0.1037114 0.03158841 0.02927958 0.06040705 0.03611519
0.1258304 0.09198655 0.1580136 0.05753245 0.01736835
0.03581738 -0.01973332 -0.01231473 0.001128846 0.01456058
0.03507961 0.004292192 0.01349126 0.06127052 -0.003136977
0.01836354 0.05355353 0.01854256 0.09305984 0.07862595
0.0130164
