NA NA NA 0.3013737 0.2329282
NA 0.06223495 NA NA 0.1357549
NA NA NA NA 0.09756056
NA NA 0.06229296 0.1128449 0.2940434
0.1707068 0.01778596 0.08431611 0.05351006 -0.04004878
0.08837326 NA NA 0.06190777 NA
0.02217636 0.2266143 0.1127392 0.04735852 0.07234262
0.2592218 0.07232464 0.05925866 0.1068463 0.07686603
-0.00126357 0.2272976 0.1545336 0.1101523 0.1380262
-0.02296891 0.2569531 0.03974982 0.2225135 0.1373619
0.1030978 0.06247945 0.1514798 0.1109865 0.0488165
0.05299275 0.1586612 0.1862876 0.151428 0.1672746
0.1169102 0.06422312 0.08913462 0.04858076 0.05852695
0.0799932 0.119532 0.09669752 0.194162 0.03874654
-0.001866715 0.03869022 0.09104892 0.1947279 0.03577576
0.05309124 0.03815107 0.04820233 0.1599181 0.02128699
0.01955861 0.02188316 0.01417849 0.05068635 0.02091306
0.08579105 0.04146763 0.1140616 -0.005754324 0.03978229
0.01353719 0.0397739 0.01836096 -0.01082323 9.903751e-05
0.0741111
