NA NA NA NA 0.2819882
0.1246181 NA -0.05833853 NA 0.1511582
0.1246181 NA 0.1033973 0.1916859 0.1118902
NA NA 0.1489924 NA 0.141892
0.08858626 0.06293587 0.05871033 0.07518817 0.103657
0.1716194 0.1319889 0.03746875 0.1033973 0.06026656
0.1158676 0.08590199 0.2171442 0.07261891 0.1069179
0.1556765 0.1989596 0.1529764 0.1380508 0.0788465
0.1663169 0.1169985 0.1359931 0.1366033 0.1251386
0.1309295 0.189649 0.1156946 0.07142379 0.07634209
0.05269123 0.08862234 0.1562826 0.01390308 0.1037553
0.166438 0.1294049 0.1368187 0.09423402 0.1025067
0.01630281 0.05070973 0.06648036 0.1373978 0.08395658
0.1554393 0.0248199 0.08705114 0.04146086 0.2151939
0.06226595 0.1269502 0.02424183 0.05979575 0.0297372
0.08311172 0.05640204 0.1275854 0.06560157 0.1187597
0.05007524 0.02199204 0.01972191 0.01287677 0.03616044
0.08145939 0.04586598 0.02165395 0.03003413 0.01145531
0.0112374 0.01674645 0.0861534 0.0444854 0.04138483
0.001771902
