NA -0.006420245 NA 0.2996547 NA
NA 0.1251068 0.1936914 NA 0.07837509
NA 0.09055822 NA 0.2623943 NA
0.007476398 0.1762197 0.1714522 0.2598103 0.21688
NA 0.009044429 0.05128863 0.08362395 0.2012823
0.07425886 0.1939246 0.2098145 0.1721203 0.1712867
0.1241939 0.191243 0.1043818 0.1033622 0.06921841
0.05382629 0.09298582 0.06855457 0.06603546 0.1582814
0.2902041 0.03260436 0.2107022 0.02306616 0.1249638
0.1092461 0.2224306 0.1261641 0.06925394 0.1293285
0.0882916 0.137519 0.1006405 0.02969725 0.1550105
0.07657124 0.04014319 0.1442297 0.2017668 0.01724575
0.1192534 0.2436188 0.02929075 0.06487207 0.07254046
0.1421141 0.07460256 0.1615445 0.07954932 0.06371682
0.07286918 0.1057913 0.2425477 0.04211164 0.1101969
-0.0001060298 0.1197549 0.07762353 -0.01253548 0.08796656
0.08226768 0.02072602 0.02180441 0.04867334 0.07076259
0.0196779 0.02033404 0.01984464 0.04848086 0.02999977
0.09426828 0.01327969 0.02894682 0.001379427 0.04649193
0.06433551
