NA 0.1706968 0.09756056 0.1246181 0.02077699
NA NA 0.1251466 NA NA
NA NA NA 0.1867672 NA
NA NA 0.2373107 NA 0.3301579
0.07396281 0.04294965 0.1447777 0.08786226 0.1099102
0.1813297 0.2619021 0.2631398 0.09180277 0.2957552
0.1014996 0.03450001 0.03719583 0.1152656 0.1177194
0.03764481 0.1803506 0.1888401 0.02874541 0.02662492
0.0751731 0.08156541 0.2018584 0.1183421 0.08442972
0.0485258 0.08971246 0.1378625 0.1247046 -0.00790262
0.1969974 0.05164964 0.1569726 0.07428246 0.1350822
0.1066488 0.01728456 0.2134114 0.07207345 0.02474253
0.05180773 0.1119146 0.04120279 0.07697233 0.1038902
0.06224853 0.09594606 0.0276221 0.009748733 0.04249706
0.06274118 0.06254113 0.09927533 0.03013558 0.07558933
0.05684174 0.03119613 0.1553049 0.02357813 0.07735684
0.01331707 0.01495977 0.03255381 0.02977407 0.03016855
0.01946846 0.0138283 0.01554459 0.04898774 0.0985947
0.1043752 0.08328997 0.07204114 0.01786476 0.03177502
0.04410498
