NA 0.1534566 0.1944882 NA NA
0.1706968 0.06293587 NA 0.1045035 NA
-0.04585556 NA 0.204301 NA 0.1511582
NA 0.03481863 0.09719524 0.1163683 0.1513868
0.06509662 0.06068692 0.2590024 NA 0.1271886
0.04781339 0.2619824 NA 0.2600555 0.2618765
0.1127567 -0.009918034 0.06035585 0.03575023 -0.03688179
0.1146078 0.1886379 0.08134793 0.04162999 0.0787466
-0.00623571 -0.005832101 0.06792584 -0.01953688 0.0778728
0.05476317 0.05561451 0.1014917 0.04746749 0.05685014
0.1249612 0.1645379 0.05955341 0.1373426 0.04582242
0.100256 0.1318853 0.02526963 0.07992277 0.06031144
0.02291318 0.04221569 0.1521561 0.1113716 0.07293589
0.03702702 0.1076869 0.2219213 0.1005823 0.1105199
0.07878863 0.04306371 0.02416761 0.1171566 0.01214395
0.09866668 0.04596806 0.02072178 0.08384925 0.02606944
0.015624 0.0346629 0.06930068 0.06219056 0.00404895
0.008155962 0.02038231 0.1267589 0.009488465 -0.01164928
0.03853567 0.03226462 0.06866071 -0.0005015607 0.008046777
0.003552047
