NA 0.1867672 NA 0.08871847 NA
0.04313694 0.2293544 0.1300647 NA NA
NA 0.1319363 NA 0.2293544 0.2293544
0.04399516 0.2012081 0.07375036 NA 0.2819882
0.1944882 0.1578859 0.02765194 0.1217371 0.05818704
NA 0.04043973 0.1987869 0.104958 NA
0.06478781 0.1662693 0.01058092 0.1128327 0.1006494
0.1260212 0.1495217 0.09911159 0.224338 0.2116407
0.05515493 0.02348935 0.01348268 0.04112259 0.07161164
0.1987224 0.1725972 0.2940379 0.2318495 0.02845473
0.03409585 0.1515086 -0.02760829 0.02599418 0.03371034
0.1273509 0.1801829 0.06569064 0.05435992 0.02145833
0.05384378 0.09617993 0.148889 0.1493015 0.09666363
0.02696592 0.1669571 0.04747164 0.1270267 0.1676569
0.1861154 0.05733307 0.06168147 0.06586517 0.04853936
0.074599 0.0470844 0.08422338 0.06305059 0.007428282
0.0353658 -0.008942369 0.001869087 0.04861489 0.05744232
0.006398391 0.004770541 0.03242892 0.01315602 0.03015367
0.1042511 0.07419218 0.01907526 0.01819413 0.04662152
0.024562
