NA NA NA 0.03938572 NA
NA 0.1511582 NA NA NA
0.15023 NA 0.1266257 0.1955178 0.1316197
NA 0.07865463 0.2977882 0.04926793 0.1844583
NA 0.1107162 NA 0.2947689 0.2513884
0.1503228 NA 0.0430747 0.2760429 0.02420153
NA 0.2542037 0.1243599 0.2118818 0.07852386
0.09688334 0.1658262 0.06724847 0.04280521 0.1049612
0.04582097 0.2171348 0.1915138 0.09852578 0.06910561
0.1206995 0.02558306 0.02791007 0.05636944 0.1706279
0.1459889 0.0349258 0.01220747 0.1876492 0.08966895
0.08100581 0.03413038 0.2059258 0.04406295 0.06225455
0.1770688 0.1614486 0.09371203 0.1445631 0.06501943
0.07063059 0.05862535 0.02583175 0.01707163 0.1404765
0.04570705 0.1224451 0.1428983 0.003063906 0.008721018
0.004854559 0.01403319 0.07121646 0.1373939 0.1275608
0.04270618 0.02327262 0.01681722 0.0487482 0.04619253
0.07907168 0.03230102 0.07736738 0.09415082 0.0165238
0.13178 0.01551102 0.07658967 0.01493587 0.003239374
0.01348367
