0.3091262 NA NA NA NA
NA NA 0.1251068 0.3095273 NA
0.1522437 0.2363792 NA NA -0.06322317
NA 0.1700883 0.06131961 -0.003428732 0.1666282
0.06200601 0.1511582 -0.00140765 0.1265699 0.1521985
0.1252152 0.08964199 NA 0.1382047 -0.03789645
0.08757796 0.1386917 0.09696815 0.01551126 0.1259388
0.05881902 0.06389745 0.1680908 0.07431041 0.2482756
0.01837571 -0.01965892 0.1035283 0.09791439 0.04219853
0.1950712 0.09133449 0.2781194 0.2566818 0.04411869
0.03700533 0.1416035 0.05889082 0.05586362 0.09541238
0.07478963 0.05883296 0.1805864 0.08291613 0.09117448
0.1116892 0.08131347 0.1218769 0.1065688 0.02425812
0.1105049 0.1135384 0.07937953 0.05226165 0.1421384
0.07520895 0.1532094 0.1815019 0.1527074 0.02943229
0.03173521 0.0383253 0.1115635 0.02256815 0.05558701
0.02239761 0.04198776 0.0194948 0.1022249 0.06401366
0.02183165 0.1102958 0.03034767 0.03710938 0.04293495
0.01009196 0.02784539 0.02007363 0.02882745 0.0280707
0.0282687
