NA NA NA -0.04379896 NA
NA 0.1033973 0.1251466 NA NA
NA 0.1668324 NA NA 0.1503228
NA 0.3145974 0.07483284 0.1232388 -0.03858057
0.1406513 0.298707 NA 0.1161851 0.2439987
0.1349803 0.1739455 0.1247128 0.06411155 0.2536461
0.1294036 NA 0.0901617 -0.01186121 0.2136088
0.1206068 0.01337211 0.04798609 0.06345241 0.05364248
0.09978927 0.1769696 0.1146713 0.01852396 0.03774583
0.1998595 0.1121669 0.1305355 0.07897062 0.1157468
0.07559854 0.03112141 0.1128764 0.07064941 0.09805274
0.2356889 0.0007212116 0.1290258 0.1165488 0.04419207
0.06977891 0.07828462 -0.002240892 0.01891807 0.1696774
0.1502365 0.1482442 0.0992575 0.1118295 0.03551391
0.06036105 0.07432585 0.07245018 0.0669925 0.02628163
0.09447989 0.03988846 0.02550116 0.08929615 0.0327825
0.003780298 0.002350304 -0.00250922 0.07583496 0.02406078
0.04294026 0.09664278 0.07930636 0.07832279 0.006354893
0.04042989 0.03603038 0.05831177 0.01115539 -0.001582904
0.01375514
