NA 0.1246181 0.04966627 0.2198394 0.09890722
NA 0.08944328 0.1033973 0.3106176 0.08054418
NA 0.1316197 NA 0.07039264 0.1522437
0.1978993 0.08630003 0.1726885 0.07309555 0.1102221
0.08493047 0.2762468 0.06045539 0.08054418 NA
0.09756056 0.2080816 0.2595342 0.1494807 NA
0.0983894 0.2080545 0.06951368 0.282128 0.1262288
0.08499958 0.1274666 0.1044296 0.1416731 0.1034974
0.1037795 0.2805127 0.1603268 0.08902503 0.09136863
0.1074637 0.1044504 0.1309228 0.1896445 0.07283611
0.2708105 0.1532691 0.1072779 0.09448849 0.2158386
0.1000546 0.1779126 0.1012939 0.02756311 0.06560643
0.07958979 0.0532017 0.03917704 0.05879668 0.06732158
0.09634895 0.09378041 0.07855287 0.04936991 0.08697369
0.06887909 0.1271209 0.1337696 0.06956164 0.01221526
0.06325475 0.01868405 0.05381018 0.1008168 0.1740506
0.01935319 0.01414217 0.008773072 0.005916083 0.108941
0.006118867 0.01934683 0.03896938 0.03628288 0.03313268
0.07337549 0.08688803 0.01482689 0.04724626 0.070209
-0.003020964
