NA NA 0.2548346 NA NA
0.09750241 0.3030108 NA 0.1337574 NA
0.2247481 NA NA 0.2046905 NA
NA 0.1669052 0.02539061 0.08235021 0.09947978
0.2365677 0.03450775 0.1959209 0.1387897 0.2612268
0.039897 0.05237676 0.006808023 0.1016127 0.3032902
NA 0.2021704 0.1862869 0.03136793 0.07738196
0.129472 0.05222164 0.2058911 0.2321144 0.2707447
0.2289604 0.1821206 0.115835 NA 0.1944882
0.1324052 0.03741985 0.2037083 0.1056481 0.1824059
0.241609 0.1089126 0.03429786 0.01981036 0.1000175
0.2053332 0.03807507 0.03433759 0.1608402 0.1426146
0.2417067 0.1118675 0.05650669 0.1281848 0.09699401
0.1601003 0.07029951 0.08932572 0.06840966 0.005366111
0.08834266 0.04466142 0.1071475 0.1649922 0.125645
0.03800654 0.02153822 0.2772759 0.09514712 0.05668594
0.01073739 0.06612906 0.0257744 0.06440606 0.03371054
0.04964284 0.07257209 0.02833952 0.06941272 0.003272557
0.1086003 0.02109322 0.03684557 0.01289855 0.005764313
0.05364924
