NA NA NA 0.05730472 NA
NA NA NA 0.307826 NA
NA 0.2945652 NA NA NA
NA 0.03163954 0.0617669 0.251259 0.1217007
0.100169 0.09362852 0.1705166 NA NA
0.06258095 0.1492274 0.04255015 0.1713692 NA
0.1835591 NA 0.1519801 0.2538991 0.08739431
0.1037317 0.05787504 0.1907923 0.1807844 NA
0.1505963 0.1256972 0.07342494 0.2853894 0.07857338
0.08046045 0.1513702 0.03469141 0.04634557 0.09450891
0.04090571 0.07259473 0.02312266 0.1231801 -0.004964144
0.06004652 0.2264386 0.07295997 0.1856219 0.1756451
0.2262609 0.1298072 0.2500686 0.05056856 0.06214086
0.04001843 0.07568712 0.08370191 0.03022628 0.06051843
0.02348971 0.09001977 0.09162256 0.01290556 -0.01415779
0.1213822 0.06754827 0.05670322 0.042099 0.05330564
0.01867148 0.05124973 0.0776803 -0.008182242 0.01526557
0.03384836 0.001084509 0.03458106 0.04071503 0.005121687
0.01449936 0.02487045 -0.001756671 0.06841816 0.01393624
0.0436255
