NA NA 0.04921123 NA 0.1265699
NA NA 0.1099102 NA NA
NA NA NA NA 0.3211849
0.1316197 0.04597798 NA 0.3047625 NA
0.06214924 0.1657294 0.06498196 0.1009676 NA
0.3202222 0.2622748 0.1487588 0.06754752 0.04028406
0.07772851 -0.05893856 0.1894495 0.0640282 0.06804449
0.1877113 0.1285469 0.1288999 0.1171773 0.2456894
0.2293434 0.000859526 0.161671 0.07341537 0.195943
0.2049252 0.05125706 0.2369855 0.02592235 0.05980045
0.2218875 0.1971636 0.01751439 -0.005618059 0.0473693
0.1158954 0.2156257 0.02623622 0.1819097 0.164639
0.1861372 0.08885337 0.02311714 0.2527819 0.13889
0.079705 0.137055 0.04574725 0.03902884 0.1453181
0.06123687 0.04299092 0.03353738 0.1082347 0.03877537
0.1186314 0.1645233 0.008308644 0.08900285 0.004841232
0.02191373 0.0252415 0.05380156 0.07344215 0.08910128
0.009936224 0.08172814 0.003972926 0.06003955 0.0340488
0.01897966 0.07705944 0.06575845 0.05927367 0.00651732
0.03273537
