NA NA 0.1944882 0.1503228 NA
NA NA NA NA NA
0.05525281 NA NA NA NA
NA 0.2032849 0.08309396 0.0730607 NA
0.2945501 0.2757757 0.1662276 NA 0.2140594
0.0773459 0.06971708 0.08157977 NA 0.108522
0.1702895 0.205933 0.1459535 0.03570408 0.1305165
0.17012 0.3189769 0.1117597 0.06012246 0.1628583
0.1831753 0.1614558 0.06858491 0.0871618 0.1759115
0.02233034 -0.03573628 0.2514394 0.1722243 0.01496071
0.06481879 0.03362046 0.1087087 0.1142249 0.06325845
0.09527474 0.02826343 0.1190469 0.112046 0.1094805
0.1005352 0.01095549 0.2174194 0.1619121 0.09756274
0.03516015 0.08565896 0.1540132 0.1081898 0.1621455
0.1380681 0.1563266 0.03874747 0.1794946 0.1300337
0.04553454 0.0969573 0.06015974 0.07187482 0.140742
0.0763076 0.01539508 0.03770088 0.04833566 0.0597599
0.01822714 0.02996709 0.007138169 0.01589109 0.07889914
0.0352381 0.00727675 0.03328134 -0.00204664 0.02521129
0.01637474
