NA 0.1431545 0.03881152 NA 0.09750241
0.1939246 NA NA NA 0.1939246
-0.01143373 NA 0.179274 0.1885363 NA
0.1217007 0.04525485 0.1833186 0.0626527 0.1525517
0.06149417 0.1458467 0.3029051 0.1100824 NA
0.1316485 0.1766196 0.1900406 0.14271 0.1859548
0.09263176 NA 0.1523258 0.1258052 0.04714918
-0.0179338 0.1606612 0.2979182 0.1141877 0.107572
0.1016697 0.2186401 0.07142463 0.140643 0.231844
0.1115485 0.1311492 0.1586077 0.006664516 0.05908198
0.1789688 0.186256 0.1112209 0.06510429 0.06924438
0.1552509 0.09483688 0.07245193 0.09017978 0.01877656
0.2602828 0.1718732 0.06606112 0.1001771 0.1582603
0.04879868 0.1258876 0.08141326 0.06576947 0.07213261
0.1206072 0.1006512 0.1347307 0.0321263 0.05657525
0.1703972 0.08990353 0.1003321 0.1700988 0.04800211
0.07978266 0.03866691 0.02290938 0.01445854 0.03663439
0.08335239 0.1007158 0.01546693 0.02709813 -0.003591199
0.04837312 -0.002932767 0.02064903 0.01202631 0.000831986
-0.001988683
