"quartet" "wQuartet" "cluster" "phylo" "mutual" "shared" "clusterNorm" "wNrqs"
"mb49" 0.91566265060241 0.931551455125161 0.217908664171169 0.915606679567353 0.182340293039465 0.0918221360521102 0.0859701565233796 0.185811174125355
"mb50" 0.784930185095931 0.815525857059849 0.225485578530985 0.660508688902086 0.175243266043402 0.111563913918898 0.122942939412637 0.166838612254131
"mb51" 0.779974467393881 0.804313941695764 0.235437066371873 0.515305049828933 0.173979888906335 0.122733330908608 0.162189907052263 0.180362594161761
"mb52" 0.804878048780488 0.87249204372492 0.227956668707895 0.804679694447435 0.182600537208772 0.0902431045493098 0.0973348454732085 0.193970905614693
"mb53" 0.666728152964518 0.7737492379284 0.263719494110327 0.120450861322352 0.182895656736207 0.0875801419524871 0.229895966439846 0.188274493148715
"mb54" 0.668626368560143 0.777069136370681 0.26560356749089 0.120465727753143 0.184476531064049 0.085823874787989 0.231648211000429 0.193456454606639
"mb55" 0.67064973247872 0.777585989953186 0.266809342199923 0.120480818227776 0.185329171568251 0.0947640106248092 0.232593455599617 0.19535682232855
"mb56" 0.8622233535443 0.874991305960633 0.228820384005916 0.757476630469044 0.180652500260636 0.113000959089383 0.126787533112016 0.186841123884552
"mb57" 0.7125 0.784234752589183 0.210095265490845 0.712206719916286 0.164561984131526 0.0798284895851707 0.0756400156323355 0.14362643294954
"mb58" 0.743630134836119 0.809647048324484 0.255471984613864 0.451723234691927 0.189083422647378 0.118662496887672 0.172544754599593 0.226788040174728
"mb59" 0.759036144578313 0.844262773722628 0.231920408173957 0.759004944765755 0.189497603624377 0.091451057178777 0.102345676352059 0.187366634513932
"mb60" 0.707317073170732 0.836031087477356 0.261123641686061 0.707049621628773 0.20840006920867 0.10264761801373 0.135385854550725 0.246499652894866
"mb61" 0.733512568152434 0.724761264290518 0.195465908093301 0.515990725490331 0.144796800856411 0.0900793788964028 0.106721028528323 0.121992157148069
"mb62" 0.819277108433735 0.877717212845603 0.226087989696336 0.816830813623932 0.180252781393458 0.0895507067494065 0.0955293311197712 0.190548580604709
"mb63" 0.752946601754446 0.77659272830378 0.20889649963441 0.622180163101085 0.160322618712882 0.103199651495781 0.104107625448245 0.153006831044386
"mb64" 0.756837965906787 0.752291133844842 0.1953502983358 0.571167614713351 0.144985572211498 0.0873316924056907 0.08827687119303 0.117615937587471
"mb65" 0.787569298503767 0.825257394135431 0.240205240589728 0.624885135094789 0.189116342376924 0.13499648950119 0.15641141060573 0.193023863075116
"mb66" 0.668435086535203 0.773878177196346 0.263949643654101 0.120115714753135 0.181699325064698 0.0919146454700037 0.229176830354498 0.194371175522498
"mb67" 0.707374501165382 0.760253851203936 0.229353430296329 0.145392840923249 0.160641560114569 0.103516439581792 0.185426791746342 0.141935430780229
"mb68" 0.833955883472929 0.820883596247036 0.205028839938207 0.686389153953143 0.156394418313413 0.0981299585872401 0.100081791512745 0.140001719391952
"mb69" 0.758009716008816 0.776051943284541 0.216510527036442 0.617308265151736 0.169345542966446 0.0997028898310478 0.112816027411739 0.159372331762189
"mb70" 0.721902375631972 0.705281500491081 0.186691164661255 0.357350666508973 0.131648435036794 0.0916269546409989 0.117049279677491 0.0938191369054956
"mb71" 0.807228915662651 0.849797729348819 0.212763376366457 0.804619534532194 0.171491820847095 0.0840596995650952 0.0799568606443268 0.182589951891855
"mb72" 0.736963955535275 0.810165509877202 0.249871436585931 0.54134510842934 0.191083521068593 0.117443235046552 0.150219280047944 0.221391809681535
"mb73" 0.722493363071567 0.752361067922349 0.22554417329257 0.323375995867714 0.158954967088644 0.102352032711823 0.170082706341222 0.159293355040793
"mb74" 0.777198776449209 0.794263136131828 0.214537295748536 0.59123788428907 0.162787356862563 0.119304279980057 0.139325828854847 0.138119577779383
"mb75" 0.73651406553448 0.75809004672773 0.223908866193969 0.359448575649198 0.159185146369505 0.111282303853514 0.163578100148737 0.161037855257973
"mb76" 0.690731250689959 0.761619761068711 0.251833166083603 0.16752028540137 0.173895088659442 0.101137871064112 0.214425682992598 0.185403915910507
"mb77" 0.690227769800013 0.747253477599144 0.222716518233727 0.144721996442182 0.156946803997333 0.0859433082139487 0.181618535125482 0.135238831472081
"mb78" 0.682926829268293 0.724886561954625 0.201045026220537 0.682627063445297 0.156352925708643 0.0767124223317654 0.0663541050174333 0.130539459470295
"mb79" 0.701815796064785 0.749358909219154 0.234043999563972 0.300452276966032 0.165558392511135 0.108961343175913 0.179084616019925 0.182519875922223
"mb80" 0.679755765872656 0.762537045988292 0.257551555052214 0.108257860580463 0.175051105539166 0.0916085198816924 0.223434087975397 0.173171737247691
"mb81" 0.723523713448891 0.736882255849758 0.201991587668418 0.304640672135765 0.144420455920401 0.0913006340696066 0.113639083820288 0.139194784132111
"mb82" 0.66709424431347 0.746667778577573 0.242284014784757 0.120445971743465 0.165338969790953 0.0946800079336624 0.206911449528342 0.156835618740896
"mb83" 0.710589376236263 0.759929803155092 0.226719387177808 0.173657780582072 0.15832437512765 0.103101711134408 0.180606285772603 0.139124877769376
"mb84" 0.753086419753086 0.792369191799256 0.195299657241276 0.568628308564437 0.154876425387175 0.073452885124868 0.0587077265974339 0.139361736188229
"mb85" 0.6711437095319 0.7506250945992 0.246374262236136 0.0987713483449296 0.1667034898961 0.0881792776807681 0.211513547350288 0.162440985474874
"mb86" 0.674698795180723 0.679185400687649 0.171102023563672 0.674491397999918 0.12527557140455 0.0583902929274119 0.0312672536420974 0.0805980810229702
"mb87" 0.697382814458271 0.708582920845722 0.192010612594806 0.255224757549812 0.134650842557611 0.0902301970434044 0.114377693644042 0.125476282650938
"mb88" 0.694993460613098 0.714821501297786 0.188733171180446 0.230580076603534 0.132711623085732 0.0917711608753811 0.119269267226509 0.114431971943286
"mb89" 0.758876403441115 0.779420770746807 0.215654746104113 0.538748011599787 0.163158986763521 0.111499658524536 0.129108871781582 0.159351920718999
"mb90" 0.695121951219512 0.741729874434317 0.20163984314329 0.691043018812602 0.155713471595586 0.0769270620520803 0.0654239280833908 0.147776793121382
"mb91" 0.820081996420295 0.850981925974721 0.229920306795658 0.719291415087911 0.182853407576772 0.119417566823941 0.128259271887298 0.193342327378771
"mb92" 0.813828712270809 0.823190738562496 0.216708104389713 0.628150821933001 0.164660669101024 0.109414504672941 0.130347617106716 0.154158946695985
"mb93" 0.831325301204819 0.82949170358135 0.178508121166381 0.831094483772913 0.145835621499618 0.0716024868377487 0.0399227570628113 0.132819008384545
"mb94" 0.698380252686885 0.752060312376392 0.224404256785905 0.133217898773366 0.157251615762047 0.0920880629095886 0.181941016077272 0.1387563611387
"mb95" 0.719512195121951 0.748798365777457 0.207739123539906 0.71920074080527 0.168748431255348 0.0835873762093486 0.0734938853181061 0.17235055013846
"mb96" 0.776498306554218 0.790316247658152 0.220964136551153 0.550817313544039 0.16372317844633 0.112401939677379 0.135004108622255 0.168169374937079
"mb97" 0.781441566892077 0.792179580014482 0.208712737317698 0.603935003887082 0.158416197796139 0.104732754325317 0.121470734727043 0.146832227612036
"mb98" 0.703703703703704 0.771385952396394 0.207013995710599 0.703403733905079 0.159761736001925 0.078424337222581 0.0708734735445441 0.157628046210297
"mb99" 0.819277108433735 0.861574746008708 0.217883093536375 0.8191486794042 0.179025892875641 0.0890653599625128 0.085940272132328 0.197149044865957
"mb100" 0.778770924291856 0.792731275120744 0.215076758694993 0.530501432448177 0.159525703976426 0.109749477431115 0.148062368084066 0.134784074112778
"mb101" 0.75609756097561 0.79472972102313 0.200901985670405 0.752907490399521 0.157204317089269 0.0775865393774842 0.0652787478417201 0.151619299495727
"mb102" 0.771084337349398 0.825706972969599 0.20986918468474 0.770949398163072 0.171772076553204 0.0845242823754238 0.0765744199386919 0.17595594513018
"mb103" 0.779465508181766 0.807202866320731 0.222775619513945 0.672569297490046 0.176621490993723 0.113864565122955 0.119906260867873 0.185758038520899
"mb104" 0.807228915662651 0.845562165735232 0.213134933356656 0.804679694447435 0.175918027032386 0.0875239730741736 0.0803910991559116 0.18772121355129
"mb105" 0.819277108433735 0.868548634550476 0.210893371974407 0.819089241723303 0.169326118659728 0.0835975499793302 0.0777713872303358 0.187444964022274
"mb106" 0.763113371609249 0.790558048410542 0.218243171839312 0.633794920787029 0.170803347005256 0.109379092151549 0.11477392209732 0.179752340770446
"mb107" 0.769922121324495 0.777981246372309 0.215360825463735 0.457723680669364 0.157481370239792 0.10337775343289 0.154468069296134 0.129650232418175
"mb108" 0.749880926794363 0.759039884123946 0.21149681894041 0.54583426661958 0.157406350522871 0.093733947266365 0.106594040112368 0.155796209300582
"mb109" 0.695597821950626 0.750367419525892 0.222524159926812 0.133217898773366 0.155712006866948 0.0846442296201464 0.179957985433174 0.135063335180349
"mb110" 0.707547146480284 0.720718720301273 0.18782635841355 0.267378317433136 0.133587109559417 0.0913017313752756 0.109791409596075 0.115299189449309
"mb111" 0.703462452940676 0.707295835186009 0.191712501506907 0.224175302798846 0.128901847742718 0.0877462292766668 0.11373705048962 0.119553826860952
"tnt1" 0.658879362603742 0.760063992127903 0.252328759941196 0.111206847169583 0.174910639461181 0.0919359846959945 0.218109971717571 0.174350850362481
"tnt2" 0.673999874550439 0.755802191082545 0.250257331334601 0.111188843489579 0.171545863935566 0.0992385508826657 0.215579684697418 0.164150154831023
"ufb1" 0.690366384844752 0.633861242388776 0.166087547716138 0.404179530709468 0.116401292185264 0.072606021346684 0.0736193438336765 0.0761056098166599
"ufb2" 0.670670690338759 0.730617818751157 0.225292718580244 0.143792393871047 0.150376785544341 0.0700639720247832 0.188090494833349 0.142075178143481
"ufb3" 0.698123163888754 0.738123239032814 0.212004708884908 0.288762283648589 0.14594771728665 0.0933780983381343 0.162435396906893 0.13003290873071
"ufb4" 0.695378007776524 0.72849720201915 0.207027537662651 0.288815971235793 0.141314419230227 0.095328115569285 0.1540049749624 0.129203360377616
"ufb5" 0.760519574092389 0.768206313801469 0.20973572273528 0.482124966315845 0.155536607168881 0.101115737236091 0.142265330503766 0.130435393287101
"ufb6" 0.719512195121951 0.772678082627793 0.209553557497301 0.719260900720511 0.165202388484574 0.081027576241827 0.0756157673978112 0.170821982180856
"ufb7" 0.732639240457365 0.75129416172831 0.211128573338907 0.384641617776462 0.147248601956126 0.1062006478197 0.154653430833163 0.127773001580892
"ufb8" 0.733685820608802 0.751628827877508 0.215586496220846 0.360437672814724 0.150483660741012 0.103134318189709 0.163227767223554 0.128315861118335
"ufb9" 0.767448045995965 0.754203710185509 0.192597999527738 0.529598704371969 0.141632911982388 0.0877707575471788 0.103718707690007 0.115521461283818
"ufb10" 0.682567287492742 0.731469603482972 0.215924927554099 0.197135222870857 0.150891728022586 0.0722894591923156 0.175680797262615 0.128819669572089
"ufb11" 0.71014001115772 0.699203866051238 0.182113594264927 0.518566523701844 0.129340945858514 0.0763717927211653 0.0728309824259725 0.101763158313507
"ufb12" 0.691358024691358 0.669231457457278 0.169680878899573 0.691145575532381 0.130597143223438 0.0613511333437092 0.0285108273718731 0.083181316532583
"ufb13" 0.723263159542732 0.725455908068948 0.193000914851665 0.43483332283999 0.13769305630297 0.0883607640358632 0.10371012950413 0.131420259591837
"ufb14" 0.751105092136609 0.776533488188149 0.223378795140753 0.399617488427227 0.159236999476859 0.10696059313851 0.156931551597132 0.163866194813082
"ufb15" 0.687565698735691 0.706972831795072 0.188224326014078 0.308185091935503 0.12904471157863 0.0909618583216038 0.124897100166015 0.109332079956886
"ufb16" 0.720910622806645 0.758201920235217 0.24074844773139 0.250908099105103 0.16495607108863 0.104613684938862 0.197559940011764 0.167777505817592
"ufb17" 0.724050240131096 0.746751932650666 0.228920684718474 0.262889457132311 0.158229828224002 0.0971919725362861 0.182976452721029 0.160920645442424
"ufb18" 0.656587305438022 0.736585568603839 0.233549385528643 0.143738403343921 0.160621944259482 0.087884389338974 0.194239950710445 0.162471468456717
"ufb19" 0.69952705239588 0.742670282697738 0.215365027569778 0.300762300972796 0.150969744493976 0.0969165938142317 0.16600709843518 0.1309265205882
"ufb20" 0.740740740740741 0.640878701050621 0.148475248860368 0.740652415324944 0.116992726402229 0.0553870702675516 0.00276157476035633 0.0625547026023767
"ufb21" 0.643465852511759 0.579960353450286 0.145027495422292 0.345488734152414 0.102034853990269 0.0607139028777534 0.0720582666360366 0.0532036968556643
"ufb22" 0.739870637788987 0.768607029402805 0.225900775615739 0.431156712252851 0.164999413684817 0.114124225284754 0.159790900773736 0.164991037613447
"ufb23" 0.695432422058803 0.733396879865281 0.226973774982439 0.227123086142183 0.152259316109099 0.0867462062832417 0.178295509217482 0.171999383499945
"ufb24" 0.804878048780488 0.836749116607774 0.199700402015969 0.804679694447435 0.159642343362587 0.0782218510474254 0.0639910444215192 0.162540312254426
"ufb25" 0.743326226467968 0.755880022637238 0.208159122936329 0.4235675158414 0.146021385573386 0.097907431972184 0.132128679855248 0.153014749289161
"ufb26" 0.705530238219737 0.686874753745471 0.179197518661634 0.309667687540906 0.128251405907425 0.0907544127813928 0.115337787048952 0.0813480066253949
"ufb27" 0.704953749736229 0.755513273805957 0.226468087676343 0.323981339504999 0.161661127015796 0.0909229669200751 0.151805678930311 0.185463666004491
"ufb28" 0.696222317149124 0.740478373634434 0.222024874193051 0.312062337981085 0.156155712442942 0.0970628238234218 0.15527626377389 0.178394083658255
"ufb29" 0.676677945737315 0.735994525772839 0.222362154485066 0.251865229579519 0.155301654189964 0.0915383751010843 0.170354843895982 0.167867643619824
"ufb30" 0.694771137429556 0.746478873239437 0.217301386049399 0.247111299400584 0.153453075282321 0.091086077114896 0.172743940046194 0.130034109362609
"ufb31" 0.695204425172544 0.667386101478678 0.174623895833586 0.293954879336496 0.123967877513103 0.083925838702177 0.110355262464971 0.0769899745008338
"ufb32" 0.657606245638046 0.76300190363841 0.252038597846435 0.135346594887667 0.173667961694989 0.0870273700247598 0.216160277221701 0.185333687076202
"ufb33" 0.783132530120482 0.764986432036839 0.16694661415449 0.782895202531785 0.132460128661668 0.0639705466291246 0.0264108282633019 0.106749754378136
"ufb34" 0.822780206645351 0.810539557524544 0.180018114679694 0.722522208888532 0.140217482817858 0.0880911108885949 0.0717693089997211 0.115523544107757
"ufb35" 0.725956707198623 0.73765862342031 0.207632896044701 0.372537411407443 0.147925982202917 0.0984561981772861 0.150907498723441 0.124542628519215
"ufb36" 0.698795180722892 0.621833301102301 0.148910763880455 0.698501882099138 0.116253379108349 0.0536627168656152 0.00533233698264611 0.0551763059861784
"ufb37" 0.696008704179126 0.649638497096124 0.16701160240899 0.417877505835795 0.121240084074689 0.0690425759550761 0.08737651432831 0.0823844018529725
"ufb38" 0.704406231508112 0.688038879861813 0.179633416439427 0.427584593909972 0.125147005239556 0.0799588951630671 0.0887925082082147 0.0922672070616061
"ufb39" 0.730984538683391 0.703754283800149 0.186357017060225 0.539350519750168 0.139489285286872 0.080199145374611 0.0785826643159838 0.122130971066007
"ufb40" 0.75609756097561 0.804881085792554 0.212795435362374 0.755774418165243 0.170371811514122 0.0838013976281203 0.0794069676883808 0.184602893642978
"ufb41" 0.700708061015298 0.716094940879534 0.209425263304488 0.252104776727065 0.145738817685773 0.0781918763968961 0.156645353573286 0.142042138412631
"ufb42" 0.656949452178709 0.710271234741107 0.217235648834116 0.191586707430431 0.150941356199963 0.081357103212316 0.170531791752857 0.154894700329508
"ufb43" 0.746972442914981 0.713604330233929 0.188807036902074 0.527289911162209 0.13609713179715 0.0744635317391792 0.0814423554632359 0.131770971280036
"ufb44" 0.716816567366747 0.731823970567426 0.175985449313165 0.603395526924176 0.132772386272783 0.0794202717144916 0.0666426813067939 0.100803735489107
"ufb45" 0.75331953093654 0.72385961982689 0.184356821639075 0.539350519750168 0.133886469892921 0.0728950111969662 0.0764031361459844 0.123119669474795
"ufb46" 0.698474303925575 0.66794587713922 0.16935562624358 0.409169880450167 0.117294635471683 0.0776202996008903 0.0899161769133302 0.0809760193525795
"ufb47" 0.654785751006919 0.753263930504409 0.245773877438609 0.108312709366918 0.168003139451101 0.0731092930826423 0.211256226392547 0.169021537456292
"ufb48" 0.673205738964997 0.725268182364007 0.219798440488747 0.167839692236349 0.145531182096507 0.0804220765223976 0.17971565045645 0.135294513154142
"ufb49" 0.745732803529567 0.730790892268083 0.181937947309781 0.480176314539619 0.130872189375477 0.0926192542555281 0.103579454368133 0.104629581599844
"ufb50" 0.75609756097561 0.806016735290211 0.204059652053169 0.755894737995724 0.162199013653012 0.0797184608486554 0.068972334638669 0.159753832463199
"ufb51" 0.688860056029112 0.758252130434699 0.247252044098943 0.143743223742793 0.172978211039016 0.0743888438514838 0.210450981469179 0.180204214952739
"ufb52" 0.667497048236147 0.669621103117506 0.175495214963409 0.262830777917317 0.121953390207947 0.0832550069040381 0.111347438265713 0.0800948986019106
"ufb53" 0.668124399889612 0.668891941461058 0.175709774002573 0.263091134411802 0.123401787929003 0.0875220431563885 0.11662971078332 0.0778121420432266
"ufb54" 0.690279298034949 0.746613277913732 0.238888622057144 0.167478865109992 0.164081423993103 0.0884113113285725 0.199827074822322 0.176143114714182
"ufb55" 0.701123981733409 0.736304168475052 0.223012395578217 0.312514818678408 0.155638540740901 0.103457236528953 0.162481228446789 0.178209165539177
"ufb56" 0.72951364521542 0.741917725322429 0.20609917875519 0.396735269608102 0.148034422636378 0.0998153124317309 0.144416668530364 0.127307969149043
"ufb57" 0.716269198173515 0.74314896696537 0.207688560005227 0.320995341897547 0.14416332500435 0.0970961017782373 0.154699994388218 0.1241259178416
"ufb58" 0.685119320933642 0.693430463576159 0.178740248326555 0.579079596914873 0.137557289339765 0.0823074279470878 0.069763028900818 0.110555623095486
"ufb59" 0.696465319003744 0.740472737311564 0.222065781566184 0.315995296643677 0.156339853149561 0.101723544672829 0.161521948793693 0.172702947426691
"ufb60" 0.684964389894579 0.693337447186314 0.185252115109377 0.308182758857196 0.125892517030978 0.0841715105133905 0.11526224677615 0.11016640276396
"ufb61" 0.641975308641975 0.647878046485368 0.174714264677356 0.645398406421041 0.129104300213687 0.060923689021535 0.0343999845170156 0.0751193222078894
"ufb62" 0.713053332162245 0.686580470409416 0.179280557872337 0.321596288686537 0.123707545342155 0.0863945888280163 0.115427286841622 0.0823369558186754
"ufb63" 0.659254231810878 0.6883503279727 0.207184286230128 0.249726717721566 0.14438004050613 0.0888243570350315 0.145427147503363 0.15155074340242
"ufb64" 0.690443256699927 0.731885554418328 0.215497076229695 0.185444074355453 0.148655040860263 0.0677336245733849 0.172528482124481 0.130110761383139
"ufb65" 0.630612411875604 0.687873200175751 0.201361954832602 0.180305868400323 0.140284088459892 0.0716290963844185 0.153780478104917 0.128931416827629
"ufb66" 0.700363726844643 0.712794398472311 0.175704810535254 0.518028318719 0.129112822103296 0.0848879235757422 0.0846184536513981 0.0988716321255286
"ufb67" 0.728656098057786 0.724189804612899 0.197656501847311 0.384588225303027 0.135905352537452 0.0946412419994897 0.129063825358234 0.130038319930825
"ufb68" 0.722101564203155 0.728874161383508 0.199562990762237 0.384626969484114 0.137613664573749 0.0977063118982048 0.137372648234032 0.123606551018786
"ufb69" 0.759493670886076 0.846689680680557 0.240008144150946 0.759332892990039 0.194854868125705 0.0956719528414192 0.109302795930951 0.224110924378406
"ufb70" 0.749938271922124 0.713296277973402 0.19376811245258 0.47118533206717 0.130084940356692 0.0718254969499693 0.0863223742888021 0.129421181123863
"ufb71" 0.666666666666667 0.707446381235441 0.18977498499394 0.662144991492824 0.1420907734567 0.0669063215604009 0.0522933564629512 0.104132302454712
"ufb72" 0.757199350462753 0.730318811826624 0.189679070427751 0.527289911162209 0.138899978405746 0.077826593171272 0.0824298061657719 0.132847007628454
"ufb73" 0.753379832738007 0.724930989601957 0.182648160428476 0.503959588069549 0.132251068832121 0.0831031174579686 0.092500281023235 0.114643086783718
"ufb74" 0.810457659675067 0.80609794298841 0.208272552142164 0.57979595744334 0.151696487784146 0.0967420150344812 0.120982017699632 0.149864848101852
"ufb75" 0.746987951807229 0.775588352612684 0.1847094618116 0.746701163340266 0.141444093854088 0.0684014470381959 0.0471702614905227 0.11327943195089
"ufb76" 0.661211260494281 0.724739217029939 0.223761151059073 0.155853490296087 0.149636783123325 0.0807173719029929 0.186492991225918 0.138512768237178
"ufb77" 0.705558683763887 0.749263856274926 0.227873423242393 0.315598782173869 0.161216580967881 0.0934533843206731 0.15323682893265 0.187411503486321
"ufb78" 0.604938271604938 0.627221102766074 0.180454458822584 0.604736980585626 0.129537934496468 0.0600921630443439 0.0411161209026032 0.0697248291225847
"ufb79" 0.691189673012995 0.719789617072802 0.215825259082584 0.267462119881469 0.155296340725501 0.0789598878519308 0.140027176474848 0.177049448174027
"ufb80" 0.691956490668361 0.713885150796401 0.187050383008877 0.361200237785462 0.131669586092566 0.0928193140355102 0.12380266645065 0.109351035115372
"ufb81" 0.706269041021568 0.739734961832061 0.219086932856104 0.254110084688228 0.152928717945925 0.0942700483734872 0.16691360579778 0.152795468968752
"ufb82" 0.658935215298784 0.732926909067115 0.229173358073108 0.155632288972437 0.155094943262306 0.0908900664773124 0.192165044801774 0.145770193781805
"ufb83" 0.716861022084297 0.700912132740523 0.182038791935066 0.417135395038364 0.129167880832833 0.0895328647477927 0.103441011462173 0.0940890718704816
"ufb84" 0.732414793870142 0.700153196901376 0.176451170231572 0.467635861000671 0.122563389965724 0.0790336536002881 0.0856198085144311 0.106384149567693
"ufb85" 0.672069258736869 0.735558137078889 0.226909248159431 0.171646398322094 0.153928728741691 0.0838991851131094 0.189083177513341 0.142772706699092
"ufb86" 0.695121951219512 0.77610325930199 0.209086051445646 0.694838342537035 0.158932880624331 0.0774839568594305 0.0743537850348516 0.144403147417785
"ufb87" 0.73623283778802 0.746926939058172 0.19892185014585 0.570505739025571 0.150577602211374 0.093047837564621 0.0932465781051122 0.152430284245773
"ufb88" 0.694026372377194 0.737306288727649 0.213571578266494 0.258694539710539 0.146336420567342 0.0951961342916037 0.166606463354346 0.130681749375287
"ufb89" 0.688912874584399 0.712940308291928 0.189665375893459 0.308179331548936 0.13274488817011 0.0932355403907357 0.131453109340113 0.108872258373815
"ufb90" 0.763599134893332 0.700555789351482 0.175706364914942 0.530561324453172 0.131675547801358 0.0781735709442662 0.0848440176885665 0.0937519181297944
"ufb91" 0.752256601372747 0.686367796804088 0.168978360699933 0.503336545379192 0.123857455625956 0.0801745329902686 0.0894151127595663 0.0745311331610928
"ufb92" 0.695518223079895 0.664586470188097 0.173505179095083 0.28176846516985 0.121623849392281 0.0844459427167411 0.114223860934739 0.0726731155373415
"ufb93" 0.684453852425803 0.721055331933418 0.214873676846226 0.312511062175698 0.150918112240423 0.0954966598478856 0.147430446586773 0.171110182516821
"ufb94" 0.681068880544692 0.725357074731683 0.217687634996595 0.300438518166866 0.153025768208421 0.0986472398927149 0.156741642749725 0.17099302511217
"ufb95" 0.725239441388931 0.724373880736642 0.191498932068549 0.533403208367678 0.141669383742577 0.0803047234568995 0.0844905338818635 0.128370806865235
"ufb96" 0.71963867273253 0.707660813012659 0.192533957023392 0.420796189516752 0.13650850408985 0.0819652755854745 0.103134339717501 0.130831221420845
"ufb97" 0.679012345679012 0.678937728937729 0.169414852465194 0.678844990480984 0.127597586114369 0.0593467574609966 0.0281995713811772 0.0796812207852845
"ufb98" 0.695121951219512 0.749695047572579 0.205040703941268 0.694796960941488 0.157816769936057 0.078254513686286 0.0694050424944889 0.16085345452924
"ufb99" 0.667075323562024 0.665564993718969 0.170518435217278 0.419055258420881 0.121761080497091 0.075355550769824 0.0783860689433909 0.0875399783532017
"ufb100" 0.721035579815982 0.732707333571235 0.206983985917948 0.37131309958967 0.144629737399664 0.100152976653244 0.139134012350395 0.148083571927188
"ufb101" 0.773884801311207 0.768057390976024 0.205197138816555 0.55231445255921 0.150891641514476 0.0988092541756421 0.117567530020152 0.143989437010504
"ufb102" 0.719762282171823 0.718618970761955 0.197902992617925 0.360410369236138 0.135583604544527 0.0959997792577825 0.135583675726967 0.123910813281782
"ufb103" 0.730696543756252 0.739618279157935 0.207090803657452 0.360433205038425 0.144566925345792 0.10245183278248 0.15032659805415 0.127554793167357
"ufb104" 0.758387789273898 0.785854493818911 0.20904303337961 0.621538550416319 0.162339654962972 0.103586741263419 0.10470291046483 0.167198453184338
"ufb105" 0.771755648627609 0.801058968274892 0.2217686047187 0.571307327516084 0.169300856044934 0.116750127004965 0.135897343057692 0.171233355380565
"ufb106" 0.687153492968037 0.738413304757569 0.218387707022963 0.228457933040122 0.154439146705446 0.0786871918226585 0.178282875764782 0.130140075368761
"ufb107" 0.780616043463497 0.789987253307547 0.20764425311312 0.63197484601543 0.156888139350363 0.099908714389448 0.102612052946093 0.161685086666533
"ufb108" 0.803657206147146 0.815487914055506 0.224342278762032 0.595916245654993 0.169012658561732 0.116568012055836 0.138705477447189 0.173178051177967
"ufb109" 0.659972276783557 0.729846285764725 0.218388253916401 0.204293200145375 0.153649234927166 0.0826629556874982 0.180181140699305 0.131984963028408
"ufb110" 0.762683628638248 0.749356788129001 0.172720095616199 0.629363288249383 0.130939402621995 0.07749431717442 0.0627556160466568 0.097215744538733
"ufb111" 0.687825927794798 0.713381552082024 0.201443824065789 0.301006761731266 0.139037319537812 0.0938038380404575 0.144162447585144 0.127714694188228
"ufb112" 0.665291342075795 0.736078709903213 0.231778093002988 0.155839946960618 0.156538096028922 0.0845023907902908 0.195469854052381 0.146394838786368
"ufb113" 0.789595464447463 0.73061988434785 0.179929729485031 0.602124462764584 0.134322224116961 0.0766936600431506 0.0716692557524658 0.1140781598124
"ufb114" 0.639566257123807 0.638775758597122 0.168012515890922 0.298204903340604 0.115863624760782 0.0725202736096332 0.0880669524736789 0.0745300308266168
"ufb115" 0.681110273659567 0.768129530444187 0.258894810826939 0.132050521535637 0.176275663582142 0.0873259733208219 0.22497238834651 0.178442754719614
"ufb116" 0.681915767592432 0.694495370583629 0.175343489893404 0.406768051471891 0.1244250515946 0.0847513184351082 0.0959143156851643 0.0926499458291186
"ufb117" 0.65176977715058 0.696749454498781 0.208338980274461 0.268454913046382 0.148773498768457 0.0877529025503939 0.140416149277923 0.157958294703078
"ufb118" 0.686746987951807 0.666557430771752 0.171463889861137 0.686437202368632 0.132729425004729 0.0621992990925673 0.0316901666448107 0.089178724200411
"ufb119" 0.680932150248366 0.73483389722334 0.22539545249155 0.215103109999664 0.14984038899104 0.0869136499440337 0.179164101302717 0.165853687695772
"ufb120" 0.705700666803046 0.74001119253268 0.222912902114939 0.315787390931884 0.153985268888001 0.0963135747828775 0.156160250307534 0.182852033147074
"ufb121" 0.682813836617291 0.72749017329544 0.217401018119156 0.300403973205763 0.152880495752963 0.0915404245062659 0.150174889304895 0.172940528686991
"ufb122" 0.890243902439024 0.913813541594031 0.210767974582839 0.8901586480896 0.174247194788639 0.0863888743573061 0.0769353805991207 0.183673052931291
"ufb123" 0.759036144578313 0.740159421480812 0.165332142275291 0.758765843070773 0.127094448466599 0.0609281927363883 0.0245239955988305 0.0964329752254853
"ufb124" 0.720036003348614 0.75973229902611 0.213949244425788 0.373001426338884 0.15313305264521 0.100940712405591 0.161436537705808 0.124879128879935
"ufb125" 0.695316805050509 0.733384570535075 0.215854030957368 0.328114132567452 0.152436606442526 0.0962566596093627 0.148575975318903 0.169731772588309
"ufb126" 0.697912454708047 0.695644945492546 0.190498178274721 0.370887198748662 0.133148500235974 0.0894856942558977 0.112771978524911 0.127326265785429
"ufb127" 0.738147140067451 0.764660654582974 0.223290966142755 0.411971841977328 0.160767510084008 0.117546444216337 0.156958207499573 0.160181468445339
"ufb128" 0.721067352389411 0.752825676899998 0.223437417064771 0.36342017913416 0.159404964136378 0.11288114905102 0.163162007381845 0.1561763778953
"ufb129" 0.689264525150898 0.738209615075886 0.22583358602308 0.2673418323979 0.159928805420364 0.0949707507444982 0.174002300760549 0.173190174325309
"ufb130" 0.668840286216538 0.728800317046934 0.22373904106111 0.16742542260483 0.155648154320284 0.090115410483714 0.182683527468786 0.16535521251869
"ufb131" 0.627781165701303 0.594391996430625 0.159313173921117 0.216014392104327 0.109945122017671 0.0729176501857307 0.109212791620522 0.066296669810422
"ufb132" 0.653215840431197 0.734682809119858 0.228656100068783 0.159398150100569 0.155751383157671 0.0853703560146167 0.187904148521883 0.157976498490398
"ufb133" 0.66381204957468 0.623628317749073 0.161343137140125 0.30540820096717 0.108667712871494 0.067372204815308 0.0806669625765652 0.067136189087775
"ufb134" 0.659697596724896 0.731263006061545 0.229217459314067 0.135013250649416 0.152941999710825 0.0756400412671114 0.192782068177797 0.147157767716904
"ufb135" 0.75247883635313 0.722818311874106 0.188238452692312 0.527289911162209 0.136742225654358 0.0766027668094741 0.0807985168253306 0.129726203770425
"ufb136" 0.721891996064052 0.721612350896482 0.197008726080501 0.396703144478784 0.14044985380174 0.0908003863015654 0.128360670974021 0.127324208545293
"ufb137" 0.685954125458153 0.607114823071368 0.151654994248248 0.518369236625849 0.107039391489816 0.0636577018478326 0.0394535342419735 0.058022719310261
"ufb138" 0.663258652927313 0.654893683696323 0.171710315663218 0.23370041627645 0.121306631612897 0.0820409956059134 0.116330638329252 0.0730613280780198
"ufb139" 0.646362592334251 0.741149444907871 0.235566007427545 0.132003007616034 0.161487065905462 0.0699737814453351 0.200623119159301 0.158854040268324
"ufb140" 0.705203083285659 0.747774514106936 0.217160139949521 0.288762283648589 0.150401552150193 0.100277168767632 0.167915133425744 0.13560869548863
"ufb141" 0.696447759486082 0.731830830828103 0.20879328038828 0.288815971235793 0.144433823783912 0.0940531629217022 0.155888785097465 0.129732494602053
"ufb142" 0.682013313043332 0.743428906139941 0.222294776326101 0.315684585117345 0.162367608828442 0.087465845146689 0.147229553587663 0.18040304142183
"ufb143" 0.687820036180685 0.64130644849578 0.16366227293422 0.49357102069649 0.114322604001136 0.0652988076837151 0.0524938009166815 0.0702649464064626
"ufb144" 0.719706675647481 0.784286743987943 0.241369775052552 0.465023473818062 0.178887877769863 0.10508110827652 0.139944510018241 0.220101845796705
"ufb145" 0.738338768123986 0.7381392909224 0.204551802807146 0.396703144478784 0.145034384062396 0.0977303501445504 0.136548608440279 0.136629064677105
"ufb146" 0.663882609045914 0.768504926161116 0.257199218229643 0.120465727753143 0.179231725202232 0.0752043280443059 0.222855280500761 0.185632087627524
"ufb147" 0.722476391060477 0.70421136821203 0.183465676858464 0.361824951477039 0.129591167745019 0.0843791764094249 0.105123608996846 0.0977576527312682
"ufb148" 0.731959080415755 0.773934461340758 0.214646472894158 0.461609022318788 0.162484167600016 0.1041788249513 0.139260602335062 0.157640386089177
"ufb149" 0.735622107967429 0.755766166665807 0.215400305850797 0.382685902217323 0.156180031476505 0.0996443911479994 0.148279779136949 0.156215006449815
"ufb150" 0.699311448298474 0.741612599231357 0.226401148938548 0.30368874828348 0.158530346959901 0.100523277273748 0.16613398241003 0.180672638685743
"ufb151" 0.636216456904424 0.59103069666744 0.155259729230764 0.264533035485889 0.105171869394941 0.0665343967856047 0.0989696005082037 0.0665290694853156
"ufb152" 0.669007139547176 0.733815606608644 0.223849430945559 0.167513253555394 0.153210252381046 0.0884754029129902 0.185007028081067 0.140306914252695
"ufb153" 0.62962962962963 0.680921052631579 0.180807696070381 0.62945995052321 0.136645947774223 0.0650376484861898 0.0418597648224124 0.0906500423040894
"ufb154" 0.721935291310863 0.705039285440074 0.187353342445889 0.465926639861406 0.13157284589817 0.077959687241923 0.0793463429819342 0.131859617218128
"ufb155" 0.684500102858451 0.729227012176509 0.213638010481955 0.18534727994492 0.146937396774063 0.0654690370595543 0.172044832982321 0.126864388622291
"ufb156" 0.69155912134915 0.763106319961838 0.252048782379148 0.147370199724194 0.173122063955594 0.0856611887604797 0.215474579368534 0.185569501671155
"ufb157" 0.772461460182127 0.730739960192015 0.182236893298947 0.529675231934237 0.134472640507711 0.0813808919490169 0.092217044732682 0.103168612786345
"ufb158" 0.672551975476958 0.729583971812118 0.222908664221087 0.155867380820922 0.150474812320951 0.0798515190159255 0.184019180749338 0.139757233810278
"ufb159" 0.728249354761475 0.744207854840991 0.203233811924536 0.399020343846952 0.145587252593651 0.0912492721414115 0.126730453653818 0.145322111326119
"ufb160" 0.744092532427289 0.778723890619196 0.216762185502897 0.468077624494482 0.162637332956117 0.103073197251428 0.141747492340717 0.16316939147261
"ufb161" 0.646382212559872 0.593399756468256 0.153421664817452 0.343756269696481 0.109324932288551 0.0586643932309819 0.0723980524037361 0.0705700561716023
"ufb162" 0.659153420671264 0.764879104233576 0.252305091301265 0.110930939181892 0.175347888888568 0.0731078435668767 0.216987308653636 0.18446723521701
"ufb163" 0.62962962962963 0.681187808508971 0.195491541282806 0.637300503780129 0.146628199916558 0.0678063101826309 0.0589321815356071 0.115172364049047
"ufb164" 0.715578057133653 0.753031183291152 0.220255600677523 0.283917065920527 0.153266153751715 0.0959573161849719 0.171205315950021 0.132954436838114
"ufb165" 0.712766815654044 0.746488500472583 0.23408592718332 0.215457302242225 0.161849684937589 0.0886884370208015 0.192209821060528 0.1601889314692
"ufb166" 0.675707424206881 0.722394166433795 0.211085731624623 0.315880114318695 0.151394299477463 0.0927623358917368 0.143398566049393 0.162341724729881
"ufb167" 0.72289156626506 0.761996288441145 0.194401783378415 0.72263124156015 0.15157335615131 0.0747873429544168 0.0584976739790563 0.138602511428443
"ufb168" 0.696938488498785 0.708045007571546 0.186365914384673 0.357830613644367 0.129517428829871 0.0928282811111163 0.116471725544542 0.108309881925265
"ufb169" 0.70885233090421 0.69997144016715 0.191349490442115 0.380633843789168 0.129604639207073 0.0787654413857271 0.10135565131742 0.118367955889415
"ufb170" 0.657659219221681 0.719878906152268 0.21915985683809 0.159592478526676 0.146418954054228 0.0814713995216811 0.181681275694482 0.131562132821707
"ufb171" 0.654581650611688 0.709401331762835 0.212399077435344 0.159591449395289 0.141273534140269 0.0778971317239635 0.173875884105121 0.125716600330376
"ufb172" 0.671356444331839 0.716486767366285 0.214278949837572 0.184241647829693 0.14329185983555 0.0797515780166219 0.172696897590726 0.127926630025782
"ufb173" 0.709803897200793 0.709145447097533 0.182395667553316 0.455527951977711 0.131966561736802 0.0848354591362979 0.0921460011208052 0.109278057334688
"ufb174" 0.713198259904162 0.722778637852411 0.203497307944803 0.359177544009103 0.143266412485183 0.0963274711875877 0.135349016305337 0.142211463908181
"ufb175" 0.744195984488015 0.766193789576125 0.207002688448039 0.444596485561955 0.150867825758823 0.102813091206062 0.145295218573219 0.121089370777877
"ufb176" 0.742943846018191 0.766822684227713 0.203881093840444 0.597865105759366 0.155361415114756 0.0972029803267214 0.0984278834119373 0.156834019274929
"ufb177" 0.733667265642985 0.708171945569084 0.176915245093534 0.47974377002363 0.124577109436229 0.0813897223969872 0.0861350674108149 0.106316628286554
"ufb178" 0.682476626276677 0.728000101192578 0.216372358577386 0.197097954637659 0.151529810531939 0.0748562688689946 0.17718762259328 0.128237758814454
"ufb179" 0.648966798495949 0.742464957454805 0.237889066167865 0.159766250125653 0.163514973845815 0.0827092443190798 0.203052366769808 0.159256990135926
"ufb180" 0.766909228254083 0.760614766809775 0.201255114267727 0.494532361224076 0.1437883125961 0.0979756597887258 0.124771820784039 0.130732706787325
"ufb181" 0.710472091512511 0.793810184783552 0.240198457017529 0.51913331254823 0.180112378205662 0.106189383201966 0.138589804666417 0.211645118264299
"ufb182" 0.665664787630089 0.725392217431363 0.219995288797756 0.147254824952305 0.147837987218502 0.072273758458845 0.181821709942587 0.137246585221056
"ufb183" 0.701115914904685 0.752093510508317 0.217336283955089 0.312881580459017 0.150619554797254 0.106320747592028 0.168102357874639 0.134328534817269
"ufb184" 0.707317073170732 0.766456390565003 0.20985351259893 0.707049621628773 0.161697970165189 0.079414005532828 0.07525198326864 0.1527532445048
"ufb185" 0.698795180722892 0.690464386051892 0.163689453067318 0.703567960418568 0.124560868686395 0.0590121761093199 0.0226041853530701 0.0854747824915341
"ufb186" 0.703703703703704 0.738840725084187 0.202039350122813 0.703708214527743 0.159434239467814 0.0727567739713433 0.0656876639346596 0.138754765634848
"ufb187" 0.629568157873208 0.69339067272731 0.200466786197013 0.196670994366472 0.138525451918304 0.0752758719784638 0.150245410537211 0.129087522339307
"ufb188" 0.684429606567332 0.738806080261578 0.213605298424355 0.247006999527681 0.150709992759891 0.0835211212301686 0.170598042824558 0.124198382788477
"ufb189" 0.604938271604938 0.534595182032241 0.157198482968787 0.604858780420415 0.113619453339423 0.0523414896818485 0.0129775364615682 0.0423838578083094
"ufb190" 0.658584012211524 0.648355264402074 0.169028327978032 0.23368043855349 0.117311512314442 0.0784109138016379 0.10942590237852 0.0711095698829303
"ufb191" 0.689439962683499 0.72310431330402 0.219404332105514 0.208844584171673 0.151089393308691 0.0811464299548008 0.167166244859935 0.166119138639449
"ufb192" 0.708351447523315 0.685975436401888 0.17388948305784 0.467712632602848 0.123173738274324 0.0795128189160293 0.0827755861395395 0.102237119712573
"ufb193" 0.721712210588688 0.707328438915022 0.177848334037651 0.456062931745443 0.128242484996349 0.0865057786021805 0.0990981153929656 0.103020416490034
"ufb194" 0.69532262134819 0.741599151627243 0.215289197241218 0.270978179989061 0.151021795024755 0.096560206893681 0.168426657681504 0.130516444565164
"ufb195" 0.635695602378787 0.710980725389915 0.216981875024087 0.179573494206067 0.15127461022722 0.0853773882916683 0.172386472398158 0.152471649810462
"ufb196" 0.667723668117738 0.648806647527548 0.166818505345817 0.383195444284219 0.117884869977741 0.0776774886116583 0.0867582096188001 0.0731599170642463
"ufb197" 0.666666666666667 0.645529338714685 0.174178861833925 0.66654578963646 0.135573779638679 0.0617490411610702 0.0340018324046981 0.102938372231089
"ufb198" 0.808170212179665 0.830479005476832 0.216593039797587 0.691134852000142 0.170657511724057 0.108175834794371 0.11274706281123 0.172830743521986
"ufb199" 0.658331969573684 0.760326312461718 0.250422270960102 0.120126991373657 0.173768581803233 0.07556707273302 0.215441647159058 0.180871133448026
"ufb200" 0.657963657788259 0.761410756929833 0.25214845727314 0.120135915510082 0.175813378738531 0.0783616332175253 0.217570993915272 0.179797106554716
"ufb201" 0.75609756097561 0.79072942400208 0.199806604531724 0.752968386524054 0.159417449203228 0.0779528944540758 0.0639974581736474 0.159908858790065
"ufb202" 0.769194939470422 0.762919192359688 0.205376039413625 0.56743404815594 0.151928347098524 0.092485064580737 0.100552180192971 0.164306625374746
"ufb203" 0.711871565196081 0.696761162807473 0.173594547776214 0.470341438587115 0.126529747663684 0.08167229692227 0.0824481216716895 0.100797191925066
"ufb204" 0.777044959846543 0.757946471499546 0.189204365489944 0.614123044082365 0.1427726758695 0.0834906142315872 0.0821682703547871 0.124647082770319
"ufb205" 0.714957298370188 0.701212986086336 0.174404453219735 0.443964241700306 0.122298788180168 0.0855812176003959 0.095324360686052 0.0965313880283571
"ufb206" 0.720120922489673 0.728186348560254 0.202079317879937 0.360433205038425 0.139228496491239 0.0959321466076089 0.144956341044865 0.12080919766564
"ufb207" 0.62962962962963 0.579475230473103 0.156690262067101 0.62945995052321 0.113930852055699 0.0510441760772024 0.0133115584669477 0.0477841762445461
"ufb208" 0.77434230347595 0.778890235971385 0.204717737358896 0.542927121404621 0.149623592683107 0.100014382819211 0.128566005081841 0.133556922733773
"ufb209" 0.66662139714038 0.712580381111855 0.214351629738846 0.135329454426598 0.138887189849101 0.0672140487236137 0.17502287414088 0.129359666018944
"ufb210" 0.792078654620026 0.69939142461964 0.177965276629827 0.617140039125463 0.134309422005751 0.0752691520167929 0.0692435943983681 0.111295151247556
"ufb211" 0.594936708860759 0.50976800976801 0.153172162979757 0.594830230072524 0.113755521014627 0.0504164430626119 0.00705872382099702 0.0420675710511114
"ufb212" 0.661199216297414 0.723156256470887 0.224563601667705 0.122983536925102 0.148757380669648 0.0694313383095589 0.187908219658929 0.139885823067104
"ufb213" 0.621067300593373 0.585272371843878 0.157750873331268 0.228162879541718 0.107852185821357 0.0701065644150147 0.10480710106151 0.0672430911006814
"ufb214" 0.691358024691358 0.576103357223689 0.146901938155717 0.691328275284565 0.111559283685807 0.0528953560527509 0.000919037726149751 0.0497683708069952
"ufb215" 0.687922171440498 0.662850787261571 0.172179440267853 0.26956761949083 0.124570862314273 0.0851517809582726 0.112803031922759 0.0703976901461497
"ufb216" 0.769959137884629 0.784894628910511 0.211154320892056 0.604523187766802 0.159732287883113 0.0988497244584753 0.106664515724791 0.167969924004146
"ufb217" 0.707762864429158 0.707755441275778 0.185801670934262 0.515091281756169 0.134320203762397 0.0791390500958827 0.0779537575860095 0.111345641377909
"ufb218" 0.697885444971184 0.723104239239668 0.189336206668095 0.361200237785462 0.133461274310791 0.0949459637762459 0.126266327855134 0.110587223117914
"ufb219" 0.698347455536579 0.700544770557547 0.184712648713497 0.385549404973995 0.126752208571011 0.0854352299149809 0.106378529663654 0.116544268492458
"ufb220" 0.63920566395625 0.563565604151223 0.151568167842467 0.455526419001643 0.105309529293688 0.0605361337777731 0.038579586764715 0.0495045830511819
"ufb221" 0.710843373493976 0.737046531500039 0.18946475337392 0.707169941459254 0.149604418132823 0.07029892639819 0.0527277689110429 0.121709255262282
"ufb222" 0.655730068955186 0.728780704612917 0.226326526355551 0.147378396606242 0.152923976249913 0.0845320790488613 0.189769022321966 0.139768030180871
"ufb223" 0.695157162562839 0.739197040774044 0.217194286713447 0.229067733283133 0.151583001067182 0.074089873068075 0.174336305964828 0.130396589916685
"ufb224" 0.660300026501504 0.726716595798869 0.218836146318653 0.172389403370519 0.152765818037331 0.0720985370912591 0.181353571319004 0.133079470372587
"ufb225" 0.695345863386862 0.745882840334742 0.21711803937482 0.259384303343406 0.150882076518605 0.0835468777876616 0.172550155816972 0.128654552705091
"ufb226" 0.796772555747866 0.7457989198297 0.182195377148212 0.54269212932193 0.131287708312357 0.078813942053124 0.092170958459412 0.1017522582383
"ufb227" 0.757834208556585 0.66860985163937 0.163936002398175 0.563182932183604 0.121444590392381 0.0793626069636368 0.071776201545498 0.0759622729811998
"ufb228" 0.733938327888979 0.756494609172178 0.200307215138889 0.457181746665281 0.148163552762714 0.0970260234683127 0.131809461126311 0.12051948675576
"ufb229" 0.720862991379995 0.746859589666579 0.213904348491303 0.308464520338613 0.151288005668612 0.0960405032602914 0.164448825995869 0.127152135946759
"ufb230" 0.688058193731462 0.723889053051367 0.205825494132568 0.258733315898196 0.140029341792885 0.0958645097887906 0.155783867792244 0.126291794274784
"ufb231" 0.624226866222683 0.699320982499391 0.208152054131439 0.131972836653561 0.140340037880219 0.0691570457456434 0.167514401811675 0.145127946892167
"ufb232" 0.682175650432747 0.764746091649359 0.255662026008162 0.120150372662317 0.172934572404864 0.0737001463743302 0.221637742797676 0.178683976584031
"ufb233" 0.679012345679012 0.684865486980291 0.187774955988975 0.679047680467321 0.148669216804842 0.068718785948912 0.0489858385905234 0.121863391542141
"ufb234" 0.759036144578313 0.66851233612898 0.164737869893465 0.758944156113462 0.132794316529423 0.0647397930108088 0.0238294696946817 0.0926078777061115
"ufb235" 0.717308883725014 0.708967645732913 0.196629836156512 0.384588225303027 0.138653171271706 0.0943533554870831 0.127949389594202 0.1297609634743
"ufb236" 0.742793278070043 0.805305004342888 0.238753214020968 0.531606816822949 0.177931163620496 0.10407999315684 0.136639471078277 0.21652673655332
"ufb237" 0.634146341463415 0.77137616999747 0.232484384087666 0.62784465022573 0.180493777412513 0.0849712269289307 0.102898159654092 0.192888278666964
