0.1309624 NA NA 0.1944882 0.1522437
NA NA 0.2720951 0.1246181 0.1246181
0.2623943 NA NA -0.04477009 0.3011636
0.2227873 0.03430663 0.0571433 0.2390801 0.1431982
0.2584044 0.1007387 0.03985716 0.09394483 0.2994373
0.04800608 NA 0.2253269 NA 0.151311
0.07035032 0.06113464 0.08353066 -0.03520606 0.1946476
0.1297716 0.06319644 0.06962358 0.03550422 0.1800443
0.1980294 0.1483742 0.06618692 0.08355882 0.04029589
0.06473199 0.07081489 0.03761905 0.08504326 0.1134401
0.03021459 0.01887418 -0.005182467 0.03392566 0.2109954
0.06498602 0.007010816 0.06331774 0.07695659 0.13019
0.07069143 0.1550941 0.2192314 0.07341682 0.06774977
0.1315722 0.03433198 0.05346417 0.04710444 0.1207539
0.05273833 0.06322485 0.03821347 0.1679727 0.1387277
0.1118177 0.09185967 0.05063888 0.05071912 0.07336506
0.09398801 0.07228676 0.0005159025 0.03027508 0.004105919
0.04919968 -0.00267279 0.03875225 0.002664724 0.05863591
0.01737522 0.0403752 -0.002386042 0.0476171 0.03212854
0.06833062
