NA NA NA NA 0.3145535
NA NA NA NA NA
0.1286192 NA NA NA NA
0.1706968 0.1709838 0.1446395 0.03668619 0.1624912
0.1908701 0.148695 0.1146969 -0.002509465 0.2940626
0.04153202 0.04237288 0.2329282 0.1394157 NA
0.05035893 0.2819247 0.1331812 0.2639182 0.09705697
0.1298539 0.1399513 0.04895121 0.03743827 0.06832688
0.08866551 0.08234332 0.1083296 0.1863325 0.003417865
-0.002587009 0.02008322 0.1771807 0.03945274 0.1530128
0.02827487 0.06315545 0.04569091 0.0371508 0.05060002
0.125288 -0.01564723 0.0030539 0.07518143 0.04514126
0.1011106 0.125431 0.1161223 0.07414048 0.1716656
0.04799307 0.05033884 0.1029235 0.1965245 0.0630141
0.175246 0.09840412 0.02182217 0.05384667 0.06009092
0.0271739 0.0997646 0.03664552 0.07270967 0.06131518
0.03718905 0.02420754 0.01855805 0.0686727 0.02193823
0.02599736 0.02063713 0.002657887 0.05378828 0.03758634
0.05329656 0.03328106 0.05354143 0.003075047 0.0217718
0.08562188
