NA -0.02641235 NA NA NA
NA NA NA 0.2996547 0.1976736
NA NA NA NA NA
NA 0.136679 0.2572534 0.05330043 0.1709838
0.03222872 NA 0.2583914 NA 0.1900406
0.1498818 0.1033162 0.06622097 -0.03868508 0.1517975
0.06116776 -0.00546913 0.08542379 0.1929816 0.01979603
-0.007623276 0.05567406 0.09507333 0.1518233 0.1318048
0.04801603 0.2588614 0.08462044 0.09423109 NA
0.07104994 0.1355954 0.03476988 0.1247714 0.07604224
0.07581869 0.05549723 0.1010986 0.1118975 0.08813773
0.004158026 0.07133472 0.06704157 0.09329221 0.06000261
0.1275056 0.2369578 0.08209689 0.2969742 0.05829398
0.04048989 0.1870018 0.0721089 0.03063929 0.09821091
0.02515413 0.0316655 0.06578983 0.06676124 0.03132889
0.09451741 0.1522806 0.03219961 0.1803358 0.07435529
0.02956647 0.03041436 0.05237419 0.0004526113 0.03747085
0.04601829 0.01090957 0.01470164 0.03365267 0.02312782
0.03812919 0.06079691 -0.006651507 0.04865788 0.05028556
0.0506812
