NA NA NA NA 0.07966814
0.2709979 NA NA NA 0.1511582
NA NA 0.1044024 NA 0.3011636
0.1503228 0.105162 NA 0.02058045 0.1463915
0.2060038 NA 0.05900772 0.1951709 0.2005804
NA 0.1343979 0.1263012 0.1508126 0.2962946
0.2764215 NA 0.1447901 0.04249322 0.07152292
-0.01037482 0.1474743 0.1989648 0.02453322 0.1217957
0.1984136 0.1800142 0.03701154 0.008321263 -0.01440714
0.06120377 0.2199815 0.1657859 0.0676773 0.06128913
0.09228953 0.1215622 0.1195632 0.1774136 0.03586205
0.04699152 0.05746188 0.08497077 -0.000308274 0.06620143
0.05423136 0.2874309 0.07688675 0.04344869 0.04787375
0.09419827 0.09036974 0.05342592 0.138763 0.09947017
0.0620589 0.09097646 0.07312671 0.07777833 0.0921764
0.01380911 0.08160323 0.1584409 0.03750968 0.05610229
0.01320603 0.02166512 0.01606982 0.05918801 0.0170348
0.001692635 0.06100264 0.07881551 0.06213563 0.01446094
-0.001630815 0.009117011 0.02066803 0.008908039 0.02555137
0.03298587
