NA NA NA 0.08944328 NA
NA NA 0.2239383 0.2762468 0.1034886
0.1865901 NA NA 0.02299683 NA
NA 0.1335604 0.06657958 0.2940434 0.135515
0.165886 NA 0.01785884 0.1993212 NA
0.1471641 0.04098247 0.24392 0.03864859 -0.003965451
0.1112844 0.06195311 0.1417733 0.05509157 0.03177672
0.09508323 0.08042143 0.04158908 0.01913528 -0.01582672
0.09222323 0.01481922 0.2203468 0.2060553 0.1877105
0.09060763 0.1628822 0.09786605 0.04240059 0.06854786
0.07338988 0.05490762 0.1810195 0.1755664 0.070996
0.11452 0.0963868 0.1717773 0.2018292 0.1239997
0.07996848 0.1653256 0.126125 0.05772836 0.07972145
0.09025364 0.10525 0.1194063 0.08207097 0.04552028
0.04338538 0.1416034 0.1340504 0.06686312 0.09283222
0.0910525 0.02086145 0.06409289 0.06910362 0.01702672
0.0546002 -0.002907432 0.0222858 0.01272456 0.03598758
0.02923031 0.02516311 0.05911229 0.006853392 0.02227721
0.07668113 0.09123522 0.03266662 0.01670318 0.05883321
0.04224979
