NA NA NA NA NA
NA NA 0.07068629 0.200011 0.1540085
NA 0.1405612 NA NA 0.1939246
NA 0.1592527 0.02680816 0.2727864 0.03568224
0.08054418 0.2531404 0.0329529 0.04131925 0.05710228
-0.01641274 0.06119082 0.06308436 NA 0.1278379
0.2819882 0.1067763 0.2766095 0.246755 0.1678638
0.05400769 0.03518549 0.2256594 0.07956852 0.09145518
-0.007745965 0.07231601 0.07099737 0.1712702 0.07724105
0.1644511 0.1037307 0.04547825 0.2123087 0.08983656
0.05769417 0.1051709 0.1432327 0.1265362 0.2013147
0.1061605 0.2366587 0.06083061 0.09721297 0.1208026
-0.01281116 0.01504925 0.2323608 0.07838295 0.06747529
0.1176336 0.07881952 0.05482287 0.05802893 0.03901704
0.139655 0.05382726 0.2546111 0.03245757 0.04237175
0.0274365 0.05767749 0.08029423 0.02248325 0.1790049
0.01824021 -0.008397034 0.06189894 0.02418648 0.02956753
0.05035921 0.009040874 0.0002465791 0.1059194 0.02282527
0.003217866 0.02283027 0.01133167 0.0113133 0.02044002
-0.01771757
