NA 0.3000303 NA NA NA
NA 0.07754653 NA 0.2940434 NA
0.141892 NA NA NA 0.1460418
NA 0.0421773 0.1567833 0.08086786 NA
0.1126169 0.1511582 0.08223054 0.2833844 0.2706275
0.08944328 0.2713272 NA 0.1254582 0.1927194
NA 0.09367217 0.1239276 0.1416255 0.127099
0.04901325 0.02953439 0.05443124 0.2218341 0.1916779
0.2842323 0.03822442 0.05333035 0.2079033 0.07764788
0.09807395 0.05763368 0.06250901 0.1169202 0.09892163
0.09653031 0.0306168 0.03675366 0.08879866 0.139517
0.1676621 0.09882916 0.2444026 0.05845345 0.02406807
0.2013852 0.01717799 0.1529981 0.06629272 0.05113676
0.00976234 0.1844034 0.1319222 0.09176055 0.1868371
0.1867787 0.1347979 0.08202236 0.06086764 0.09383337
0.03234799 0.07373347 0.04611141 0.04211142 0.1709729
0.05465367 0.05644105 0.01871114 0.01590262 0.01379022
0.009312448 0.01245058 0.03323719 0.03462126 0.011135
-0.009468179 0.06457167 0.03212972 0.0467525 0.0239342
0.03607924
