0.1726885 0.02889426 0.01818749 NA 0.0816878
0.2762468 NA 0.2762468 NA NA
0.2026449 0.128848 NA 0.28079 0.2118793
0.1503228 0.2777169 0.1178451 0.1657227 0.004229875
-0.006812292 0.1192907 NA -0.02726582 0.1906415
0.2297636 0.146576 0.07692983 0.2155628 0.1008966
0.02499816 0.07764443 0.002988332 0.2837662 0.06796615
0.08469053 0.08380547 0.08652477 0.2145611 0.2156768
0.01498929 0.01582751 0.1695755 0.01807337 0.1411741
0.1045639 0.208078 0.07876526 0.0004455767 0.1219258
0.05436259 0.1363766 0.1695317 -0.01535424 0.06003636
0.1122947 0.0651853 0.02522173 0.1089509 0.1605986
0.05627377 0.05742066 0.1403756 0.1347141 0.06899691
0.2416635 0.1058453 0.07822416 0.05678329 0.08081998
0.1162352 0.06586805 0.02149257 0.06101206 0.07361569
0.1061283 0.0741429 0.06005513 0.06500284 0.1654219
-0.007866106 0.02090709 0.004085222 0.109099 0.04514039
0.0287069 -0.003621736 0.0655725 0.005928353 0.02176377
0.09036268 0.07286248 0.03289265 0.06084023 0.01217361
0.04384492
