0.2635463 NA 0.1033973 0.1932532 0.08696627
NA 0.01818749 0.08348004 0.1251068 0.1563156
NA NA 0.152738 NA -0.05128294
NA 0.1445107 0.1726885 NA NA
0.2849131 0.1721528 0.128512 0.2432287 NA
0.1507112 0.07004127 0.1972445 0.200229 0.08286556
0.1831354 0.05881288 0.06438708 0.115962 0.2895578
0.06542138 -0.02882432 0.09148447 0.1941498 0.2762846
0.0122066 0.155452 0.03281956 0.1011527 0.279602
0.1730705 0.1806416 0.1077092 0.08953083 -0.01279297
0.05799868 0.1433644 0.3442826 0.07036402 0.0593691
0.07307504 0.1655205 0.1475213 0.05561363 0.1615788
0.08369478 0.1908612 0.2386037 0.09921802 0.02943268
0.1509773 0.02001379 0.06326 0.07307549 0.05583402
0.1022496 0.1043232 0.1216652 0.05182877 0.05250737
0.07786801 0.05514529 0.0003692779 0.05043543 0.1211438
0.06482949 0.0472755 0.03030506 0.01683485 -0.01044701
0.06956861 0.1437107 0.02218155 0.008274807 0.02407366
0.01625813 0.06376628 0.02637336 0.0249666 0.003996953
0.002393342
