NA 0.141892 0.1398448 NA 0.1503228
NA NA 0.130641 NA 0.1099102
0.1976736 NA NA NA NA
0.1246181 0.1517163 0.1016745 0.0691789 0.1532936
0.07058209 0.2783659 0.2008207 0.1605654 NA
0.04923597 0.141892 0.1597144 NA 0.3080508
NA 0.1050717 0.246495 0.1133724 0.1783706
0.08882206 0.08775427 0.07928956 0.08039166 -0.00155765
0.1958094 0.2067484 0.04162314 0.06559712 0.1610257
0.1052484 0.1891231 0.0821254 0.05608554 0.1064894
0.1468079 0.1351559 0.1709345 0.3076923 0.04216344
0.05434049 0.1250742 0.07309923 0.1533029 -0.001155826
0.182812 0.04680424 0.1663624 0.007766526 0.04168414
0.1213869 0.01189837 0.06380759 0.07385486 0.1042109
0.02784716 0.08365852 0.05146861 0.06552572 0.03583832
0.08562729 0.05833267 0.07821423 0.1474432 0.06075106
-0.004570037 0.03792264 0.02455348 -0.005943662 0.01748196
0.0191321 0.03053851 0.02304836 0.07489663 0.07361996
0.00163481 0.08506736 0.02891832 0.06852217 0.04725457
0.02511616
