0.197395 0.2686849 0.2619516 0.1243454 NA
0.02077699 0.1120996 0.0380262 NA NA
NA NA NA NA NA
NA 0.1279581 NA -0.001885915 0.06854452
0.05100704 0.1435256 0.34123 0.06076286 0.09318503
0.10287 0.1267409 0.06544459 0.2330533 0.08054418
0.06355397 0.09756056 0.2054845 0.06176855 0.2708163
0.1286871 0.1789212 -0.007418824 0.1092309 0.1950916
0.01992021 0.08092357 0.1033131 0.1813342 0.08766461
0.05870065 0.03273801 0.08869744 0.0438887 0.08352328
0.1135284 0.1825798 0.009728853 0.1583508 0.02237891
0.07148634 0.1572575 0.0515235 -0.001568643 0.04560681
0.05052365 0.07371045 0.1008352 0.1116692 0.06366024
0.1435077 0.08523089 0.04716675 0.1150734 0.04576481
0.03067673 0.1456831 0.04398569 0.04044604 0.07468452
0.04586904 0.01722506 0.09440006 0.1007201 0.0122124
0.09470679 0.007923589 0.06785717 0.02574102 0.1185213
0.03464412 0.01295208 0.04002063 0.03274948 0.05086476
0.05348536 0.01039292 0.04551638 0.04889573 0.02736617
0.04164373
