"quartet" "wQuartet" "cluster" "phylo" "mutual" "shared" "clusterNorm" "wNrqs"
"mb49" 0.758565947832923 0.803009082420847 0.243418223448123 0.592331530479692 0.187445362638707 0.112177145347298 0.140877308048714 0.200410890864508
"mb50" 0.587369119065821 0.671617762674038 0.206391522561134 0.0735709091426565 0.132617749525843 0.0496903566804691 0.16804398855456 0.140508887642326
"mb51" 0.59183871073585 0.648139006499712 0.178186041399045 0.0741114164768774 0.114779071729109 0.0612994812883585 0.133110636130118 0.0929944051258162
"mb52" 0.876543209876543 0.92877358490566 0.257790797681857 0.876559572729636 0.209484950529251 0.104266405333867 0.129471190626135 0.227107705126247
"mb53" 0.625 0.749662618083671 0.218244523712307 0.525388255554784 0.164558568892804 0.0769648996171541 0.0820671492974829 0.136748254488794
"mb54" 0.756993604606829 0.749425287356322 0.227905071450898 0.447057830477895 0.162624432736703 0.100328388857469 0.140100757596894 0.177011616376685
"mb55" 0.81882218684843 0.833548104743612 0.23163741310721 0.661136767768667 0.17435388274726 0.109452160735593 0.12635725100716 0.167130033540654
"mb56" 0.860327682224099 0.839971938576662 0.206473487252251 0.765343063186223 0.160847180016174 0.104418121974653 0.0989253840165438 0.145660625072061
"mb57" 0.743207852390833 0.774497154574569 0.231758484658391 0.481225123134549 0.174668230824461 0.102811707926555 0.144751185445899 0.185658097407426
"mb58" 0.782051282051282 0.854435126474398 0.242274366393901 0.782039938232456 0.19006964906635 0.0940021658239081 0.108100144447295 0.184510894200923
"mb59" 0.784687516613813 0.819049942069638 0.236531783559362 0.615928459052225 0.183467869005961 0.13041276931847 0.149852682659845 0.178132561868183
"mb60" 0.775 0.859762476155314 0.263892638067121 0.774819411940879 0.20829064296145 0.102946151027384 0.136382485607147 0.235262870688474
"mb61" 0.75 0.835154263725692 0.245142315214643 0.749922610101782 0.196041132123486 0.09529335559687 0.114369268844675 0.204475044057648
"mb62" 0.814024796425733 0.816651558250758 0.210330529696928 0.617865797939904 0.158940473503006 0.103476340514969 0.120787808346385 0.124455351582427
"mb63" 0.586549158257272 0.665736098748283 0.202951762552703 0.0859743291624927 0.128720464598303 0.0429150534278735 0.164081281218592 0.138248602838574
"mb64" 0.755056077475703 0.772874140937532 0.229020062928244 0.565397161722235 0.171858837734433 0.102971260627287 0.124197864720227 0.16909604217005
"mb65" 0.640500068260393 0.692845391998188 0.203764671483791 0.208559909073262 0.136750772585199 0.0757479883924699 0.145030394774131 0.144130443941956
"mb66" 0.741741322639039 0.7675091645765 0.243521565639192 0.514936259672061 0.17595840117045 0.105991076023283 0.140690263087409 0.194598066334794
"mb67" 0.679012345679012 0.72855360681001 0.207981212745433 0.678983223953862 0.157363903133905 0.0729398703693322 0.0710500897630858 0.127059141899247
"mb68" 0.697754235152377 0.739845440136975 0.216728063938536 0.39552451400246 0.150713144194177 0.107140332840091 0.147796570257231 0.135565641077388
"mb69" 0.722603792106915 0.752640466687135 0.221062805285959 0.369955912832537 0.159101469283695 0.0883066274513061 0.14461530275538 0.176305498791343
"mb70" 0.69620253164557 0.723464236543631 0.214202719992467 0.69603699431206 0.167311550189186 0.0802158017609824 0.0770875066310237 0.159405278992079
"mb71" 0.590043927401534 0.671208498641673 0.207654136091092 0.0735605823008539 0.132491870677451 0.057635122539615 0.169610862051243 0.138171319666094
"mb72" 0.8514338619452 0.866204134585554 0.216882872190704 0.753859263481271 0.168023232048375 0.105013583279001 0.110484188707755 0.147643544062074
"mb73" 0.839506172839506 0.863674657271961 0.196547522041558 0.839369172234696 0.156469295277964 0.0778661939302229 0.057639642783843 0.144361424240192
"mb74" 0.582607397084162 0.655772254547073 0.19363794912982 0.0859428970654726 0.124555209764541 0.052839479952913 0.154931840129599 0.117587998453726
"mb75" 0.827160493827161 0.820440616200099 0.181271941906874 0.827012954714288 0.144401837824382 0.0707020147629677 0.0397230869858169 0.124280001064108
"mb76" 0.82741015328232 0.81569190288243 0.231496676044959 0.617470703098824 0.173463841622582 0.100458172921794 0.127340011467358 0.178538659567448
"mb77" 0.597559992110905 0.630117268532238 0.186377359244837 0.247985358673557 0.133355590266574 0.0771091497970007 0.0939863572693414 0.112811910398393
"mb78" 0.640174255974322 0.691918025143548 0.203617387586117 0.220852260719019 0.13809238905328 0.0798962024499805 0.139919900180524 0.146326993131465
"mb79" 0.875 0.894944136323447 0.209150053473423 0.874899673300488 0.167642224030902 0.083088291664744 0.0717893974079559 0.1574558185335
"mb80" 0.689126289730678 0.722321807309697 0.206720451808263 0.350223004572434 0.142536098848095 0.0985811305195711 0.143112698055171 0.12029495626784
"mb81" 0.765432098765432 0.778403635665365 0.217768719894493 0.765353615045964 0.17940685838252 0.0869954562652058 0.0825297466018827 0.187716910425101
"mb82" 0.740740740740741 0.80557219892151 0.242199149040024 0.740641180005148 0.19145495263471 0.0926828640754971 0.111183921637879 0.20280600337076
"mb83" 0.639626833385722 0.666250238033955 0.195999026204185 0.147254442732208 0.130974959082778 0.0610779729023723 0.146369406877654 0.13332863063683
"mb84" 0.656630691428256 0.641137355535992 0.192838884288292 0.221530572399605 0.125405191691408 0.0755970024217678 0.13318078439974 0.129397815336298
"mb85" 0.591338411149748 0.654967911798585 0.195430918254475 0.0744777686877112 0.122065043935013 0.0435581512753765 0.155729361575033 0.13259232514763
"mb86" 0.580329449218061 0.629242574393163 0.169442795222716 0.0864985746164443 0.111869868630792 0.0585066703867495 0.120476594775542 0.0865941903988273
"mb87" 0.585468158154623 0.616073461334143 0.15677539394302 0.111279069479492 0.105600069733703 0.0560896124348109 0.0987042880371777 0.0735781848048655
"mb88" 0.575791606399802 0.647916467399968 0.190588544034632 0.0615004339374216 0.12057835282694 0.0569822817265174 0.151488459659161 0.115010162491307
"mb89" 0.740762141378994 0.715973821354987 0.168870004762933 0.616976923827592 0.124784164182684 0.0786396278272604 0.0562254325979401 0.0912329992555883
"mb90" 0.765432098765432 0.747974413646055 0.16296478992394 0.765292741079106 0.122743444079721 0.0573304335385692 0.0182508347300458 0.0820001701268179
"mb91" 0.799112855968078 0.809368900455433 0.225749959959754 0.687496676445846 0.179026325622227 0.112867279300039 0.120814432414289 0.184577505270553
"mb92" 0.666002724874295 0.696763367167371 0.193326103982808 0.309048602673335 0.134113079199208 0.0896517288204884 0.13369660470559 0.103922480305495
"mb93" 0.575709823272287 0.590282063382582 0.168950892236945 0.210524024928342 0.119911252218032 0.0664994310674537 0.0872201978951497 0.0927865386026029
"mb94" 0.85 0.864534054216415 0.202214336901119 0.85000427230225 0.161561107139183 0.0800727657626039 0.0631774967794339 0.157327924007621
"mb95" 0.727437652449446 0.705367994065376 0.165175083595864 0.530427011984226 0.118092288832185 0.0814054125691322 0.0706268720750127 0.0820416426641301
"mb96" 0.615987291844133 0.671364891842372 0.204341436543081 0.110503782746999 0.132189553262094 0.0692214116549919 0.161904153762197 0.137377148153456
"mb97" 0.594908192065409 0.628524883024561 0.160612642312071 0.0988816666618431 0.107852071834325 0.0594877563326531 0.108838876555352 0.0737961894618682
"mb98" 0.584586969019035 0.63751657216017 0.174038144734878 0.0864932449458357 0.113044943122265 0.0610839780645118 0.127191261388301 0.0888447669158381
"mb99" 0.763424197331378 0.787039660056657 0.218529337243191 0.649817908911546 0.171156470719071 0.107553748809965 0.112258649506368 0.172659773674137
"mb100" 0.584609620958122 0.635716191639808 0.170476503297579 0.074116293753678 0.110921252786925 0.0582097287803054 0.123427610863206 0.0871459148875978
"mb101" 0.691358024691358 0.64249865567306 0.158741703904653 0.691155435956658 0.118222941224 0.0558481100343448 0.0132976247283766 0.0725603546571971
"mb102" 0.634935788411967 0.630147649502127 0.184864856258144 0.199219359857226 0.12145964609567 0.0717584659694364 0.128571012957136 0.116360141367307
"mb103" 0.598114165419582 0.615800560415259 0.165476282157334 0.185748974066568 0.113722646295366 0.0658489234405132 0.0921489770866145 0.0847000209481618
"mb104" 0.666666666666667 0.779410875219258 0.230702233980672 0.666443000915842 0.176629303159596 0.0861009249005385 0.0976993195245797 0.177848670857937
"mb105" 0.57961597823298 0.610899099374141 0.154343887126101 0.111403307084667 0.102055200158422 0.0558813696439946 0.0919665118853336 0.072461321005442
"mb106" 0.604938271604938 0.572582972582973 0.160874836545504 0.60472278728066 0.115019773900386 0.0520210370704278 0.0157995519643583 0.0512133345254246
"mb107" 0.575505958576249 0.594765282924367 0.15059788669655 0.111296037016119 0.100742586008824 0.0532844493750557 0.087944198577665 0.0667338361591338
"mb108" 0.608509776579017 0.6176911101933 0.18401582811032 0.160020562801597 0.118368690753275 0.0753312950025653 0.133614184191929 0.1193738010502
"mb109" 0.572478194024466 0.59199534391322 0.151575900167803 0.111420441735315 0.0997061530945424 0.0530484764229107 0.0837165909304607 0.069762099974086
"tnt1" 0.666666666666667 0.611334990997171 0.161429099749178 0.6665038748827 0.122335317305322 0.0563081119924388 0.0164496410299041 0.0797602913890784
"tnt2" 0.686405304276987 0.676700782661048 0.161893521185957 0.431586963590386 0.112930170704473 0.0799744208064685 0.0796389471396464 0.0772649753855275
"tnt3" 0.671814161983923 0.660480626720305 0.158150466892598 0.345263550173175 0.107834477539825 0.0764898089694374 0.0909115439777576 0.0661189742897731
"tnt4" 0.691358024691358 0.654020282506338 0.161957922213439 0.691155435956658 0.121127781455517 0.0562750101216887 0.0170698909388859 0.0784030773370946
"tnt5" 0.60852801001589 0.673822963062827 0.2060336612656 0.111878143836701 0.134032195684527 0.0673306538010716 0.164707440169077 0.137013318952327
"tnt6" 0.700030454874381 0.718107156824404 0.207255633614813 0.308112367113729 0.143913020987391 0.0782331773844813 0.137716701089618 0.156442555076923
"tnt7" 0.703703703703704 0.787156810982049 0.228077620611525 0.703572527443924 0.179847696964418 0.0856586835623691 0.0946209400809209 0.175177809563733
"ufb1" 0.687173074284755 0.664406561802085 0.158412919216037 0.481068392665906 0.111764506434714 0.0752744759800748 0.0630988578318672 0.0734816348324586
"ufb2" 0.57787275868842 0.647123440411726 0.186053136223276 0.0616695131237606 0.120699138903107 0.0433768822549765 0.147127198532772 0.113209133092588
"ufb3" 0.58753397769071 0.621025876523169 0.15950307167187 0.135776337505203 0.108062926113722 0.0586574265718742 0.10493114894083 0.0728825457616804
"ufb4" 0.706868741834457 0.667183967983872 0.170911280264101 0.369789436776319 0.11688090397091 0.0779607404291471 0.104691569587164 0.0864496466881131
"ufb5" 0.673382750374017 0.66059963434078 0.170057539756893 0.3203985136453 0.114164052515222 0.0773706708071824 0.108911752951725 0.0844085728456369
"ufb6" 0.685237411162353 0.659757250208218 0.190168790905763 0.326106592111875 0.131441032163309 0.0713505999540967 0.110271002072085 0.128244607934745
"ufb7" 0.65 0.649756399350398 0.184150144658231 0.64978071699177 0.141038326407959 0.0655129963490569 0.0430953846183309 0.108940156825686
"ufb8" 0.656909431144288 0.704791092616544 0.20506617725104 0.252594521861342 0.138166397440704 0.0793147409749385 0.135211424847133 0.152944367494829
"ufb9" 0.597422104328654 0.583836474928611 0.156926437001234 0.210142909691739 0.102850649400488 0.0577493704906716 0.0828478805392539 0.0763075462305371
"ufb10" 0.596131340434538 0.597939509758474 0.167796862308292 0.247432467123045 0.115325227792596 0.0602495131019126 0.0859526732686753 0.0896739963494459
"ufb11" 0.588780574960607 0.656869555923689 0.194282312864964 0.404199003838416 0.143968464149824 0.0799243829472139 0.0846851344592139 0.114738134273257
"ufb12" 0.8 0.829541595925297 0.194501183618873 0.799839477280781 0.151564267210923 0.0730634635514384 0.0545962037121065 0.131308216222113
"ufb13" 0.685062424345917 0.637477258944815 0.17727442788458 0.45674832946853 0.12264288007915 0.0626714475686666 0.0657689225951148 0.101140696486316
"ufb14" 0.607679100386608 0.63273942748774 0.163569897449185 0.172493101778816 0.107923032708386 0.0686357121160244 0.111978536434864 0.0792027433296373
"ufb15" 0.604935790077045 0.629441848964772 0.164714780456654 0.18491703611466 0.110223702807276 0.0689084060976538 0.110481244410341 0.0825933094153802
"ufb16" 0.610113788330698 0.620134803250024 0.155148945176296 0.245418193064312 0.107912823025463 0.0742224557433073 0.0875754179743756 0.0725085481705577
"ufb17" 0.611290696125067 0.601939073431389 0.178544417476492 0.404128325242057 0.126127398053728 0.0645790009807585 0.0668065029839439 0.0920256217212852
"ufb18" 0.796028988467767 0.804593169385442 0.212315414781919 0.702054892858348 0.164822017045318 0.107820313889888 0.105199707718108 0.157944361276364
"ufb19" 0.617283950617284 0.566071767609645 0.169826855073056 0.617261626701641 0.124975066991782 0.0558132980699681 0.026299273614188 0.0618183745672561
"ufb20" 0.814814814814815 0.842888365837256 0.19720186904232 0.824859542620684 0.157258150180742 0.0750145320067858 0.0584071190071397 0.141665756444822
"ufb21" 0.667800365469599 0.659039726943242 0.196634570070874 0.330721653754118 0.138058046072021 0.0840158071994753 0.117333860425987 0.129261931676327
"ufb22" 0.633400874092261 0.65004747640863 0.190517447962879 0.147218491982422 0.126789513192501 0.0621714268593074 0.137913742678295 0.130159355039864
"ufb23" 0.577605182648405 0.629590872788494 0.166222658777913 0.135622700116869 0.110341337592628 0.0636883242574393 0.114794921199643 0.0844593111828151
"ufb24" 0.767519379416099 0.717728029492211 0.174716833633595 0.555225693405358 0.131716618851482 0.0783589632229392 0.0812492743346882 0.10348150874987
"ufb25" 0.604421355380613 0.59668859397078 0.149787005905631 0.269946260047057 0.104198846338106 0.071122478335087 0.0750811272588097 0.0673961934924094
"ufb26" 0.565274739274024 0.534445013740742 0.147245987880909 0.293713441763326 0.100799912346996 0.059188102007596 0.0504114190380587 0.0589857705328125
"ufb27" 0.6875 0.687038988408851 0.172038884725727 0.687434078502429 0.129393282874619 0.0596044062476798 0.0272229784474979 0.0878405577678891
"ufb28" 0.641975308641975 0.731709221519481 0.213549387415783 0.637270684321819 0.16418216724758 0.0776386032691997 0.0775809390856568 0.129446571267619
"ufb29" 0.688610245984658 0.70173046572221 0.208509618667435 0.2583484859467 0.139921953041293 0.0850809954527599 0.145128866052019 0.139942456972563
"ufb30" 0.607292278272493 0.673471477128466 0.206170519134596 0.0981500179580381 0.133313158173082 0.0618895548678291 0.165712428294869 0.136412818102471
"ufb31" 0.6125 0.692095038852361 0.217468288691804 0.612312250732319 0.160337169326145 0.0780167679394298 0.0819164073036507 0.13566848670748
"ufb32" 0.733610799781616 0.673214890537919 0.163254031356193 0.481116945875374 0.112498358240049 0.077508345218516 0.0811329823301127 0.0842470992792332
"ufb33" 0.571947506849853 0.62437282314452 0.175696970787218 0.0857792067614734 0.110647795459067 0.0365781209569578 0.133672473951512 0.113753618231321
"ufb34" 0.666149693262651 0.591574972328928 0.144184122264183 0.530684509512229 0.102042525415303 0.0584816341971271 0.02819382718157 0.0581707066865188
"ufb35" 0.702189505216839 0.675405375219568 0.157368124270742 0.444121152378744 0.113237723100859 0.0743131423931471 0.0746694126296739 0.0686017221008669
"ufb36" 0.7375 0.737600598914467 0.178380459150436 0.737412577431831 0.136316954704649 0.0656621041586366 0.0346737364203264 0.0973882577132154
"ufb37" 0.824175253622277 0.808742321772042 0.196157530624308 0.683414217192244 0.149302334149336 0.0924965371487717 0.08702122231286 0.12038048640639
"ufb38" 0.673064873332429 0.659836874407529 0.168385256760025 0.307993516200424 0.112882458596087 0.0771254493682875 0.111171497032977 0.080048667503118
"ufb39" 0.735433241712626 0.708069479789312 0.175097256762004 0.518304685459521 0.130196110845707 0.0770184139499332 0.0816727823371888 0.100139951629686
"ufb40" 0.802469135802469 0.785083068221987 0.200044483861898 0.800025773372848 0.163746783034365 0.0794773746199694 0.0617411898953295 0.156670814502168
"ufb41" 0.581839803237952 0.615912142412036 0.156430291357925 0.14818134813238 0.103973916664667 0.0580435643547198 0.0983354189625572 0.070331383097088
"ufb42" 0.573501537313588 0.59502715972629 0.151650099196853 0.148215932573911 0.0999397055628334 0.0558908689708612 0.0890740244872073 0.0660653026315328
"ufb43" 0.666666666666667 0.63153488372093 0.158494507231433 0.666443000915842 0.11708161896363 0.0534725439305077 0.0130076905360389 0.0644027937029159
"ufb44" 0.668090373189755 0.703212779693145 0.196275010138977 0.350223004572434 0.137670783460059 0.0917756542888332 0.131907982247564 0.112175930371959
"ufb45" 0.576478451794544 0.631332429069998 0.168602955940362 0.0746935965352769 0.108986783064857 0.0507317926169714 0.124281188004504 0.0859532174664329
"ufb46" 0.598246030140937 0.645930489270114 0.178561602647898 0.123333271723773 0.11564023869604 0.0638656542827836 0.131971280671345 0.0918832695470154
"ufb47" 0.593615275076509 0.637614128650003 0.175780492166573 0.148106839861156 0.115977721538226 0.0668957586835896 0.127187935987538 0.0885754303305047
"ufb48" 0.587360480372525 0.631394672059679 0.171264577639972 0.172751838192656 0.113492668140575 0.0667769925569478 0.120147827740677 0.0825150509896009
"ufb49" 0.691358024691358 0.616530514175877 0.152474821045485 0.691278567507412 0.112920876312542 0.0520599640831836 0.00594726844494915 0.0620893056770088
"ufb50" 0.584424360596528 0.612822285698196 0.167173229903298 0.197575130843173 0.112784795794971 0.0685572760931575 0.109818201100642 0.0835448003245686
"ufb51" 0.761683693222634 0.70247980042447 0.180608389651543 0.518112739372003 0.132583801811625 0.0849129760728683 0.100190555414413 0.106623020157909
"ufb52" 0.717263634347104 0.748193133908854 0.217153689003905 0.430480725500725 0.153042824635385 0.10389851468958 0.139860166044466 0.144664053162406
"ufb53" 0.617855919331608 0.652621547540591 0.187502207208245 0.124014639179746 0.123411817085303 0.0540086945953943 0.139506615311396 0.123335050253563
"ufb54" 0.577772013187689 0.575832404014657 0.158349166353823 0.197852793316561 0.109458359804047 0.0584016704199828 0.0843956212091247 0.0758285450919858
"ufb55" 0.749000689246021 0.671657381615599 0.167655441350068 0.518147954990877 0.120734322589663 0.0690964712234287 0.0733881430901698 0.0975328929822391
"ufb56" 0.579074322700476 0.631410209078478 0.168610492467219 0.0737811873298574 0.109161815589297 0.0480434324209958 0.124308028644932 0.0851249556536488
"ufb57" 0.59706480920499 0.623575398642229 0.163183125157046 0.22244009210522 0.112222863701249 0.0698949374728964 0.0962521939208576 0.0801433914201584
"ufb58" 0.664270998269797 0.618245025917994 0.153655512095071 0.518184423688414 0.108531798842474 0.0641726793492076 0.0389488918424142 0.0692763483208299
"ufb59" 0.599119733493998 0.650693768656308 0.188738662873987 0.122635927426253 0.120240754221823 0.059226987394451 0.140874817788071 0.127380100311409
"ufb60" 0.590170261883274 0.656859449801986 0.194711468592763 0.0744747721304567 0.123776325664467 0.0349078669405792 0.155446205706721 0.131446776978019
"ufb61" 0.587447314455795 0.616877523553163 0.153887854473436 0.123399817662954 0.10306047698746 0.0557794515157866 0.0989513459970549 0.0691887149992091
"ufb62" 0.663132320396918 0.633163674963596 0.156434547119166 0.357561699175192 0.106170234052888 0.0704478320259922 0.0824376275624235 0.0812444672458174
"ufb63" 0.580209227518969 0.655002279684752 0.197494917934673 0.0490200079584726 0.125158849372813 0.047543904094335 0.159111166762362 0.127742395290722
"ufb64" 0.757281850630583 0.748239410735551 0.200110760174026 0.482182622117253 0.144017986676918 0.0859003515729873 0.108610748185901 0.122708195710608
"ufb65" 0.584547804743043 0.605141553391819 0.166416301498634 0.0615499727906631 0.107170755390124 0.0445855095427007 0.124717414931318 0.0816199643858941
"ufb66" 0.582363759778497 0.593916637331977 0.161479628223849 0.210236058254332 0.113132033102384 0.0623173325659371 0.087801148158367 0.0838330902131902
"ufb67" 0.690687783400317 0.692220297100009 0.204178055374217 0.390184861368826 0.14499672636109 0.0816135960438913 0.113632643697367 0.136041432166094
"ufb68" 0.625717512991028 0.643581618795906 0.184761121082979 0.161395120060686 0.124181783267161 0.0612269263798821 0.128622426484575 0.126886789472115
"ufb69" 0.839506172839506 0.758624117705537 0.162633205724755 0.839369172234696 0.130056603295565 0.0622236741055195 0.0178619233594747 0.0965652834859817
"ufb70" 0.599404787908485 0.61123613088997 0.157612550262711 0.197346237434841 0.104317799978198 0.0665100312472892 0.0995990975526496 0.0757314556870581
"ufb71" 0.590873371117942 0.570627959761258 0.16758200067181 0.40745754277273 0.120294973842812 0.0610309174632982 0.0547628629507395 0.0821459313783022
"ufb72" 0.596901531897724 0.612128381595898 0.163041507585138 0.22244009210522 0.110601695553351 0.0684816403097593 0.0960992493833343 0.0760171047938841
"ufb73" 0.695792591682377 0.666313953155833 0.163991959386114 0.431760616143335 0.116594138131932 0.074565282152949 0.081943333085919 0.0886994238931809
"ufb74" 0.7028892458458 0.721148743561729 0.203057867328838 0.373436362720738 0.14037836411898 0.0896272970714218 0.132823516754935 0.126059402598299
"ufb75" 0.626524246069969 0.608951060772547 0.150680472089076 0.308486534019599 0.103538150384222 0.0650163874561039 0.0761788094496579 0.0594728661619181
"ufb76" 0.616237902136659 0.619564905844249 0.171364671488102 0.428903302743036 0.122285683388056 0.0617818461292885 0.0586501371266315 0.0903779277714554
"ufb77" 0.586359153454726 0.604744518748952 0.166353751230193 0.247432467123045 0.11564319295746 0.0630604890282523 0.0843676374001834 0.0925026635778354
"ufb78" 0.673316449984107 0.613355666091429 0.159743066129736 0.407306565919042 0.107133556261483 0.0627850292325727 0.0645796507184873 0.0761801378317116
"ufb79" 0.705505065055494 0.727370246098964 0.207850808633309 0.394632034933105 0.151765741125814 0.0774828960567867 0.118135842261663 0.158861377708359
"ufb80" 0.566397480856366 0.563225096903124 0.15058888572756 0.18546952837879 0.103028147685467 0.0578545678044632 0.0759534660564108 0.069051724429379
"ufb81" 0.698234772240997 0.692311555265405 0.194939748645662 0.515007824869397 0.143758106957694 0.0845846552943245 0.0851151089700353 0.134578109378702
"ufb82" 0.577174853743977 0.619106071207959 0.173184622115846 0.0868169164811435 0.107520361054458 0.0377859802296708 0.130149440372507 0.112391085982766
"ufb83" 0.705213729376827 0.703148852492949 0.190754246083262 0.54335683130219 0.139107829913582 0.0812039641321326 0.0803586288814142 0.123875845187237
"ufb84" 0.646374295159388 0.654125246424227 0.19464718113138 0.364678496551281 0.14176099873766 0.0802150611613807 0.102972966014635 0.121239681651601
"ufb85" 0.655904699052753 0.707478538410742 0.204296983909041 0.26536258441284 0.142038760091771 0.0813629405263795 0.134397627782362 0.150841172394273
"ufb86" 0.589069641364477 0.622581534121139 0.156945239633272 0.135776337505203 0.103149135649557 0.0593070277543705 0.10220724156315 0.0699472144665274
"ufb87" 0.607593491040826 0.675158001925908 0.194425741938487 0.159299518161196 0.131131172702844 0.0659332774068037 0.138944240300525 0.136334474965822
"ufb88" 0.668840819002593 0.706727856815053 0.209299405143149 0.295406587166097 0.146660893924338 0.091856975646657 0.139725129831768 0.142597001026623
"ufb89" 0.592996388411008 0.61643731288408 0.182914557907756 0.147584591454312 0.115038397635264 0.0712133248910211 0.129778558758163 0.118937746771955
"ufb90" 0.583481294958767 0.663577579033473 0.20074562481626 0.0621680823816827 0.127674980328624 0.0536650454240136 0.162517739298321 0.130703636770074
"ufb91" 0.654334419017136 0.605883857764134 0.145704746648059 0.431868327726719 0.0963219833302393 0.0652177491754071 0.0489514194197697 0.0592774677093269
"ufb92" 0.751396710106847 0.727440648357628 0.198736473189075 0.462581185386414 0.138815439513238 0.079809056293227 0.107796220040769 0.12867916607277
"ufb93" 0.605537030744289 0.616903909802761 0.153091150281458 0.257562995109285 0.104910940904167 0.0705105877753797 0.0786755977182031 0.0701977807648638
"ufb94" 0.60191719550406 0.594956620290761 0.151760405584314 0.28196418030441 0.103493450646697 0.0664985783184304 0.0683390886342169 0.0715055256048164
"ufb95" 0.609087069958634 0.615632531920403 0.149335158865293 0.209784848526415 0.103450946455448 0.0666574258832745 0.0865883292831605 0.0633698476292607
"ufb96" 0.70994168249361 0.676284479462037 0.159255089454624 0.419370590303142 0.113053631499583 0.0782705990968851 0.0855055857250592 0.067772823439236
"ufb97" 0.780521302330628 0.717511141477352 0.173974026448165 0.542866447267198 0.122719388258639 0.0737916707112234 0.0804223404186016 0.103428685946114
"ufb98" 0.6375 0.557106328574473 0.145572638371731 0.637209052571416 0.102514622346036 0.0472631962101968 -0.00255008900709802 0.0317472897168531
"ufb99" 0.56502164966698 0.60141416821438 0.158934640721036 0.123399817662954 0.103517187896599 0.0584101356965495 0.104325810811776 0.0764993242374643
"ufb100" 0.639962151460248 0.597969739548333 0.180251662016798 0.222863983532096 0.115270569641617 0.0736621310605524 0.114541495607915 0.120052808874294
"ufb101" 0.579949309275946 0.618094761941389 0.154935019076628 0.183900575260829 0.105612035970917 0.0670523907009807 0.0926012469730387 0.0720379916227905
"ufb102" 0.580246913580247 0.551708871967416 0.160388608390462 0.580071226206702 0.113744147843379 0.0497058110763256 0.0152292604406608 0.0516322238674386
"ufb103" 0.665944746865071 0.662581942280989 0.170198633989386 0.283339996316865 0.113623312678555 0.0792863672004187 0.116367775855511 0.0796533640642842
"ufb104" 0.607379339212645 0.593249914244381 0.161948300886359 0.343310513498037 0.112078066842401 0.0664920414002004 0.0667832546967511 0.0857334863418569
"ufb105" 0.685018533628058 0.717914743140713 0.206568202022598 0.3956158092991 0.143832446334478 0.098560051994416 0.128229531925675 0.130948877329788
"ufb106" 0.7 0.724741192520664 0.191550571559332 0.699882479421977 0.145311899945584 0.0690101255007426 0.0511843306246252 0.123014009258265
"ufb107" 0.575517613291937 0.628043400500775 0.168010755698063 0.12335375453045 0.109490951971334 0.0609354016730441 0.118960128153021 0.0819668010274992
"ufb108" 0.571518614739475 0.619684329657967 0.164223782117988 0.123375688965194 0.108646267158624 0.0597967194888105 0.112672752985443 0.0810237887119192
"ufb109" 0.59097598757735 0.592488726249395 0.16367193797897 0.234820141186921 0.11366084585328 0.0660732285075241 0.0967801033460588 0.0889401177493078
"ufb110" 0.570213993857708 0.639743229777418 0.185446566915919 0.0498068076711397 0.11765528996422 0.054036980206425 0.145749824665716 0.110446263998183
"ufb111" 0.584767899306829 0.625088228374245 0.168689924776179 0.185160623287688 0.114329698989116 0.0690788202151632 0.114714487553715 0.0832025836318235
"ufb112" 0.658213004158229 0.612026408136561 0.165922833478037 0.45674832946853 0.117901182425389 0.0593824509516772 0.0528788257850448 0.0850045852330658
"ufb113" 0.760928892338052 0.738348323793949 0.167527375957375 0.653980168307371 0.125643505220222 0.0801454240163666 0.0547008348486013 0.0920842202650878
"ufb114" 0.580626227245069 0.588251871075983 0.155695462214585 0.185198073489433 0.1014487674451 0.061958880020126 0.097549983680949 0.0744026570650601
"ufb115" 0.642817123739746 0.63749970312699 0.176558675124223 0.197743579948243 0.11461749680086 0.072181298949157 0.127930745988719 0.0803880813470034
"ufb116" 0.60066861174586 0.623163935607354 0.160522612512524 0.197346237434841 0.108214315688822 0.0677853779021841 0.102709569671776 0.0775359603954153
"ufb117" 0.622888193672625 0.624484914220968 0.165741328600421 0.296419793071372 0.115925986293519 0.0754281890559711 0.0990150095606452 0.0862207446954928
"ufb118" 0.634332777864941 0.626302458556413 0.166430308553699 0.392828966235588 0.11944543344926 0.0738187262277657 0.0717742172020031 0.0904158772640141
"ufb119" 0.709490371110869 0.649613232790075 0.160186005209622 0.419314264698329 0.110177034368223 0.0700181820137852 0.0777638498322265 0.0893955477952091
"ufb120" 0.563193181005992 0.62155694922735 0.170794979862545 0.0610460916048774 0.108772665393911 0.0453477052095853 0.128562123319105 0.0937711833042408
"ufb121" 0.560891688610371 0.571419296519555 0.146171494318574 0.148259995456362 0.0984218788667364 0.0500899681336622 0.0778799257337669 0.0642746816872978
"ufb122" 0.65 0.701555209953344 0.207287904197992 0.649903980492575 0.158089395543738 0.0748062808226052 0.0699568843888372 0.135547404777346
"ufb123" 0.70416902022587 0.663356943584631 0.168388123626671 0.357384057448598 0.115538615726794 0.0794890108360306 0.107119343038587 0.0809687361280328
"ufb124" 0.614447913792598 0.633189460057146 0.179894456189707 0.197349394412997 0.115974225036761 0.0690897605934005 0.123416473060139 0.122304048882821
"ufb125" 0.591876179896294 0.645443183572257 0.185715297298364 0.124181471002908 0.118530398440855 0.0580768008852451 0.139473198392141 0.121540972531176
"ufb126" 0.581049804028217 0.609766797956557 0.150467996966301 0.13580429077864 0.0983397795912482 0.0563052434638363 0.0919625138907289 0.0666764074234776
"ufb127" 0.580912338980541 0.630486199185803 0.163146042581897 0.0986006691997444 0.10707923102817 0.0590297999110993 0.113808611772499 0.0775470302868347
"ufb128" 0.660904005279002 0.655244795831506 0.167102232150376 0.295742379324206 0.112308363420917 0.0765439506961691 0.109800202389232 0.0787380249355584
"ufb129" 0.595058037266585 0.608079111857449 0.166464579890392 0.25982129280201 0.117275520093709 0.0638418894177572 0.0844893656609796 0.0939746168617075
"ufb130" 0.827160493827161 0.809034585522704 0.187634775043194 0.827136086265042 0.1493584332208 0.0740374680331742 0.0471859822680432 0.131596862606998
"ufb131" 0.728395061728395 0.693606421256573 0.158711737494022 0.728163214551024 0.121890412354781 0.0570491547885619 0.0132624774630414 0.0807812476450232
"ufb132" 0.562333960425478 0.61993504664178 0.170144576487827 0.0618679814871394 0.108528146256033 0.0469268586486756 0.128606985148186 0.0940852555308398
"ufb133" 0.542628847421521 0.549059228832649 0.14475353005195 0.148319733565476 0.0990110777963797 0.0481044408108497 0.0696053737183508 0.0607444647988795
"ufb134" 0.713168295385687 0.663557561716066 0.169737365724811 0.406915825140861 0.116630318240671 0.0761837259906227 0.0969073592924479 0.0896006245697847
"ufb135" 0.579737134385923 0.654985988065052 0.190977252598574 0.0980271121207168 0.122851082935595 0.0682222006459334 0.145061220206428 0.128660003892227
"ufb136" 0.639932836659209 0.618321736449074 0.186510382926898 0.223033225082987 0.119425088804229 0.069314493955958 0.114847973098359 0.132158620901145
"ufb137" 0.7625 0.811644579621986 0.210766272012368 0.76237101102133 0.167827839197828 0.07992987277 0.0732198497933746 0.171242155182201
"ufb138" 0.803944682730165 0.842760679160346 0.222911718239194 0.72690145753382 0.17541523526595 0.115221440664726 0.117236982039088 0.169035803199316
"ufb139" 0.655033119978534 0.643556614324292 0.188722210917637 0.284917951737335 0.130870521337491 0.0728557095859457 0.108838642915892 0.126459676475441
"ufb140" 0.814814814814815 0.837307746578242 0.212247193865194 0.812535806042799 0.174346643941187 0.0835598688025977 0.0760536109447126 0.179532191303048
"ufb141" 0.646934675024104 0.624701756403254 0.187215421539647 0.22542711235361 0.122737954793641 0.0751555365984462 0.122144595238897 0.130327652819303
"ufb142" 0.612207066804729 0.64048820476903 0.167631325414173 0.160208934444456 0.110931654383073 0.0723038952200364 0.118558328236757 0.0817957119993127
"ufb143" 0.597290307669672 0.606945174557036 0.156831429866958 0.209784848526415 0.104571154635553 0.065493309305474 0.0946375410157669 0.0758277238783782
"ufb144" 0.593284255191506 0.607392568151465 0.160587171493953 0.197780191783169 0.111549329218021 0.0626718007691638 0.093448608694228 0.0775650059808687
"ufb145" 0.658785713195819 0.67870134594398 0.190518757226066 0.459332249945615 0.137673041835339 0.0700801642641603 0.0801123668384063 0.114626073447973
"ufb146" 0.650635882906157 0.69598078867543 0.199190387203106 0.23997988135263 0.136965428002271 0.076221375475379 0.135233142758991 0.142748798542945
"ufb147" 0.58500994337588 0.616596423313161 0.167883051195903 0.185160623287688 0.110723442012466 0.0671608797082417 0.113855225152977 0.0803640366345175
"ufb148" 0.693090846983965 0.691845363938387 0.194149775035881 0.422821091713379 0.142669894780487 0.0793785157859328 0.102443466374479 0.118332594274215
"ufb149" 0.582312815454746 0.638160056991901 0.171402811674007 0.110956320531615 0.110439751974425 0.0614478319113822 0.124406457574397 0.0853776921705898
"ufb150" 0.770000390135505 0.742158281237204 0.204482241673602 0.524986765309301 0.146984262231895 0.0765303143801707 0.0963573966566986 0.141225991791778
"ufb151" 0.714796249943513 0.681442478417927 0.163109340256692 0.567615828215932 0.118065048341966 0.0711000839172232 0.0496840146687572 0.0850330826225642
"ufb152" 0.567901234567901 0.59882491186839 0.188277496624637 0.562361337301863 0.13382374081871 0.061083504761403 0.0479398231680283 0.0835269330747326
"ufb153" 0.571988717979815 0.609418270024166 0.161357474195623 0.110999309606599 0.105983625503926 0.0566454158113935 0.10962964998319 0.0782903853877092
"ufb154" 0.721493207669768 0.74293711481878 0.204203597196756 0.395763351863373 0.14802201901473 0.0838410113406091 0.125950249207643 0.140704685310336
"ufb155" 0.6875 0.694942510251668 0.183864747467735 0.683306860076988 0.138479178648941 0.0641045006104529 0.0427606442405336 0.110405088667042
"ufb156" 0.584677765119844 0.596969185784975 0.181919806379659 0.374893232394089 0.12759301504963 0.0674937411071949 0.070641026774821 0.099890519501046
"ufb157" 0.59029747384211 0.630930584701294 0.172555225295736 0.16050482704098 0.116599342845194 0.0687372953228567 0.121518083087445 0.0876238837006332
"ufb158" 0.560501265432022 0.586951360378169 0.151518897428086 0.123399817662954 0.101181476222231 0.0540482959356229 0.0964285769192343 0.0729491672961795
"ufb159" 0.578874820345437 0.597979048505351 0.160147650530763 0.185312520193599 0.110646589604181 0.0672944692395168 0.102308784846614 0.0802035731364222
"ufb160" 0.685840199602556 0.649333313557688 0.169146504100303 0.444384304333523 0.120596604961925 0.0714041000813504 0.0750480763586777 0.0924453213052587
"ufb161" 0.571343020580203 0.597984049940581 0.171181022061282 0.293870679757646 0.12251764705584 0.0662130238890677 0.0770643984666003 0.0927522186226753
"ufb162" 0.694123502473819 0.625302695074999 0.146031605574841 0.4935861931832 0.102129399618072 0.0661742870800597 0.0493152967995706 0.0589058659464087
"ufb163" 0.570935779000315 0.581421598233646 0.144558541537832 0.13580429077864 0.0960659615815138 0.0558578791220418 0.085646086690365 0.059095963857712
"ufb164" 0.592592592592593 0.482217269115224 0.145744934836617 0.592489701311006 0.101093885490349 0.0449024381728863 -0.00194613924971362 0.0279641951565277
"ufb165" 0.69884229144918 0.659737904887497 0.154945015310725 0.4935861931832 0.11130031145489 0.0709870495237225 0.0592381959894956 0.0664152771938999
"ufb166" 0.579540638543757 0.587800177712129 0.160157145354391 0.19772851350043 0.110694109476937 0.066468458156163 0.098208568279163 0.0824334080982673
"ufb167" 0.592592592592593 0.687557182067704 0.217584622228342 0.599802218062368 0.158742698572382 0.0757382918560763 0.0823138205238678 0.130862003839955
"ufb168" 0.615787381600537 0.614878513302938 0.170562961814088 0.428903302743036 0.122228004562265 0.061184925693409 0.0577393754613612 0.0887470855015106
"ufb169" 0.736114134487261 0.745868570753363 0.209174540117221 0.398352781361949 0.155764184904705 0.081962398233816 0.131257518986886 0.147061167246189
"ufb170" 0.6025361022931 0.627321700852117 0.161234348670058 0.172821016135693 0.106893581869819 0.0637023521973478 0.103470321602195 0.0731105564905525
"ufb171" 0.65291251326104 0.609180712542295 0.151828016128911 0.370215380595084 0.104293879955243 0.0662328512676845 0.0685855797381879 0.065834439649115
"ufb172" 0.561125566017352 0.609921808059647 0.156673386351991 0.110999309606599 0.104339085266687 0.05471328715586 0.104656645628512 0.0764769271758486
"ufb173" 0.578787845938246 0.589504015520021 0.170699520756249 0.312480166711581 0.120819397450823 0.0669102429046819 0.0767769801310666 0.0884117227360392
"ufb174" 0.605474813741307 0.616281097081398 0.155186924660324 0.212017321537763 0.103440114368656 0.0670539955751412 0.0928717336429235 0.0669050163968388
"ufb175" 0.638751631240465 0.643482089594637 0.171207235286633 0.399746133908237 0.125670155759139 0.0735242621069633 0.0770935883374305 0.0972640564994164
"ufb176" 0.671397721957071 0.632278408929131 0.152371531815299 0.370016464337474 0.101668186361343 0.0698181968109091 0.0780182076481362 0.0705659090814422
"ufb177" 0.581544043160383 0.57217585608592 0.151289750096422 0.173020093619766 0.101429837456346 0.0591839146714014 0.0834075537838706 0.0666124369017855
"ufb178" 0.578992316670197 0.600283283313028 0.150597399812832 0.13580429077864 0.0971981137292202 0.0573760924686802 0.0921008284392571 0.0639188257248316
"ufb179" 0.742554601269571 0.686997783319479 0.158483071832763 0.55530405863968 0.113865779217739 0.0769868928095439 0.0631769555929159 0.0705864768353711
"ufb180" 0.705207864370524 0.660414033373342 0.154147982229324 0.468842224849562 0.110511849564548 0.0776660662138603 0.0711332350740568 0.0636958318722006
"ufb181" 0.605859892811145 0.648626445399864 0.19217047219178 0.11049138609071 0.123178653471951 0.0633931692761692 0.147815718221893 0.127983977037481
"ufb182" 0.578385362949205 0.603058041516581 0.165710595022061 0.247432467123045 0.116794210733066 0.0605407699570692 0.0836612290894139 0.0878015810215136
"ufb183" 0.663663480883397 0.635017082785808 0.153991664151096 0.332900546991121 0.103356160405146 0.0714098705817996 0.0864205756817742 0.0696993277074242
"ufb184" 0.645401910376438 0.623097416410235 0.151040206587758 0.308141432035842 0.101941106064573 0.0725850627872191 0.0884933228930273 0.0665681855541553
"ufb185" 0.687022460939381 0.65405693633913 0.18235872060685 0.445755097527217 0.134201549435512 0.0743626959763418 0.0895383090402427 0.104053230617727
"ufb186" 0.651038499225301 0.620481038807732 0.169875343943297 0.469106180600409 0.122053252320584 0.059495034252084 0.0573670272407498 0.0928884907802675
"ufb187" 0.678887637398718 0.638405627198124 0.166016814357944 0.432025058195363 0.114011256671792 0.0691644239332298 0.0715639331711217 0.0862421405154441
"ufb188" 0.759040744670061 0.705715217290046 0.172079751907051 0.530585566363359 0.123621791770213 0.0741157302370899 0.0783135295519989 0.0956645022776719
"ufb189" 0.697114257093397 0.633980391052009 0.153867100773153 0.394554046915271 0.106842494643622 0.0716974180835458 0.0796449667768154 0.0769187693881291
"ufb190" 0.592592592592593 0.504688255195747 0.145542419035539 0.592489701311006 0.101499877474549 0.0452942272309849 -0.00218366775062842 0.0302890536514264
"ufb191" 0.627178132450002 0.610091217892447 0.158325686218378 0.33151948302027 0.114375311249194 0.0743158926162939 0.0755500410339547 0.0793864322718991
"ufb192" 0.731330239037829 0.664603071450559 0.152622923584207 0.604761307387647 0.11021501531018 0.0671160690375878 0.0377763547173803 0.0695566365614207
"ufb193" 0.58816681061583 0.590720718541631 0.153370719202138 0.160594077805541 0.104146675276144 0.0616474704704265 0.0909215610464939 0.0690187564142147
"ufb194" 0.726349076267144 0.701165368893372 0.181973461803891 0.399197901462765 0.130216534532796 0.0813267782670541 0.101476427206258 0.0875294061938966
"ufb195" 0.57528331318771 0.601468575626608 0.164730016056519 0.0497474727130239 0.107493160391133 0.0452321584185689 0.12354322584608 0.0826335643622682
"ufb196" 0.695009305199275 0.610846403282377 0.145005622688944 0.555329902860129 0.101445325010014 0.0608128798628222 0.0291266670651531 0.0590041476371174
"ufb197" 0.648716642711193 0.599587773979489 0.142502869085253 0.431789962492398 0.0963209389221028 0.0611689398586675 0.0453869127701653 0.055483552901143
"ufb198" 0.640946298588761 0.603696294179289 0.142301878650839 0.382404286411298 0.0951570423729124 0.0651888886954607 0.058124515254571 0.055062188060686
"ufb199" 0.598616410539078 0.610789902937709 0.158337166231478 0.185243098200252 0.104512195963802 0.062302560172196 0.0962543436645522 0.0715266451828294
"ufb200" 0.570671531153632 0.620036291396608 0.163076035375456 0.0746699350022158 0.106255839097243 0.0482101256786217 0.11954926685866 0.0813548168784999
"ufb201" 0.704388126278716 0.661945143354145 0.154191737930733 0.579903370431953 0.111349495214746 0.0675549432713718 0.0395577933487761 0.0750003227936062
"ufb202" 0.638707586130668 0.605653322698041 0.151411471813679 0.320859050863046 0.102350806657247 0.060789694890041 0.0681281543701467 0.0649676967473784
"ufb203" 0.679012345679012 0.623472338837578 0.161548820538443 0.678983223953862 0.11973011665361 0.0553478623638813 0.0165900601944881 0.0669505662383699
"ufb204" 0.733434587329999 0.703830271963548 0.188871484941817 0.481618773216648 0.135304046137539 0.0774245492823981 0.0970070126370766 0.121641401194981
"ufb205" 0.645932689110526 0.625848182269543 0.18179847035606 0.209760837900285 0.12096296937779 0.0619547465713449 0.116367058857787 0.125004358000021
"ufb206" 0.716049382716049 0.690625983013526 0.172704114602207 0.715867870997474 0.132030606457971 0.0633218038373655 0.0296739788918225 0.105065324099522
"ufb207" 0.708540858451652 0.702007324020073 0.189559569720726 0.456142745155164 0.133366137632817 0.0831324706642253 0.0973180700332553 0.126893428377093
"ufb208" 0.574254471829376 0.585711905819636 0.180809432821339 0.359979299025956 0.127959123589742 0.0673209937159772 0.0693796154387395 0.0946660504194343
"ufb209" 0.597729440933346 0.622068168688619 0.163058777952004 0.1853503682688 0.113522865879981 0.0659063087183659 0.101324231405968 0.0803753521172517
"ufb210" 0.597303929918438 0.594276548695535 0.154301097400775 0.197679993941816 0.103974242483169 0.061459305420834 0.086659756985631 0.07108148980688
"ufb211" 0.57913256113639 0.630408990695415 0.183090585302677 0.0735688769936194 0.112834199467959 0.0432343068036297 0.142178836815887 0.122659108824527
"ufb212" 0.760548555117235 0.711121144155428 0.17883676131884 0.555225693405358 0.132637071089298 0.0812418684615995 0.0858358050004873 0.106823334341287
"ufb213" 0.607287167117134 0.633392929234673 0.162373861181793 0.172622469985736 0.107265738494361 0.0707181682025756 0.110708728146751 0.0748340988952913
"ufb214" 0.650301745330273 0.6082158483228 0.158957440002682 0.407306565919042 0.109069296305856 0.0649969245107874 0.0637050483956139 0.0762002683918519
"ufb215" 0.645348085950358 0.62367270455965 0.186904907258323 0.247357730805628 0.125609531160034 0.0735497750749846 0.115384299871882 0.133665427846499
"ufb216" 0.781455151436683 0.77132542868702 0.187263505057894 0.645406623984466 0.140386420103175 0.0855550841272011 0.0771906358575718 0.11299983231468
"ufb217" 0.652898307308476 0.582995951417004 0.161081180050511 0.432032627204771 0.110228218784126 0.0535153281922269 0.0473809741911188 0.0762591778651103
"ufb218" 0.557257064571837 0.627584315741193 0.176411990243602 0.0611505329657852 0.110520740370895 0.0399027804221772 0.134437911204852 0.116389860256438
"ufb219" 0.664067515472001 0.660402533918595 0.188007945923465 0.31882863530819 0.134440702680485 0.0826401243713174 0.116443924176607 0.119509703079757
"ufb220" 0.606699427975818 0.588639857015192 0.146141233259491 0.259132408053931 0.0966560679199262 0.0594066830447175 0.0712413920443925 0.0597016234437621
"ufb221" 0.653662604630586 0.607621573128579 0.173461531784532 0.271073379804701 0.113945863331835 0.06759444445906 0.100641927178991 0.110675380837901
"ufb222" 0.646144378874629 0.62286701810947 0.181406032223452 0.23388048243313 0.118636697699954 0.0704622212160867 0.115781552016083 0.119214174442272
"ufb223" 0.741070441970729 0.70582853056245 0.176898380110437 0.468695814568758 0.130560272177614 0.0819434777281692 0.0960394548765644 0.0797273248082628
"ufb224" 0.732981198104847 0.670560422750661 0.161598070207503 0.468670594430367 0.114473088276599 0.0749956322675072 0.0793144996136193 0.0848300516226237
"ufb225" 0.628803023433853 0.608713062238494 0.153266017666789 0.295991499913848 0.102597687593472 0.0697493499973764 0.0908831200026881 0.067352031215179
"ufb226" 0.598714660413632 0.599612665444718 0.151831242179067 0.224564445974883 0.100841525955886 0.0641828429733574 0.0839923559029628 0.0650835025083724
"ufb227" 0.612146701411313 0.666141121203761 0.200644392584597 0.09933342158069 0.12928711611317 0.062470632339517 0.159053866333862 0.133076346096347
"ufb228" 0.640937437529199 0.62618528287078 0.169535775901063 0.346285037712573 0.119939169349599 0.0708217083336119 0.087862602766535 0.100645566981648
"ufb229" 0.58471921450851 0.589756241598222 0.148467347628669 0.197406703294785 0.0981553902104139 0.0604179823226825 0.0856565064627247 0.0706106423052477
"ufb230" 0.606830235215973 0.606304112159528 0.157149570648213 0.259379843667619 0.107344704860062 0.0694080511497304 0.0897360590123209 0.0792667388852015
"ufb231" 0.572221914081777 0.612598573223703 0.152652982779282 0.196098392420211 0.102663308187888 0.0658232275488687 0.0848798215922143 0.0699442413032482
"ufb232" 0.572624198238345 0.617160666195194 0.163206354315143 0.110977211865097 0.104294350360667 0.0600537766222397 0.113872479234842 0.0777753787510276
"ufb233" 0.679324178163123 0.639245713430938 0.185217306242875 0.322085176197488 0.127188019296935 0.0696124780604185 0.10498862304792 0.117867951548715
"ufb234" 0.658556977613413 0.631499270595359 0.18250567447943 0.276166382628698 0.125687896283097 0.0677950855539886 0.102009986784555 0.118363235066414
"ufb235" 0.604591673622153 0.629054561364655 0.163540033997446 0.148152857347453 0.110457247568801 0.0643168488903148 0.109230223819914 0.0753729128287893
"ufb236" 0.580959269178653 0.6065678359317 0.160052356843705 0.135752068323789 0.106099666253736 0.0611250442333347 0.108244032443315 0.0766391299423585
"ufb237" 0.582904849173618 0.625324283166167 0.167288226319386 0.12335375453045 0.109519193830469 0.0624930985666115 0.118195001445488 0.0839528613788396
"ufb238" 0.691383949151391 0.659317058343599 0.166840362057424 0.34512697583914 0.114577341942979 0.0772056827293426 0.105457550553377 0.0780599697600113
"ufb239" 0.700233872963232 0.653738322386345 0.157091662869233 0.431760616143335 0.10941688080581 0.0685534943051753 0.0743658183812094 0.0790202401672199
"ufb240" 0.556691429283498 0.521367253587318 0.141475788385871 0.296230081144241 0.0944265154251293 0.051612657142424 0.0442435099039365 0.0482598262431275
"ufb241" 0.611603645495702 0.642125667720484 0.183393717206811 0.110177863253127 0.12023921672837 0.050272731422519 0.136997348149408 0.116491884838931
"ufb242" 0.600546607153874 0.633371643506426 0.191230372113434 0.412496441079803 0.136934375762184 0.0754508825451768 0.0816163415340941 0.110615351833853
"ufb243" 0.609243124532819 0.575687860914677 0.152863426133154 0.333307819558723 0.105880067724425 0.0557203332496002 0.056920856141343 0.0727428621716213
"ufb244" 0.711073509907846 0.655281049098253 0.158551561849531 0.431639381592041 0.10985845025487 0.0773437461144702 0.0847403452138462 0.0749764633858837
"ufb245" 0.627341342955669 0.646937430730859 0.186281543969246 0.136559707014608 0.123720643492123 0.0548261228302132 0.138246397579584 0.120768493268382
"ufb246" 0.572982515382492 0.590201913413472 0.158381356762952 0.197852793316561 0.110889821759929 0.0590585977925446 0.0844306401010162 0.0797513678065139
"ufb247" 0.643777243452717 0.674844790510544 0.188971896936664 0.246457165177594 0.132950856662624 0.0706298984498741 0.124194696309901 0.133066354016457
"ufb248" 0.606254683148429 0.646798979445768 0.187085284802904 0.147873567963684 0.120841261719206 0.0689057247366959 0.140953183862227 0.123518777824516
"ufb249" 0.701863127994708 0.710388008578768 0.203734276526534 0.345234840361719 0.145413659087337 0.0768876890064948 0.125586094204083 0.156656131525547
"ufb250" 0.764644829540859 0.755584655677091 0.221614326389352 0.534732653908241 0.162180172870712 0.0879123857015739 0.115533677802094 0.179237868148369
"ufb251" 0.617843751465018 0.620779279998176 0.163249544002958 0.259297429452933 0.112937888206606 0.0727424791554466 0.101529068762459 0.0816159504415981
"ufb252" 0.737183123188478 0.706184043276479 0.186553185320049 0.46364284345432 0.130925903757203 0.0733368064264102 0.0937017024474642 0.111363100945061
"ufb253" 0.73953994058105 0.67649460219541 0.167776222279054 0.468789335672557 0.116772017445302 0.0655792245110658 0.0735226030799944 0.101234979693039
"ufb254" 0.814814814814815 0.822053177875729 0.201016664218441 0.814717611160738 0.160976261880091 0.0772595857948541 0.0628814492799276 0.167903767916121
"ufb255" 0.705643924750316 0.664991677397067 0.155792076520779 0.567545519300073 0.110825487593617 0.0676657956447423 0.0413750287622164 0.0755925463793571
"ufb256" 0.549179879457881 0.617818213817035 0.171881208637174 0.0493392831594943 0.107267836446431 0.0576169095499933 0.129718267799301 0.095386360833491
"ufb257" 0.597450472416757 0.588441276727611 0.141319035152211 0.222239696422514 0.0978829906938031 0.063893565229751 0.0726393534442657 0.0549710741378727
"ufb258" 0.608268945512629 0.655608760992669 0.183371375635644 0.13619310698106 0.1204345145917 0.0534661988814702 0.127071494372172 0.122915706029969
"ufb259" 0.575431648845029 0.648807165098508 0.18808677684626 0.0624269349096473 0.12099850946396 0.0522167651916669 0.149258486003343 0.115723914384195
"ufb260" 0.580063861633112 0.623343324437963 0.164167969351856 0.0748586205615676 0.104399231073229 0.0411809168868517 0.119633500433579 0.0818846682664629
"ufb261" 0.77179503323634 0.766206808456282 0.184358501604913 0.63273742624854 0.137257235834209 0.0822664987988966 0.0736202594346621 0.105827033191551
"ufb262" 0.594389342526416 0.621781603367473 0.183351692810204 0.149475941095061 0.118635426075905 0.0697243099204388 0.135083387780906 0.114515474432381
"ufb263" 0.682735513543965 0.660734589312186 0.156414399105066 0.370016464337474 0.106953456699131 0.0744688412239226 0.0824157121798591 0.0654602932251358
"ufb264" 0.60407378666587 0.663509110444084 0.200841258598695 0.0857518700750274 0.129175547330014 0.046191073696919 0.160828427379668 0.129883882475913
"ufb265" 0.599447262022221 0.624655577423656 0.164379629820484 0.17293546283986 0.114040440417393 0.0663381090657337 0.106832211653117 0.0772701245008958
"ufb266" 0.6375 0.658986527862829 0.185543986090734 0.64542850056253 0.140148744839829 0.0645422381626161 0.0434481358974874 0.109517772544841
"ufb267" 0.641975308641975 0.54656862745098 0.147198603231052 0.64185369742578 0.102824688200445 0.0477183668578912 -0.00024114797140681 0.0358520286698193
"ufb268" 0.671024792541329 0.596462966205568 0.144286111735976 0.543042360644109 0.100500564347563 0.0596956866744556 0.0283096394734763 0.0500805368499472
"ufb269" 0.684478877007017 0.705049676540237 0.19567645829373 0.418822040666378 0.139045808338639 0.0882519636202559 0.104131161503246 0.137707385882647
"ufb270" 0.576749206472212 0.598148965437261 0.151747949288757 0.13580429077864 0.102274356161815 0.0562485382219627 0.0933306138387857 0.0649431008706939
"ufb271" 0.5981977489674 0.624945184025059 0.16353343770821 0.209999388663511 0.111553283737159 0.0712567993934968 0.10183390306509 0.0750900844498731
"ufb272" 0.745702706466204 0.70102796577704 0.162816902231054 0.629477009651407 0.120901118222637 0.0734383097743981 0.0493519419813075 0.0832308158814023
"ufb273" 0.580993616126547 0.601590963632 0.156909178352802 0.172784103445438 0.103721600638036 0.0614167312529066 0.102168838889934 0.0727091364968984
"ufb274" 0.629198457430096 0.603945574046162 0.154040889015476 0.320737663570031 0.103800588380035 0.0687537874018094 0.0864737321595026 0.070677703150208
"ufb275" 0.778261860908053 0.730986325283678 0.182498141265673 0.567584939543519 0.136507101986953 0.0794349352908997 0.0899118550402565 0.116546006645835
"ufb276" 0.696422805574832 0.674284850831547 0.16823116075565 0.444121152378744 0.122744348713326 0.0760467685313312 0.0865985838617797 0.0923469941598469
"ufb277" 0.657242985494216 0.645114060597523 0.161500551959546 0.332800487110638 0.107957707622689 0.074201296900305 0.0945292019335836 0.0817704617358238
"ufb278" 0.682107518900925 0.629751783836864 0.152693174145373 0.369889496656801 0.105186249058446 0.0741618373651195 0.0850183746612359 0.069869048880276
"ufb279" 0.573230828559694 0.653299867781189 0.189924205635813 0.0992689468397064 0.123125340162679 0.0659401347937846 0.145444086111617 0.124334178395498
"ufb280" 0.586460479957634 0.6155431039667 0.167338875819441 0.172905897031952 0.113873758658894 0.0669963363661242 0.113275717468215 0.0824440992735982
"ufb281" 0.600783556744085 0.664645590790649 0.19676604420539 0.111810971523543 0.127536745800008 0.068539093732985 0.152684465703309 0.131132220365153
"ufb282" 0.655715181143691 0.639145748724478 0.190983325757008 0.263416891343873 0.127445707614191 0.0722299736142405 0.11117543828168 0.132524722777337
"ufb283" 0.575170978869881 0.592929355296809 0.145867617940912 0.1234272334249 0.0967206781663024 0.0532893858994112 0.0870453164332505 0.0607531598275339
"ufb284" 0.59379948927868 0.601221948067207 0.146297540458689 0.287191597541034 0.101333442417878 0.0702948023453454 0.0623389703479279 0.0562620384141119
"ufb285" 0.5375 0.491528354080221 0.158977069841789 0.53740447680795 0.11378772267602 0.0488007275400165 0.012475640781815 0.0438306201597364
"ufb286" 0.648003822912121 0.637679128185457 0.178063360731841 0.185336573557412 0.114501136984923 0.0679084899212132 0.127270211867634 0.0841448260255318
"ufb287" 0.568498872280753 0.631578830267013 0.181081274667746 0.0492075968778772 0.113778493883513 0.0550802737728228 0.141164829375581 0.105451562798136
"ufb288" 0.597071744979887 0.609009390896048 0.156999914921277 0.16055840548612 0.105810253936575 0.062586560748023 0.0989442713031963 0.0687926502642559
"ufb289" 0.661548387134495 0.642830725691039 0.153342204755419 0.468709146527746 0.105848671560185 0.0716821354343306 0.0574538589027771 0.07185599193898
"ufb290" 0.575877075712175 0.56434037313214 0.143405688706274 0.28196418030441 0.099337526714785 0.0627223976787373 0.059162715364163 0.0623582034530289
"ufb291" 0.72541282862151 0.754728707306528 0.206190355997832 0.504504803782787 0.151019010088122 0.0978011036679268 0.115580372365209 0.12529959200433
"ufb292" 0.745941307084008 0.756262578116725 0.208374149979531 0.493978019354808 0.148758732965544 0.0935844915240127 0.118718454704528 0.140289385486773
"ufb293" 0.586164618984311 0.594749747977005 0.146539745952992 0.172662309858925 0.095876561266493 0.0653664663443863 0.091126138278647 0.0635364963115002
"ufb294" 0.599461882159806 0.600438505583335 0.150580483679505 0.197460684139007 0.0994604025982664 0.0673658911832206 0.0920827473273902 0.0664544698826638
"ufb295" 0.608922446331071 0.588827201542355 0.149426204546418 0.259379843667619 0.100222788580423 0.0659523986501321 0.0813949566996399 0.0681011684109246
"ufb296" 0.562872001246136 0.566856881067716 0.145731765599712 0.173086263441018 0.0972722235002969 0.048959474165327 0.070669564134631 0.0666215532979811
"ufb297" 0.5125 0.523782513572644 0.173152551034206 0.51223198937271 0.12479088513796 0.0533334658837872 0.0301963836219852 0.0585116261179183
"ufb298" 0.55945107239112 0.622013757659319 0.174205307596407 0.0979906332192215 0.112120772415913 0.0606244579771682 0.125487630318499 0.116556447539576
"ufb299" 0.591158373484617 0.638732217021294 0.173135134089085 0.14796961582013 0.11328202535309 0.0640789612606402 0.124386618593663 0.0850955706965383
"ufb300" 0.652271957189976 0.609819967266776 0.166745936921547 0.45674832946853 0.117732427157726 0.0586776692461459 0.0538134859474468 0.0881000450010284
"ufb301" 0.67614453342385 0.635455838512947 0.15639775334037 0.407039543672518 0.109786614299791 0.0690881903797391 0.0736038062494363 0.0825875612332702
"ufb302" 0.594863570644566 0.597792105634702 0.160290375249651 0.234909439567281 0.110533240064764 0.0651289038146496 0.0865073987944541 0.0781433067889233
"ufb303" 0.615026166432188 0.604573879554076 0.159613948977933 0.296639467130952 0.111736069223978 0.0676940417858632 0.0857715368056635 0.0822641841566036
"ufb304" 0.7375 0.743318606503947 0.196223924978819 0.737350945681428 0.154660690417694 0.0745456105540946 0.0561430852175956 0.142423472607797
"ufb305" 0.535309432605499 0.555812499882686 0.150164562303581 0.0985668555341781 0.094702186268584 0.0560644514299434 0.101907240043675 0.0702703925304583
"ufb306" 0.584149612067333 0.626585154780725 0.175349291750126 0.137339712812244 0.111368681099316 0.063341341728024 0.121847064714759 0.118390676863932
"ufb307" 0.574483437078647 0.644865462996984 0.186209794603154 0.0498325776970368 0.11960365394319 0.0482527137732189 0.146903289672914 0.110996865968762
"ufb308" 0.695007507021346 0.665382584010035 0.169548707799295 0.33272446919219 0.115177827168243 0.0812855070740548 0.112414991636596 0.0784311258424213
