NA -0.06338321 NA 0.1174074 -0.02631701
0.1403978 NA NA NA 0.06466025
NA 0.1944882 0.141892 0.1326502 NA
0.1726885 0.03814311 0.1430826 0.0566915 0.05988484
0.01001993 0.1585953 NA 0.3475 0.07517495
0.1854636 NA 0.1305355 NA 0.004805574
0.1351867 0.009734998 0.1054172 0.1197979 0.06816034
0.1200163 0.1214496 0.0693022 0.140708 0.09520424
0.1336432 0.09734534 0.0427351 0.1326785 0.02287289
0.1236055 0.1776668 0.2016989 0.2302967 0.1430816
0.05945361 0.06853003 0.004983827 0.1302291 0.1500639
0.1078616 0.02266659 0.1496693 0.1130896 0.04558921
0.2487817 0.1129376 0.01602542 0.1856938 0.09695258
0.09542553 0.1839753 0.08523196 0.1257601 0.09514891
0.08747322 0.217979 0.03697799 0.1221312 0.1174027
0.03626368 0.1737378 0.05824976 0.03183775 0.04810501
0.08712393 0.007153118 0.03557647 0.07796753 0.03217347
0.03114969 0.03595983 0.0194385 0.07379538 0.02453469
0.01254108 0.03547185 0.01966873 0.03522453 0.07818569
0.04458881
