"quartet" "wQuartet" "cluster" "phylo" "mutual" "shared" "clusterNorm" "wNrqs"
"mb49" 0.804945500785942 0.808184446234776 0.201123229105358 0.67623751287701 0.165124733739418 0.101507071175771 0.102193243968942 0.139507104455335
"mb50" 0.766385680808072 0.754564292458035 0.196646584081535 0.573268147904513 0.157069144827955 0.100115965659806 0.112691582275858 0.144687082995526
"mb51" 0.662790697674419 0.780750137892995 0.23893388647235 0.662499531891713 0.198308338913125 0.0938593672223108 0.119596592963107 0.190069131389238
"mb52" 0.862068965517241 0.927500288383897 0.243456690119711 0.862090290325671 0.213742195375315 0.105101628727634 0.125809998946571 0.221846292948777
"mb53" 0.841630814791538 0.848848624239194 0.195387858891757 0.759821727820734 0.162376032094496 0.102286955485844 0.0950043038467392 0.132576912645844
"mb54" 0.739219494756006 0.780987512188245 0.218309872944746 0.503995182771635 0.171438821483066 0.113822347269379 0.13662004145726 0.156791491227534
"mb55" 0.682352941176471 0.736827471152509 0.204064328278236 0.506351922114551 0.166879412738485 0.0822910839322831 0.0785434620331836 0.125623490042822
"mb56" 0.655778254037857 0.679331306990882 0.200726605554767 0.243926603723982 0.151919672675047 0.0971525183845474 0.116593923724138 0.119668128555902
"mb57" 0.657657257095937 0.733059289597278 0.217095125063397 0.160756063194877 0.151530777700199 0.059517909152729 0.176428723235323 0.148343295496203
"mb58" 0.722862567882616 0.80402949482095 0.248264971604361 0.354318404887176 0.187391026950541 0.139400427417983 0.194746398444066 0.182317784056203
"mb59" 0.788039534357762 0.85319807500689 0.241314657909381 0.594832049457732 0.195112435231919 0.135487527377536 0.161647244808591 0.185464840105919
"mb60" 0.86046511627907 0.889224002513352 0.207015168143744 0.8603209048842 0.178964717519595 0.0877950556766755 0.0825193062310441 0.178636822346421
"mb61" 0.96551724137931 0.981431588145343 0.205048491632687 0.965480056214446 0.182089455507345 0.0914301986377042 0.0814291120398522 0.167308487124034
"mb62" 0.744186046511628 0.80988416988417 0.197871846167947 0.74409499762748 0.166278083315151 0.0751713710162157 0.0730793496368433 0.13409576860226
"mb63" 0.85071387121347 0.808647575843493 0.182407290035442 0.723990756855984 0.149100432774309 0.0890013555506145 0.081390844088409 0.117800036548699
"mb64" 0.622438533153079 0.715569673817449 0.210237006349687 0.126333274440321 0.146524060700998 0.0672856898738779 0.171636949065927 0.13784451376975
"mb65" 0.747126436781609 0.84640041028271 0.211344509541441 0.747081788014236 0.175282180503501 0.0831323986000653 0.0887041957401586 0.161913292604766
"mb66" 0.618892700414851 0.706266898526849 0.20760360297025 0.126316840409935 0.143543308362432 0.0750229392468486 0.169430035322124 0.133273172595329
"mb67" 0.811717750837882 0.799422120682704 0.201121265363582 0.699499704280668 0.164490144734592 0.102297092603708 0.102151973320348 0.1555980561476
"mb68" 0.755813953488372 0.788839339520308 0.202434307929451 0.75561892863558 0.171237921513598 0.0828382113896206 0.0781265705092974 0.147141673746086
"mb69" 0.616669390843687 0.644029807070242 0.166168755098552 0.12714244693503 0.11985974285458 0.0699774993908286 0.120631980171057 0.0796926770444009
"mb70" 0.639855512101439 0.640993256010689 0.165789606488035 0.161841698269929 0.118094041071151 0.0718606102000468 0.117209850711827 0.0804263755450599
"mb71" 0.784960930304179 0.845614832882036 0.234641700895607 0.651388601358289 0.193456068377784 0.12131345055265 0.139558873932273 0.189384021509244
"mb72" 0.610438593456253 0.681589694944315 0.192521398452682 0.137850233959861 0.133581501960379 0.0598222317403876 0.153620032944138 0.113989468173238
"mb73" 0.62127534018474 0.711974379755178 0.209665788122458 0.127769589854953 0.145628861130242 0.0754584380704945 0.171365101558218 0.136032289849255
"mb74" 0.766908584393848 0.829704109960052 0.236353141687107 0.52630395945845 0.188175119631584 0.131705777560533 0.165965977183302 0.177375761008627
"mb75" 0.641332885978977 0.630567923440855 0.168148728367597 0.173545672446279 0.126464512717578 0.0776294134428299 0.0990447736006936 0.0882292826571434
"mb76" 0.607616601758024 0.674185322375987 0.188263244662922 0.126622736279432 0.131877896773073 0.0650396150122087 0.148920517144631 0.109734554791508
"mb77" 0.779069767441861 0.849513164717405 0.230145393636035 0.776307845659306 0.196434575718939 0.0944207047757546 0.110447192100391 0.195241437729163
"mb78" 0.781609195402299 0.735258035495216 0.159259200117858 0.781430377847452 0.134355743221139 0.0637957052559715 0.028519331099594 0.0958561400381722
"mb79" 0.689784812703116 0.711539052182192 0.172686266190788 0.532340828625506 0.132464596219406 0.072998229834723 0.0698532019606345 0.0882484827597061
"mb80" 0.740328671913717 0.780646599777035 0.223968681880792 0.546235214989991 0.173741535245543 0.105800927097541 0.128156205545401 0.170355791901084
"mb81" 0.8 0.81990206656154 0.185815844658164 0.809403349894115 0.155947496501872 0.073256082968185 0.0582488278192605 0.12569662351102
"mb82" 0.732558139534884 0.694233265343964 0.158814943486534 0.732396424537844 0.130687656770289 0.058176953478336 0.0281003530358898 0.0776424768322552
"mb83" 0.750910004678173 0.726569835399621 0.172934771157118 0.527361267910852 0.134883094178807 0.0877670965336557 0.0965162170618004 0.0985544181678847
"mb84" 0.667728677707115 0.733667333170447 0.216760650946052 0.174214115553431 0.154403911268047 0.0650371302019575 0.175144251591903 0.146208417108827
"mb85" 0.629538474619498 0.721155795161295 0.212090252320859 0.116457415744095 0.149326313760992 0.0559200683968641 0.173144929688006 0.141526933654288
"mb86" 0.804597701149425 0.774840118546249 0.166837144207239 0.804443673704488 0.140975886631917 0.0667393201137851 0.0372756876293044 0.111008000647326
"mb87" 0.667981248540927 0.734714869708675 0.220915904339637 0.194674742862162 0.156773250447826 0.0881465561710667 0.175576572675589 0.151463598637461
"mb88" 0.651704061099526 0.629112489676763 0.166491218962679 0.184951900484587 0.123355348388841 0.0804853692376104 0.102891077501422 0.0843589499733806
"mb89" 0.756194015387879 0.807191951863391 0.199782570702284 0.599947316109695 0.157756676544509 0.094323469376928 0.100239739217039 0.144186794779733
"mb90" 0.694428731277263 0.638125988315546 0.163404926600205 0.402751899350968 0.123274106568621 0.0774751362368052 0.09391064516308 0.0842097080501874
"mb91" 0.635050036687627 0.637845918509248 0.176469100797037 0.185378223045375 0.133100468521459 0.0844990225177375 0.10042676121149 0.0939170677103466
"mb92" 0.669741512296348 0.625374825081629 0.157599657585015 0.368198803056909 0.116981476886742 0.078545254428182 0.0933242091144827 0.0726421399478242
"mb93" 0.661510756865296 0.727776498832506 0.214845970685146 0.183192292241353 0.153246370766128 0.0756639881699769 0.170699793633257 0.146096772064088
"mb94" 0.735810817371974 0.80686613993146 0.243414163772398 0.375893446551018 0.186594128670262 0.137559835894338 0.185607105101993 0.181338642393667
"mb95" 0.672338822182904 0.732283862369926 0.216673656123555 0.172254131755538 0.153290712520594 0.0704069855099992 0.17393766978988 0.144993711588176
"mb96" 0.631681061161059 0.626317746664015 0.170594739055082 0.173792084105039 0.128131435418029 0.0749339603447452 0.0940099787651486 0.0888597065771451
"mb97" 0.722926828012539 0.715448080039645 0.170938347013584 0.469774131322665 0.13229779966993 0.0830762719025502 0.101826288339686 0.0914510915219445
"mb98" 0.862068965517241 0.845025622901573 0.163996028753087 0.861920224857783 0.14294142229869 0.0658170008670703 0.033992762925032 0.119440031781097
"mb99" 0.60375156555738 0.661439518571177 0.181779175345175 0.126653313329879 0.127546213664764 0.0641004367298282 0.141781561435968 0.102266138267688
"mb100" 0.667680562253112 0.63442742771668 0.14633070168782 0.444361644011665 0.108605209136883 0.063422189677142 0.0566846722205277 0.0571056676506538
"mb101" 0.781026505375326 0.715594810015411 0.161158217565318 0.563122856391478 0.123443813329134 0.0685287519060721 0.0734466601275145 0.0909949268350231
"mb102" 0.730298630049268 0.688952062108575 0.166567291619058 0.480977966065661 0.130731036217706 0.0759143512330895 0.0792710266141678 0.0899095100135643
"mb103" 0.615924685822671 0.644316003570331 0.163781781523813 0.104000329473456 0.117997463619296 0.0625409932082035 0.119312130145394 0.0791883861432132
"mb104" 0.608903272410307 0.640548935563305 0.168823738313935 0.138314928927061 0.120629251207129 0.0618346117820781 0.126459636870969 0.0858411247041178
"mb105" 0.620755051147635 0.620083568719324 0.15564783218647 0.138777734798024 0.110317046832073 0.062840207666095 0.104474270870671 0.0725001259778576
"mb106" 0.735329076417123 0.803173407549071 0.228447425222119 0.433077092364371 0.1763629523965 0.126764220033748 0.164052236995313 0.168466279415964
"mb107" 0.648889694310042 0.678731843594977 0.17220453337617 0.273953463842734 0.125821574941883 0.0784260337611808 0.113482756233424 0.0964018647783014
"mb108" 0.610377754261904 0.647519678529496 0.170979305939552 0.138274402413966 0.122068799614795 0.0618654192445266 0.12942633547287 0.0894129922395839
"mb109" 0.673629644227262 0.651573000464926 0.152132219663511 0.469299910132495 0.115863003119401 0.0726409450629946 0.0632986788533383 0.0814870021522637
"tnt1" 0.700920316189549 0.70227108940225 0.169994525917158 0.377548921032454 0.124465363321268 0.0743914743699618 0.106483798995754 0.0911576919327245
"tnt2" 0.704117444947102 0.709896542549029 0.17650944689397 0.37770965468485 0.127813225984801 0.0873029161479166 0.117880191475885 0.0927935584005091
"tnt3" 0.617763073639822 0.576555274017951 0.152179128245166 0.127154431583154 0.107947965015625 0.0587301235700814 0.0874869155124967 0.0740619880648547
"tnt4" 0.611854970273652 0.639733097201647 0.17279398701756 0.14979576455011 0.119033227743258 0.0645394334023534 0.131343079189792 0.0891745458538748
"tnt5" 0.622514667189611 0.635040403859152 0.163738331813682 0.127066960068384 0.114545608518231 0.0633306967401444 0.119285839375206 0.0797762628722092
"tnt6" 0.895348837209302 0.809408439329699 0.142021879546925 0.89529802375138 0.123675535016435 0.0606921437677101 0.00775534026419936 0.0895133857825333
"tnt7" 0.643651347613248 0.717746960637437 0.207939194057697 0.151089562285144 0.144371989434457 0.0516102549698102 0.167595502234314 0.137868665339545
"tnt8" 0.696782173321398 0.770535375268953 0.228041647878048 0.241198173979648 0.1675567406563 0.0961601374747151 0.176389015473935 0.165132393392145
"tnt9" 0.697674418604651 0.769327907955662 0.197507773633153 0.697533995847124 0.161458091236121 0.0749573672718639 0.0714173046998397 0.130592305975198
"tnt10" 0.689222778869028 0.70794059256068 0.18581080438648 0.366344979552586 0.13774500768939 0.0926318516252008 0.118285848897671 0.109975039760137
"ufb1" 0.694117647058824 0.600218189031042 0.141354450956427 0.693989606130854 0.114258464512562 0.0513555425283866 0.00680096736906272 0.0421224966983872
"ufb2" 0.690673820477901 0.723187948576386 0.194590289396711 0.400582180935209 0.147442199905375 0.0956396506106863 0.120640960785847 0.125232653619825
"ufb3" 0.616279069767442 0.57977093079529 0.156248909235993 0.616134381925888 0.12168914316577 0.0553260173161021 0.0239403010444515 0.0606376395335794
"ufb4" 0.641974258219883 0.6176849495958 0.157213173994343 0.295496705715576 0.113844990599174 0.0683682937998327 0.103762048599319 0.0737638238084331
"ufb5" 0.741065723280357 0.659899377202509 0.146804211728661 0.505555117227858 0.110335662778951 0.0694665926540128 0.0684317483978341 0.0667962158271888
"ufb6" 0.647733162435594 0.60257659007659 0.147740711329916 0.333519802505812 0.107829192421237 0.0714175069333538 0.087205275726896 0.0601017202751717
"ufb7" 0.638766149230848 0.723707761057484 0.211400044152672 0.151346761432157 0.150848081895639 0.0591613907907893 0.170424626708716 0.140434380166846
"ufb8" 0.638078391639632 0.714229553029656 0.207558270530026 0.13962850253546 0.146318456885858 0.0562374388679315 0.167840642456898 0.136784742208781
"ufb9" 0.619566728127591 0.590017047530138 0.147661097083291 0.253086447131388 0.103553520901401 0.0696609704510464 0.0906863545336792 0.0610061901723096
"ufb10" 0.741176470588235 0.834859003501874 0.22068514233477 0.740978871225151 0.184176605311691 0.0862778841827365 0.0993704399329188 0.177215501861327
"ufb11" 0.700555132392572 0.770782272227261 0.228093549817192 0.241198173979648 0.167548328200681 0.0977727391241081 0.176444390232275 0.161827573864331
"ufb12" 0.69066712674992 0.720160292394306 0.188941170388007 0.377509166145735 0.141882196342152 0.0878824991040401 0.114473163454251 0.120844976895951
"ufb13" 0.665834495662913 0.730903492428017 0.215964110637789 0.183251545541531 0.153876391871906 0.0708380626057206 0.173189413584859 0.14412243628089
"ufb14" 0.870588235294118 0.894333225702293 0.185730797290367 0.868983148364349 0.160496846410735 0.0772207001541965 0.0590788567447604 0.138665342486252
"ufb15" 0.620827740979821 0.582086924478474 0.146362280422373 0.264631361341946 0.103891216978514 0.064467643899751 0.0856583638275894 0.0621683149090021
"ufb16" 0.732481482737504 0.801650248215948 0.234210370009634 0.41315166855641 0.180133086596134 0.127211125854049 0.170493313633375 0.178118855493196
"ufb17" 0.715506564214366 0.793423727069236 0.234425856389811 0.352358616575677 0.176611320456358 0.128918220256269 0.175781906915107 0.176899448304338
"ufb18" 0.63953488372093 0.603649635036496 0.16057188584095 0.639470207588991 0.129445819145735 0.0579403214651482 0.0289411636090334 0.0752677016024847
"ufb19" 0.66503028581892 0.685170354946923 0.178045332868612 0.289570036242124 0.130886918698893 0.0816518568307031 0.115424357778012 0.10301688685671
"ufb20" 0.770114942528736 0.776598081569891 0.177679105910896 0.767258853228563 0.150190397675189 0.0710653934726279 0.0498036346607049 0.115475745758543
"ufb21" 0.724137931034483 0.671582619727244 0.152441495176222 0.723840449715566 0.123972791802653 0.0569293057229432 0.0206414351321392 0.0847769657333356
"ufb22" 0.616788705731324 0.673508905446377 0.183294253102658 0.205323347300009 0.130300469788455 0.0681235134577394 0.137398743157594 0.116848288320502
"ufb23" 0.630796384626868 0.691426912700804 0.19280759977587 0.198560437544711 0.136800498678697 0.0625318990783737 0.148768001882734 0.127656174435758
"ufb24" 0.797110790900396 0.639254716664991 0.131389518425427 0.69587077188777 0.104400008833825 0.0628979119124562 0.0235674980476748 0.0625959336291135
"ufb25" 0.696177146634698 0.751471758831617 0.217771892426697 0.218951415364609 0.156474690114817 0.0835570981307663 0.168196810592203 0.152289498385507
"ufb26" 0.629873711097453 0.726162190308663 0.21378692026256 0.141229992816369 0.149802648757105 0.0584477926884164 0.173728220524799 0.144387427324863
"ufb27" 0.608360500306561 0.658102750262667 0.172750407220293 0.193509759626259 0.123506995022756 0.0658334427844374 0.131297454889753 0.0914831951588176
"ufb28" 0.766572154187535 0.7402521254764 0.171671387565953 0.561877928918485 0.135070431509778 0.0816586830777053 0.0844130847762502 0.100184844981153
"ufb29" 0.615418043838705 0.638395921024339 0.163121943211929 0.238594588457966 0.117235315601019 0.0597856087905862 0.118617201974132 0.0774954709122033
"ufb30" 0.696066638999726 0.658204749765195 0.157017807736877 0.581255186725402 0.125549340853145 0.0751631932733491 0.0525742202842592 0.087252304868189
"ufb31" 0.785234120546157 0.761422246565338 0.179654249427322 0.596651830878834 0.142305184535443 0.0903831736328571 0.0932368821877996 0.108114467907845
"ufb32" 0.719567293650587 0.666222728467537 0.164301581892987 0.458426793722034 0.127755331778761 0.0679778881029634 0.0875679761776098 0.105149854079069
"ufb33" 0.645578242265613 0.719530880724806 0.209720966156209 0.139257174883314 0.146077483293463 0.0510977459018226 0.170120521847261 0.141077068145229
"ufb34" 0.631549395901542 0.643778582872445 0.166893470734083 0.276523705363886 0.119941233097163 0.0731741414633149 0.119997142530544 0.0806652059841433
"ufb35" 0.694936790810567 0.614733629300777 0.152833617611956 0.479041173033023 0.116874121019515 0.0712454865155547 0.0638371873678635 0.0761653545944473
"ufb36" 0.671505591770203 0.605898199347795 0.162302558920211 0.488756039686635 0.124968720430026 0.0696260693438566 0.0581347110551086 0.0725265707143044
"ufb37" 0.685147306359465 0.750463894183683 0.218215071360183 0.218085979648267 0.15745911705962 0.0847861937027085 0.16866807676991 0.151905090843148
"ufb38" 0.73522806765095 0.699757295921388 0.152537314565315 0.63185672180084 0.122241924916937 0.0712109770075916 0.0478303284193012 0.0791716332679722
"ufb39" 0.823529411764706 0.806786291351305 0.172461871354835 0.821260604589298 0.146289422495341 0.0695067526005418 0.0433913848426376 0.117250132662395
"ufb40" 0.670559334462125 0.732673739776176 0.21833070748271 0.183192292241353 0.153926331056444 0.0766492240141492 0.174380463715121 0.146169533424931
"ufb41" 0.793667068016666 0.845720259080102 0.226264877589994 0.660837822482532 0.186384795709919 0.117158525188408 0.130372531179659 0.185681693915553
"ufb42" 0.783252331878364 0.821373439774181 0.21349451477893 0.639501987375877 0.172699710061816 0.0993573014329662 0.116319004446501 0.169894367880178
"ufb43" 0.663916225838862 0.722917517422361 0.206549273240965 0.195773344733419 0.145591241376847 0.0744935577682677 0.160365426808811 0.139030251376359
"ufb44" 0.643865789605546 0.624235668990359 0.167357429376903 0.352444271823028 0.12455160167685 0.0775914560842119 0.0981877394341038 0.0867247216734309
"ufb45" 0.620309639976007 0.635554517618974 0.168531624505533 0.2281994015457 0.120257222542826 0.0620138024534571 0.125310035466386 0.0840437388065526
"ufb46" 0.624136772494546 0.627480775838576 0.165778202900279 0.230628271914768 0.116006370921025 0.0618409917619269 0.121415152085852 0.0808490174762196
"ufb47" 0.666774783529447 0.728916820925402 0.208361080529393 0.19798707063645 0.147429847230109 0.0781191480995745 0.160410340000243 0.141881252534998
"ufb48" 0.61044605559808 0.66215853122602 0.17500525458974 0.193585308863905 0.125052973500685 0.0619517293192957 0.134235344805447 0.0939563514109552
"ufb49" 0.683904127725079 0.709904148168589 0.189829951239125 0.335582555933128 0.142760296313186 0.086399636474054 0.115325638739562 0.124822121662853
"ufb50" 0.735602405494534 0.692766121058991 0.156688393060898 0.604272263015923 0.120853997242586 0.072017820506952 0.0524942872174609 0.091151999203853
"ufb51" 0.604971662802808 0.666105480264772 0.184052597259577 0.160124294592747 0.128242100634264 0.0590444058218774 0.144505790829772 0.10487642253453
"ufb52" 0.768985067339142 0.742280248975254 0.159942783314175 0.677891000826627 0.129144206280702 0.0790805192666911 0.0561507687970225 0.0898189549630939
"ufb53" 0.718731070386335 0.661135568348572 0.165769601509748 0.440480196289742 0.126048534879064 0.0689209810344824 0.0890952208975448 0.109036299506982
"ufb54" 0.790697674418605 0.82976751370974 0.186109139570882 0.7904813573263 0.15797835621847 0.0735422292478893 0.0592569788363441 0.127452043247444
"ufb55" 0.701546266167948 0.687994058040214 0.192054518349019 0.433563696955061 0.141395544278661 0.0761164095628499 0.0919556447615253 0.11767632492257
"ufb56" 0.689124796140238 0.667491348750844 0.158605106560614 0.399885521299127 0.11545739948162 0.0803054748063572 0.0941350272462849 0.0743948517668217
"ufb57" 0.639803526920774 0.696156353915368 0.198659735687826 0.160774802609072 0.136999370992101 0.05503712306109 0.158518910408903 0.12718071020663
"ufb58" 0.621574214257334 0.704170161843811 0.203882323829262 0.116403610568012 0.142067653846893 0.0575379876314887 0.165302507380853 0.131996055897521
"ufb59" 0.724137931034483 0.616819335614171 0.137578155562752 0.724010515183454 0.108745424351723 0.0486540190464204 0.00346676356652503 0.042685774003985
"ufb60" 0.659509274191848 0.727968264745452 0.214670040888542 0.162535203676481 0.148874404276513 0.0636958288663756 0.172941050067299 0.144630996172732
"ufb61" 0.650802621341377 0.58727109983963 0.156932345077511 0.321106063299817 0.112900996415333 0.0749957435471923 0.0926220270602358 0.0888719050723065
"ufb62" 0.597010378370642 0.53873350303923 0.136740347703525 0.241581863410894 0.0936158665157063 0.0569968494949577 0.0821311048941855 0.0620151162326993
"ufb63" 0.613013245945037 0.690783128096468 0.197352549672677 0.114991026668471 0.137332831718599 0.0590037793083289 0.158818024307018 0.124084181078237
"ufb64" 0.632334736816722 0.624400703936875 0.158389924491327 0.284349111419952 0.112824050376463 0.0648135119034739 0.107382552869883 0.07586134037442
"ufb65" 0.735454160749109 0.681298362285963 0.151127398816676 0.562757947250282 0.116008867845336 0.0752120387948316 0.0623669919376031 0.0796283268862285
"ufb66" 0.76516110783042 0.751377699126034 0.174969659691495 0.573493780122761 0.140972686264641 0.0873246134271051 0.0880588055151715 0.0992822535940141
"ufb67" 0.685955639902895 0.603473690956867 0.151126353016317 0.411685452416702 0.110386547640067 0.0683885142358344 0.0806651631774472 0.086608001839125
"ufb68" 0.642106507317168 0.601782350791375 0.145740452586882 0.503038190695858 0.110633881473922 0.0645619373821805 0.0398996263317684 0.0653364615878632
"ufb69" 0.693887979588336 0.676772683464133 0.158459986340181 0.416885608223746 0.119637822195902 0.0763978245670575 0.0883077092556169 0.078794001660768
"ufb70" 0.619951580120799 0.583178964955902 0.144840980633738 0.251436979646431 0.102803197983832 0.0620999874545596 0.08757461884058 0.063121865412841
"ufb71" 0.626259384901972 0.590733558226079 0.146331894129856 0.242761129424223 0.103115301146862 0.0629594061040433 0.0921455388861255 0.0622220449857137
"ufb72" 0.621785382374359 0.715558492338044 0.207974355612904 0.12961492887136 0.144842140790162 0.0560795061525766 0.168287662826573 0.136617529908734
"ufb73" 0.607828241670645 0.667078939198088 0.182770381464282 0.126049031461356 0.126709853360967 0.0579132966297615 0.143536927396291 0.108438780895234
"ufb74" 0.775883961277479 0.736963889213509 0.18739053774625 0.607110449254489 0.15184935258432 0.0841026708842978 0.0867202110745938 0.150224944131957
"ufb75" 0.654465715641697 0.565509638648248 0.144348964942065 0.355370457906007 0.100346198969853 0.0601817773884731 0.0791488443017306 0.0788582876826412
"ufb76" 0.616531266995733 0.642871242340749 0.163408356020389 0.238741084226326 0.118312860953252 0.0595114780070291 0.119936677985634 0.0785431117242515
"ufb77" 0.706669739327595 0.609583446773754 0.141755722619148 0.56071615276695 0.105599509862554 0.0571985573897822 0.0353992518450068 0.0577979642159424
"ufb78" 0.596889346288386 0.584800728187043 0.151631798872242 0.182643750088837 0.104420848788022 0.0519685876518639 0.102286130504725 0.0643165103961229
"ufb79" 0.624596732927458 0.595633550417413 0.157206230017126 0.238003862178108 0.113853668487854 0.0636885869733817 0.100875566323956 0.0729238801054977
"ufb80" 0.583082528661695 0.540828336302864 0.135491500990687 0.21868923753174 0.0939074645681337 0.0587960787122963 0.0832120774289661 0.0590873282017706
"ufb81" 0.648807168534437 0.571530372657756 0.143351784111076 0.377509166145735 0.106138787599173 0.0656776001267269 0.0645506569930469 0.0698631163320421
"ufb82" 0.612093227174228 0.648293135900476 0.175856660069156 0.183142632140294 0.12060630936946 0.0648768725425476 0.13512863941399 0.0933196125124063
"ufb83" 0.612366492903899 0.659264643148133 0.180870686928096 0.160429577015425 0.125179690042857 0.0534495631574975 0.141544321972909 0.105376112679081
"ufb84" 0.609862942129255 0.635085239839588 0.168562348027841 0.171574863162234 0.11788230454711 0.0545938428815082 0.127926108937906 0.0905172317127244
"ufb85" 0.661322839387034 0.700039739124337 0.204618726551037 0.43203889103768 0.157960407735614 0.0859260887352806 0.105716618560053 0.134899479710731
"ufb86" 0.71264367816092 0.700456702784992 0.153601555115518 0.71244717876564 0.125934311802924 0.0575715362379352 0.0219818908420922 0.0771739793473527
"ufb87" 0.736633743630683 0.70151454443465 0.162504014585073 0.527104026958135 0.126629086827538 0.0748288916340058 0.0742799967453951 0.0884601278610359
"ufb88" 0.607118327312721 0.671120922081424 0.187336638137232 0.114989019753318 0.130641391458991 0.0553803103831455 0.148365712435829 0.114352551428673
"ufb89" 0.627531631464262 0.551764100941381 0.136105186355191 0.321129902669358 0.0948942755562157 0.0561313595835636 0.0748139740705323 0.0659988393022834
"ufb90" 0.603799787916354 0.655021528665745 0.175797519465835 0.126072314407459 0.122562330432729 0.0532148075590713 0.136094028505771 0.101976708193529
"ufb91" 0.60690038214961 0.603934005653159 0.151158293148151 0.27235828524571 0.109733520465522 0.0664283104220686 0.0944149850328476 0.0659340097614902
"ufb92" 0.662790697674419 0.678380952380952 0.166025263551665 0.658660631696698 0.131618554181753 0.0563445287093252 0.0365923548964707 0.0681824949794664
"ufb93" 0.638641654903248 0.620158336015696 0.15900237573306 0.307337030832868 0.117203518881347 0.0706712598723167 0.0992641931496554 0.0783731304388345
"ufb94" 0.651162790697674 0.578378895048748 0.150989822934513 0.65097429747519 0.121046878946333 0.0508670016557598 0.019059260540164 0.0582969574453845
"ufb95" 0.670088713948983 0.674796185984102 0.162046438845316 0.377045522810401 0.118768893796228 0.0812389672851081 0.10231790952037 0.0749990385793186
"ufb96" 0.670425616666272 0.615540042843917 0.155913372268034 0.379861309006239 0.115138220353998 0.0768692852133962 0.0857967823788101 0.0742604547907636
"ufb97" 0.598307074534813 0.657318304208485 0.177819190437442 0.160100299061176 0.125228014261204 0.0628625983849359 0.137627998043487 0.098992898728077
"ufb98" 0.631403885260609 0.622918756268806 0.156377611136281 0.284349111419952 0.112284080664786 0.0619635246318074 0.105248279455057 0.0746177659299819
"ufb99" 0.683213622764747 0.738456179644823 0.212887302022076 0.209669284264938 0.15071059794641 0.0790449517786523 0.165211387951706 0.145099423473799
"ufb100" 0.709491745522758 0.644601903638659 0.167332465433434 0.426047943843425 0.126025856570163 0.0795168450926168 0.0907372668193223 0.094302988964082
"ufb101" 0.638603087672132 0.600820238050942 0.14930356688449 0.302390668433359 0.107533985363051 0.0721336454682136 0.0888088111596896 0.0611049599086256
"ufb102" 0.641232369052539 0.625423802893411 0.158832506096987 0.307649208746621 0.115862982613043 0.0704892989936664 0.102658593878945 0.0758978008546237
"ufb103" 0.737052668298341 0.77556210753753 0.192937981056789 0.597594426288837 0.154154820644566 0.0911564816164204 0.093222638907989 0.138157552842048
"ufb104" 0.584253562657643 0.63868163890773 0.168944372795031 0.136998805350787 0.116630570661976 0.0473448074670996 0.128319346992198 0.0925217436322746
"ufb105" 0.581262839924156 0.606369671266361 0.154633056766445 0.148407184172222 0.107173798565124 0.0461311374285438 0.111582600531021 0.0729828524763729
"ufb106" 0.659938799871941 0.604538621926975 0.149777238230602 0.355280975602842 0.11090259386696 0.0689320208535469 0.0714151359345778 0.0663057801622516
"ufb107" 0.609711679443841 0.585246596799737 0.14309008024108 0.229929141649269 0.0993615119818698 0.0627576042574384 0.088828617502008 0.0547012653831825
"ufb108" 0.669387311286598 0.689909266536278 0.173961379315359 0.343280898125884 0.130892394551723 0.0821238592123233 0.105453689217927 0.0981833023260947
"ufb109" 0.614080346048027 0.635493220344923 0.160465507092396 0.264833705701175 0.115419204250387 0.0674014576490766 0.113234751028509 0.0750891174199764
"ufb110" 0.616550152986492 0.704452798323543 0.204041407664242 0.127769589854953 0.141616487593777 0.0670851008094737 0.165469470704203 0.13137646469028
"ufb111" 0.647415872241332 0.631807568161527 0.175754419502451 0.351497974618678 0.13154475329823 0.0785877699199871 0.099646088418892 0.0946678193172916
"ufb112" 0.621730902401222 0.645029608164294 0.187052346752317 0.424122476888374 0.14199133321584 0.0835170439305667 0.0859621400583098 0.0971135580850225
"ufb113" 0.691246525994415 0.618718507934121 0.146118573386065 0.401027847233627 0.103275121626577 0.0643948530083363 0.0751607347135921 0.0651393941744502
"ufb114" 0.660859895186067 0.755287001549478 0.217806386855274 0.232407982359397 0.16000833413829 0.0870051907447677 0.165413154151617 0.152005981959805
"ufb115" 0.713139953154094 0.647357349847752 0.157914334198334 0.457814341869375 0.120623488507833 0.0703969043322603 0.0697117322372876 0.0826482930159983
"ufb116" 0.694117647058824 0.786919831223629 0.187454913682253 0.693989606130854 0.147850820989534 0.0676972241429039 0.059483712033192 0.112689118768197
"ufb117" 0.603996872548153 0.607749027608803 0.160149257631309 0.17128480335053 0.111269566096756 0.0600064721894731 0.116508374383372 0.0778724480560078
"ufb118" 0.607932875500355 0.591422801768637 0.155171344286373 0.194251506452227 0.10819819698862 0.0593996620407998 0.107691015636458 0.0690831018198001
"ufb119" 0.615392558196955 0.574504132006297 0.147072158271907 0.216838502062608 0.100981631431432 0.0595974516632981 0.0930660198856501 0.0628761097343087
"ufb120" 0.614624620990705 0.563798353882858 0.143860786534151 0.216687235206054 0.099276823827525 0.0583270136879256 0.0866363260592663 0.062542767903948
"ufb121" 0.641447573067467 0.560938314270825 0.139545359258443 0.353680010418137 0.101314030064324 0.0630509158142179 0.0680519567326768 0.0666714868982589
"ufb122" 0.636951581975206 0.54930554886218 0.140227638316501 0.364618511609335 0.103516674562761 0.0591063281928897 0.0609634043557415 0.0640731905968357
"ufb123" 0.619732347604328 0.637655653328906 0.16351468854731 0.228201101559548 0.113893454663254 0.063240438627477 0.120064899398024 0.0800317560835452
"ufb124" 0.664765584304827 0.696118137121794 0.179641059111043 0.354726193298248 0.135327905747105 0.0898431908738525 0.111604414475109 0.10350711464645
"ufb125" 0.700074761550926 0.662486770246814 0.168321113461512 0.41244095263026 0.1269763124001 0.0690843523012087 0.0919565800620043 0.108747375727823
"ufb126" 0.647928903667739 0.714334579366362 0.206983920929684 0.162598974112866 0.142886238157586 0.0537067362964199 0.166590794083065 0.136874446848118
"ufb127" 0.647535801621874 0.670275050452371 0.167388277160389 0.277908170405069 0.123915638487349 0.0753246832679872 0.103955389628957 0.0950289352086453
"ufb128" 0.608863367134947 0.640081134051322 0.168576639113867 0.205283886512977 0.120004575125918 0.0578828477377658 0.126903239875787 0.0858396676129122
"ufb129" 0.651336561098923 0.633410795394528 0.174201086886865 0.445063193172185 0.134396042490292 0.0706630714423601 0.0718902962584075 0.0932271104653245
"ufb130" 0.654677780247932 0.680693407056283 0.174033063570504 0.312583678469339 0.130532259165311 0.0807250878045541 0.105543856939178 0.104379064956701
"ufb131" 0.607387229850197 0.650452918945254 0.169894898621556 0.193418833223932 0.121866924822008 0.0654863399775547 0.127598977049502 0.0876834837246695
"ufb132" 0.653947225840032 0.709853956976515 0.202747191267718 0.183793014854778 0.14186267983971 0.0780675792387061 0.154384896355307 0.129594841860455
"ufb133" 0.62865093912001 0.691999609260526 0.199717397500786 0.149265366050661 0.140525418337765 0.0724890946887797 0.157159269984915 0.12674067461672
"ufb134" 0.627276344369715 0.695192271346649 0.199283016100585 0.149252786674017 0.14030324512434 0.0676974699670402 0.15766245588233 0.128352836275305
"ufb135" 0.64367816091954 0.528619206880076 0.134602114737957 0.643463979683827 0.107039857878496 0.0462598966276289 2.79318462708048e-05 0.0376482998883245
"ufb136" 0.697350887569247 0.665372389651149 0.151687463408362 0.458003833073833 0.115702176233049 0.073352379505615 0.0733057164717139 0.0717029143617562
"ufb137" 0.626065114513301 0.614394875171938 0.159322516099883 0.299312328917569 0.116616900487389 0.0733343911724764 0.0995375704568113 0.0750014826932028
"ufb138" 0.70060877052523 0.663193179333965 0.164820038342278 0.451448147720022 0.129903757158648 0.0768508838145202 0.0771310734774234 0.0812140285534706
"ufb139" 0.627305767296916 0.601450050398488 0.151161174780363 0.283531522776958 0.108749944777645 0.0658027483488355 0.0943157088813941 0.0681398786230513
"ufb140" 0.695685669934632 0.59462700887503 0.137591785126205 0.583846744685903 0.107267105266677 0.0600538589165741 0.0307193054395143 0.0469982990697814
"ufb141" 0.741917638775662 0.810462167415693 0.23409961497968 0.42288678076822 0.18276984524736 0.130314440233321 0.170373343299099 0.173007649282819
"ufb142" 0.685903838412892 0.615010073875084 0.147763187635803 0.423815384211856 0.109332724836892 0.0717769345623951 0.0693678555261245 0.0662940193256997
"ufb143" 0.611879176948866 0.650301208587373 0.172284334842779 0.205361204915879 0.122657562923724 0.0577873601119797 0.131370828038406 0.0910432451620926
"ufb144" 0.665563822101804 0.620488940628638 0.150421280314016 0.496301467339891 0.112445041694646 0.0588909288406252 0.0448785782623545 0.0631601838339984
"ufb145" 0.790701573596038 0.721302149178255 0.160903794910642 0.632184106818685 0.129136948684823 0.0695427524570468 0.0572305167457176 0.090904061124937
"ufb146" 0.661231010535343 0.616126846456159 0.14711301930826 0.522983961066302 0.111103961127798 0.0644094992310251 0.0414422509662488 0.0774194460617531
"ufb147" 0.665228350580528 0.726822562191642 0.213551140426258 0.172250766874606 0.151851786795771 0.0755925235168774 0.169332160072435 0.144886443739243
"ufb148" 0.7437199311513 0.805743316591643 0.232228499069849 0.413238556359368 0.180435236870764 0.125908294779258 0.168346542337859 0.172264261979038
"ufb149" 0.594327044475091 0.607808218563076 0.153441015091293 0.181839711263349 0.109278033790604 0.0507501011600786 0.108402161380367 0.0723896596020718
"ufb150" 0.634080954918189 0.578442522140516 0.146607501295131 0.297299559307274 0.104448782272381 0.0668289723740864 0.0812367546303597 0.067705157967923
"ufb151" 0.622059578267355 0.577182266336913 0.144740183405633 0.265909944847475 0.101698453496788 0.0647415835920991 0.0837195309688428 0.0630754649809744
"ufb152" 0.755813953488372 0.584525357607282 0.12789950283916 0.752697178960915 0.105642720319145 0.0502137615246781 -0.00901724349302515 0.0505428725987973
"ufb153" 0.621219135243885 0.60662959732165 0.154885254191918 0.295338662816078 0.115002745467088 0.0669169869376426 0.0903995299773559 0.0754704484363726
"ufb154" 0.638225278223177 0.593956869593469 0.148765964673623 0.314048986631158 0.108417976582061 0.0647178516510904 0.0838165022634678 0.0651168629172738
"ufb155" 0.633277850632849 0.62599308640909 0.158962898100122 0.273229832216998 0.111795920035001 0.0566232279735132 0.111647607857624 0.0740197919386357
"ufb156" 0.644706553744424 0.628791370254941 0.159742687523474 0.295793037630994 0.115724622795106 0.0646251418610199 0.108817302666095 0.0742110385182243
"ufb157" 0.700340026298041 0.723865519885872 0.189784819268231 0.377589260389322 0.143500355782745 0.086872565876271 0.115394272622642 0.118858542104309
"ufb158" 0.650660308989616 0.720149040786474 0.211889218322899 0.173598649390547 0.150065707137814 0.0742900182430541 0.167575389423459 0.143704389453394
"ufb159" 0.724137931034483 0.703680654338549 0.159626683785565 0.723953826694158 0.132571716365488 0.0584905229680485 0.0289439605208906 0.0901471856991293
"ufb160" 0.623529411764706 0.509814276912244 0.141410069816447 0.623412019471362 0.114319060880558 0.0492844148876118 0.00546260687233455 0.0479764048529845
"ufb161" 0.644088556361104 0.636646170925365 0.157588778282172 0.330713313998372 0.113273765615416 0.0729799751878499 0.104161090763883 0.0743018117628358
"ufb162" 0.641821052212489 0.674320369708285 0.171875743211779 0.289475651011879 0.127064572155917 0.0819340746195228 0.108784735240207 0.0982445615167652
"ufb163" 0.647400917044614 0.718467327938151 0.208939976161424 0.173657438245209 0.148869108371981 0.0672341018812539 0.165780544346267 0.142116360326308
"ufb164" 0.724137931034483 0.75126448033937 0.175251628349156 0.724068492157199 0.142267370471989 0.066276666862309 0.0469986708409996 0.101254167840602
"ufb165" 0.612335728131211 0.667025668267966 0.1847252735171 0.183224687212038 0.127772090973261 0.0619524585080763 0.145211069921321 0.104395899946891
"ufb166" 0.611191822770746 0.650802935291356 0.17697789246903 0.185279461929597 0.120917582372358 0.0607533095950092 0.136752497234983 0.0950779474570089
"ufb167" 0.617850090341343 0.636335303711861 0.163354876970384 0.228269307643151 0.113465288109237 0.0605991899662962 0.120739372676084 0.0800419449936035
"ufb168" 0.759246002322683 0.702728294963603 0.1538503229388 0.65081260050966 0.122806128198734 0.0725443409482918 0.0489620749398567 0.0832833120362329
"ufb169" 0.743486687810642 0.812820688709014 0.230095735416398 0.468416727979013 0.181402795928631 0.120691293653238 0.159131810752122 0.17204812446933
"ufb170" 0.637381309332346 0.704226331452729 0.202132373008532 0.151090753892874 0.139878768047546 0.0527936634791708 0.162162993574917 0.130427294472081
"ufb171" 0.748841633956622 0.6438884064264 0.143974177161208 0.540102434475362 0.107825973394312 0.0676691819247662 0.0544658101480108 0.0627813359527301
"ufb172" 0.658121706031294 0.597741482710221 0.136381794526788 0.402396451372415 0.100201165175282 0.0618631917619803 0.0567713168901606 0.0505190982983538
"ufb173" 0.677853742400121 0.759379419349472 0.222191404885568 0.232274129619467 0.163308487491409 0.0952710306819521 0.170148731034705 0.158250913117178
"ufb174" 0.66294929746982 0.727413033741415 0.207801495200936 0.20889855593354 0.1494246199958 0.0796295948118092 0.159816859760572 0.140717795977692
"ufb175" 0.590357687177424 0.581385878077815 0.142939517969628 0.378296272592218 0.105574740809826 0.0590642304178799 0.0528882530608759 0.0540430834298385
"ufb176" 0.632086760527677 0.713036095095174 0.2087612210309 0.174239793959227 0.149357934162468 0.0760228143749698 0.164247626304958 0.136604941671755
"ufb177" 0.618175388622693 0.676733313438775 0.1919155738535 0.139448929421226 0.132519365604293 0.0664873999842318 0.149913157060945 0.117526640310165
"ufb178" 0.623822252469691 0.654801049628134 0.164646643162337 0.231891449958595 0.117851628593321 0.0631654013181069 0.108866525725758 0.0855739732407313
"ufb179" 0.686579242698987 0.733350314778908 0.214390468198202 0.220777639244049 0.154442229055428 0.0815377710898885 0.164560235742243 0.148015350700539
"ufb180" 0.605903597316118 0.624281652545231 0.154332664627868 0.24976112260916 0.110928974222113 0.0608558616846746 0.10672927716484 0.0711770641715673
"ufb181" 0.596201180152225 0.608000467604294 0.146430555273179 0.249498603485307 0.10562908014967 0.0575986925000084 0.0966904034785908 0.0648351919341777
"ufb182" 0.617853341753442 0.600772444742475 0.160859942323943 0.298193837336841 0.11747690237061 0.070567264925897 0.0910380074473205 0.0777996306749428
"ufb183" 0.647322950494453 0.719967949040484 0.208366305157834 0.160762596977178 0.147128897321116 0.062072565755715 0.166302361458002 0.143026323763206
"ufb184" 0.670042264004083 0.686283778931999 0.177532711488206 0.301006911986606 0.130565777929463 0.0791356408241424 0.109333695781965 0.109130874015699
"ufb185" 0.616690023329828 0.602746331972854 0.152485299357997 0.227749565564247 0.106097369657915 0.0590809771433469 0.104805590632811 0.0701901731984152
"ufb186" 0.626385968643582 0.590924357815576 0.150657820942718 0.251132178252265 0.10733581627075 0.0621504218736011 0.0969202540601512 0.0676874350984886
"ufb187" 0.615461513525067 0.583901893607242 0.147407631660456 0.239463047616961 0.105912780855764 0.0560602697681967 0.0904707561820036 0.0633290159111892
"ufb188" 0.642331206116906 0.572214551909562 0.141439960076392 0.319438904759804 0.100132766372559 0.0607968379861327 0.0759207297102487 0.0637827872865365
"ufb189" 0.713836373171633 0.639422555085206 0.147326506421122 0.441613102229246 0.109249215891157 0.0639091785988177 0.0688500270790483 0.0667706225604248
"ufb190" 0.67517547526215 0.609352844258954 0.13996253885151 0.366617868894064 0.0980429338132765 0.0614013693192385 0.0743226779395052 0.05267773941996
"ufb191" 0.575659068441659 0.539393352068999 0.134335325862547 0.149616255677071 0.0907944117844355 0.0492421646038975 0.0856871052371076 0.0559801568888365
"ufb192" 0.666345633091153 0.689475132027269 0.171365054397882 0.308099494487957 0.121717925273854 0.0797022646047395 0.11880800557897 0.0823473369771164
"ufb193" 0.616356912153751 0.665099449169144 0.201760957990111 0.432106235092311 0.157612261170481 0.0891967311883846 0.102588013964394 0.11822318226174
"ufb194" 0.716257289988319 0.705535770134888 0.168350528654214 0.423787680585013 0.127518128717148 0.0775439571889032 0.104714005621235 0.0880559621027519
"ufb195" 0.581525023499086 0.605246574827959 0.155099214322602 0.15993499071702 0.108374630383916 0.0509431992463169 0.111223655397977 0.0721483785049751
"ufb196" 0.631395782230401 0.690080920735414 0.196191606466854 0.152847242328188 0.134983664253233 0.0543497529806014 0.156480150905421 0.122901944833558
"ufb197" 0.674850346235049 0.693821815154038 0.186766894141032 0.384385689779569 0.140547947254987 0.0835004986508453 0.111934247231641 0.11402518853041
"ufb198" 0.651162790697674 0.517263633430139 0.137475241122095 0.65091695238696 0.108780701638223 0.0453061255629895 0.00344460215952483 0.0276183489526132
"ufb199" 0.68166373004306 0.593715575620767 0.132396583072715 0.515393985506888 0.100819007152252 0.063386733529862 0.0414606979779915 0.0398347875684422
"ufb200" 0.650242563261998 0.718200888076486 0.209207458273503 0.162534806936284 0.147209859342875 0.0697333132015164 0.166062620010833 0.14224796173474
"ufb201" 0.62966810471713 0.705485465439039 0.202889464427344 0.129584465770948 0.142107306223957 0.0539520093376552 0.163490733412476 0.130897965247669
"ufb202" 0.667828870172413 0.613694026162312 0.14284912321328 0.549150856807473 0.110939798838792 0.0621569388101024 0.0366281502588145 0.0539748722251916
"ufb203" 0.589634009548198 0.63276540603304 0.171051063344354 0.126593838223461 0.118738848533509 0.0574011982757895 0.13111880261508 0.0975269169204279
"ufb204" 0.670942292075965 0.649850027831951 0.159233602556073 0.307754321280357 0.1179523005156 0.0706762611331578 0.0993783526303574 0.0800107814117468
"ufb205" 0.690395373638694 0.642646275255253 0.158795927057532 0.416410565675049 0.119213066303136 0.0689529754410698 0.0706856658014861 0.0824198186718673
"ufb206" 0.602540429358487 0.627937531929695 0.162065157137216 0.207386925508372 0.113992935438323 0.0544443982468825 0.118523829134555 0.0789195785749146
"ufb207" 0.673141282386296 0.636116581932549 0.16477930367809 0.365379456319697 0.120671686673313 0.0699363960829782 0.0772731700866893 0.085016031017854
"ufb208" 0.737623554197037 0.783395270472116 0.195794749217509 0.541117659094783 0.152652508883988 0.103456456855328 0.111289287695172 0.136601140235325
"ufb209" 0.804597701149425 0.811627462229872 0.183524670474111 0.804500362193784 0.158576990198647 0.0776783639605919 0.0565582170156583 0.141939565438762
"ufb210" 0.746376509621183 0.58782941517285 0.130990757908001 0.555118383557337 0.0998147483106122 0.0629800497739875 0.0398085618552726 0.049837052226266
"ufb211" 0.690971272274334 0.617393957410855 0.138810781461425 0.395007340588462 0.100503210063481 0.0614816565689736 0.0672456627799508 0.0519720973803216
"ufb212" 0.658744150071451 0.594983212008916 0.152380869747087 0.309022009919805 0.108714616073586 0.0668397972767469 0.0919758616157446 0.0739285018605386
"ufb213" 0.593992497603135 0.606891861519955 0.161534252334876 0.171976500916176 0.110437301136305 0.0555103340683446 0.120098846296171 0.08517491766976
"ufb214" 0.596246032813161 0.598147930913131 0.157389262545648 0.183128591694641 0.107296419069748 0.0549728124318688 0.11362244131789 0.0801055514148138
"ufb215" 0.660107800381349 0.676190507474649 0.163651322686756 0.307912535016155 0.117183232566213 0.0713289028941962 0.107636305309371 0.0774703015970761
"ufb216" 0.611902214321036 0.662334898833004 0.182334634701032 0.185279461929597 0.127114968392447 0.0662434229776696 0.142364173668149 0.101613923738781
"ufb217" 0.709390982531024 0.636306945544638 0.14242197155635 0.515320781761732 0.107609897910418 0.0670662099036183 0.0525368748257462 0.060994410987646
"ufb218" 0.61839788369054 0.620452917844945 0.153231352771566 0.272954985347888 0.110421375523373 0.0648964260909579 0.101978875900685 0.0681453088037341
"ufb219" 0.689655172413793 0.534573674261268 0.135051162720953 0.68583672616591 0.108064881216753 0.0471278934765244 0.000546809287392578 0.0391836684334687
"ufb220" 0.656346296257444 0.600345546013517 0.151923226606098 0.321893726134328 0.109273549764048 0.0678289215277018 0.0872146644145573 0.0694086508122634
"ufb221" 0.594703568295484 0.604563728589424 0.158122422588625 0.263913575895397 0.11201353047752 0.0713370518423775 0.0938000159568445 0.0815119838356935
"ufb222" 0.592722227746889 0.64778907866055 0.176811828262868 0.126566212986154 0.122971284721398 0.0567445639885737 0.137292252252416 0.104137340743813
"ufb223" 0.699755805666683 0.66426876142068 0.155757347872167 0.451695066418171 0.116749778225134 0.0749329641384954 0.0775994590965113 0.0748141953883767
"ufb224" 0.644786282165995 0.620610166391697 0.158971150386564 0.318789639814701 0.116841755012787 0.0702664134910516 0.0992307497880349 0.0743099656083823
"ufb225" 0.591465589621354 0.58086607049132 0.146371585924124 0.271269146776623 0.10706390005106 0.0630554317943667 0.081147551509512 0.0614228766685977
"ufb226" 0.638645068798279 0.612400420012198 0.163058851088584 0.340874560326609 0.119537291504415 0.0767335376470275 0.0935320675525812 0.0818364014018573
"ufb227" 0.583063761699825 0.583335531522026 0.152575086322379 0.258756000570885 0.109336308554932 0.0641549477980572 0.0820637973016992 0.0690103461620532
"ufb228" 0.709041909497074 0.680768340661884 0.152374309404493 0.51679008524629 0.116830765885654 0.0732030381087451 0.0637442828568888 0.0803236857146958
"ufb229" 0.666746004014048 0.690783076079846 0.175987531373598 0.324272478062553 0.130062561313303 0.0873904032766858 0.113202780220721 0.0959282018699235
"ufb230" 0.654353759035384 0.714805538224516 0.206804398752478 0.152649198670909 0.14427025264492 0.0519830181262575 0.166390529146581 0.137643754417378
"ufb231" 0.711570814961916 0.620712359691478 0.139405361170701 0.569452555682333 0.105546870615769 0.0599605446453396 0.0330758761397311 0.0613685072941405
"ufb232" 0.613331008260204 0.594044698107263 0.153995271826873 0.238941195694686 0.110688699230964 0.0627540231970639 0.102753850049 0.0670536813947098
"ufb233" 0.723611920276211 0.705193855157279 0.165055262175963 0.469509778523656 0.127103364295672 0.0799557927115286 0.087908663106293 0.0890403353051733
"ufb234" 0.601052295528896 0.690414073113115 0.197455050475242 0.11474872857021 0.136533207479482 0.0594029725359736 0.158925446099209 0.125704677696645
"ufb235" 0.567420170760817 0.610713460586391 0.148211898817886 0.172766762112765 0.10361547949168 0.0518768237855642 0.0966638100508848 0.0727442936880742
"ufb236" 0.635325121784862 0.633401393441155 0.159710819305834 0.273229832216998 0.113241357632746 0.0587206405379009 0.112437605814583 0.0755720852502101
"ufb237" 0.615414230450875 0.648909345761913 0.168369594127379 0.207705417635728 0.120074244846058 0.0642772603878638 0.125995954493898 0.085799422087715
"ufb238" 0.668375607241697 0.579475172068514 0.141196753134019 0.365981903897523 0.0997536250544842 0.0605783697031205 0.0757350824986712 0.0690860785861073
"ufb239" 0.789984802366867 0.7474555114582 0.167929274533088 0.573493780122761 0.131380747633384 0.0782435217333577 0.080276767767821 0.0970745766230843
"ufb240" 0.614931305417101 0.679072681335105 0.191216595656976 0.137832094914833 0.132725409588363 0.0620603064794452 0.152431731667374 0.116873321922105
"ufb241" 0.60968989934428 0.649864450908029 0.174967708881405 0.148979519234011 0.122611620918923 0.0589501861594473 0.134986021294362 0.0981809805420244
"ufb242" 0.62575111919244 0.713380020369654 0.207956072510358 0.117775672825113 0.145460961852715 0.0561880311382174 0.169244272149984 0.136712078256558
"ufb243" 0.586792329347561 0.585995608391711 0.149738007503119 0.171296066234364 0.102430800631622 0.0501628860634805 0.101952319163532 0.0619549480932272
"ufb244" 0.718465614920673 0.700476245906866 0.170044528972269 0.412134432426962 0.122327933324973 0.0793774546162683 0.106537628206809 0.0915599149852037
"ufb245" 0.623636074706378 0.66158781074579 0.189345595792202 0.459329770760143 0.147683087353708 0.0859941173721106 0.088261173938485 0.103074653220551
"ufb246" 0.651162790697674 0.570916030534351 0.150728830803862 0.651052107832707 0.123086747427827 0.0552018900470119 0.0175546191156761 0.0701428288886584
"ufb247" 0.611157878420453 0.683871105843983 0.194248483313354 0.114991026668471 0.135178161594825 0.0553328504539052 0.155564933959876 0.120638022294576
"ufb248" 0.719190389140439 0.704077116018295 0.178664988488905 0.581294571477676 0.144107434967526 0.0868010508994033 0.0771861680645971 0.11900159800026
"ufb249" 0.609215045938492 0.643706094167437 0.176304424978824 0.160656604875358 0.122969196990603 0.0428760062311788 0.136629545831439 0.103457208669991
"ufb250" 0.608610794378623 0.672062455457351 0.18687580724525 0.150552218492729 0.129822984363498 0.04583394896657 0.147837747871883 0.110996603165406
"ufb251" 0.631091984346375 0.610488739927917 0.153553786491153 0.318889756728467 0.113475398070506 0.068943064101451 0.0934285768703784 0.0727634469451362
"ufb252" 0.611829855230696 0.601463873763811 0.14715691031052 0.272468752388869 0.105883567629438 0.0593777895979779 0.093067997761517 0.0663070148399434
"ufb253" 0.70257050001415 0.675179058663029 0.16831854033545 0.423032303702367 0.12726283602218 0.074712814691192 0.0812057064228346 0.0930323095830807
"ufb254" 0.581712880103234 0.605280410036355 0.151101729545604 0.181775952455785 0.105735311006142 0.0495366190384914 0.105958199084789 0.0692241249889896
"ufb255" 0.603866535372176 0.661785122259701 0.181580230597471 0.139140187067937 0.1272524496986 0.0452574558014179 0.142151863682267 0.105790363367916
"ufb256" 0.660162783572015 0.729576720575192 0.209661855727171 0.194470123095845 0.149083968356041 0.0776364099876865 0.161799231938357 0.146085199832292
"ufb257" 0.558726322381097 0.566470006720818 0.141070819753744 0.148275218868612 0.0966664289003162 0.0504594726661308 0.0927700368771196 0.0572733484751161
"ufb258" 0.558850046052203 0.56149565123597 0.141644869350562 0.148211151971169 0.0973167867379956 0.0499369327478285 0.0916851612529854 0.0577269386501167
"ufb259" 0.590371848246984 0.560627918222714 0.14383331376803 0.20720205287529 0.10054878414966 0.0551005163642932 0.0829468504357155 0.0640747228183576
"ufb260" 0.61386632014712 0.617562730397307 0.172767435240553 0.285426045097007 0.125098721751347 0.0741009229688718 0.0962342722756101 0.0900012379218357
"ufb261" 0.724915823636384 0.709717803292295 0.1683492927089 0.469774131322665 0.127078093775678 0.0886901166003059 0.0990214058485567 0.0904617473287713
"ufb262" 0.633093554775105 0.63490256257941 0.152606144618573 0.261443273426179 0.111143095559548 0.0673141007855464 0.0988596780096182 0.0691999075525129
"ufb263" 0.716447597069078 0.683508399150062 0.159815985604761 0.457923392539313 0.12158504089812 0.0744578214348911 0.0821852917791832 0.0819382812064051
"ufb264" 0.635605377975902 0.64127737290061 0.175732126154482 0.262702750522872 0.126295793864644 0.0763975019238782 0.112767094388502 0.11303748480212
"ufb265" 0.630266771950156 0.621209627648632 0.155168341745727 0.284349111419952 0.111307712653198 0.061959326798323 0.10396572000419 0.0733450860378953
"ufb266" 0.68016551899661 0.64842591318441 0.168404685552055 0.422959099957211 0.121834738548688 0.0751667926404436 0.0812783834854001 0.0932385747059148
"ufb267" 0.604983921523362 0.54103192749511 0.149398707857398 0.442267293582462 0.113892840621777 0.0587593201016876 0.0436262634775301 0.0534116032517226
"ufb268" 0.682294442443527 0.653297356626726 0.170514515736025 0.434577513927932 0.126117508529932 0.0777987827852962 0.083609260732436 0.0893999612089289
"ufb269" 0.665649887868529 0.582214427417268 0.150525051545825 0.500378226212678 0.116743938915267 0.0605011886611677 0.0448926682336242 0.0661985993319042
