0.2762468 NA 0.0530649 NA 0.07717894
0.1533694 NA 0.2383402 -0.05019746 0.3030108
NA NA NA NA NA
0.1441808 0.1118167 0.1303359 0.198092 0.204955
NA 0.1706968 -0.005294874 0.1503228 0.1246181
0.2215976 0.04157033 NA NA 0.01018099
0.2197394 NA 0.08830989 0.02930544 0.2516048
0.2235886 0.2525881 0.1322643 0.1651138 0.006624076
0.1038767 0.08621591 0.1541602 0.1380987 0.1183565
-0.02654114 0.07953212 0.03718866 0.2082918 0.105404
0.1399515 0.1325569 0.03379017 0.1137808 0.09320796
0.1890467 0.1434363 0.2267482 0.05121551 0.1325486
0.1119936 0.1436605 0.06719013 0.1031361 0.1337058
0.04488473 0.02657378 0.1425068 0.1325561 0.1043493
0.0838422 0.2141193 0.05349902 0.04840209 0.05398206
0.0807304 0.1006413 0.1104883 0.05478202 0.1140675
0.02326596 0.02808366 0.0369989 0.02464305 0.03125612
0.03176795 0.03267516 0.01816065 0.01875532 -0.01364939
0.0476018 -0.004252883 0.02909601 -0.0007307684 0.03961075
0.05763704
