NA NA NA NA 0.1238161
0.2764767 NA NA NA NA
NA NA NA 0.1522437 0.1334821
NA 0.1296144 0.09672298 0.02515428 0.1944882
0.2427778 0.01942141 0.2891106 0.1317295 0.1411695
0.1847529 0.2592824 0.08949021 0.2781581 0.08849012
0.04382618 0.1796143 0.01621751 0.2022693 0.1348362
0.03687588 0.1142805 0.123746 0.2049861 0.2623943
0.03935075 0.07783568 0.1021481 0.06667804 0.1087934
0.1345658 0.09392567 0.1407089 0.09120067 -0.01142514
0.1119393 0.08722247 0.2074414 0.08747316 0.144984
0.1110601 0.09544404 0.06495372 0.05282253 0.1922082
0.03702259 0.1577641 0.03403257 0.2188417 0.05606613
0.09623201 0.09401536 0.05980195 0.07225059 0.03364254
0.07702241 0.06451126 0.1468912 0.02127181 0.05634642
0.007402712 0.03018262 0.1669561 0.05938281 0.105774
0.03712266 0.002375981 0.04427951 0.0403823 0.02315554
0.01852036 0.05126481 0.01773661 0.05635365 -0.0008721267
0.007640832 0.004424161 0.01896969 0.0434726 0.02814723
0.01279642
