NA 0.1939246 0.1066248 NA NA
NA NA 0.1346185 NA 0.1321684
0.1939246 NA NA 0.1706968 NA
NA NA 0.003012768 0.004489714 NA
0.1755295 0.08236556 0.05768044 NA 0.07381745
0.08838103 -0.0433306 0.1563156 0.03219761 0.0972209
0.06376892 NA 0.07223207 0.0184443 0.04846411
0.08453644 0.10549 0.07328792 0.2669801 0.0460129
0.1236903 0.154373 0.03573225 0.1034257 0.01355674
0.07522179 0.02490694 0.02111691 0.02299001 0.02383489
0.07310747 0.1024372 0.09991719 0.04686959 0.02725849
0.01190197 0.1995096 0.08371926 0.05915572 0.03115117
0.08984043 0.1980684 0.08389729 0.07043667 0.07251648
0.1288785 0.1935394 0.04527586 0.1095208 0.126654
0.07444929 0.0270106 0.08786305 0.1017228 0.1019191
0.07027984 0.06805093 0.1750909 0.04342878 0.06702814
-0.006972008 0.0463572 0.01487887 0.1283512 0.03638638
0.04323931 0.06956128 0.03440273 -0.006726342 0.01108527
-0.007739683 0.03894951 0.0004757356 0.116626 0.03586387
0.001263486
