NA 0.1405152 NA NA NA
NA NA NA NA 0.2625181
0.1251068 NA 0.200011 0.1120963 NA
NA 0.1538908 0.09938378 0.04551079 0.04804461
0.1746439 0.1477523 0.07642776 0.1795864 0.05468391
0.295237 0.03475952 0.0450788 NA 0.3096843
0.1307362 0.1721965 0.07133732 0.06608702 0.05412612
-0.02968167 0.01015943 0.07666124 0.03586616 0.1043456
0.09768354 0.2963627 0.1887841 0.2493719 -0.04164126
-0.03039384 0.09845156 0.2091724 0.1815137 -0.02115425
0.1053849 0.06889832 0.05847614 0.1179621 0.06102155
0.1303701 0.1480428 0.2064193 0.001938597 0.1219223
0.2300027 0.06407746 -0.00729574 -0.02523123 0.1233554
0.1127534 0.2425052 0.0933298 0.04963691 0.07738034
0.08579741 0.04515371 0.01487943 0.07756087 0.05365685
0.03759917 0.100079 0.06226336 0.05577626 0.1583774
0.009157139 0.01273196 0.01145676 0.01104407 0.02037236
0.1067332 0.003989186 0.01628825 0.01483843 0.01484275
0.0223609 0.01373324 0.00228445 0.07083368 0.01650533
0.07382696
