0.1706968 0.09169951 0.1077359 NA 0.02617248
NA NA 0.02515428 NA 0.2996547
0.1241939 0.2747306 NA 0.1314379 0.3007259
NA 0.3030108 0.09659448 0.1562665 0.1282757
0.03217219 0.03662148 0.1351857 0.1099102 NA
0.1901054 NA 0.0448871 0.1204917 NA
-0.02468879 0.2411555 0.07516823 -0.02771885 0.2165585
0.09202966 0.2609621 0.08276157 0.1664382 0.04984167
0.2068616 0.245475 -0.009434272 0.1763723 0.05495596
0.1947355 -0.03602466 0.115121 0.1085272 0.1382765
0.3132896 0.1469206 0.1497428 0.1607369 -0.009275514
0.0121337 0.09974785 0.2648675 0.1135956 0.1499135
0.2089799 0.1275551 0.07626777 0.0131398 0.03641131
0.09525117 0.1483504 0.08330203 0.02929624 0.07677414
0.07573259 0.146732 0.1158518 0.01867639 0.09387638
0.06081661 0.05354437 0.1239903 0.01461897 0.1250475
0.05058429 0.04754438 0.04208356 0.02804454 0.03607906
0.03911923 0.03005634 0.04826417 0.05371111 0.08085711
-0.0159882 0.09324192 -0.008636745 0.01580101 0.0240644
0.02488859
