"quartet" "wQuartet" "cluster" "phylo" "mutual" "shared" "clusterNorm" "wNrqs"
"mb49" 0.852773899443795 0.861100737559518 0.22737991647792 0.736743476187142 0.184427070555319 0.111445640104629 0.125954044567418 0.178827683815581
"mb50" 0.660296277847994 0.688173360254983 0.221916110029188 0.130463348082797 0.13720046741307 0.0776164839968384 0.182167684134841 0.136948359247331
"mb51" 0.927710843373494 0.955738840269471 0.232784235609009 0.927628932348179 0.198787474888169 0.0998726140020634 0.106336409251479 0.204988607178183
"mb52" 0.734515767676032 0.691753342114427 0.17154132546579 0.532453251574884 0.128800626101549 0.0796818179016934 0.0785521726770859 0.0985191812758999
"mb53" 0.726190476190476 0.717192925785351 0.180145184030647 0.725867823761488 0.1422830109697 0.0676503080521483 0.0463819454119901 0.0996228394867198
"mb54" 0.776784909168932 0.821018843250312 0.243229664703534 0.527001560730519 0.18785290123952 0.123250912132609 0.158166415500856 0.197881931275708
"mb55" 0.785714285714286 0.846885758998435 0.237572803175597 0.785579213005577 0.196684072754004 0.09556240774571 0.113179155578864 0.19049579985102
"mb56" 0.70887816738208 0.731103232105236 0.222194496046635 0.393703202014604 0.161236332469525 0.0886482846264969 0.134816420318221 0.17816347168353
"mb57" 0.639619647019081 0.676373198398654 0.216120504207979 0.106866617582555 0.135592054804796 0.0718069623521831 0.175058071516854 0.153891042875061
"mb58" 0.737407814785476 0.778814425273517 0.252256667690401 0.29785103670474 0.170673052350162 0.117031006416902 0.195356620092514 0.196128389682373
"mb59" 0.761904761904762 0.872024816694867 0.256819406830048 0.761682913519152 0.208859135632964 0.101810246481649 0.135565934770596 0.229390743483109
"mb60" 0.790840572425308 0.798716221570647 0.22333623427903 0.604681351307017 0.166197501201505 0.100200526316168 0.121332437847964 0.152484633251153
"mb61" 0.914133296355056 0.90581330352152 0.211508400987053 0.808290540113801 0.165838029009135 0.106233540741655 0.10801970121461 0.15326300593323
"mb62" 0.759036144578313 0.776369010578718 0.19171921668811 0.758881955254114 0.154049703021688 0.0755381591571815 0.0583954685644019 0.118464522130786
"mb63" 0.776427590036917 0.835585585585586 0.245997068394094 0.627067534091994 0.195321038134898 0.123126362267784 0.146958333782718 0.205219516364677
"mb64" 0.734939759036145 0.803020588444824 0.230537940057898 0.734655544751388 0.184052376628817 0.0898574632167044 0.10407199810396 0.15763818699108
"mb65" 0.666666666666667 0.716439339554917 0.204722262077329 0.531415872106213 0.154868410729426 0.0694341674287695 0.0725909172120797 0.120776204624435
"mb66" 0.77921840587822 0.765792056880588 0.209367709941168 0.626154455624279 0.162595772500863 0.0940282767812374 0.105598046702239 0.14688598632852
"mb67" 0.666666666666667 0.768048549810845 0.212272430352957 0.666450029237126 0.164538562561175 0.0782369433206983 0.0837509057942348 0.134770419542206
"mb68" 0.764454151099102 0.734239346308801 0.179743845429777 0.648543981287812 0.142451394157126 0.0856022325334463 0.0724481957257723 0.108117153769588
"mb69" 0.65494191965485 0.676546812528399 0.213891498270704 0.119781660169755 0.131531704984485 0.0776259362830929 0.173504444677324 0.128010345829087
"mb70" 0.689799157265554 0.659739966546604 0.190891046555074 0.33290745554192 0.127388008687155 0.0794148144692491 0.124693504679391 0.111017542588565
"mb71" 0.661297302286393 0.656337477201949 0.185031385941906 0.166955699576987 0.119064103210245 0.0795807972183897 0.132444716096877 0.091291360699672
"mb72" 0.927710843373494 0.965959821428571 0.200324707841537 0.927628932348179 0.166582330825533 0.0833979514744986 0.0693597262594447 0.16220950293732
"mb73" 0.734939759036145 0.828298117091481 0.238863042493424 0.73159619430443 0.197533496773478 0.0966953950027272 0.113980174196398 0.193081543373826
"mb74" 0.804926875925311 0.737749933893375 0.187933375290178 0.569842195081009 0.13301648139875 0.0933113648218362 0.107550451093302 0.113405712893307
"mb75" 0.73786884944793 0.74577813581573 0.191986438540696 0.533926052045885 0.14021709900497 0.0960984265749178 0.101185154858366 0.119630569559706
"mb76" 0.655926485346036 0.626756147575711 0.170619330487246 0.276832864064712 0.117578038742397 0.0698433413868876 0.0773300192008539 0.0775866975509377
"mb77" 0.845238095238095 0.834356407592785 0.169930701356609 0.845055726473884 0.139874064983364 0.0676737358018396 0.0345009209836317 0.112687593168235
"mb78" 0.729260013998293 0.767084853438034 0.24192515001717 0.309985645574843 0.164486297694341 0.115408471733567 0.179865528012348 0.19037469977342
"mb79" 0.642770620127789 0.66840001920571 0.209211065830239 0.118744476011951 0.130236024558846 0.0541799566793944 0.168582270810542 0.139567002388807
"mb80" 0.75 0.789515072083879 0.183159783604466 0.749705404303967 0.144974279657957 0.0671041378154077 0.0498883913399177 0.112089370719004
"mb81" 0.700133544603042 0.670979692092936 0.193539323080487 0.350286162474202 0.132512190887446 0.0804032854603511 0.121626789518721 0.117330265334308
"mb82" 0.763752585731337 0.773249910814742 0.203876008465284 0.583037482759102 0.154987524100649 0.092591008226077 0.0996623665330158 0.144184358047066
"mb83" 0.640893909190488 0.665709830526418 0.207526483043901 0.118700999361389 0.127585981580814 0.0535676325836439 0.167042716120914 0.13593643311028
"mb84" 0.644673372793879 0.674802095881602 0.215774711683153 0.130750269150181 0.134816165874731 0.0604292253917684 0.17514777058507 0.147552636877282
"mb85" 0.707272953749425 0.731893057150221 0.226760167346144 0.469599077105748 0.168839167349021 0.088172079767702 0.125542090884693 0.182316127110178
"mb86" 0.653934782330639 0.654813694699701 0.188320210571649 0.249929344786029 0.127598202284077 0.0712483295977141 0.126548063823894 0.120712203418459
"mb87" 0.656439959708658 0.640235827016538 0.175991572802507 0.157579029710848 0.113377034373291 0.0758033769831381 0.120226570793723 0.0864289526816424
"mb88" 0.758811603132966 0.765816326530612 0.188041879418711 0.662416556513457 0.145931900509338 0.0908048815935397 0.0817555298776845 0.111228733442333
"mb89" 0.72289156626506 0.668014424653043 0.150248220653878 0.722714623925437 0.116134065936625 0.0524840228081002 0.0105861569906903 0.0634848623746745
"mb90" 0.655103028461517 0.6599489571416 0.185616866766313 0.147106007203953 0.116516327964764 0.0783642055066026 0.135163568057325 0.0903341714273677
"mb91" 0.665476694951418 0.630708831452958 0.17225179523249 0.157527529048397 0.109562727341241 0.0709140904246706 0.113058950063144 0.0830968586380317
"mb92" 0.640743788343216 0.661524363969579 0.185135689821486 0.119857236685941 0.116956993681473 0.0746222199956906 0.137928387582104 0.0906293673249516
"mb93" 0.718708506637763 0.770996408509071 0.224651360723635 0.529850249616996 0.173313830212349 0.0946631055997453 0.122907342822903 0.184044090200828
"mb94" 0.72289156626506 0.757851813291688 0.185251642882358 0.722876043222405 0.14762982194891 0.068306830454217 0.051200012735877 0.111254187390778
"mb95" 0.68669920943966 0.706914116039681 0.22075548445111 0.201493421770536 0.145901074950021 0.0806138063023218 0.170501847835248 0.156513221386017
"mb96" 0.648937151705093 0.644519438315138 0.187084451195949 0.213997117705124 0.122338878748842 0.0694491965129251 0.134647747501187 0.116460107355457
"mb97" 0.804878048780488 0.825304393859185 0.17151382156071 0.804750171726153 0.136109586737963 0.0626247342729941 0.0337739074648641 0.0995900331617126
"mb98" 0.649093363592892 0.669698215124472 0.206357601806975 0.119034279561563 0.130002955479921 0.0718298175567467 0.15723854783165 0.148849925228313
"mb99" 0.659860815790693 0.654459328295571 0.202605368765368 0.130209039969839 0.125078606099643 0.0767168767331266 0.160838376095468 0.11243721600931
"mb100" 0.65175858102264 0.661032973404044 0.204911555166259 0.11968614998536 0.126577368178795 0.0758822580786691 0.163724339462325 0.117414818665495
"mb101" 0.635865769576182 0.65844069609528 0.203077117777206 0.118962670294548 0.12810892874727 0.0664479953364923 0.158164003401194 0.142753710444569
"mb102" 0.642667994598647 0.614820639473713 0.160391876160348 0.230820715489574 0.106448606418407 0.0654226129203564 0.0772363339063483 0.0678586767540584
"mb103" 0.723837225826298 0.641976826382272 0.155152531234246 0.461498054637938 0.112255248820806 0.0646714479246805 0.0715855933126343 0.0792863507197589
"mb104" 0.656731476991586 0.633039516533066 0.163034043932374 0.218717497226755 0.107610919940477 0.0709649746198718 0.0882543081449114 0.0680925465285955
"mb105" 0.631922440105396 0.651860848562385 0.199000346148434 0.106962967218975 0.121559326568152 0.0619578426624834 0.154895856319966 0.140682745450312
"mb106" 0.784881650916469 0.793218626322733 0.209061357700214 0.547235069556802 0.153297431226821 0.104439711846058 0.120374244071583 0.156537610910669
"mb107" 0.640436996132276 0.652969023714608 0.181886294390484 0.121273116930068 0.113772214488585 0.0752603280575201 0.132994912690976 0.0869455365378385
"mb108" 0.691212928946773 0.668464337285793 0.182517337718906 0.356287273037467 0.125750185236572 0.0805219906051812 0.11560009736076 0.109305101045649
"mb109" 0.725746553106425 0.715638528138528 0.178310114812072 0.577898608128427 0.133238583345794 0.0831298608427256 0.0704284115958222 0.101969790286071
"mb110" 0.75595528882525 0.706382240721471 0.201598762535756 0.431423170521499 0.139515033894154 0.0826268299972289 0.111721853047816 0.126710091814445
"mb111" 0.768410483833141 0.705870270111654 0.180236629737795 0.492458814899739 0.127780028355142 0.0844886540659884 0.107164650555465 0.10224063317646
"mb112" 0.644559258234253 0.667698137038206 0.206633273420628 0.130922365142527 0.133627640890595 0.0676838927420235 0.161938566064378 0.144136305633478
"mb113" 0.72545501932216 0.632973890767191 0.153951442644897 0.462039671083877 0.107322395664014 0.0699957968079649 0.0785550996683658 0.0745785961268559
"mb114" 0.722177399149741 0.754975316040293 0.230684594167043 0.322194943753317 0.159783039347905 0.10537864777566 0.16207995206925 0.17868293556722
"mb115" 0.756493888690181 0.794268254950495 0.237751904822254 0.418220664490491 0.176109974146504 0.111479453614487 0.162281160507299 0.189385157467351
"mb116" 0.678922987627224 0.63465035681289 0.181677091886936 0.328780416958863 0.118569990445357 0.0719399966714062 0.119371033375277 0.0963606623030144
"mb117" 0.682926829268293 0.593316662877927 0.150292775908509 0.682661924764575 0.113023655520015 0.0516430595149665 0.0101773595362064 0.0463198096143266
"mb118" 0.660325339949723 0.61708037956399 0.161612620798975 0.245914687609416 0.107530936641186 0.068419884297733 0.0783949898044676 0.0661065085061613
"mb119" 0.634334978334297 0.638806888480187 0.192855342175553 0.10947755484215 0.11954410561512 0.0728647772413101 0.150004231806425 0.103321657535989
"mb120" 0.835445953314927 0.773934829194504 0.188535744736334 0.641264379305513 0.141623914196538 0.0881322205057678 0.0973689280692006 0.120303917091055
"mb121" 0.720243288589024 0.641364307357626 0.144192216706788 0.604733516629726 0.108202607319553 0.0642803062262102 0.0311298318238481 0.0493088733321448
"mb122" 0.642197096387209 0.618089171974522 0.173840602134932 0.261169346263804 0.112082296412372 0.0622946905188202 0.111002322160422 0.092608010736319
"tnt1" 0.620747394667149 0.609335709132947 0.169853735155551 0.22647135158537 0.10822574088667 0.0685744145203278 0.118515744275503 0.0764590116824491
"tnt2" 0.635972838539346 0.608379378844122 0.169939969819421 0.253059462161174 0.108796599044387 0.0689057181291183 0.116445324829826 0.0756156889943903
"tnt3" 0.618209189245598 0.618562647388565 0.176180836186645 0.141896075392094 0.10887289417785 0.0636125658553754 0.130826347149671 0.087071272781803
"tnt4" 0.634075771283971 0.602240829725486 0.167395833107241 0.265152348440474 0.107563436531484 0.0663015474492793 0.111078623695896 0.0773497960192718
"tnt5" 0.624384179051855 0.601473037775282 0.166113067727708 0.258329854424109 0.10711753125644 0.063254204184345 0.106524424113467 0.0809872640386333
"tnt6" 0.94047619047619 0.921385742838108 0.15315280004486 0.940406048643802 0.129768975231551 0.0637914823325285 0.0149856247417448 0.103330073814716
"tnt7" 0.631086532859243 0.658361578694544 0.199991798357735 0.106780383134556 0.124550653669527 0.0494856191298475 0.158889339997307 0.134535216149411
"tnt8" 0.646051122100886 0.625079095609229 0.185499026054042 0.250190201488982 0.118501691631537 0.0635514100431415 0.11874510832321 0.125899130606067
"tnt9" 0.79888633778429 0.782594900196146 0.192882341682622 0.652869019822599 0.147841261531849 0.0900262588392558 0.0869138622784055 0.134022532745238
"ufb1" 0.72289156626506 0.690939044481054 0.163866802262824 0.72269777208213 0.12851341889027 0.0613887816979706 0.0268039661329036 0.0891428458669856
"ufb2" 0.635179031935377 0.663109155732438 0.20421269392983 0.106952158163147 0.12898807153182 0.064152027754818 0.161241803623609 0.145504399842238
"ufb3" 0.636993957822565 0.669594214534189 0.209438710096112 0.106909199614183 0.13215793187047 0.0650886651460109 0.167452363655484 0.149204126640429
"ufb4" 0.652592425162642 0.663240036452372 0.186277547395843 0.216441585041322 0.117879303248455 0.0769326540333572 0.137646020443297 0.0911298902582965
"ufb5" 0.670101491534384 0.672423383802388 0.197068333346013 0.321598025923151 0.140215831749825 0.0782847430881849 0.117590122258483 0.135565127609871
"ufb6" 0.670219210420506 0.658386798174216 0.189933374540639 0.309616455901705 0.132349703694377 0.0730613801605394 0.117699072673579 0.128402070017617
"ufb7" 0.658658145985471 0.648960784313726 0.18527209967005 0.276924950626406 0.126053452929097 0.0692330249839173 0.118570650725351 0.11661580589877
"ufb8" 0.642569534314645 0.6695923919544 0.206635314140119 0.11861958804516 0.12884957460629 0.064068831518965 0.166243350302802 0.128878523707366
"ufb9" 0.65601132931452 0.616246972735085 0.16705311894056 0.28179564182874 0.107862416873557 0.0693147416421275 0.103565716635045 0.0795913417038063
"ufb10" 0.648737093110941 0.603911580394103 0.16402399043903 0.317115318248232 0.107509566336893 0.0687721365956083 0.0954626523852183 0.0811165000479986
"ufb11" 0.75 0.677839245037423 0.152856849200985 0.750059052602714 0.121844317959372 0.0540977194135901 0.0146413881007054 0.068929323725683
"ufb12" 0.635236908951037 0.656833871572471 0.201581031878557 0.12034148417341 0.126899484901533 0.0592598477768318 0.157608234000387 0.142041292408373
"ufb13" 0.660142621344237 0.666663884354382 0.209355754218448 0.143978687309024 0.128927069043243 0.0780162494525124 0.168398110775961 0.120816304117395
"ufb14" 0.632933962126344 0.648974965689623 0.197895307964298 0.123379302441517 0.123082236848908 0.0742169931975299 0.155889902410463 0.109624376297732
"ufb15" 0.657099091049279 0.656239827040036 0.182494208469616 0.245413463695906 0.117469459131279 0.0742846940465112 0.131875314634247 0.089247030524037
"ufb16" 0.759653828775518 0.75 0.19716650998937 0.528398888316274 0.14739534435276 0.0907797738466362 0.107063219002796 0.125374649271781
"ufb17" 0.652467431794404 0.680203189275227 0.216673774974333 0.120280249333105 0.132951147977603 0.0643004617288358 0.176792593456741 0.136062898542089
"ufb18" 0.717555407081993 0.63369959357164 0.167492712224868 0.367166314794619 0.109382013457872 0.067423800500672 0.0993415920994803 0.083507441453944
"ufb19" 0.746987951807229 0.833095577746077 0.223342640664034 0.743924860176793 0.184145661387498 0.0862547173959717 0.095235091539515 0.195408128300535
"ufb20" 0.631994972969755 0.658435150408588 0.201051396335893 0.108239401000412 0.127099776616856 0.0607073048933838 0.157047647055417 0.142747391936517
"ufb21" 0.662346734106395 0.664683921904864 0.193811302768179 0.301441213870227 0.133888866657974 0.0705964894314114 0.113870554855862 0.14167334004177
"ufb22" 0.656706623093524 0.653852558765132 0.18776053534493 0.289151951478785 0.127789350263905 0.0707307201611106 0.115226989100007 0.127734504449843
"ufb23" 0.755381181356379 0.703122310387526 0.18335865543444 0.467699812153052 0.127531690212797 0.0899337825876575 0.11652662430161 0.0989829516937661
"ufb24" 0.726190476190476 0.768716885510251 0.196248648959585 0.725985261649378 0.158222791895558 0.0759379414316873 0.0651127677460686 0.136299211013244
"ufb25" 0.638084963529215 0.655315364287598 0.196822992948646 0.153922511246192 0.122383482496518 0.0705206991645778 0.154169555093455 0.109368256673368
"ufb26" 0.644536013149823 0.651647061429742 0.179116476755312 0.229670943531486 0.114197559616213 0.0720893500139178 0.130083564253221 0.0864379658514157
"ufb27" 0.640138720943008 0.634119039400365 0.178640265688524 0.250093403109295 0.120655853623515 0.0674633825605071 0.111399816311312 0.112375697350466
"ufb28" 0.724852428131583 0.671961413624907 0.162751215044386 0.508253018466869 0.114772003099126 0.0723976206282472 0.0687137518383065 0.0742354965038473
"ufb29" 0.768292682926829 0.612932095312675 0.132600172005407 0.768069414803064 0.105424910797433 0.0505738860058793 -0.0111934448407974 0.0526466381960338
"ufb30" 0.71259851078829 0.599516426159042 0.134459055379093 0.611999310130629 0.0992679927882793 0.0589211180509527 0.0204361584594858 0.0470822105821912
"ufb31" 0.61839851155347 0.590433491757551 0.160259293853559 0.252625660159709 0.104562968468026 0.0626074293106818 0.10350315214661 0.0730763638465615
"ufb32" 0.691776882743037 0.61642313743846 0.153851610899012 0.390815450546917 0.104212960700869 0.0662847230138764 0.084614370946723 0.0713167387095115
"ufb33" 0.691053479807112 0.717240905903869 0.225310955580719 0.204645496273423 0.15032837610966 0.0863067375518232 0.172946547724897 0.164481920426065
"ufb34" 0.627167667333584 0.656768126404555 0.200243127012968 0.109654026890306 0.12517743504615 0.0730976417614102 0.158820565864438 0.115087479257305
"ufb35" 0.665909104318192 0.689183971626527 0.21020983431781 0.168586299842507 0.140276187445444 0.0748425246609719 0.161334046463821 0.147249233437501
"ufb36" 0.763651881374084 0.718559089951548 0.160026812460609 0.626112071406554 0.115488680349684 0.0688936053023101 0.0497557854952139 0.0828234587508886
"ufb37" 0.767002018004699 0.728992633483832 0.166260936281603 0.588576084211468 0.117567452105595 0.0806381075178482 0.0726176752381768 0.0804037419032264
"ufb38" 0.633329532125814 0.656438716885821 0.194031480248427 0.141940771493838 0.120484777309978 0.0728874581249511 0.151231478402705 0.10412502863054
"ufb39" 0.738171730852915 0.770267740123572 0.230198202343425 0.370392457920754 0.165004260921696 0.10484715930045 0.153979560392494 0.176444208644411
"ufb40" 0.664188542423892 0.659309152363555 0.190093104916581 0.289012055493642 0.129910823486277 0.075248057186546 0.123790239918259 0.128586808592547
"ufb41" 0.831325301204819 0.848348995603069 0.182886593739617 0.831134175479085 0.146898581767544 0.072424099669971 0.0490657251311538 0.126437310006099
"ufb42" 0.663028170737841 0.594384353237517 0.143138660223785 0.47406222977219 0.102584351130049 0.0667893621022135 0.0468220607585293 0.0440808324874352
"ufb43" 0.72289156626506 0.788194444444444 0.206678158548808 0.722653853251384 0.161615158185324 0.0768773743541861 0.0762907110386523 0.132254312837976
"ufb44" 0.67487746359819 0.666825521931191 0.179161317988623 0.296561638303349 0.11422029225256 0.0719484020355897 0.123566130438087 0.0895374296643878
"ufb45" 0.687625016521655 0.671445741758242 0.181785681575615 0.34981868927155 0.118496551786385 0.0815440476076539 0.12328276267828 0.096470582106163
"ufb46" 0.688765727745474 0.664084912333112 0.17739296361525 0.334233482335919 0.115513816758861 0.0780979516309342 0.114705996836304 0.0971091402519879
"ufb47" 0.650256585794357 0.610155237060658 0.165242482669058 0.461187027617133 0.111206517887144 0.05674192008741 0.0547881513877053 0.0715248846750179
"ufb48" 0.635031238352537 0.658443734486366 0.201900007807289 0.120062752559202 0.123772958618684 0.0516023365152755 0.161266547697605 0.12922070866907
"ufb49" 0.626332887338534 0.639006621998272 0.190175344102164 0.0960363865665541 0.115734652241063 0.0418126905883248 0.148991902556237 0.116397828787932
"ufb50" 0.80952380952381 0.806555269922879 0.186877811499648 0.807190108056013 0.152756001581877 0.074481980464307 0.0542130332877917 0.128157163648332
"ufb51" 0.629913940737792 0.656393769379636 0.184456165073756 0.180026523249415 0.115540750523934 0.067468852926819 0.138489205609451 0.0919434757552216
"ufb52" 0.643239937902012 0.622586848480308 0.167466699487683 0.281986852678144 0.108999707715555 0.0725911472241791 0.107939962956118 0.0785139234742035
"ufb53" 0.638032780780641 0.608135430737723 0.163134508037457 0.276640706685184 0.10488223697016 0.0686585716874847 0.0993609722266541 0.0786385095116767
"ufb54" 0.715976929209045 0.680388329566468 0.180078742985287 0.410953878836681 0.119161081141586 0.0742111849127526 0.0987130473668562 0.109719016710814
"ufb55" 0.614877271195633 0.603947146821707 0.169258106146821 0.190952202394526 0.10782215338728 0.0678666477118828 0.121199380481504 0.0774312143514035
"ufb56" 0.632028763556267 0.63420168788267 0.184591344396743 0.178781905447121 0.116736481733366 0.0697348096124958 0.139713127302335 0.0926389976967924
"ufb57" 0.632269791335823 0.64437269604663 0.193462692484489 0.142664248450395 0.120574804733914 0.068191058253436 0.151223884379122 0.107891750339645
"ufb58" 0.666666666666667 0.684509189463877 0.178260057347818 0.666451363872201 0.137137757303722 0.0614375631004832 0.0441892512850355 0.0897330440931533
"ufb59" 0.818594074639514 0.765198322502161 0.185689928314693 0.593422851721007 0.136240618767749 0.0834432590816183 0.0942033883543918 0.115585277937797
"ufb60" 0.676429805113791 0.652834992131982 0.169118252281998 0.331321288196493 0.115872004894142 0.0682934246859363 0.08685582634355 0.0958922936179791
"ufb61" 0.641896219279456 0.623282937700437 0.16009543762275 0.341918671274455 0.108421737357969 0.0736019073362952 0.0851639742663709 0.0641397709530991
"ufb62" 0.650938893284741 0.622425729559197 0.163896393397995 0.368617518376594 0.111934734362272 0.0708166500284206 0.0810533481205231 0.0664603477031601
"ufb63" 0.666399022223814 0.642956570155902 0.169336384760426 0.528232379962313 0.124464114468862 0.065383129068363 0.0597441122998915 0.0773705746621885
"ufb64" 0.804008314020079 0.752417104665499 0.182614748927944 0.576538519832998 0.134511514002293 0.0798733041329211 0.0908337153848441 0.110832324581178
"ufb65" 0.781364105805087 0.742828149854643 0.188223616223533 0.587914017256972 0.142241598950536 0.0750891716967949 0.0814245364117395 0.130883944179806
"ufb66" 0.670219682673251 0.623052340573032 0.173695325466873 0.300823054537611 0.11292220568946 0.0628001251579042 0.110846708351077 0.091622602138465
"ufb67" 0.635038124411066 0.66516651460373 0.204564469360939 0.10682385263299 0.128809596840268 0.0502080917834146 0.163356779514627 0.141378563384469
"ufb68" 0.689343743734206 0.683890033133339 0.175204888713084 0.529850249616996 0.128147003171613 0.0782110707298344 0.0669154926598286 0.094277848014623
"ufb69" 0.633219204336498 0.663598879527269 0.207413310697441 0.108159237018344 0.129960547168799 0.0663506866655549 0.165327631921577 0.148680620678662
"ufb70" 0.75 0.729375744174179 0.169781187622441 0.746760686932052 0.138903968596549 0.0655795017601824 0.0343270133678766 0.102932789633916
"ufb71" 0.76149616246462 0.767132194956463 0.197364883333362 0.571116516746953 0.146120038711384 0.0867104629184986 0.0922989268492291 0.140495474294912
"ufb72" 0.701191299376537 0.643616305663931 0.159117399788722 0.523999828830508 0.115443175941822 0.0639130926320164 0.0487269858348473 0.0682245026575338
"ufb73" 0.805768174735165 0.79287598944591 0.197779564378823 0.654427632239828 0.153791980678085 0.0963404672274125 0.0927678901703741 0.151796089009093
"ufb74" 0.704803514728394 0.669231365771515 0.179118290921587 0.357209051162576 0.113930174192348 0.0766498151968475 0.111794889634183 0.10154115034287
"ufb75" 0.734812619204155 0.652750852329701 0.158810255155776 0.560556452510128 0.118680998163298 0.0654342468803953 0.0483633772413902 0.0700653896064025
"ufb76" 0.632170031805589 0.667493259851602 0.206432546329004 0.110900055318318 0.128926154832054 0.0727270208781305 0.165666681488215 0.122611714518299
"ufb77" 0.647013197607791 0.603923817700105 0.166132306669079 0.288717340551301 0.107509042928531 0.0633085155585776 0.106544117244315 0.0809133647465332
"ufb78" 0.656974934626154 0.62309527185381 0.175331157339428 0.304106689536851 0.114865718897667 0.0690668323949451 0.112526031552551 0.0929305264388486
"ufb79" 0.802261893318456 0.751033481062158 0.158628337836271 0.714305315184542 0.122271825723841 0.0762064121998533 0.0484917183334981 0.0786127371880932
"ufb80" 0.645546488728634 0.645392054901448 0.177583079971784 0.2321505417177 0.112665172304483 0.0735568300564287 0.126663201870272 0.0854618080501261
"ufb81" 0.768292682926829 0.68836291913215 0.146799368331501 0.768129553010848 0.117357839549795 0.0545798912833255 0.00535962997378881 0.0668352066102792
"ufb82" 0.731806472631922 0.674474866556584 0.150012262068363 0.636318337499779 0.112773370516836 0.066892299019973 0.0380382822960273 0.0616586218305512
"ufb83" 0.650085710350873 0.585976014824656 0.155864633153241 0.330471732748855 0.103999860840723 0.0646953168601633 0.0866851434929322 0.063066998069101
"ufb84" 0.668272238985791 0.602415624941954 0.160770630451699 0.326827474214693 0.10484830774808 0.0675987878829285 0.096779168002389 0.0621870649012663
"ufb85" 0.624108296526898 0.593875726872336 0.166391538857464 0.205105307009288 0.10550817446727 0.0662155547192358 0.116648663521793 0.0738353808717348
"ufb86" 0.639895614686869 0.663421979208651 0.202808584521805 0.118609310155882 0.12709269801774 0.0629427946428451 0.162267484870845 0.127034434599747
"ufb87" 0.641340045455259 0.654956561732076 0.195635748647386 0.154328086420128 0.120736727726048 0.0694278665292579 0.152928209088859 0.106124651895437
"ufb88" 0.625058252809709 0.630418149619161 0.180900576499329 0.154333224012258 0.112594020635477 0.0640199692237237 0.136686080210055 0.0921352801301911
"ufb89" 0.618181594727483 0.614632758988458 0.154540747247665 0.270955520805932 0.096821660809598 0.0647440274115646 0.0901086699278269 0.0553223001038426
"ufb90" 0.634932876413578 0.625748520976606 0.159203674058751 0.289657377504731 0.101735566211359 0.0655251719894795 0.0902656658728826 0.0620957471950058
"ufb91" 0.620394593728366 0.577499275727759 0.162074109976044 0.201481438516155 0.104285529999299 0.0475357547984177 0.110214869200316 0.0833424586750521
"ufb92" 0.667185533882131 0.665959270782752 0.196514257450073 0.177578707666187 0.128871360726641 0.0491790811247214 0.146793101033981 0.130346383247278
"ufb93" 0.659345533470377 0.640249404444477 0.187992416576089 0.165900793903699 0.120816194426465 0.0491557771319849 0.139516798354963 0.116521030062063
"ufb94" 0.64842112003348 0.618880866673994 0.178833931072638 0.16590411756933 0.113024777130001 0.0485794205895207 0.131308906236427 0.1038247526298
"ufb95" 0.718295755532324 0.684246555805927 0.183423475023318 0.485941941094331 0.136287838377384 0.0760318163180205 0.0917439267016722 0.114493919579181
"ufb96" 0.653486974268079 0.611462098282938 0.164880671246329 0.354650518443962 0.111774169215069 0.0632905858912185 0.082249796723087 0.0879571659672649
"ufb97" 0.633939095377108 0.597571849431838 0.156586913935205 0.335284415545379 0.105492687247738 0.0654395849866272 0.0812791880655072 0.0726624817907403
"ufb98" 0.638184964997608 0.608098028193375 0.159433421185106 0.311921711688547 0.105048129017078 0.0664716314602915 0.0905821111972484 0.0725484780009786
"ufb99" 0.677803826257437 0.631036057553504 0.179354105032493 0.333891271310089 0.119840439385797 0.0685587562333934 0.112091496800434 0.0971404747107689
"ufb100" 0.685956799762606 0.603122873616732 0.14550308149631 0.575871837862165 0.10763462614326 0.0635090784824902 0.0330315836340026 0.0551946835043781
"ufb101" 0.634869202136489 0.649170646673248 0.195636733953914 0.118993005731613 0.122735719913387 0.0618109579701894 0.147610812879031 0.136996705823901
"ufb102" 0.648584475903423 0.617823489411308 0.152517649537501 0.377690432121147 0.0961449579063207 0.0606601564867094 0.0683116736683455 0.0595840716770676
"ufb103" 0.765432098765432 0.717061109148711 0.156282913045439 0.765339330320135 0.124512903639112 0.0563611092550187 0.0159359319324279 0.0740853375443982
"ufb104" 0.675990220752633 0.597670940803696 0.147811330794577 0.390419359137829 0.101914461752958 0.0606753966678552 0.0718678064831725 0.0696774847650087
"ufb105" 0.626047953227761 0.647510377509006 0.187561764425629 0.143565651030575 0.11776566578151 0.0732398365532007 0.143691372465418 0.096572033562801
"ufb106" 0.634630562561812 0.633753547082423 0.181601624668302 0.176992053530724 0.113576327716841 0.0727333185993171 0.135467653467038 0.08757569805759
"ufb107" 0.648804315745691 0.607789898496847 0.162554631512547 0.301076646967616 0.105751783064428 0.0694876074372949 0.0987250774582276 0.0738311647235562
"ufb108" 0.635189265054903 0.647918048662564 0.191590108192883 0.155691048886579 0.118997038137089 0.0762683799166124 0.147935040692138 0.104458091355905
"ufb109" 0.719512195121951 0.818538035400622 0.222815581864446 0.719447965250987 0.182043948934124 0.086293480322424 0.0938782984075731 0.175617151771095
"ufb110" 0.632665905491302 0.662334509617935 0.20256094464678 0.119005357301155 0.129920495008106 0.0738496968841348 0.156385695751823 0.14528840274535
"ufb111" 0.624492093010284 0.670386615875977 0.210115556287279 0.106909199614183 0.135200281256105 0.074419340691064 0.168165156836508 0.15241133838559
"ufb112" 0.632414540944376 0.662930540132166 0.203506694965322 0.10682385263299 0.127383601828517 0.0502080917834146 0.162244206914072 0.140187747066555
"ufb113" 0.655864421536779 0.678303103727785 0.214231001838633 0.130589710389747 0.133235520913631 0.0665329701499218 0.174225751385849 0.132188439053689
"ufb114" 0.630751862900858 0.643449229689968 0.177331255039087 0.208402744862112 0.111677334845827 0.065661358140046 0.129705935685194 0.0859192809124132
"ufb115" 0.67789179946742 0.604838709677419 0.152028352260273 0.517612669713944 0.10916148578682 0.0607568422016203 0.0410277862606115 0.0541548879506716
"ufb116" 0.601442925255625 0.568064258595152 0.153580093037611 0.190718176556691 0.0982016812990282 0.0587218364280541 0.0990722218366538 0.0668499600853787
"ufb117" 0.61407031638246 0.577761992406379 0.158365719205144 0.209988695396857 0.100444185678696 0.0619013131096521 0.106314780234114 0.0680302599403084
"ufb118" 0.62522348821433 0.620203676261942 0.175123925604298 0.444201139276658 0.128461336513359 0.0735539393106307 0.0665963038154631 0.0744330149583824
"ufb119" 0.639738356891461 0.663814079613865 0.186280208338198 0.203642864844828 0.11792089238982 0.0737561711762658 0.14040447725251 0.0915493690465436
"ufb120" 0.845238095238095 0.877899271040424 0.188954960341235 0.843196020087721 0.152617191442001 0.0750379966981603 0.0566290789080909 0.136502061746539
"ufb121" 0.678883557689659 0.643728950559073 0.168612379541789 0.315537974252331 0.106233632427987 0.0651505268039379 0.105178691993205 0.0852890091947646
"ufb122" 0.715888476655882 0.691462396834719 0.18494864821991 0.470987125219041 0.134701993809488 0.0754975143407094 0.0931765475803253 0.111781200155928
"ufb123" 0.646853088531692 0.631548679815572 0.180560653255138 0.226208574832923 0.115062195237099 0.059132769164501 0.121992503009054 0.11804259045703
"ufb124" 0.652719530093673 0.642136280751681 0.185216968520411 0.22607304540378 0.118973676559203 0.0609936643933885 0.130094175323549 0.119880788477648
"ufb125" 0.642399916072039 0.659556319097086 0.201990240100422 0.131915749729557 0.125163162935107 0.0771496536058933 0.160647750400635 0.116197956113019
"ufb126" 0.719512195121951 0.681534772182254 0.155373623827755 0.719405079786931 0.118700769655327 0.0514204170750817 0.016096031474768 0.0608362232507169
"ufb127" 0.77931970179435 0.755091689426453 0.164903247882673 0.666525499956264 0.124338336166027 0.0720399954156592 0.053840994872298 0.0793368058259841
"ufb128" 0.65007171811778 0.613456831913918 0.173216584144832 0.261468660030565 0.108948245608801 0.0692765578352573 0.117353657435993 0.0819372491364233
"ufb129" 0.627014405127408 0.644597249867273 0.179560928784894 0.182113731687489 0.111486120014909 0.0687755036942543 0.132044080394692 0.0862956646680582
"ufb130" 0.616786050371434 0.605009803428686 0.146551326030218 0.319181231828119 0.0947809871388654 0.0652406659419245 0.0764792994599053 0.0513271622092379
"ufb131" 0.71174348468276 0.682635399218314 0.157834557206996 0.504603331024924 0.114272261626237 0.0824977016423695 0.0742033473664837 0.059676893483442
"ufb132" 0.75804827354143 0.786406935840364 0.230266289076589 0.406242823277633 0.168592682540196 0.101722437155459 0.154054388443166 0.181403061403371
"ufb133" 0.595993103763967 0.586893377128922 0.162224743462824 0.166091803061189 0.101906464246885 0.061345556636588 0.11504979795078 0.077227968753246
"ufb134" 0.607840344074558 0.605989527009532 0.171818587383724 0.167961204354328 0.10674558781595 0.0639210102114982 0.126238258140564 0.0861936269723147
"ufb135" 0.617402679664118 0.595206113010255 0.151577042009275 0.281573321549186 0.0967703390125769 0.0600975551829952 0.0757912705824175 0.0568597566677454
"ufb136" 0.660905295828828 0.630177527055986 0.180669110276786 0.237099585043429 0.112526249411855 0.07466136103925 0.131702399183697 0.0937879061155116
"ufb137" 0.641097269617855 0.593727867644976 0.159468316845893 0.272587751755265 0.0990191852794635 0.0597012146952213 0.0953361896600318 0.0714080760731629
"ufb138" 0.639641244720856 0.592147119604337 0.163705129365813 0.296891151746642 0.103702991327421 0.0563960433112038 0.088849956069071 0.0772575563780628
"ufb139" 0.654901826481877 0.627625141935415 0.181384662609495 0.315008868665633 0.117142946830835 0.0659939614245001 0.10011388982373 0.102208957293592
"ufb140" 0.644187921328874 0.629247174822318 0.18725150498452 0.143986948329259 0.116574667668807 0.0688305336776648 0.144092815152037 0.0990058689016576
"ufb141" 0.757219618743756 0.78832688209455 0.23895765093764 0.381848531946856 0.170516275321077 0.110982091655733 0.171090768794344 0.187668296714729
"ufb142" 0.665546008857278 0.638597199784599 0.175229486268949 0.479879348486517 0.122713432896885 0.0656355432723129 0.0664147107088583 0.0871888320410019
"ufb143" 0.706745656754932 0.651085562958448 0.189184246305843 0.355044870357785 0.125554358297782 0.0809996324932549 0.116908281586636 0.11680027293462
"ufb144" 0.643193117030814 0.665247719894883 0.198173225269458 0.154904680998466 0.128111100644551 0.0695911832656063 0.148577423550703 0.140176074747002
"ufb145" 0.640572686606921 0.663507870570429 0.204093452026773 0.118664140978645 0.128145555426092 0.0649381934617706 0.163572057357928 0.130260892728825
"ufb146" 0.622939212706455 0.600772356997923 0.165247714289784 0.246515177899274 0.106367344069597 0.064600941341004 0.108828728439517 0.0759977423204578
"ufb147" 0.657216420828859 0.624452160493827 0.159582788472662 0.365227388176978 0.109764514117276 0.0718911114187159 0.0845815067320618 0.0628258873102641
"ufb148" 0.699908053925576 0.635623008442561 0.160378501693484 0.535150148822243 0.115935687175328 0.0682677515306395 0.0504709808631265 0.0708096498467449
"ufb149" 0.621053378456378 0.612445827314146 0.171074090702218 0.226392689530853 0.111281192980775 0.0688055633281674 0.121614291434526 0.0772005748716758
"ufb150" 0.6469923473394 0.639283620970368 0.174045279990403 0.233253131771673 0.109997752907909 0.0678219910291592 0.120715314545225 0.08322558407454
"ufb151" 0.763849140525023 0.679374592060761 0.169684063231533 0.470181894218476 0.116328344393508 0.0751088553784616 0.095526945362481 0.0911120297649774
"ufb152" 0.63258052524978 0.612158915701531 0.153303856426979 0.288171941931378 0.0982134609139573 0.062092251784885 0.0839583689835618 0.0571849408160193
"ufb153" 0.702982607386348 0.656676989372709 0.176732187293156 0.330363863527001 0.115336573698808 0.0740366494720967 0.117952500331384 0.0869601300733639
"ufb154" 0.712558199413566 0.617009860495252 0.162407954404949 0.414560442627606 0.109328220949311 0.0640912030524763 0.079498380411519 0.0860571559229242
"ufb155" 0.684677894482907 0.616800808107139 0.157414315162899 0.518081215736032 0.114138982908889 0.0660705110796986 0.0468153431038788 0.0630175121839118
"ufb156" 0.681393407142183 0.61409474460697 0.151368103480998 0.424551519212141 0.104397687306854 0.0645746237099494 0.0560717545405876 0.0569682798705645
"ufb157" 0.607142857142857 0.666057881427367 0.21410351464145 0.607033569347838 0.1678771217571 0.0777630853763696 0.0858807402514667 0.139475965294067
"ufb158" 0.709233498115342 0.678400919914995 0.180026867630598 0.331661701669556 0.114708177721516 0.0729121095427323 0.106852277393764 0.10383662282014
"ufb159" 0.639635238098081 0.665777201927856 0.207729437965731 0.118744476011951 0.128393410776668 0.0541799566793944 0.167024520541937 0.138026990411485
"ufb160" 0.746987951807229 0.748203307645684 0.179720368195089 0.746820110645477 0.143594341258683 0.068228093877885 0.0447586700722337 0.112477160892264
"ufb161" 0.625830368561413 0.586474577552977 0.164504073059923 0.213574691093262 0.101053411503034 0.0617101638027447 0.112843046602322 0.0796556481398824
"ufb162" 0.718278412949943 0.742003780932649 0.227453003041115 0.240911601796925 0.1556076468136 0.0818220527579674 0.172245995496227 0.170199871307354
"ufb163" 0.649869031296339 0.641742393387238 0.194239601568001 0.167658599003708 0.120245072263487 0.0775088998841779 0.151445327155078 0.103875547988113
"ufb164" 0.646137984036446 0.642635139252849 0.187308104101116 0.216507969069502 0.12241246773726 0.0724553182578325 0.132363546846478 0.120187340196705
"ufb165" 0.638104813309391 0.64575912935795 0.18007912762839 0.203923234802765 0.111781608003612 0.0692121910760399 0.131093127817083 0.0851988249790491
"ufb166" 0.759036144578313 0.780620103127302 0.201134942670472 0.758941378967539 0.1661863203787 0.0785597035373521 0.0693642933030289 0.161060994941418
"ufb167" 0.61879991062329 0.601068699494641 0.169983653958776 0.182295532727432 0.106797586137267 0.063980736077649 0.124287308596688 0.0832154571329119
"ufb168" 0.635623934998995 0.654383719029661 0.199409110091593 0.144236464992425 0.125087778419428 0.0680719710628556 0.157941378685795 0.115091337399281
"ufb169" 0.566265060240964 0.478456463061082 0.15029258422533 0.566070712656199 0.1095447257741 0.0463247204634812 0.0110045992465181 0.0286442424608873
"ufb170" 0.610663964138191 0.60856855877202 0.170210825628657 0.177750807559274 0.105675230652882 0.0638278594097042 0.122168003956846 0.0802738714164681
"ufb171" 0.680887807402538 0.640652582660744 0.151615877373526 0.414802126382936 0.105117287637942 0.0712017948702033 0.0758536119707419 0.0549782488796216
"ufb172" 0.670074879841194 0.649126903179031 0.156945790365668 0.377262095333677 0.108644859551624 0.0763315822046832 0.0878548856969607 0.0560516793202274
"ufb173" 0.714460482414208 0.627478110028085 0.150942037762502 0.461498054637938 0.109168198755112 0.0630116897030377 0.0669586246076903 0.0737886231402922
"ufb174" 0.658301716171486 0.646263874480137 0.185280433228017 0.289346539626926 0.1275405654166 0.0616716508792679 0.104510551679346 0.128000838236417
"ufb175" 0.623508574952233 0.604726295858863 0.17133391242146 0.156958750443697 0.105781872502818 0.0616091536110447 0.124639939240548 0.0802952413268316
"ufb176" 0.656159148342254 0.614138053689871 0.172887809010758 0.307891758793826 0.111796987619241 0.072190963049239 0.11372963835948 0.0836536480335616
"ufb177" 0.681171558782816 0.646964840377497 0.16714317592467 0.367172731187185 0.115617798747992 0.0631467625475908 0.0846852052254735 0.0904598239379125
"ufb178" 0.646028477979892 0.629579773291665 0.183197672491535 0.202069032018157 0.118281724064623 0.0597445895735035 0.132641174768545 0.106508107193777
"ufb179" 0.619082108250413 0.61291257913304 0.17269259871074 0.190849346347174 0.110244288809863 0.0675501019984658 0.126104141041354 0.0811292594711596
"ufb180" 0.698446421365544 0.640705464157134 0.163313374837758 0.370504267041725 0.106553176748655 0.0631395744491493 0.0884393799213372 0.087024664832611
"ufb181" 0.826125923929954 0.74884029158383 0.17658102538067 0.603932786554829 0.13011258792009 0.0725089087655626 0.0838637096175352 0.110727750934849
"ufb182" 0.721797621629857 0.770371300138855 0.23104641422507 0.382370299133613 0.170648578067174 0.108603413565507 0.154911754356153 0.181387520293744
"ufb183" 0.728414684733026 0.773145117369084 0.237593357417892 0.346038375973831 0.171282699680121 0.11388925318584 0.169604812731601 0.189875484157214
"ufb184" 0.728266775121948 0.760979207106711 0.234674962301742 0.309985645574843 0.160262434610897 0.107598427129913 0.172021805358921 0.18097895804847
"ufb185" 0.62211932325175 0.594989191679365 0.158541801011392 0.349620675470398 0.108055045033765 0.0644801412321044 0.0641386884792248 0.0606156579331228
"ufb186" 0.650602409638554 0.558864821500201 0.153708272524494 0.646099195462672 0.118858174616739 0.0504622195778172 0.0145622241331774 0.0626015452330905
"ufb187" 0.62770113030914 0.603647634613474 0.167499909443226 0.226072322521154 0.106888844923735 0.0640945874824305 0.116013875193262 0.0748260742481611
"ufb188" 0.639117995110967 0.619334774681747 0.175652211933564 0.228696402079312 0.113032152114095 0.0685353728538663 0.126461937162573 0.080610365528851
"ufb189" 0.630927691418392 0.628872381458825 0.180056129751539 0.204572230953436 0.115757173179652 0.0697062390698616 0.132622073743533 0.0860589374541051
"ufb190" 0.705713002150195 0.666815508707259 0.173940017419356 0.443027730950087 0.124033103214161 0.0766037888086955 0.0920831241086706 0.0984499745786515
"ufb191" 0.659260080304964 0.625155778964444 0.162964869996867 0.363925736396716 0.109945346331038 0.0706073489613932 0.0883517149746431 0.083578505110744
"ufb192" 0.61755197982476 0.589214420796686 0.161678500685628 0.212308244930481 0.0965480243807919 0.0627948435614646 0.101723709740072 0.0732214047520135
"ufb193" 0.617773561680344 0.578560200839091 0.164533195705973 0.236276663188058 0.103066524412195 0.0602801562308793 0.0959922394513801 0.0797872620172049
"ufb194" 0.779727718428975 0.708833135501375 0.180656322475954 0.498486200797503 0.12571281433282 0.0843853800705151 0.107490422891835 0.101526866258288
"ufb195" 0.775738179993663 0.687632076105706 0.17135728903805 0.494175147410636 0.117081533681629 0.07160158480788 0.097361002687779 0.092448571333656
"ufb196" 0.70829668890548 0.624908411572226 0.156941260659378 0.392211196417967 0.102288407417864 0.0674414738709447 0.0927124133620543 0.0716916937459715
"ufb197" 0.610294244995157 0.613702500920687 0.175679253181281 0.144164177189579 0.110627689418776 0.060313037970772 0.131922815155339 0.0913710809691561
"ufb198" 0.635873126315132 0.632878767818527 0.188108704865106 0.158073399795293 0.117914428693903 0.0647841030437097 0.145587637193547 0.102268738964565
"ufb199" 0.638666796486012 0.653430487373302 0.182930039902052 0.1828424067212 0.114230753785643 0.0670774241889853 0.13560618567691 0.0890666471766259
"ufb200" 0.757158362462364 0.692254423833449 0.177212806932049 0.430383005024577 0.119698849616953 0.0806426917975026 0.103752479378143 0.0982303779053074
"ufb201" 0.69047619047619 0.766793409378961 0.197001187742831 0.686470518444755 0.149513843981245 0.0723272425596301 0.0659880868348909 0.107448324668066
"ufb202" 0.647419449286021 0.63859085248881 0.18999286518953 0.189367508334041 0.117021857522473 0.0787400570557902 0.144328612937337 0.100161575170091
"ufb203" 0.651674106417119 0.623697631393169 0.168033192800539 0.254513048952319 0.105225724287229 0.064526545216204 0.111677433083555 0.0774204821491175
"ufb204" 0.764750130189164 0.686142631697603 0.17319586458684 0.463561828820653 0.119619224202698 0.0759712907601254 0.0993744839582321 0.0923805246710006
"ufb205" 0.695121951219512 0.566481267709099 0.148197152598451 0.695051341199162 0.115686605918376 0.053176149150937 0.00709305816199647 0.0568212843189797
"ufb206" 0.636987595545866 0.598230046880426 0.170726514735172 0.213887874450844 0.10849983857897 0.0701395571903382 0.122686169475681 0.0826850006404432
"ufb207" 0.640391676630361 0.660831823407094 0.20118595447611 0.144572820877363 0.132191171101592 0.0745528205385955 0.154969810318685 0.141157911397874
"ufb208" 0.662650602409639 0.693565189518391 0.192175659924529 0.662327774671594 0.150309326469611 0.0707627100729245 0.0599997201385638 0.11982862753452
"ufb209" 0.714285714285714 0.756104715113295 0.197569124989994 0.714242628209975 0.16151411881344 0.0742949022930195 0.0666486857631624 0.142038894157581
"ufb210" 0.787046754677207 0.801111736905257 0.222425900003522 0.585123262410814 0.173132340842127 0.103784106612559 0.120217855540757 0.176840457754894
"ufb211" 0.649575611584557 0.602895558875458 0.154596263618467 0.347629416757459 0.104644525028205 0.0676066994819787 0.0854329090408654 0.0705866867562054
"ufb212" 0.622485773022437 0.625783359751086 0.184558558307498 0.181373597299198 0.113972721873478 0.0796770362023704 0.137340437020623 0.0959675666757151
"ufb213" 0.636974481358899 0.635651283076385 0.176648807368748 0.264837845759171 0.120685784195987 0.0682902989314182 0.10932280466363 0.109992350401223
"ufb214" 0.560975609756098 0.589452014508382 0.18546562567328 0.555460383868745 0.139821134908219 0.0583294640392241 0.050643914464324 0.0737478372382006
"ufb215" 0.727239442349872 0.732215376964942 0.196538628678115 0.501424240317322 0.147649646801931 0.0929521275794252 0.106496275890926 0.124145401789036
"ufb216" 0.801412234852764 0.747115993055668 0.182288648330159 0.541261859009763 0.131021262236737 0.0764942885241274 0.090232991916075 0.11346050776251
"ufb217" 0.631828884270828 0.609605185621685 0.164787920863015 0.370000053863013 0.114055274353096 0.071906629303715 0.0710334583655878 0.063169282015563
"ufb218" 0.713834963228287 0.670181519121189 0.16071570734433 0.56063452990745 0.119427580790443 0.0686588575542064 0.0506137133751304 0.0941847091581995
"ufb219" 0.757471256829708 0.698630337226469 0.178707637607987 0.516409379980231 0.134154019826328 0.0736630550877471 0.086461255943775 0.112454284978542
"ufb220" 0.695329634094985 0.643138912369682 0.155099073973697 0.442712018686463 0.106329511761208 0.0684417911252417 0.071481417538624 0.0636155770866745
"ufb221" 0.658527773558138 0.614277040506549 0.173431521650494 0.28521445298299 0.110738455680271 0.0681003463171326 0.114431142917438 0.0874583445375036
"ufb222" 0.795496925873394 0.709828470031546 0.169343431994506 0.543571633721483 0.124334607864946 0.0679573296692234 0.0757889559303718 0.100468831172096
"ufb223" 0.61059840096267 0.584054563211036 0.16276883778326 0.192061517354832 0.101408134091427 0.0650240306892515 0.112818410255321 0.0769499414245058
"ufb224" 0.630313780093578 0.593584521751009 0.16782592983706 0.206809661012809 0.104993435267648 0.0678776141286622 0.119665797659193 0.0789875217923196
"ufb225" 0.651326560897197 0.637014785888321 0.194799550747837 0.265063353065822 0.125087434037889 0.0697628321837893 0.122999169783135 0.136846934680464
"ufb226" 0.623130233689705 0.626154121686247 0.1818476612799 0.130392746539998 0.114330713982182 0.0641349520562704 0.138992522981726 0.0986408746383861
"ufb227" 0.646822582887856 0.640224006808416 0.191634874309448 0.179539326507773 0.117844273061406 0.0732045684993654 0.147119385210246 0.101118147580729
"ufb228" 0.639887247749942 0.637627312526692 0.184602403514568 0.167076519844842 0.114521570167248 0.0708753842461306 0.13970221465191 0.0916558197802172
"ufb229" 0.642553390093523 0.627278041961696 0.178654497204192 0.18166783213254 0.111643967095539 0.0691770436630419 0.132383329062576 0.0857975805666209
"ufb230" 0.706680004686239 0.661484115638623 0.160492900644163 0.437283125436453 0.109502576602387 0.0700701579103697 0.0772903305117803 0.0683419425007701
"ufb231" 0.710843373493976 0.64227369363321 0.153481650020854 0.707095188485338 0.117819536638426 0.0533827818802199 0.0141967642009518 0.0623483891393917
"ufb232" 0.722210394141386 0.656953642384106 0.151775444204414 0.61702030585636 0.113185709106564 0.0696247785800936 0.0397468988967861 0.0555050590400193
"ufb233" 0.686893158896557 0.606831811025479 0.164308649666477 0.334527468162025 0.106410000070943 0.067273338214793 0.0958433013427394 0.0696959348200409
"ufb234" 0.628656048973897 0.606573868242544 0.166332232730759 0.200812991793944 0.104786700619531 0.0598692164511461 0.116543672974717 0.0764590562435286
"ufb235" 0.635844342982739 0.595227964664981 0.162663082717353 0.203674648287828 0.103444675447998 0.0575639880547242 0.110821956109974 0.0734315567747077
"ufb236" 0.641481366546085 0.608678762067824 0.167163517507291 0.260683730180391 0.107675498333132 0.0706603022805613 0.110801130105461 0.0834736179851598
"ufb237" 0.683658967858442 0.658459961465818 0.18735863797032 0.39154739106073 0.131107711130196 0.0876178785377255 0.106873316682228 0.110669127838144
"ufb238" 0.644968778176835 0.619660487893148 0.160449386335045 0.325480321705221 0.107971348803245 0.072347321175758 0.0772840723913727 0.0655563110780053
"ufb239" 0.639469712988605 0.598002893334745 0.159675807523032 0.366747737840011 0.109571045435221 0.0683429745843298 0.0651360634237161 0.0589405148784452
"ufb240" 0.626002665739859 0.58783189011034 0.168084775620042 0.250064048582216 0.113206270589407 0.0596827301845057 0.0939022163625386 0.0987949933610208
"ufb241" 0.688641363868955 0.610806015236056 0.1578237783465 0.359574662794968 0.105243816952786 0.0641198826816643 0.0827539648260037 0.0760785893185908
"ufb242" 0.688900140299273 0.625961313078323 0.161680519285331 0.346775923428029 0.108576446012045 0.0673548968399919 0.0930743998337294 0.0767688427333304
"ufb243" 0.633804278064868 0.622974868658714 0.166026328037865 0.254050031146719 0.106414278231441 0.0665146656920866 0.109541511080491 0.0749830932618347
"ufb244" 0.720724216468214 0.667196040414276 0.193694144469765 0.384643062991599 0.134072220396897 0.0798424478945122 0.113880158177942 0.127365819375665
"ufb245" 0.666666666666667 0.754959972154542 0.19295367462412 0.666450029237126 0.1471304151399 0.0680400384120183 0.0612802025717232 0.109730899016216
"ufb246" 0.732614422783186 0.697313271670716 0.181625884997782 0.498272042709318 0.136103266415674 0.0792252792288824 0.0896854624617426 0.113666851931127
"ufb247" 0.66260684330524 0.626486013986014 0.164015341731196 0.381917272335629 0.114718129584987 0.069469977362382 0.0812635328517197 0.0896842643283232
"ufb248" 0.646932224905017 0.623981651899728 0.168679054833421 0.273622146014743 0.109079581425084 0.0729854313698249 0.109239921162434 0.0809276764604879
"ufb249" 0.67495531464127 0.633316423350807 0.159902550609999 0.426139226229821 0.105560096907577 0.0626616871568541 0.065248096038751 0.0714491328564932
"ufb250" 0.742726609849002 0.688128221649485 0.187006774767488 0.448970193668255 0.132335708721384 0.0689362401767806 0.095453423314894 0.108571975810445
"ufb251" 0.630952380952381 0.677851211659041 0.184863849215984 0.630693658423407 0.138992273221787 0.0653305905108499 0.0518704834148718 0.0868588230349358
"ufb252" 0.618605174056159 0.568215339233038 0.147777928067348 0.367174405134188 0.0934217689170934 0.0536635475840368 0.0515229027707736 0.0515938934943112
"ufb253" 0.60670602807174 0.53563903218775 0.152013788496324 0.459898761700436 0.10510516295494 0.0510722351414993 0.0394697991503161 0.0477843399195435
"ufb254" 0.73643348452432 0.691384013149939 0.181169147864408 0.401465824367038 0.122902705726047 0.082645790646325 0.118811037008189 0.0904534763739126
"ufb255" 0.61365985167545 0.567954358652033 0.142685616164884 0.292386911572522 0.0946473669886759 0.0567550960834791 0.0660514111003023 0.0486234307808952
"ufb256" 0.618076113053835 0.572262361706932 0.148750473881877 0.308130240737006 0.0989541159589238 0.0542704867676258 0.0644067364816409 0.0525391659255826
"ufb257" 0.691895330608634 0.669687075666958 0.177588699691023 0.319314728564104 0.116077983086582 0.0769616917989484 0.114974740433255 0.0942750335544627
"ufb258" 0.640593269107873 0.589926462436717 0.157381233472722 0.431119939960634 0.103848490284599 0.0559599975717254 0.0458551168621211 0.0588663673020364
"ufb259" 0.506172839506173 0.452082883660695 0.164786031615475 0.512263561072646 0.115398088629366 0.0481407059571326 0.0253267351700117 0.022907350115627
"ufb260" 0.638271498884945 0.665872873658389 0.199516366930026 0.143604404068614 0.124194534183508 0.0727988388618526 0.157586258246241 0.110728354589696
"ufb261" 0.663148695960987 0.622258537281299 0.167909403999924 0.257809516348917 0.106655539519862 0.068523637881189 0.104545338805059 0.0806507062005708
"ufb262" 0.6650351685447 0.719832219836497 0.218941619867918 0.166563921758389 0.144953812967644 0.0758933219478163 0.163169681382732 0.161858341995396
"ufb263" 0.64491561676248 0.67345051977645 0.20164376845232 0.153933691577896 0.131829096357597 0.0618259103557396 0.152240035489283 0.137407398250721
"ufb264" 0.643022244120025 0.656208872029109 0.181147780132779 0.285973478229768 0.124791889606398 0.0667572445872035 0.11411260792099 0.121185340582071
"ufb265" 0.631880605987969 0.661243366717242 0.187185412257107 0.182103166848936 0.118364046965652 0.0666797725050627 0.142422890020641 0.0949236690951324
"ufb266" 0.735517576854638 0.77029118178881 0.233865238919051 0.334071652221321 0.161639695347964 0.109463192995164 0.165544234706574 0.179017714349396
"ufb267" 0.721471593617238 0.674071996634548 0.153557214883657 0.54969454312549 0.113130295609232 0.0776606207182035 0.0580226840983773 0.0567159648187783
"ufb268" 0.674368763896183 0.608126943282942 0.16237786578963 0.488110984214954 0.111283769594364 0.057690455781897 0.0515282324200164 0.0685942425109921
"ufb269" 0.771778901120072 0.714094834958098 0.17662535811651 0.527460438618951 0.126125364108943 0.0808566878404067 0.095011958781038 0.0983129122367839
"ufb270" 0.647262921259457 0.609387132653846 0.171700561338734 0.282878817807114 0.109311940089307 0.0654311553879468 0.112523023526219 0.0836698307979827
"ufb271" 0.639821922407299 0.642581310394771 0.177665680515153 0.220731244316494 0.112022147780307 0.0651677636942659 0.128559521436156 0.0842745126199767
"ufb272" 0.640593682939057 0.637350115187953 0.176924410818702 0.22321068914976 0.11084636196899 0.0681633156151099 0.125979725259555 0.0842315591158971
"ufb273" 0.682787878400779 0.723075927208047 0.223063662991279 0.202423157335244 0.151424354879062 0.0765094987804886 0.167586061448576 0.164873303746573
"ufb274" 0.664045865899584 0.687514327477452 0.207381292616124 0.190392957683474 0.138671319211828 0.0720011834478266 0.153804945349311 0.149358790707938
"ufb275" 0.679976761833341 0.654225318509329 0.172803460486012 0.406494489527987 0.120168473066766 0.0714871409475854 0.0909955061918263 0.099903614876804
"ufb276" 0.645075993969011 0.631793371810608 0.178993200851001 0.226000482190557 0.117633495698405 0.057344013387836 0.120358545290834 0.106068248064845
"ufb277" 0.613382577797062 0.621802019391405 0.155591232174893 0.251602404325945 0.0992073008053716 0.0673220576355968 0.0951486888560122 0.0569243187001951
"ufb278" 0.626867122730566 0.614615144610323 0.151933417790479 0.269092526655788 0.0985368055929972 0.0648629737051509 0.0872895075450144 0.0559717283753067
"ufb279" 0.704132751215309 0.680023003378621 0.182116722038222 0.435250824138523 0.132168784330845 0.0747295058204568 0.0904581342310499 0.116253711062189
"ufb280" 0.654878850618785 0.677602162609956 0.213720703835331 0.130589710389747 0.132492302579366 0.0665329701499218 0.173689472974214 0.131401653856294
"ufb281" 0.638462400225809 0.656244085449011 0.197536351695268 0.108316955175309 0.123083613547829 0.0653519626508223 0.149621649236193 0.141471630086274
"ufb282" 0.633361917762874 0.664018009724664 0.205254151442005 0.106909199614183 0.129686953177579 0.0644501688311041 0.163045565016196 0.145666478963222
"ufb283" 0.673536714625622 0.630504349583568 0.178239062490711 0.292294733485638 0.115194448324061 0.0670037827367156 0.115736041372719 0.0942903088919716
"ufb284" 0.671175299558025 0.619993603752465 0.171321641440827 0.317785912060337 0.113995272590694 0.0624945354557275 0.103483233121967 0.09187302970439
"ufb285" 0.692130981837019 0.716202202573955 0.218522113451479 0.19035955250254 0.143761209233834 0.0603848624490935 0.162720219860955 0.161069577392912
"ufb286" 0.672080010696841 0.670536895271461 0.197464228669362 0.190275347721855 0.127643272684615 0.0523246777661582 0.14321754640171 0.134069268223205
"ufb287" 0.631407410025607 0.644228153206349 0.194733855740984 0.120339268059633 0.119794908169957 0.0613788233802966 0.149365224633593 0.13591133607326
"ufb288" 0.635370678714748 0.661743861283874 0.205907858145873 0.120261529018783 0.130118890003157 0.0610910429323773 0.163735333147561 0.144663341175188
"ufb289" 0.618667030416499 0.587603230043889 0.163761332405062 0.177864253106935 0.101575552169272 0.0595761371365399 0.113824871895286 0.0731092581891526
"ufb290" 0.702127798403995 0.599660641318651 0.15294481545304 0.511825905969683 0.109662164324977 0.0592681358213983 0.0414118702138839 0.0609011258662127
"ufb291" 0.720095708460956 0.673494119516847 0.152779092833408 0.536518153165303 0.110565065666729 0.0711909766496793 0.0573856111108894 0.0615157992997765
"ufb292" 0.605831176167402 0.596579698001764 0.163166725446379 0.21929542395353 0.103830519409841 0.0645633875613464 0.109279084211389 0.0737141895403882
"ufb293" 0.660855333321843 0.569019200830306 0.151952691268499 0.47358013138099 0.101996857547033 0.0529258948123181 0.03972340623224 0.0585103195881061
"ufb294" 0.617038170835033 0.585790969561981 0.151684919332474 0.249832296353009 0.0970044944292033 0.0659624342394357 0.0944113010057532 0.0600631567854426
"ufb295" 0.622279238116659 0.6328132706761 0.185057134498153 0.118922334267854 0.115984802344959 0.0435618988301684 0.140174285595798 0.122751039932288
"ufb296" 0.621973681001023 0.624447284292871 0.184784351051084 0.118883555397428 0.11495903351063 0.0486338424871807 0.140765974551348 0.117379948544066
"ufb297" 0.650152537281703 0.582045773145609 0.156765076863803 0.345304796218604 0.105752248722348 0.0634376803898188 0.081443713177197 0.0684110738926695
"ufb298" 0.640131463262067 0.663018462316641 0.200979137132029 0.155721424979942 0.12545163372495 0.0693153450922401 0.159124390217296 0.114493126233022
