0.06119661 0.2819882 NA 0.1706968 0.1099102
NA 0.1344038 NA NA NA
NA NA 0.2703161 0.1246181 NA
NA 0.2671942 0.03836364 0.2184128 0.1480344
0.1382206 0.2433891 NA NA 0.1169486
0.1449319 0.156029 0.145141 0.1251068 0.1132593
0.1126042 0.2415688 0.2015317 0.1283329 0.1539376
0.1853487 0.04845894 0.1097716 -0.01065344 0.06154649
0.1923664 0.2067703 -0.005077318 0.1688807 0.0575951
0.300719 0.0239499 0.05097 0.003413475 0.1488739
0.1477003 0.09741185 0.1935431 0.2143898 0.2892795
0.2459013 0.2708858 0.08850792 0.1394777 -0.001928146
0.0302589 0.07503313 0.118991 0.1247671 0.0542877
0.09269879 0.0939888 0.07172226 0.1019838 0.07587472
0.04739992 0.03985054 0.02427181 0.08150571 0.1503701
0.05992441 0.04947595 0.04688861 0.09485062 0.04282545
0.03592203 0.0461044 0.005493242 -0.002992237 0.00605138
-0.004272903 0.03469665 -0.007686882 0.0794396 0.0929275
0.05476705 0.03225116 -0.008276363 0.02580648 0.01218286
0.04356548
