NA NA NA -0.0507402 0.2026449
NA NA NA NA NA
NA 0.04452578 0.1217007 NA NA
0.04828869 0.2673954 0.0620315 0.1232981 NA
NA 0.03855268 0.03695495 0.1448888 0.007710224
0.1246181 NA 0.1382126 0.07965944 0.1246181
0.07151847 0.04294748 0.03646376 0.2004599 0.0500189
0.1163042 0.1777941 0.004247679 0.1896983 0.1065629
0.09116438 0.133697 0.08629104 0.1459514 0.2940434
0.298475 0.008578144 0.175461 0.0582662 0.05130176
0.08787162 0.02518442 0.1781575 0.05812529 0.07850016
0.03573702 0.2142036 0.1103619 0.09186846 0.2784634
0.08539858 0.08115512 0.08769601 0.0732151 0.07437779
0.1579728 0.0709595 0.027329 0.02753192 0.2640784
0.05246726 0.02170686 0.1062071 0.06661827 0.08610137
0.03097589 0.06126736 0.0922434 0.07160776 0.05753018
0.06007265 0.0005322757 0.004802551 0.05074495 0.02380137
0.01222797 0.1216444 0.03317258 0.02858719 0.001682799
0.02292998 0.02053796 0.09154148 0.03943393 0.03265921
0.01347963
