NA NA 0.200011 NA 0.2293544
NA 0.1367797 NA NA NA
NA NA 0.1620517 NA NA
NA 0.1549604 0.08685694 0.1981681 0.03278379
0.03872671 0.3030108 NA 0.132405 0.1265078
0.1625723 NA 0.1811963 0.3075739 NA
0.2377784 0.003108531 0.1135273 0.1471273 0.006241229
-0.008302107 -0.04259914 0.0344033 0.1145273 0.03695985
0.01813381 0.02771882 0.06438743 0.02939892 0.08231879
0.1348854 0.1240441 0.1130599 0.07719073 0.08016994
0.07506229 0.1133427 0.04504604 0.056139 0.1749397
0.1009539 0.1738966 0.1074415 0.104256 0.06172539
0.1040012 0.1448121 0.09394431 0.2095073 0.1536083
0.1146875 0.06760317 0.05355776 0.07045103 0.06535722
0.0765403 0.1213897 0.07457538 0.03269425 0.0937855
0.02885057 0.05766585 0.06570593 0.05620351 0.06455387
0.01937666 0.03299287 0.06297306 0.05586605 0.1155632
0.01285446 0.01265427 0.0710913 0.009149692 0.01777846
0.03395987 0.04712012 0.0380844 0.0161972 -0.01385575
0.01041868
