0.0819519 0.1483345 NA NA NA
0.1246181 NA 0.1503228 NA NA
0.09756056 NA 0.141892 0.1246181 NA
NA NA 0.2794136 0.09109886 0.1438967
NA 0.03495474 0.2012226 0.04702038 -0.0030675
NA 0.1062983 0.2750409 0.1294244 0.02770517
-0.03047099 0.1246181 0.1818718 0.2325258 0.1552623
0.2901222 0.1111527 0.1350657 0.1596622 0.09724802
0.03392424 0.03327369 NA 0.0572214 0.05420147
0.1384369 0.09885057 0.05076261 0.03909878 0.01166196
0.1176917 0.08498182 0.1126119 0.111795 0.1631366
0.1265864 0.05727741 0.06001256 0.1461284 0.02101184
0.119019 0.1247466 0.03400433 0.2036927 0.1295577
0.005025487 0.06720768 0.0955146 0.04495814 0.04288069
0.1468251 0.1108359 0.08439027 0.04583238 0.0876969
0.05180726 0.1190348 0.04093989 0.03212758 0.08259818
0.06403147 0.07000177 0.01738091 0.00883103 -0.0102753
0.01255662 0.1009317 0.02730573 0.02550017 0.01831981
0.06380538 0.04805077 0.06168769 0.02828701 0.02822755
0.04199451
