NA NA NA NA NA
NA 0.1266636 NA 0.1240779 0.03156115
0.1447369 -0.05282716 NA NA NA
NA 0.2295996 NA 0.1282089 0.2411211
0.2186903 -0.04748378 0.1316197 0.01309024 0.02761727
0.2290058 0.06843471 0.01862126 0.1233469 0.1270316
0.2623943 0.107141 0.1385034 0.05554816 0.07556988
0.1745782 0.007976083 0.1783706 0.243171 0.289983
0.03358208 0.1373727 0.07172532 0.05656983 0.2756899
0.1081838 0.08453082 -0.008922465 0.07298577 0.0654186
0.1077219 0.116939 0.1612128 0.1992676 0.1068724
0.08182023 0.03074524 0.006956709 0.1548721 0.1202259
0.01802265 0.03158365 0.1477311 0.06121728 0.04086563
-0.01252261 0.1265039 -0.01390054 0.0213363 -0.003085109
0.02342015 0.1344618 0.06487949 0.02796366 0.1185636
0.04316705 0.02078981 0.00681842 0.09021175 0.05622319
0.005947249 0.08014022 0.03074278 0.02717965 0.03985005
0.098143 0.005376448 0.03888961 0.03132311 0.0411621
0.03516888 0.09861414 0.02174857 0.02577734 0.04668066
0.02837212
