NA NA NA NA 0.2329282
NA 0.03935426 -0.01980415 NA NA
NA NA 0.1337538 NA 0.2293544
NA 0.2392031 NA 0.2850615 0.09541583
0.1536383 NA 0.1482274 0.1018051 0.1650392
0.06357852 0.2363423 0.1382655 0.1835124 0.1939246
0.1797708 0.1361257 0.1003541 0.06077256 0.05562656
0.2084809 0.08870758 0.1955686 0.07918606 0.112377
0.08625623 0.06103517 0.06277782 0.1129161 0.08359049
0.06303977 0.2563477 0.0734384 0.05096338 0.08492885
0.1001285 0.09257861 0.03171128 0.0217129 0.1072098
0.0800799 0.1098184 0.02568667 0.05535739 0.1294209
0.09110628 0.2432629 0.1239081 0.04993475 0.1639618
0.09747629 0.03872388 0.141479 0.01601364 0.2045889
0.02379984 0.00200861 0.1087602 0.04894152 0.1001956
0.180216 0.01123469 0.1444817 0.04463932 0.08549134
0.07616149 0.03309622 0.01069313 0.0152912 0.02957437
0.002366034 0.02621203 -0.002147867 0.0910385 0.05108227
0.04607007 0.01969538 0.003427452 0.03261655 0.07173661
0.0007754639
