0.1286192 NA NA NA NA
0.1199197 NA NA NA 0.08944328
0.1294387 -0.05616758 NA NA 0.2623943
NA 0.2985731 0.1343209 NA 0.3052182
0.08845254 0.1179463 NA 0.1889376 0.07018714
0.141892 0.09954707 0.154976 0.03621871 0.1516631
0.01328705 0.007075512 0.02464678 0.1637497 0.2880627
0.07544387 0.07520363 0.1029997 -0.004141873 0.1019823
0.01555202 0.1186081 0.04325146 0.05212673 0.1941498
0.196503 0.3420041 0.1258774 0.07837911 0.05546232
0.1124339 0.157074 0.05246554 0.01003322 0.05998467
0.09750404 0.1337055 0.03712025 0.0491525 0.08019316
0.06498762 0.04120157 -0.02288252 0.01426618 0.06968925
0.08287103 0.1071428 0.04401754 0.09982573 0.0932972
0.06352827 0.1122666 0.1290149 0.1670757 0.02169457
0.03867045 0.04006822 0.1083495 0.03485573 0.03080052
0.05185218 0.01303101 0.0979989 -0.003142378 0.01320012
0.04606648 0.09794212 0.04084981 0.03308841 0.06522604
0.06365386 0.004606644 0.02610969 -0.001688949 0.04742527
0.03717915
