0.08895015 NA NA NA NA
0.1978993 NA 0.2819882 NA NA
NA NA NA 0.183478 NA
NA -0.05128294 0.1505157 0.1827412 0.08320182
0.2514114 0.07226242 0.09365895 0.01129527 0.1506994
0.2279024 0.1080775 NA NA NA
NA 0.06267581 0.1340436 0.09351925 0.07111414
0.2559161 0.1142902 0.2763198 0.0748879 0.1489088
0.04727398 0.1060896 0.2573888 0.1705661 0.2105933
0.2235863 0.1164227 0.06273849 0.167675 0.05044145
0.0111315 0.008033142 0.1497761 0.05967624 0.1529928
0.1020557 0.07086861 0.1293317 0.2541618 0.2721234
0.09184734 0.08696706 0.03682666 0.02908916 0.03536406
0.06384849 0.02704029 0.05479758 0.04997532 0.07278905
0.04435138 0.06845605 -0.002469464 0.05762653 0.07839129
0.142736 0.03513375 0.2296951 0.08302444 0.07151086
0.02684099 0.03396658 0.0254445 0.01998856 0.05182475
0.02576655 0.0166068 0.05010403 0.1131092 0.09078684
0.02419036 0.09956858 0.06869138 0.03029969 -0.001196989
0.08267076
