"quartet" "wQuartet" "cluster" "phylo" "mutual" "shared" "clusterNorm" "wNrqs"
"mb49" 0.779238640103331 0.781291586297642 0.185880835804811 0.594453023945706 0.141551854564936 0.0962228093897007 0.097407135775341 0.120713820541461
"mb50" 0.833089462280343 0.872224386443319 0.229096884076164 0.727690874108017 0.186902995924563 0.119261455234437 0.131179597559733 0.193331034935646
"mb51" 0.820478518833655 0.845995458342648 0.22482903425487 0.633771059758706 0.177589382264855 0.116649400258242 0.14083361582405 0.179991478514195
"mb52" 0.680253916848306 0.67431732902413 0.179731130041816 0.526537130958268 0.135142269946688 0.0763945835628815 0.0751976600365604 0.103371251839829
"mb53" 0.855965842250234 0.856857960677584 0.232823349413102 0.705621688418979 0.18599608871744 0.113453558700302 0.135306838756229 0.188021428038327
"mb54" 0.734049109412248 0.762016445393754 0.208266890257157 0.482101552701083 0.157512436353646 0.090942869278214 0.122427195732526 0.139332685235991
"mb55" 0.929411764705882 0.958672806706813 0.250959176905404 0.929329750888129 0.215869863515157 0.109805779595319 0.131891100314346 0.233239971776078
"mb56" 0.764705882352941 0.854368932038835 0.229548015936852 0.764606584486398 0.187361495723874 0.0906694366882304 0.107076405552303 0.181455166760529
"mb57" 0.828599424267667 0.865080961480438 0.223277527326477 0.72102225973411 0.180076848556718 0.107711774676627 0.124143799732602 0.168999615153756
"mb58" 0.752941176470588 0.778904046947641 0.194813766108358 0.74977948383853 0.156379535503188 0.0759763667684193 0.066820773989465 0.127791689808991
"mb59" 0.643326462667132 0.725724365215131 0.224753557390501 0.117177920581654 0.147183112514618 0.0710163571396843 0.186566431067683 0.140154793260583
"mb60" 0.821428571428571 0.885906474354828 0.240894213006299 0.821229120356439 0.202713074865875 0.100555464228489 0.120224065681581 0.207241539023941
"mb61" 0.807228915662651 0.874022441346481 0.245590983478934 0.807081895016613 0.207193164127266 0.100737580397943 0.124724564980884 0.203783321626173
"mb62" 0.694339819881993 0.78060881371417 0.236597237048785 0.297250148407764 0.175107164322636 0.112442643047638 0.153239263159516 0.161216674221703
"mb63" 0.671636254192887 0.736886681522535 0.216795981770495 0.251909382622592 0.1614664152113 0.0963090376702494 0.14122804507168 0.132986848936872
"mb64" 0.7629190165983 0.788212510116777 0.19033163347944 0.633029227225041 0.146571597055793 0.0882054557186523 0.0871256439947419 0.10807802966416
"mb65" 0.80952380952381 0.890708819111652 0.223151590967937 0.80936977705305 0.186035807027935 0.0887812567879972 0.0990017601863114 0.177526248771321
"mb66" 0.656623034034383 0.727591590023653 0.227104458230835 0.116959328492166 0.14582098891909 0.0625314877441194 0.189278881984911 0.145939334383255
"mb67" 0.802286496466816 0.801035185582493 0.219533580651028 0.58580419246943 0.168390057305265 0.0907577937944076 0.120048321487855 0.172314073889833
"mb68" 0.65332535178902 0.721136385543237 0.220320854825117 0.128780552859909 0.14382448648179 0.0638354398518633 0.181578167198212 0.139702074027398
"mb69" 0.732167237530019 0.77590753382458 0.218245429382041 0.564590876204101 0.168104412161294 0.0995549792399951 0.118875906263206 0.155444829788553
"mb70" 0.726194580846665 0.734521745161962 0.212623457029339 0.420980539819736 0.153292550461148 0.0965046846299128 0.154347790871455 0.14104643184357
"mb71" 0.666666666666667 0.813406029506094 0.241870653032162 0.476722345716163 0.191938054542255 0.0877383243903448 0.12108920219963 0.187687098569366
"mb72" 0.753231122649526 0.746598392055318 0.1909022334127 0.494867832730935 0.138302707162399 0.0939542489038485 0.113178615653181 0.113215984741602
"mb73" 0.797619047619048 0.818904087148825 0.186331901319437 0.797510433749662 0.156042310824581 0.0753906882500573 0.0567535301294896 0.138745856744635
"mb74" 0.77047917823164 0.731888303065807 0.194813189495006 0.461206843356753 0.140844211327663 0.0723623431345774 0.107197659465839 0.133872069884712
"mb75" 0.656852740807291 0.700007473189931 0.195731465443269 0.24898661212536 0.141794038414159 0.0814996352870312 0.125667650671827 0.111929783951089
"mb76" 0.68290703512227 0.71170733808105 0.189430020106375 0.314197387895676 0.134662794984636 0.0774002362518841 0.129621251570828 0.112027039137081
"mb77" 0.64846462332652 0.731388145059885 0.227605624822123 0.117192353338725 0.149759461115489 0.0650085054797044 0.189800251242753 0.144821200961347
"mb78" 0.738032171911703 0.746262812292916 0.213843241675355 0.426471058336454 0.155156830193286 0.098357333640531 0.15127301960102 0.153269265048287
"mb79" 0.797894703697169 0.81242590077181 0.218623194708187 0.563205538491207 0.168909338604915 0.106389696479767 0.143763547737511 0.168585187524701
"mb80" 0.616204178221212 0.659775261991792 0.184556908264597 0.165283806594167 0.122157722732638 0.0735246138518065 0.133476485092681 0.103556991726989
"mb81" 0.652768359321133 0.722117013211169 0.222560587186504 0.116958641367971 0.143387881148658 0.0607617295252574 0.184272031034915 0.142020346331654
"mb82" 0.695121951219512 0.75464347195796 0.183742341305081 0.69482859450936 0.14116327134392 0.0666116606067614 0.0502227232447479 0.107408698205533
"mb83" 0.648401531252485 0.666365062301629 0.176275103856686 0.256854177343115 0.119375247129325 0.0747997143602259 0.122190898132489 0.0790352402561916
"mb84" 0.726253046549707 0.715949456330161 0.191877320120288 0.410087995760061 0.133260160698728 0.0825263743952398 0.121870191341605 0.109931518737072
"mb85" 0.663212445299054 0.708416986028819 0.209828317588118 0.199065644851949 0.138756462058529 0.0753805647184553 0.168782134169612 0.126824062627685
"mb86" 0.761904761904762 0.792477730122072 0.187896978412675 0.761638827141918 0.150724751827646 0.0719581829726643 0.057611721654786 0.114729102847407
"mb87" 0.823529411764706 0.802146271079448 0.163838284120494 0.82349845874629 0.138104119560414 0.0659850308390231 0.0309214067498756 0.106085072036666
"mb88" 0.845238095238095 0.844618959852552 0.177110254714816 0.845123952981763 0.147740207630569 0.072734259142686 0.0451694718359836 0.134733274176664
"mb89" 0.679970446424689 0.71493117012854 0.213553336503913 0.221714108802484 0.142057196824685 0.0827777529901342 0.171830182575408 0.129964738124557
"mb90" 0.635571651767485 0.65860543487017 0.17320919928924 0.24862629984035 0.117865323628875 0.0676985794342607 0.115828876670447 0.0810046198386389
"mb91" 0.671879590364002 0.668837560371075 0.175722955220406 0.339611968105771 0.12161114988689 0.0752075381760359 0.110188335829453 0.0881566793165072
"mb92" 0.797619047619048 0.868710089399745 0.217809207228832 0.797405168868495 0.182504180753432 0.0891490735361031 0.0921217991281693 0.183771471612591
"mb93" 0.673817588634283 0.695800119540067 0.19347210558994 0.32891463716466 0.13967826607135 0.0822924338480215 0.137451942772199 0.119050770441792
"mb94" 0.80952380952381 0.86484775590302 0.21432021293013 0.80932251187623 0.180247445321338 0.0869201169696166 0.0880721709606788 0.188883501105501
"mb95" 0.726190476190476 0.64650059311981 0.150797730608924 0.726002081892237 0.122124371447506 0.0536334022793985 0.0156107369327083 0.0734984131429667
"mb96" 0.771245109676948 0.769848699906381 0.176467518358439 0.624839508055016 0.135925519570642 0.0826947713279277 0.0714248594659553 0.112640266315687
"mb97" 0.729411764705882 0.761920286901948 0.183839418541985 0.725943366552722 0.145224671800405 0.0677454421793957 0.0541019361145785 0.109317575821714
"mb98" 0.791899485771314 0.783081003755141 0.196903995309294 0.566110293210726 0.150333077292844 0.089069094271689 0.10957553866097 0.123094794499232
"mb99" 0.823529411764706 0.857724102299148 0.204997216725785 0.821239854883966 0.174104594538487 0.0857671281109054 0.0786229933584637 0.176317145952668
"mb100" 0.746507489382062 0.756474289207282 0.191248582781092 0.530803230492052 0.145177859957734 0.0877968994003263 0.103305158003287 0.119621978192314
"mb101" 0.667127605568912 0.598739844138617 0.140347482473084 0.574031614932905 0.107844774689788 0.0627324489711683 0.0308032606250549 0.0548036776839309
"mb102" 0.738095238095238 0.678014576990497 0.153004511587196 0.737861425195626 0.12472582178806 0.0566100588042925 0.0170296755150607 0.0758193773467575
"mb103" 0.742246216137377 0.741328752110423 0.173097986547975 0.612666469594581 0.134326083311032 0.0811560728789526 0.067926190670201 0.103651420947031
"mb104" 0.665594202809922 0.721204212837618 0.220470213336598 0.151670681991478 0.144511477512138 0.0687695168387683 0.181275302162924 0.139418842662558
"mb105" 0.714285714285714 0.784016882282778 0.17946916674932 0.714025307909818 0.141091977632998 0.0635455799522682 0.0478318406390461 0.0924048389394782
"mb106" 0.649047600573117 0.665248014628838 0.177201771616048 0.284038362474731 0.122169345474339 0.0726546366153471 0.116431469298873 0.0888257832500772
"mb107" 0.69047619047619 0.564214919144497 0.133598171590601 0.69030662130304 0.103126584345965 0.0467007771077371 -0.00432687020448116 0.0419825833872173
"mb108" 0.663289028898713 0.676882316543954 0.178593558929268 0.304547920153843 0.121591580912202 0.0722741871048868 0.117858618050828 0.0872717951588292
"mb109" 0.734636258247047 0.704822176916978 0.186102914863312 0.458387529619053 0.137921161071091 0.0717742800037196 0.0978602023849703 0.128820100182102
"mb110" 0.659988176523653 0.669195883481598 0.177171913717099 0.275538946467525 0.120668706953472 0.0744857283974998 0.120132062582635 0.082766250824684
"mb111" 0.687245428783182 0.668807484934983 0.162032324678679 0.480264609795552 0.11979498442504 0.0725103786820853 0.070997055290917 0.0741909087079481
"mb112" 0.652556636958627 0.65340096993531 0.166972667219127 0.307920997806138 0.114289020731896 0.0636502800633561 0.10537847550495 0.0771740521821405
"tnt1" 0.764018533308757 0.684308354529446 0.147266147054966 0.670548301626654 0.11667336559936 0.0695353361240209 0.0388743838351445 0.074518877821478
"tnt2" 0.723949289755452 0.709408061248098 0.178343263344941 0.43564119815315 0.126759598963037 0.0779602320070476 0.107022497410644 0.099109950572058
"tnt3" 0.730904611068407 0.654268313663421 0.145623100195152 0.602055101803444 0.109506893767672 0.0651735224553848 0.0364466814339773 0.0640343235753799
"tnt4" 0.706561274752096 0.681400497800417 0.171597185021456 0.387126173386284 0.120951866611165 0.076226717611749 0.0997359520290205 0.0860556043053864
"tnt5" 0.672645888624934 0.679321610882749 0.177902750628113 0.284370862034672 0.119528339886718 0.072004680650094 0.120857116836046 0.0817591738157807
"tnt6" 0.917647058823529 0.883496188124128 0.149158859459484 0.917551376036151 0.125966067239782 0.0621084714916512 0.013908530017951 0.0984201208834626
"tnt7" 0.808714738405221 0.786419242361563 0.179046346021824 0.668711455932607 0.140961785291691 0.0869752028761596 0.0741785329281184 0.120913681360814
"ufb1" 0.685546916033205 0.694452174092282 0.186258539292882 0.343441708008077 0.129172452172533 0.0782619312651697 0.121561557558618 0.0981708237201075
"ufb2" 0.729749845747629 0.730364201097122 0.202157384142535 0.432847692503262 0.146335168708284 0.0910363059411622 0.13295563771779 0.147704117817602
"ufb3" 0.759036144578313 0.763763763763764 0.172164842072071 0.752921824791622 0.138372757633459 0.066329641082885 0.0385290528532741 0.11059983557377
"ufb4" 0.646292633870345 0.722091881471315 0.22208847824928 0.105386233348334 0.145958417187729 0.0615659404582914 0.184202253436229 0.143612664826571
"ufb5" 0.64059721370455 0.725922894141455 0.224626249875505 0.121386983912688 0.149053431794621 0.063968806286323 0.186815625753149 0.143781130737847
"ufb6" 0.629362259966766 0.707011116498752 0.211520363697964 0.106767072674714 0.138439057090913 0.0629702036499207 0.172325100902918 0.128611567026572
"ufb7" 0.611614954040094 0.644424904365134 0.168081892522244 0.222343391258347 0.11412607350723 0.0629870059743929 0.113452948308363 0.0769381295869333
"ufb8" 0.627573437283428 0.656664396555918 0.173810391686435 0.213163631809207 0.117962563087816 0.0721520749144677 0.122151269639764 0.0789725239426136
"ufb9" 0.615214557512689 0.64445846396982 0.170202716137904 0.198422922856544 0.112692614447677 0.0706730519814823 0.12049036153701 0.0802488923688261
"ufb10" 0.625338880687042 0.690777238273318 0.202077704607633 0.128699934303791 0.126186975303511 0.0701620332970728 0.161339048513796 0.113799747868455
"ufb11" 0.625830026035851 0.653637791357622 0.178676540173748 0.175151617538368 0.119362059144734 0.0705778924238724 0.134009229870478 0.0956871997585782
"ufb12" 0.65393312563903 0.72101091744918 0.219381722742168 0.116958641367971 0.142089516357463 0.0533033818039815 0.180936608886186 0.139402953089178
"ufb13" 0.621861201788979 0.662579075425791 0.17994510253162 0.221741195399648 0.123022637050013 0.0686924376970146 0.128694563467824 0.0986431142371426
"ufb14" 0.639076071108071 0.689595339211337 0.200726483736955 0.1405570037412 0.133796078418983 0.0645100605049607 0.159909605295643 0.117459631889933
"ufb15" 0.601050892989405 0.655494955382544 0.178075133576002 0.15230574448563 0.11947594974772 0.058457203067005 0.133328019484606 0.0970061083923624
"ufb16" 0.602445321812832 0.64940743146461 0.174202242448461 0.163353749921186 0.114472759594013 0.059057957400401 0.126456324651515 0.0929669129598278
"ufb17" 0.65487296638508 0.700961177039145 0.193525240962323 0.34279242076864 0.140180072680809 0.0701197200876208 0.115798978122095 0.110176794618531
"ufb18" 0.671628674749694 0.618014998099319 0.140577923605225 0.498007146428236 0.10381609732108 0.0677184059320464 0.0472684054131983 0.0506939524484242
"ufb19" 0.665919188238138 0.650628377798747 0.16410081854749 0.328150602287113 0.113655182964828 0.072742747110357 0.0975636152664167 0.0742655266393143
"ufb20" 0.681060880526602 0.696357283925317 0.202036871719207 0.269325761266059 0.137690826867487 0.0808739126966199 0.154203136132315 0.122943512431705
"ufb21" 0.611764705882353 0.52834927074278 0.14507866994903 0.611545738586 0.11136292506432 0.0460119047927645 0.00917975060136907 0.0397829726238607
"ufb22" 0.68800021052003 0.681933963160796 0.17802911516038 0.387723990650428 0.129233784150372 0.0699211046996094 0.0992434751386186 0.105655057591248
"ufb23" 0.607329634530741 0.658176218491528 0.178595161793418 0.177368429647997 0.120061960449154 0.0628736389921295 0.132595744750624 0.0960544945786788
"ufb24" 0.615741351962771 0.658858694752182 0.182109461114629 0.224633825447056 0.12222656735273 0.0719853722478845 0.132999095790823 0.0997302245653903
"ufb25" 0.695121951219512 0.650657957929113 0.161265788559552 0.694869965606827 0.124986340390124 0.0583060254998095 0.0251885661619146 0.0748021162837762
"ufb26" 0.663565385556803 0.699203988100024 0.197641924314523 0.44921699225884 0.143061902367124 0.0774785539417648 0.0951893747565667 0.121725821123018
"ufb27" 0.714715298202131 0.693653102494058 0.174170772843563 0.440805919588865 0.124823337675314 0.0841038222278776 0.102385766954331 0.0935118313114227
"ufb28" 0.631853928653777 0.703492685494853 0.207676238631663 0.105381408346212 0.138718588641664 0.0506053687769406 0.169040803497949 0.131040101731314
"ufb29" 0.676256728312683 0.695375980127239 0.182899578173832 0.368799030556159 0.135061426923055 0.0771870792882826 0.104497401787016 0.103398553853119
"ufb30" 0.778452960962734 0.788121454788121 0.179133310101648 0.668711455932607 0.144020564364097 0.0892752221353837 0.0746484437214992 0.121871925272474
"ufb31" 0.835294117647059 0.842647699230658 0.198106128542017 0.845065237642247 0.166832938390609 0.0803540507006914 0.0706364927614299 0.152706407752945
"ufb32" 0.636743550913554 0.630503955968352 0.153972847547557 0.373711035405794 0.111058845388218 0.0701470646429799 0.080577910354172 0.0614643811498868
"ufb33" 0.591624765772675 0.65023718185926 0.175884504014122 0.165918236013891 0.1174982826654 0.0635148344780496 0.128203492691259 0.0956466590893145
"ufb34" 0.732964744876287 0.743135016928669 0.178545970610707 0.489134416974348 0.129706744656058 0.0847403967193588 0.0996692769671971 0.110387577962522
"ufb35" 0.710843373493976 0.731071979225838 0.176025609591821 0.703433136643762 0.141205614711618 0.0657431790738925 0.0421776558320697 0.112352186788038
"ufb36" 0.674003998896535 0.607006469938457 0.142426396548696 0.580938116255198 0.112405609988667 0.0669523721390862 0.0331158332775588 0.0587130914051432
"ufb37" 0.684784716425317 0.665677821855091 0.171313776171078 0.367258419349037 0.121595552912258 0.0753804059450145 0.0995299846301465 0.0886698789521723
"ufb38" 0.636226132631247 0.633321661300378 0.168233110358362 0.2344323530235 0.114489097120216 0.0747850806395645 0.118371338251985 0.0872761001575171
"ufb39" 0.731707317073171 0.760286074884308 0.174841143724791 0.728207919511936 0.139917916182795 0.0652814560468812 0.039592995581433 0.113053626761946
"ufb40" 0.637427836483037 0.677811550151976 0.177058221150279 0.256612684078882 0.123251065935969 0.0731231913220431 0.120048678278237 0.0964362122145335
"ufb41" 0.589727740982374 0.551895587321318 0.146954202460743 0.353820023369854 0.107745693568495 0.0566942635298376 0.0542787758474735 0.0621533253967559
"ufb42" 0.613141686516554 0.654409639205198 0.184189747400535 0.221669136598985 0.123860902858378 0.0812253474376215 0.130510380812789 0.103220213171131
"ufb43" 0.682518071952129 0.652277152747728 0.161321033872018 0.377141293791861 0.112833059377881 0.0731172203270439 0.0944527311037556 0.0814755123715261
"ufb44" 0.624892709251369 0.675095959649364 0.194068458254256 0.130630072485255 0.128806001434288 0.0675385216483469 0.152159503974527 0.112044736317025
"ufb45" 0.584384413524949 0.644453166145042 0.173583765962374 0.142605859823847 0.116945413093316 0.0596826354844881 0.127301565442691 0.0947678813868738
"ufb46" 0.605108146482344 0.647326120098874 0.176445105770083 0.187502640288936 0.11750450488892 0.0645117268536131 0.128796529292582 0.0961597101845586
"ufb47" 0.650956615791948 0.715131803743403 0.220458390899149 0.116956144062565 0.140331928305856 0.060304606693848 0.182447883489957 0.138719004516101
"ufb48" 0.602385800736564 0.642950672053004 0.175252903169349 0.177594549128333 0.115486225404541 0.0610580353010209 0.125765453277768 0.0959047154191601
"ufb49" 0.691567411123664 0.682286869713427 0.176592757786903 0.367423757637566 0.121324660580498 0.0688515407706673 0.111045319948847 0.0882848270317665
"ufb50" 0.6865577143728 0.652483253803356 0.17984269577258 0.341119234194556 0.121159443401521 0.0810053516876792 0.119190111471165 0.101622955539377
"ufb51" 0.62818045480535 0.666018699753862 0.193462258213875 0.175640972612786 0.126667615866205 0.0702663615936225 0.148317922255684 0.111065755071247
"ufb52" 0.670588235294118 0.565706690296854 0.149257866110498 0.662527011328471 0.120063179917955 0.0514197719317379 0.0140232748385585 0.0671262007515243
"ufb53" 0.655855412225285 0.649384084404288 0.166970959338184 0.333208348931273 0.116211510778525 0.0751828548459871 0.0946853214221228 0.0862346500042838
"ufb54" 0.719263318050192 0.690991867772958 0.164774488692568 0.509890748977656 0.122011542515639 0.0694150978193506 0.07385925089912 0.0773253912334232
"ufb55" 0.789944162270035 0.756306715063521 0.1909256797925 0.523351533971953 0.14559082693145 0.0758146002933481 0.103253853176093 0.131052231661594
"ufb56" 0.65722981614901 0.6641947884108 0.170704653193995 0.308024482289523 0.116394392280091 0.0698462110655666 0.10946661091275 0.0803497751360409
"ufb57" 0.700483263985096 0.716311192743084 0.189681376051567 0.376185449189037 0.136600558751235 0.077755456925231 0.112012601418769 0.115948973328714
"ufb58" 0.712995084139064 0.702318985652319 0.163632864808628 0.509814918806704 0.122592788733437 0.0721196965016334 0.072821228509869 0.0756939194924699
"ufb59" 0.7010367136496 0.696335800165398 0.180653671607582 0.367423757637566 0.123945444727117 0.076622451351838 0.115527392319223 0.0916748355109737
"ufb60" 0.639336710127574 0.686406761821057 0.198917693729793 0.16375607091334 0.13188588332029 0.0698521192322386 0.157261716763235 0.113923503364697
"ufb61" 0.640031683576038 0.71605561984221 0.216793929656664 0.140330620950397 0.141905656483668 0.071517462365198 0.177861082504308 0.131475010815245
"ufb62" 0.682971537874292 0.680681431686774 0.162607884713006 0.420168017489323 0.117676175567299 0.0701072597654589 0.0822008029118637 0.0948133033244401
"ufb63" 0.593768860761783 0.646194422717297 0.172269511451407 0.175383521187739 0.115483154922888 0.0654259633218398 0.122702210841263 0.089407349746882
"ufb64" 0.653458938592966 0.584761813812093 0.150115734762233 0.424357465007848 0.108731623032199 0.0580493263279902 0.0577837789867984 0.0711701734526692
"ufb65" 0.620501208437571 0.660350754988316 0.179867374333306 0.201201512050937 0.12050413295964 0.0620757634727966 0.132419647143924 0.0971000049996208
"ufb66" 0.612578710506737 0.639710111584033 0.171574776272296 0.16573339788156 0.113505972184509 0.064058551182818 0.125236128650393 0.0908069056594422
"ufb67" 0.647802789215387 0.665855224839081 0.179072577343789 0.306740796596861 0.126023674615028 0.0693609089367858 0.113519138427438 0.0924254255872802
"ufb68" 0.68597607009674 0.610222359481161 0.151709581309142 0.526604493263024 0.110984527035247 0.0613827644026746 0.0435805550911518 0.0681778738964054
"ufb69" 0.775663253184687 0.774815410693251 0.207721119137579 0.517224344911687 0.155520093644572 0.0854896611536811 0.121822252114528 0.146666245134614
"ufb70" 0.720997858547224 0.644167622794077 0.166155525471872 0.408204194082387 0.115178035364812 0.0571498708854038 0.0859865414826421 0.0952872490953208
"ufb71" 0.779870258536041 0.730336069010963 0.170038129118404 0.664736860048176 0.132176955699029 0.0790064157321549 0.063953398578709 0.104555504276564
"ufb72" 0.636096237324834 0.71211995184415 0.214023974015653 0.0948366029556126 0.140757993334652 0.0518666513512228 0.175313809462223 0.132087543022132
"ufb73" 0.615635171792673 0.687985681980337 0.199923233041667 0.128768773061991 0.130714198407815 0.0543534798336793 0.159685491860695 0.116808329748898
"ufb74" 0.615901905767 0.643055397565692 0.173914929052981 0.175185473272555 0.114010791048055 0.0504948841152736 0.126152399389949 0.0927575769708948
"ufb75" 0.610838591915152 0.640360025297264 0.175287397982535 0.177727252038286 0.115106027567689 0.0531830354125374 0.125802017889497 0.0954170700444094
"ufb76" 0.64242611015354 0.684278638760185 0.198052250036448 0.187022349895964 0.126163106841033 0.0731010196726422 0.155468979554522 0.102519885832578
"ufb77" 0.659682544584235 0.6543390172162 0.159928101793986 0.432199504327435 0.117703133610821 0.0727575937895386 0.0793042581990801 0.0673753068141164
"ufb78" 0.717401282633828 0.646154011292158 0.167894964755978 0.445342579942724 0.116656391555911 0.0660893166000498 0.0879861855303887 0.100226182826832
"ufb79" 0.679889208478188 0.733266686815614 0.204556527681047 0.511733374663648 0.159489819794015 0.0836901506957305 0.102507426463222 0.141301134850958
"ufb80" 0.753661289252538 0.761139684129079 0.209152128169609 0.450975981325968 0.154496646218639 0.0951492891944856 0.140557078470318 0.153698885235463
"ufb81" 0.717647058823529 0.734966592427617 0.176438628107264 0.717493085078484 0.142284169720121 0.0650460744410366 0.0455247106243215 0.0989058309965231
"ufb82" 0.664424090635176 0.577766605919688 0.145317748079576 0.400306285516462 0.1017886836324 0.0569475791160342 0.0632566819395522 0.0646641903091699
"ufb83" 0.608174936202863 0.614053061871078 0.164906888907717 0.152615634614417 0.10671540026353 0.0457548561222384 0.118173012809678 0.0868174787487413
"ufb84" 0.612863355861378 0.652338345999748 0.177769495356704 0.14021939951634 0.11254397576526 0.0425148751901951 0.135804284053693 0.102805400568618
"ufb85" 0.618354213178285 0.692770848902085 0.203162634443642 0.128944327816574 0.133644105520795 0.0612060526932441 0.163077707138355 0.120645662633932
"ufb86" 0.689376252457934 0.600637462502206 0.153354235911396 0.374839279554727 0.104694007724707 0.0495251488861141 0.0719544871822596 0.0799338804614275
"ufb87" 0.666666666666667 0.68241654913023 0.182001669435452 0.666353073338201 0.146197646618647 0.0656263389032384 0.0518381561641527 0.107338812908576
"ufb88" 0.629429489836315 0.644747780046637 0.177008352262966 0.211173694187196 0.119190244409385 0.0745837632457888 0.127622041128474 0.0842840700513335
"ufb89" 0.705327295930742 0.694835400169331 0.179781779570011 0.405056771769708 0.127627210402304 0.0789436642463802 0.101035324517627 0.106494635786029
"ufb90" 0.702380952380952 0.552305216321121 0.134292637640088 0.702224679945945 0.107628007435986 0.0478543130994356 -0.00468616247597487 0.0535302035761763
"ufb91" 0.610653069626472 0.624405613689891 0.167185981837069 0.164509089909872 0.111297329066008 0.0499253708204777 0.11904210947725 0.0905351232168086
"ufb92" 0.663028022401567 0.68477310336477 0.179104555426265 0.323918737017847 0.130073524009221 0.0710579032559639 0.107967225052751 0.101076725813694
"ufb93" 0.670653027419534 0.690964331961163 0.179383702351154 0.330285683002667 0.128975782650559 0.0704264409594799 0.114154821937297 0.10204350924342
"ufb94" 0.623406753984435 0.685790527018012 0.182038735086873 0.258637353027129 0.127105635238714 0.0712653111203649 0.125316315444421 0.104214038572173
"ufb95" 0.661716549686294 0.721394997460313 0.217436376940822 0.176760237511611 0.145671251526818 0.0756304905715936 0.176771150313616 0.136341289980895
"ufb96" 0.656371902250703 0.64003418348285 0.160352737005682 0.328945047069682 0.110025144489986 0.0732186106815455 0.0982020373635413 0.0770023719629932
"ufb97" 0.758378990949399 0.769731923528784 0.197817921363986 0.576170298309789 0.151366313904125 0.0798416444035114 0.0958518394189512 0.137524510486984
"ufb98" 0.658536585365854 0.44000930990341 0.117666467832686 0.658367428109904 0.0867987792251428 0.0387100894750316 -0.025484359506792 0.00778987447979909
"ufb99" 0.635349314136667 0.672791283910994 0.192693040598881 0.177145931239398 0.122844160317348 0.0677047631004057 0.148779713975478 0.0981153938753166
"ufb100" 0.615028975944274 0.653056260474024 0.183237871203662 0.18713378204562 0.119288676728603 0.0659626173202073 0.136036888756772 0.0913632186279615
"ufb101" 0.722767425088619 0.648062932772373 0.166063737825003 0.408204194082387 0.116194190414865 0.058281288323206 0.0858859290217739 0.0941932540341073
"ufb102" 0.734939759036145 0.657690888970859 0.153366933026361 0.73483416318352 0.123026186511266 0.0578328165960709 0.0185675780745102 0.0761206242131994
"ufb103" 0.737429783757131 0.73801316619433 0.202212751720999 0.438429659918918 0.146677603636214 0.0895369658625581 0.138629998981746 0.136632348379823
"ufb104" 0.75 0.71255369928401 0.159107820101184 0.749896914517561 0.129763836528789 0.0591138537108217 0.024661229835457 0.093961133727129
"ufb105" 0.707965806364457 0.687402400154021 0.170270078753546 0.417095024211615 0.122272769915894 0.0732108497384866 0.0982715556048409 0.0896829690586403
"ufb106" 0.682853270924367 0.69056455946683 0.177768019245229 0.31356203601671 0.12542427434804 0.0605872517821114 0.112410711940016 0.109234475085846
"ufb107" 0.630952380952381 0.504907306434024 0.137163512569032 0.6308350933207 0.10307194400599 0.0432781759194569 3.8363106568454e-05 0.0266399712546041
"ufb108" 0.656630026087597 0.678571945491783 0.192603798389232 0.246506298831618 0.131497082111394 0.0743186684458309 0.145958510199798 0.110680863269359
"ufb109" 0.64466442845722 0.682633518369154 0.19639890357542 0.210119461568032 0.126727236379356 0.0765538620987377 0.152666344899099 0.101077941089975
"ufb110" 0.60383097050166 0.639603913654121 0.168773149360343 0.280068375571399 0.115510965848119 0.0681139620837497 0.107141669827351 0.0865761822644251
"ufb111" 0.6412693228364 0.670577719836249 0.179141857172257 0.354511390546422 0.128737173466607 0.0766541880735171 0.11349498784156 0.0906282884008151
"ufb112" 0.748947848098284 0.763740659415479 0.21150759767349 0.450886128913931 0.156972402209078 0.0966279734925242 0.143210333252888 0.155884373835297
"ufb113" 0.623451366486773 0.63132121443757 0.166677896912593 0.2344323530235 0.109245220381411 0.0636787985185161 0.116719898355696 0.0849877420524702
"ufb114" 0.62086715940429 0.637734753295104 0.170218424743902 0.210784857933044 0.111563445144757 0.0668362264191865 0.122275932680266 0.0874356732151275
"ufb115" 0.626956866650364 0.699259027305799 0.206866877194513 0.130283932809207 0.135069081125251 0.0692844115913291 0.166968291930661 0.122828676504799
"ufb116" 0.726190476190476 0.790486885377396 0.207492000426466 0.726060797231753 0.168761112414108 0.0768448833626212 0.0815121189618697 0.150518476278444
"ufb117" 0.633469566081013 0.704737434689905 0.20928678334422 0.116815381838796 0.138090287020756 0.0599096648405931 0.169980759079224 0.128520913466618
"ufb118" 0.751086425435414 0.757238849807298 0.200493281726588 0.475588417677803 0.150402869615499 0.0800057758806611 0.113810772655734 0.140932578799312
"ufb119" 0.619176673886872 0.656961498134239 0.179141077951182 0.191256642782661 0.118599813018878 0.0600078743960158 0.129890724856428 0.0978517562296149
"ufb120" 0.622757505493526 0.640903609355527 0.168408568351808 0.280169276161466 0.117993520055897 0.0659078676478325 0.106762270559465 0.0809732581496127
"ufb121" 0.68412813035933 0.772832341513795 0.232778156083281 0.463633551707571 0.170949667927734 0.098282562358802 0.134307758067039 0.154551860061003
"ufb122" 0.617068308461978 0.641781372899535 0.173075947280981 0.176411522984595 0.117699595052396 0.05565484168141 0.123470912440447 0.0972227233607734
"ufb123" 0.635064395491685 0.718219744389401 0.219518985304579 0.121345286392548 0.145195148334547 0.0696063180449941 0.18131540623164 0.137480302835046
"ufb124" 0.657751021448835 0.660036998560155 0.181977177215496 0.233829490063116 0.12446880010477 0.0614778694795809 0.130751675960817 0.107725135237239
"ufb125" 0.631873700792265 0.667253277581528 0.185362706854766 0.175169542217164 0.124156355243901 0.0737379494512458 0.142130815492484 0.102850349036629
"ufb126" 0.741118915859068 0.615210843373494 0.140461822467716 0.635141335679844 0.107104808629085 0.0641124179503771 0.0312051554599376 0.0634815857936012
"ufb127" 0.603232947259106 0.539228991673697 0.136205590789704 0.294245591191596 0.0921379778068466 0.0493942858180923 0.0612458093949161 0.0495090051391259
"ufb128" 0.659401678000317 0.700351252404185 0.204853784454314 0.187277845906317 0.134968842313934 0.0600389476359294 0.16428280857849 0.122804406238802
"ufb129" 0.672623146396976 0.704473826872364 0.208507895256824 0.210007928685634 0.138650031316784 0.0712794347425675 0.167393121304885 0.125686112714049
"ufb130" 0.632288681205464 0.626782928104686 0.156228278141054 0.306150084441004 0.107166213553107 0.0697176181599879 0.0937599208120143 0.0767807070281092
"ufb131" 0.662313141027175 0.718759679830488 0.220455053605465 0.139904182324206 0.143683337792928 0.0621448712451514 0.181719034390124 0.139981640017233
"ufb132" 0.763074047851119 0.764843846438711 0.203445292534518 0.46847492544041 0.150301525197325 0.0894310381433326 0.1343370542371 0.142994328139042
"ufb133" 0.72545612298838 0.695369812439624 0.18350604263141 0.433368650363716 0.132448634899316 0.0794153184651368 0.105273199536861 0.114812519234476
"ufb134" 0.664740680796191 0.639781846302037 0.165726198796342 0.351150076155695 0.116868007204652 0.072475979360132 0.0934536158189162 0.0885459515921182
"ufb135" 0.648685108013789 0.664394634723702 0.173720258637887 0.256928543382243 0.116796815457941 0.0740694064658691 0.122055500845972 0.0783030197096031
"ufb136" 0.754959474537933 0.758783300198807 0.202662225039725 0.474622226209549 0.1517363426294 0.0899637430566521 0.126153381274371 0.154239177865418
"ufb137" 0.655549629017256 0.660824713870563 0.183509790642154 0.305625355795815 0.123890690933312 0.0761476784240839 0.112759862824578 0.102559851810336
"ufb138" 0.629931860773668 0.644529631164525 0.177945760553974 0.273441252127824 0.121760299605496 0.0739662286659827 0.112490974820567 0.0954164924370062
"ufb139" 0.630047703414931 0.66837855178476 0.192058096675057 0.152807372601193 0.126344721059809 0.0628492938916544 0.149165091484219 0.110778346193918
"ufb140" 0.588339561733303 0.649568288854003 0.178884128927411 0.163262947186948 0.12200508403748 0.0651822853032667 0.134179005752385 0.0980748673284803
"ufb141" 0.601454363903202 0.635397737222715 0.171487376802635 0.244529204091589 0.115332343571261 0.0705918256602156 0.116972133034636 0.08246687551091
"ufb142" 0.64790397661279 0.671105814355133 0.180837623037954 0.245745847331045 0.122302256278571 0.0624543873235868 0.133534785795445 0.104645575128942
"ufb143" 0.731502050628507 0.669127129573067 0.160481378801476 0.527465592784303 0.118590981812763 0.0716731707261908 0.0692776175017998 0.0736476516919373
"ufb144" 0.696851040376968 0.651856343984458 0.170438400840978 0.351319320001624 0.113811651322329 0.0635265642368378 0.104483629921968 0.0835206489211806
"ufb145" 0.627854051974558 0.611110010456221 0.161582049182899 0.222622553515252 0.106131281248002 0.0559974406696387 0.111353635256674 0.0789158630225928
"ufb146" 0.610599451346607 0.672888989313353 0.194129287244665 0.118629780264012 0.126412063380809 0.0556965381752238 0.152986412931582 0.110888431997511
"ufb147" 0.629489604360858 0.712800776267158 0.21386906717117 0.117397761008645 0.141642425885378 0.0497718362965304 0.175145792108906 0.132807107968666
"ufb148" 0.670588235294118 0.486280928083181 0.134272516551809 0.670496958932937 0.105519752649385 0.0466651127248361 -0.00334415683633126 0.0401482199734994
"ufb149" 0.586575841657976 0.527871336288531 0.135764667416794 0.318048570451497 0.0954855693040905 0.053199918343403 0.0527863762117263 0.050551318967551
"ufb150" 0.605146902145283 0.629989096951431 0.172382788075151 0.187263817511307 0.114286776095623 0.0567020760213918 0.120539762071321 0.0935272185073167
"ufb151" 0.635803294489892 0.655152014801855 0.181497302861812 0.31600423187102 0.130587111626237 0.0662296135078806 0.110193479700531 0.0978637997534083
"ufb152" 0.648374111678819 0.63443953028017 0.171382493953459 0.269895009405563 0.11673241564924 0.0647956736723341 0.119535254152092 0.0936412181070043
"ufb153" 0.641207930919934 0.713979859104523 0.213493367033501 0.105344327952682 0.140841281243724 0.0476166956075736 0.175141054826043 0.133763416508507
"ufb154" 0.737760957662425 0.647143345877523 0.14164791194621 0.630815361057147 0.109535267737579 0.0653915910544988 0.0322694018617106 0.0610747504382791
"ufb155" 0.625996051008592 0.709243021910903 0.212728754027062 0.0948031882991516 0.138607180439622 0.0610517364082455 0.173594357739583 0.130057390365298
"ufb156" 0.642231036682552 0.618797954626699 0.156533296781952 0.325559651640468 0.105826827305716 0.0649055954608749 0.0894007456631662 0.0854440116860723
"ufb157" 0.755321520893378 0.694544498894677 0.176668489913175 0.507315148425145 0.133701954373616 0.0669242646600165 0.0871396295205653 0.108346530881077
"ufb158" 0.643039267042085 0.641392792058615 0.167459956901952 0.233418137801069 0.110840189866342 0.0648164274265788 0.11540376149309 0.0716348059270276
"ufb159" 0.651746064878359 0.711366522733045 0.217335054787572 0.10917330857954 0.138312077313847 0.0593188232118201 0.179217326436051 0.135862350556873
"ufb160" 0.797619047619048 0.769340837546504 0.158668339432854 0.797510433749662 0.127459211222425 0.0602714223780763 0.0249608161844202 0.0907058467692911
"ufb161" 0.649097253853484 0.688555358908631 0.191868688819927 0.353993963511461 0.139428474168624 0.0842260091179809 0.121367640274006 0.104763895319862
"ufb162" 0.626334076646185 0.625286855767208 0.165673742087513 0.225900797819822 0.110751802513008 0.0738113114989771 0.113461938617115 0.0875753370821547
"ufb163" 0.61819468559163 0.695888890417808 0.203781537610756 0.106767072674714 0.133869587421009 0.0469558170682439 0.164209404265427 0.122718139159378
"ufb164" 0.779138645186998 0.746163869088679 0.17915292114233 0.632768232298655 0.137433582880942 0.0922893857158279 0.0897685785227055 0.105542234146053
"ufb165" 0.638151394120352 0.543976841327256 0.150662727130426 0.303250717101377 0.104242761460001 0.058115874572991 0.0828808204735347 0.0699019586266562
"ufb166" 0.637486405544168 0.703966787607259 0.208101137181858 0.10917330857954 0.136504240638099 0.0472670287911651 0.169533694089607 0.129635650244468
"ufb167" 0.751547549095563 0.645257380012049 0.14325522211543 0.630950998026867 0.110414462031988 0.0647862212237419 0.0340503050409441 0.069267047281985
"ufb168" 0.621706463487892 0.653382398849672 0.173888854769784 0.19848560270327 0.11508967838468 0.0702565368349754 0.126186672159305 0.0851818507242197
"ufb169" 0.632452979934569 0.67869176251888 0.197672156872496 0.25656550283767 0.134871562534389 0.0834550826236685 0.138114743548188 0.115667338521957
"ufb170" 0.616554805773042 0.651396461225211 0.176257917386182 0.165720912834699 0.116843403296257 0.0669287672616382 0.131457493014824 0.0957896045115269
"ufb171" 0.637104351735807 0.757154475677324 0.219763419223948 0.466827375480827 0.162434711274663 0.0934917739741847 0.120027154804497 0.141376120791394
"ufb172" 0.72330528283726 0.651143832475671 0.153466445499115 0.466441987004258 0.106810122251609 0.0680145571272489 0.0801210744239014 0.0832297091925841
"ufb173" 0.61245387947554 0.642267110662732 0.17324748323116 0.198342973428999 0.116404425655517 0.0604659662018182 0.125526221554963 0.0874698209404641
"ufb174" 0.663131939690285 0.72067644555039 0.223065975151692 0.139956015756551 0.145405790654151 0.0628336485644285 0.184802309139662 0.14183263162109
"ufb175" 0.64665919589289 0.716027915005687 0.220637212594636 0.105121664811148 0.143698904727196 0.0578288629223856 0.18263325472246 0.138837669078894
"ufb176" 0.622322215220919 0.640673514059606 0.166091188264357 0.295743820648617 0.116426190835049 0.0698211288001679 0.108063380834627 0.0766012972733796
"ufb177" 0.687259585884064 0.696596706577389 0.202622936386065 0.269249981546272 0.138397792654899 0.0778412391752158 0.152730435289209 0.127702585228504
"ufb178" 0.714285714285714 0.581202046035806 0.132971979749108 0.714201453928364 0.104291708539247 0.0479441915024273 -0.00505274735719833 0.0419669563190074
"ufb179" 0.603165744952784 0.655639826596013 0.182104649407569 0.233506592246842 0.1216304569583 0.0739148342894521 0.128288085794927 0.100857218907894
"ufb180" 0.627012721923311 0.67044537549305 0.189848456594474 0.256850522469666 0.126995800890352 0.0755964369224166 0.133466266559726 0.108186612187566
"ufb181" 0.729961369050126 0.669024481253752 0.175055180499049 0.436783329422042 0.126690353629072 0.0588697925535662 0.0854112532120081 0.111021950583929
"ufb182" 0.637764331642117 0.627325650138757 0.157087671889691 0.285843237662545 0.106543013106846 0.0714262169371588 0.0985359505071832 0.0731884536400347
"ufb183" 0.625560651007944 0.662308293068083 0.18949670650821 0.210046229148797 0.125390406818755 0.078062823900284 0.140894610250749 0.0989665360152612
"ufb184" 0.604363209548974 0.636121332201151 0.174922119189309 0.234897652568101 0.117572157568206 0.0710945832733123 0.117561786119742 0.0895189717438036
"ufb185" 0.698385532314933 0.707159968059622 0.18569205568909 0.356853153038533 0.132778352126143 0.0773174818862398 0.115144395018534 0.113909173748532
"ufb186" 0.688102630595436 0.707238746517692 0.186451859548988 0.315939875797775 0.132973477445976 0.0738257396717622 0.121808317089399 0.112829009984557
"ufb187" 0.617591343232593 0.622677369394261 0.162526912569767 0.21081375884618 0.108376587318127 0.0581140553093828 0.112355104050491 0.0821851523810552
"ufb188" 0.612204292646415 0.629674454232095 0.165034350855849 0.201362589505464 0.109351530590151 0.0609234587544032 0.116792337293245 0.0853220964898221
"ufb189" 0.584448301635883 0.519788313939094 0.133387066640226 0.221669136598985 0.0887476266050544 0.0417730981667194 0.0763879252078989 0.047645238365323
"ufb190" 0.601833361605619 0.624807675930394 0.161026505024196 0.246187376813457 0.111013087386745 0.0663428228652559 0.105826666219026 0.0698210121850331
"ufb191" 0.676080873038363 0.703348050972606 0.205356720848758 0.22410855986159 0.136742373512579 0.0698684302952339 0.162175204237515 0.125649169608386
"ufb192" 0.631914408648309 0.578598554581891 0.156312715515315 0.313510567341665 0.107823251055158 0.0509022516924915 0.0751974062844835 0.0844338378304486
"ufb193" 0.632277670676606 0.701391073523908 0.207264191363554 0.117006542375238 0.135857041856805 0.0560290363455018 0.167865146241132 0.124016670104025
"ufb194" 0.681229739917113 0.649832407067016 0.16670761167171 0.331803633137544 0.111580408935537 0.0665799483620917 0.105174413992952 0.0758757944366517
"ufb195" 0.658953411366925 0.700646850162187 0.207229240962539 0.187309879694009 0.135273690845662 0.0634546704309513 0.167378113110399 0.12508855750587
"ufb196" 0.615822216092513 0.65407355397913 0.175848174849476 0.303231178073982 0.12409643408175 0.0717041971712647 0.110020752352335 0.0930673396881927
"ufb197" 0.625551904773829 0.702905790409095 0.208158528205677 0.142309628518347 0.137311739676058 0.0575811115644415 0.168796418848237 0.125268163728183
"ufb198" 0.621620769037825 0.665714568035424 0.190436565800818 0.152040783129902 0.124299558288838 0.0697516387226138 0.146381859691896 0.107284052496279
"ufb199" 0.655714180207709 0.667594855305466 0.194011604718804 0.257417889412804 0.128147195442577 0.083198139246269 0.137973510693979 0.107574109699378
"ufb200" 0.582354328377924 0.633452861934139 0.172891135710627 0.140065496283538 0.114864617027447 0.0539947091814699 0.127881164567927 0.0919809561012608
"ufb201" 0.678571428571429 0.49586435070306 0.134726566859832 0.678329847320621 0.106832069587221 0.0473611104141251 -0.00408879080513712 0.0341276889623951
"ufb202" 0.684476793837922 0.706130528115678 0.188342232748366 0.341333140402681 0.136215565079991 0.0748259829397774 0.110617010823131 0.113625294797101
"ufb203" 0.611475173066254 0.653044172530962 0.176917831362856 0.177940185165969 0.119305201122675 0.0581133335138345 0.130824482292389 0.0959430391523707
"ufb204" 0.573454188358017 0.541078215584734 0.149732145029194 0.187476647306533 0.0892112464667691 0.0503418296586059 0.0937458087276287 0.0775450615884671
"ufb205" 0.636989146477682 0.707854710307596 0.213160042509773 0.105571662548501 0.140317126690023 0.0553208026961861 0.174401842276851 0.130813376901871
"ufb206" 0.682352941176471 0.429770992366412 0.120056173896121 0.682157960522548 0.0933999418598636 0.0426500566681372 -0.019820339708977 0.0255859255527085
"ufb207" 0.656540026974349 0.6257388196504 0.160818784811177 0.292619187496293 0.106692379790427 0.0559262436810584 0.0988384664455406 0.0728876950687141
"ufb208" 0.6 0.479522184300341 0.142834508643595 0.594962152159808 0.107398654488596 0.0478998980336065 0.00657885577493 0.0336282328583815
"ufb209" 0.632048550583846 0.68171989142048 0.188181598499458 0.237343313278769 0.133214377881907 0.070793715882428 0.134786652194549 0.114851217711728
"ufb210" 0.733534570883034 0.690443296492071 0.165246448305786 0.594987181472239 0.128571242538568 0.0735964183941244 0.0591401772698024 0.0937981753398392
"ufb211" 0.642857142857143 0.659918645350487 0.167527046333476 0.642575671391909 0.129158079621695 0.0579112835698068 0.0344877363131938 0.0657166219275745
"ufb212" 0.64023972377278 0.719353428345857 0.219422817108326 0.105377888913544 0.141695272453905 0.0560769077135753 0.181361815043314 0.140308834909622
"ufb213" 0.666666666666667 0.543088655862726 0.146432010663935 0.666411788677717 0.114165987194213 0.0506386133882591 0.0105500252573994 0.056403457702621
"ufb214" 0.637073913653712 0.707947530443487 0.210559196709979 0.10535182212151 0.139310143630394 0.0473880307526881 0.171672883890344 0.131354926210158
"ufb215" 0.626200303118432 0.692454419342053 0.202562757106284 0.106532772488039 0.133570517643467 0.0586436729649247 0.162448676118355 0.121760376162565
"ufb216" 0.624187338266987 0.686182687402308 0.198958256235992 0.140156582093082 0.131036387337802 0.064565335693884 0.158051078885114 0.116393813059945
"ufb217" 0.585264280328504 0.64956207382564 0.176312725715568 0.139959978385038 0.117886477050968 0.0579626403295799 0.131469662871642 0.0960972981857314
"ufb218" 0.714285714285714 0.713167835941716 0.169027265395002 0.703433136643762 0.134467160585358 0.0634712896856439 0.0360565977922622 0.0989348355556437
"ufb219" 0.55952380952381 0.480097552478007 0.154773848144263 0.559444172142306 0.122469227135386 0.0500347688014803 0.0202777234903234 0.0509296926223004
"ufb220" 0.656250257296891 0.705331006634049 0.20851918097384 0.165318503521734 0.13811461289518 0.0635632104172864 0.168135225687263 0.128389606965163
"ufb221" 0.75 0.52849684576898 0.121641791625787 0.749838199178045 0.097645965223038 0.0451787465579047 -0.0193679481310429 0.036551040988015
"ufb222" 0.689100358631294 0.686142896845056 0.188747196843002 0.291497039004764 0.128156344995376 0.0698182143027947 0.1401439596634 0.11489673874866
"ufb223" 0.622366460143858 0.694062879549867 0.203799270951754 0.107116169957766 0.134452251112653 0.0494997903425479 0.164220193223108 0.122334295189056
"ufb224" 0.65727012816665 0.658141536724758 0.17147861675186 0.291357264131205 0.118573349225045 0.0688058520943283 0.117159016768174 0.0865668583454361
"ufb225" 0.592506313969785 0.636623797597698 0.170719495334383 0.151843921411758 0.111467636053069 0.0567739206131412 0.124371810552996 0.0848396872640561
"ufb226" 0.62894093298937 0.642320462791812 0.172050010204265 0.189069426487249 0.116443979360303 0.0640126104559892 0.125765279338501 0.0886689911531948
"ufb227" 0.715990938942077 0.660482099598133 0.168276776411522 0.412208112497079 0.119444806826614 0.0702138799676484 0.0960822276353992 0.0905058307036594
"ufb228" 0.691888212410739 0.692031323322384 0.185088511102968 0.387992531060363 0.134862066053297 0.0632546693910869 0.0967358169807604 0.120893114389292
"ufb229" 0.693966647642542 0.680072674003824 0.177655452773934 0.368799030556159 0.12570197430533 0.0679570896025269 0.0987044080567614 0.114420144531178
"ufb230" 0.627427533149453 0.710405647642021 0.211373397292185 0.117022666411852 0.140601212671171 0.0677229718022987 0.172171097736405 0.128720570753414
"ufb231" 0.622028353721413 0.700086050470472 0.205703271014176 0.106730647491281 0.137002694222827 0.0662402566130496 0.165747169642031 0.122772245845511
"ufb232" 0.598587676823142 0.629832869351919 0.163178406280045 0.189390837702931 0.107645845366754 0.06233124434334 0.110849365491687 0.0766888108412835
"ufb233" 0.594165318762648 0.643757050728033 0.172175300432274 0.142034104305875 0.114346448045163 0.0552049145927774 0.125841612987586 0.0921719583131257
"ufb234" 0.646992828105401 0.624701853010321 0.163869555875615 0.282278874167196 0.110676640560133 0.0713575218394896 0.10891556193881 0.0866293509359032
"ufb235" 0.612852576985164 0.651550078316636 0.172957424910082 0.284208571461885 0.123816357797819 0.065924394426805 0.106899109740272 0.0878547712122406
"ufb236" 0.644033983190344 0.56968887617049 0.145665748393438 0.412538484356082 0.106014566666946 0.0546032597539816 0.052850343328011 0.0661177159223943
"ufb237" 0.739901240775731 0.717999328898802 0.183717702878923 0.44511387307013 0.133772825857657 0.0806848050994826 0.105509632298824 0.106848229417119
"ufb238" 0.658874801094302 0.702067750243373 0.206740724794513 0.187277845906317 0.135275891503804 0.0622651150809465 0.166266026822708 0.124660079961576
"ufb239" 0.744296793268559 0.759115556474311 0.204537161683174 0.450639599075857 0.152589560273196 0.0897724214085267 0.128328005164315 0.157232129184004
"ufb240" 0.62459770824368 0.628101550090376 0.173397808490652 0.282526929094264 0.12234059372008 0.0707326075566697 0.101665554941291 0.0930162769677707
"ufb241" 0.69588343605299 0.719436106178001 0.172814843585181 0.503752691862459 0.128899604668806 0.081788999672323 0.0829509672502072 0.0837469482097695
"ufb242" 0.6447977198474 0.652028002668818 0.155958653593284 0.398102802649407 0.112547947967315 0.0739466838932669 0.0750863414067289 0.0632811356374619
"ufb243" 0.712477798705381 0.693606439369151 0.163588117756397 0.547374518490369 0.122254348933475 0.0740529607615636 0.0568361817589563 0.0810405806147694
"ufb244" 0.690784480734618 0.689988824308997 0.182026718720663 0.323589428664549 0.124049789393689 0.0779645019479864 0.121624736993843 0.0877959189967103
"ufb245" 0.581679359237872 0.571020402089317 0.156765706858904 0.128736217212154 0.0986160242227304 0.043574001749568 0.110842851479791 0.0833294649568443
"ufb246" 0.660029135041988 0.683071676217323 0.185907632903408 0.285957545593141 0.132178074011991 0.0763608532346401 0.132429533332618 0.108848681677058
