NA NA 0.1706968 0.08944328 0.1246181
NA NA NA NA NA
NA NA 0.1555159 NA 0.1099102
0.1512418 0.05476052 0.1134251 0.1563344 0.09350311
0.1169563 0.109084 0.07672666 NA 0.1156694
0.07184904 0.1246181 0.1316197 0.1791753 NA
0.1602364 0.1879419 0.07694773 0.07844782 0.3077915
0.1872642 0.125244 0.009844272 0.07405977 0.004245936
0.1074213 0.07825982 0.06748966 0.117576 0.1562498
0.07440976 NA 0.08902642 0.1485567 0.08987185
0.1028513 0.06525111 0.1119895 0.253352 0.04005042
0.06463138 0.2299722 0.2041558 0.04793348 0.07293955
0.05771175 0.09441827 0.2119738 0.0789977 0.03235821
0.04408475 0.2089257 0.02625509 0.1148189 0.1383733
0.0922521 -0.002192657 0.04394636 0.08119687 0.08222955
0.08343006 0.1765508 0.08414858 -0.003179247 0.09682899
0.01722945 0.04272485 0.08189306 0.01252734 -0.004599055
0.0120607 0.01719195 0.02335735 0.007083916 0.01822351
0.05023723 -0.006412247 0.05407579 0.01422909 0.03453618
0.02925965
