-0.06093573 0.1939246 NA 0.2004137 NA
NA 0.1309624 -0.04332768 NA NA
NA 0.1229359 NA NA 0.08029871
NA 0.1723008 NA 0.01377497 0.07474511
0.2823534 NA 0.01813576 0.1092366 0.1263012
0.1250368 NA 0.3407183 0.1253954 0.1108858
0.1896737 0.2762468 0.1282924 0.1190722 0.09709017
0.02035183 0.0439291 0.1286922 0.09619788 0.1320138
0.07787649 -0.00249106 -0.0176332 0.1115828 0.1449461
0.07402832 0.2975997 0.09181274 0.1914354 0.2372847
0.06786651 0.06799031 0.1559215 0.2257735 0.1864354
0.06996753 0.007508541 0.02817176 0.1076459 0.04433204
0.0989008 0.07063493 0.2372551 0.1384476 0.07942846
0.09357671 0.05713456 0.07624917 0.0759341 0.06394574
0.1545857 0.07292942 0.08608361 0.08211704 0.0368494
0.03016646 0.1547786 0.1064967 0.06436795 0.07120091
0.05078846 0.047336 0.01581239 0.005282501 0.04039493
0.003136623 0.1303138 0.05054374 0.0306794 0.06732633
0.04527235 0.0535771 -0.01849682 0.05960374 0.01478919
0.04519466
