NA NA 0.2527732 NA NA
0.1706968 NA 0.09246003 NA NA
0.1298132 NA NA NA NA
NA 0.2764795 0.09072777 0.02158133 0.09863977
0.1682943 0.05991798 0.1251466 0.1507034 NA
0.1581875 NA 0.05246992 0.1300183 0.07660165
0.005692163 0.1039352 0.08945718 0.07739114 0.09974595
0.06891279 0.115074 0.1928379 0.1205059 0.1147794
0.2832294 0.1252587 0.2646939 0.1325886 0.1705923
0.04009243 0.140225 0.01093096 0.09126632 0.2266095
0.1371547 0.1891886 0.07406226 0.1763968 0.03658157
0.07772669 0.09290264 0.04866545 0.1969928 0.03605413
0.1123019 0.03138238 0.08290466 0.0349679 0.102169
0.004265681 0.05398683 0.09018371 0.06140903 0.1076452
-0.003093286 0.02948906 0.07058868 0.1023108 0.02434676
0.1266061 0.0376741 0.1323547 0.04822695 0.04780049
0.06600216 0.002648758 7.420024e-05 0.01640223 0.04892971
0.009152136 0.08950901 0.0006348006 -0.01755164 0.02453238
0.01016712 -0.00729622 0.1371976 0.006094026 0.03132379
0.05813232
