NA NA 0.1789388 NA NA
NA 0.1724687 0.1516648 0.03982711 NA
0.1246181 0.07790248 0.1082915 NA NA
0.04607136 0.05926449 0.05162403 NA 0.03863096
0.09817539 0.1366645 -0.001236042 0.1246181 0.2662617
-0.02775754 0.1339285 0.2655762 0.1310764 0.04080879
NA 0.2906929 NA 0.03614245 0.1690702
0.111634 0.2164164 0.1150076 0.09071863 0.2310153
0.2420221 0.0401454 0.2798725 0.02017404 0.2468581
0.1987784 0.1073507 0.2019281 0.01193956 0.04762308
0.1414077 0.2664163 0.08714397 0.0398561 0.04185215
0.1109071 0.06056663 0.1534435 0.2130881 0.1817814
0.05119908 0.04109705 0.06991744 0.1153634 0.03779868
0.1920341 0.06013921 0.06270165 0.1189347 0.02469622
0.0164495 0.09662872 0.09616999 0.04831615 0.01491828
0.06664675 0.1321404 0.07609436 0.05037614 0.1763056
0.004844477 0.01567159 0.0228616 0.1038544 0.05239814
-0.008346685 0.1111584 0.04398427 0.001465862 0.02060204
-0.001001239 0.01725551 0.02798301 0.07198892 0.06520493
0.002519553
