NA 0.1099102 NA NA NA
0.1530549 NA 0.1367797 NA NA
0.03918051 0.1246181 NA 0.1258951 NA
NA 0.2380536 0.1865901 0.2658972 0.1718231
NA 0.09523046 0.1246181 0.2113524 0.2988884
0.1213854 0.08412753 NA NA 0.2007394
0.1550873 0.09055204 -0.03982161 0.04425149 0.1048864
0.1052385 0.08715431 0.005579704 0.1624931 0.1230434
0.07155262 0.02074693 0.02393432 0.1080879 0.07139812
0.10074 -0.01671421 0.01653645 0.2021861 0.05727556
0.2025461 0.1994106 0.1249435 0.04785719 0.0191524
0.0223642 0.1540913 0.04586358 0.05753066 0.1626391
0.08620183 0.1134154 0.03942258 0.08460188 0.07735301
0.06040785 0.06262035 0.03754629 0.1240307 0.1412039
0.0475478 0.04735337 0.09299241 0.07265015 0.02229892
0.1305173 0.05133832 0.1851432 0.03978949 0.117348
0.02297267 0.03408076 0.02314521 0.05776635 -0.008690302
0.03035525 0.007729931 0.05616897 0.03904959 0.01326712
0.1326396 0.1634909 0.03310584 0.0475901 0.03323625
0.09459435
