"quartet" "wQuartet" "cluster" "phylo" "mutual" "shared" "clusterNorm" "wNrqs"
"mb49" 0.791464892607474 0.799923729042361 0.249048631278699 0.402989098655275 0.172238747753848 0.114651920618858 0.191670865327207 0.171868041548024
"mb50" 0.843373493975904 0.859362279511533 0.218922348953129 0.843227707570924 0.181218291610552 0.0915085217795464 0.0887731881089471 0.178239829500458
"mb51" 0.771084337349398 0.847604272331285 0.24738579430278 0.770917192783763 0.203668834230368 0.101206152369075 0.121260154571568 0.196291567737802
"mb52" 0.69047619047619 0.763880771478667 0.227848204589049 0.488755846491589 0.184183899234243 0.0894075019493806 0.0996126136310848 0.182784364786639
"mb53" 0.745643667609767 0.774977863046045 0.230583095972946 0.482797091810328 0.166833819782643 0.111620859107419 0.143082007141039 0.164149415792039
"mb54" 0.939759036144578 0.965013227513227 0.233662858182819 0.939743202077019 0.199801335224219 0.0999649714629623 0.105237482299913 0.209088298999591
"mb55" 0.80952380952381 0.865488640461594 0.257185065121413 0.809383469547464 0.211374648246115 0.105554225138903 0.133821611571634 0.215321921666202
"mb56" 0.869731176145115 0.853479655944131 0.223179644372467 0.705505755645195 0.171600707997303 0.103432701065743 0.118977633901061 0.176463927270051
"mb57" 0.91312950873784 0.936595027775248 0.255012244417845 0.843615764714875 0.209931624459383 0.13677292938918 0.155748595978365 0.191147360220712
"mb58" 0.767632168989815 0.791199667911997 0.203093484370963 0.636899013631278 0.156368933695466 0.0986545202869779 0.0966261262463686 0.124046079894012
"mb59" 0.798020219242026 0.866617351791187 0.247579294074713 0.67656098660294 0.194467898879531 0.124726065312765 0.147329063608453 0.196363859335909
"mb60" 0.63761774871893 0.674428803364042 0.207406772340254 0.165591865552612 0.13395821317742 0.0672689086265554 0.167236677342591 0.127803648788188
"mb61" 0.637017548781029 0.678971585083917 0.207196198161213 0.153607408243949 0.135238979665869 0.0746050347409998 0.166400533045587 0.128827911324255
"mb62" 0.663458938329854 0.662813922268426 0.201506897855723 0.250779331089356 0.144513203977152 0.0827662864311863 0.122075784603933 0.139193109875379
"mb63" 0.684705132490096 0.685745369965111 0.218557081184479 0.253342530998924 0.15597736561953 0.0934768499325642 0.130225058873189 0.161434700450809
"mb64" 0.813137168571795 0.820789813812135 0.225055357449801 0.583561653978736 0.171389839783375 0.118890903969703 0.147832306613678 0.139192210626658
"mb65" 0.795679384664584 0.75977017581021 0.205553353215511 0.67656098660294 0.162317067475888 0.0981335658241143 0.099645654067832 0.145856379158055
"mb66" 0.657233111987937 0.643188117944972 0.187256205503471 0.201249241242253 0.125548206567242 0.0690405861852794 0.13479321245208 0.110422460548916
"mb67" 0.825438213651251 0.866600486894041 0.246473014885586 0.596633527075934 0.18671655730535 0.126925075296419 0.161149422805099 0.189607878546102
"mb68" 0.728040348226455 0.742653552178812 0.191357842818772 0.594944487232345 0.145494224976754 0.0869747153186178 0.083874124841389 0.109522018215835
"mb69" 0.735932424921414 0.68568013906997 0.188633045372969 0.498005655528375 0.136072326989386 0.0841441085564025 0.0967212333402296 0.110145760984498
"mb70" 0.746987951807229 0.75370836831794 0.201024609896195 0.746834744238726 0.164724444465432 0.0808070072790681 0.0668670922557273 0.139254395748386
"mb71" 0.761904761904762 0.762942141016631 0.191021508657818 0.761699972328772 0.156697097170959 0.0749123622656569 0.0566699012069344 0.126032496068553
"mb72" 0.826540258270406 0.853374344677111 0.250689338815878 0.56017821378622 0.188310566395064 0.132348976900037 0.176014453385386 0.188173180191639
"mb73" 0.637748555519823 0.678860911220731 0.207148043954829 0.143542037160594 0.132735051843388 0.0646748211905659 0.166712641222087 0.128253063378322
"mb74" 0.673219713101257 0.664330070600237 0.188264621422613 0.308761048263785 0.126713200295581 0.0944129450492888 0.12600850683539 0.103520562927933
"mb75" 0.821428571428571 0.828726633647548 0.180867368382765 0.821186885429907 0.148312027354412 0.0717850482505603 0.0448294057533014 0.124228591234365
"mb76" 0.63722229887642 0.674962042881407 0.203122163849062 0.165378841299947 0.133413296719071 0.0793684843775093 0.161637252488109 0.123655793782926
"mb77" 0.764243662841966 0.728084922426629 0.181609650041992 0.582036630353348 0.13514309434332 0.0936590564160228 0.0884426639411017 0.104229757588783
"mb78" 0.817073170731707 0.891138905433128 0.22708724216472 0.816961894727348 0.18847707130226 0.0906955780253115 0.0977315842506885 0.193809168111632
"mb79" 0.707317073170732 0.800821692686935 0.199309825031747 0.703402912852764 0.152435595356685 0.0732630169244874 0.0642329826617151 0.124714302475141
"mb80" 0.654391885100088 0.641176435034361 0.186162596413116 0.238716033554291 0.131447967340228 0.0739073652537429 0.113145812074309 0.121305395006632
"mb81" 0.720434321592975 0.682367383859921 0.178308637134625 0.497916674047138 0.129567489066513 0.0811336462003556 0.0850862208991048 0.0945573672432844
"mb82" 0.655376279499613 0.635691925711764 0.183148224237518 0.191681525537595 0.123042654988658 0.0678523334677264 0.132595476486104 0.102605943513353
"mb83" 0.75 0.849878345498783 0.233350043606681 0.746775310010168 0.189683394194744 0.0926962855792288 0.106028173994669 0.185881569004399
"mb84" 0.654614754080397 0.675165790991222 0.201784678561143 0.188975268985395 0.135581038933958 0.0770183027603748 0.157998817571076 0.12172590936743
"mb85" 0.80952380952381 0.787214777254618 0.170010083304884 0.809324740336349 0.136706768491202 0.0670385954542218 0.0321689902852098 0.110078078827453
"mb86" 0.740740740740741 0.708980239943543 0.17624822329706 0.740546057075915 0.139353423293498 0.0677643241187957 0.039020801740875 0.106198495593519
"mb87" 0.766419442723387 0.7493318214951 0.191174285475931 0.612085377849725 0.144242752627709 0.0856035924138119 0.0838183427777052 0.123333929606435
"mb88" 0.952380952380952 0.975095549254099 0.238983839002788 0.951160759962131 0.206683848472244 0.104143549023511 0.112597605474574 0.199479132909804
"mb89" 0.807228915662651 0.713902847571189 0.146954223281562 0.807154639107047 0.119249888814314 0.0567762458156741 0.00371764145973395 0.0746126044824908
"mb90" 0.694094764231993 0.70712887552868 0.213560266308458 0.260221178192089 0.139207319460153 0.0937141618736005 0.162792952879948 0.129663999270675
"mb91" 0.627655313651194 0.629515088631228 0.180644806267354 0.153824043341759 0.117497983435541 0.0485728056417004 0.139125504997516 0.100210168804359
"mb92" 0.743726187054829 0.713004755990427 0.175826733149907 0.630020261003248 0.133127820376509 0.0850883897142447 0.0652738881354239 0.103926212636342
"mb93" 0.789393355746849 0.802361158852012 0.244766274300065 0.408606128729628 0.171014629363161 0.110375268262674 0.182615501004311 0.177001220219649
"mb94" 0.797007857467821 0.755756981871632 0.175773544196568 0.678630088856511 0.134556790378283 0.0836452111195456 0.0658603867882928 0.110313010573626
"mb95" 0.628831454935537 0.618182108853721 0.175277113565126 0.166025443206187 0.115811267305304 0.0495345916010619 0.130066400289825 0.0948066781320889
"mb96" 0.865853658536585 0.915775306368209 0.217823722825663 0.865872547928902 0.183969934341321 0.0911168877618051 0.0860684312811377 0.172731454008935
"mb97" 0.777115447131793 0.720700429838057 0.187064168241252 0.540434432675995 0.138124222847894 0.0860204565378543 0.0943560665919121 0.122060550077487
"mb98" 0.734939759036145 0.857636224098235 0.224579765334904 0.734651896807947 0.178997171684381 0.0862331437606527 0.0951700848715237 0.177575506930381
"mb99" 0.62290082185743 0.61256185918198 0.172626048230718 0.153917153882679 0.111583469208684 0.0481341246928649 0.130059701678028 0.0911267755274576
"mb100" 0.63222918228305 0.657171133325963 0.194898969038192 0.143554456300068 0.125268406935532 0.0521185261212046 0.154247069546341 0.117165445652056
"mb101" 0.678512497238222 0.61321584036773 0.171622140123979 0.341844419158035 0.115856152025462 0.0753687732049027 0.103199745552761 0.0900279140469277
"mb102" 0.629526979927109 0.639156592401623 0.185106834104145 0.155653353519026 0.120244280755451 0.0513598557934979 0.143963969519623 0.104864427816686
"mb103" 0.841463414634146 0.900974377481054 0.215626220601343 0.841452927909967 0.177150529752699 0.0871836375095726 0.0835007662755048 0.163883671292078
"mb104" 0.630488620228722 0.641624246160533 0.188144478691631 0.130078776292449 0.122453044742715 0.0539589994554715 0.146999472399813 0.109757063318035
"mb105" 0.79800429755725 0.817316253394471 0.241057360029978 0.469986942686018 0.17595597617893 0.121499016114067 0.172887689156973 0.170143165507047
"mb106" 0.693282830042651 0.633876440353412 0.181849907997538 0.353269073061547 0.124833912218127 0.0809193474899014 0.108038877393269 0.109241610218863
"mb107" 0.807228915662651 0.872247807709293 0.21831526028315 0.807035770649931 0.17907016782316 0.0885123986266352 0.0878600982076485 0.181027293153519
"mb108" 0.622269595546134 0.569339887579298 0.147442804394505 0.307962849719653 0.0966812921550868 0.0576248661676546 0.0821631540026333 0.0601408618172637
"mb109" 0.621236609584261 0.616667993717855 0.173680322746694 0.155732070304188 0.112057094297682 0.0517765292022226 0.131538155404285 0.0919730514852048
"mb110" 0.663716999259045 0.61143033804889 0.159239271524659 0.419366449354295 0.110855460703815 0.0669213490884027 0.0751971168055897 0.0719960641428662
"mb111" 0.62751539139448 0.631035397102527 0.181835925366772 0.131566940168113 0.118437492408216 0.0495950571684651 0.140113926238068 0.103697163771199
"tnt1" 0.626362704336373 0.616458953595184 0.174217952204161 0.153902298541833 0.115622710409352 0.0477871691611146 0.130626773253196 0.0926298929118939
"tnt2" 0.831325301204819 0.753503551545402 0.172058657646403 0.831342031282933 0.143006556589647 0.0700431872379143 0.0342005334439324 0.105197460118022
"tnt3" 0.63662087853918 0.636951007450186 0.177394811034792 0.249074075081005 0.118377341346132 0.073452639592364 0.118264724838602 0.0969513276454597
"tnt4" 0.710292638619355 0.713299399858993 0.202568610634692 0.402538090029884 0.141987401683748 0.0952572812704146 0.12282692962178 0.126475124167318
"tnt5" 0.683154853036508 0.674891394388552 0.190154394559726 0.355049980699649 0.128977255896531 0.0915442981239804 0.117298397626598 0.112213653566773
"tnt6" 0.675685967121668 0.663365236959272 0.186526381309071 0.356047750101736 0.125705021542977 0.0933812021912634 0.119422955295247 0.105119761013607
"ufb1" 0.69047619047619 0.72585488714521 0.184000121593048 0.69035091413408 0.143706123809922 0.0621560786707362 0.0484824329066526 0.0945404710546039
"ufb2" 0.627906931265726 0.628522941532098 0.17934750848477 0.155970274338752 0.116105266928673 0.0521203374303836 0.137757758971861 0.0977816072415378
"ufb3" 0.624280770769205 0.614736271572461 0.173107124326806 0.168046903592021 0.113850693249355 0.0470683375765555 0.128677385235928 0.0923968034930996
"ufb4" 0.777619581749511 0.777551163487339 0.209866229490663 0.4758258391962 0.155951046507342 0.0982308519163503 0.138878812662396 0.121356271077282
"ufb5" 0.735896031802847 0.762747875354108 0.223612272065487 0.497016254738835 0.162058588618141 0.096213337593115 0.119790203058048 0.15630837693026
"ufb6" 0.622469168693534 0.638452923808962 0.183912612204521 0.142139766477411 0.117534545082676 0.0537880089065166 0.142759488589848 0.104932200978627
"ufb7" 0.664253569074315 0.605714526233085 0.16285376958039 0.365677364972086 0.109791042509468 0.0711231116702843 0.0874503303337731 0.0804077861101082
"ufb8" 0.654197044317092 0.621451043518037 0.176438669165807 0.178593160639973 0.11737541759818 0.0594371168026414 0.128887101784219 0.0920481535287118
"ufb9" 0.657747520547612 0.633134956190404 0.182430225050071 0.190625657501192 0.122079486778297 0.0603697401565303 0.133680732957845 0.0990835117627742
"ufb10" 0.642857142857143 0.57672611689917 0.160288031132332 0.642667416915388 0.122203458813903 0.0556842658848324 0.020832342235162 0.0658224851015515
"ufb11" 0.701320600689388 0.600797174244143 0.160623639812141 0.554022741173615 0.11799878735301 0.067367092463244 0.0486787005665695 0.0806002599647032
"ufb12" 0.695721594043901 0.705922707523439 0.198996362739611 0.363340237846491 0.141761988131884 0.0977009599240318 0.118602725863044 0.120252881929046
"ufb13" 0.677481250482827 0.668980736813661 0.184902144255545 0.346663093571432 0.129011767901053 0.0893172557088239 0.111226591379999 0.107599575393593
"ufb14" 0.627855623582984 0.621834323159381 0.176780700717504 0.157846430165182 0.114725952866411 0.048854558795262 0.134802615620104 0.0951708417761829
"ufb15" 0.856824305427906 0.864626479537808 0.232455904626037 0.667728461182991 0.183446064295175 0.116021130302186 0.145544957774628 0.157309015415781
"ufb16" 0.672146599856798 0.600312887171626 0.157982029421462 0.419730456860932 0.112202155419916 0.0662078498314895 0.073901923320183 0.0711657331937471
"ufb17" 0.59587729128937 0.54741023911251 0.134974384213303 0.29963248652088 0.0893385615153962 0.0517933111726116 0.0728261991339909 0.0454846069628233
"ufb18" 0.654761904761905 0.562493949075419 0.160965365951064 0.654588291220061 0.121837059746171 0.0546900101741985 0.0216221658563195 0.0611658450149589
"ufb19" 0.703326109306253 0.629622169451276 0.165812924925074 0.414830791514885 0.114967453027991 0.0664639755209551 0.08265467317381 0.0792483295075787
"ufb20" 0.630952380952381 0.518589454709328 0.138394619753675 0.6306878133996 0.099946555341148 0.0428793885166762 -0.00469703109153855 0.0199123118528415
"ufb21" 0.723267823200171 0.670918140377137 0.173250883293747 0.357927246870997 0.122479555217526 0.0693387662726645 0.105205834953676 0.0806771770031048
"ufb22" 0.625702039122007 0.598618930190197 0.167673199919076 0.154506409418558 0.107589592610939 0.0536980007667699 0.123732015301659 0.0824081835766228
"ufb23" 0.582204223968023 0.538492940218857 0.144096748179363 0.224618182818904 0.0937159314332817 0.0474547472663347 0.0888032671616512 0.0652422519436373
"ufb24" 0.740640112958623 0.650623914581591 0.171945009640821 0.491813013735126 0.120752469424183 0.0689221639464957 0.0781945575975546 0.100992038453857
"ufb25" 0.635598947857804 0.617324598787229 0.174928933529344 0.275651784337674 0.122293878257913 0.0647306279127149 0.10701487958326 0.103535557063614
"ufb26" 0.698795180722892 0.71624674196351 0.174703742630707 0.694796126329092 0.132029623670925 0.062253049504561 0.0361266367798647 0.0919020693063338
"ufb27" 0.638972829340826 0.667511698528252 0.199933181053654 0.188556340070331 0.130301339780584 0.0848195068181977 0.155037381422326 0.117952037255524
"ufb28" 0.61999641271178 0.616267511105166 0.173709991557466 0.155969175495255 0.112416714629089 0.0476999381088772 0.131576560881003 0.0935462909719061
"ufb29" 0.816565915834905 0.844274662898474 0.225314782257298 0.626078051342229 0.169817734441381 0.0997247563887009 0.122344578780208 0.179049515516661
"ufb30" 0.639763782679772 0.669478498809592 0.198682178889133 0.153382016772412 0.13287166026768 0.0686289447498332 0.155617783388149 0.122139307435162
"ufb31" 0.761402227754142 0.754601381675155 0.218202756262959 0.566050993793395 0.163277499540838 0.0933670007677139 0.114363023908576 0.157496668311719
"ufb32" 0.786308575468828 0.723749960715296 0.186381045101728 0.540434432675995 0.135477491869544 0.0811994503277379 0.0938342085640306 0.122920576048855
"ufb33" 0.651948900369265 0.672048406696847 0.199781105878456 0.200953460206464 0.13378922441952 0.0791080791195461 0.156775768874922 0.119946609108528
"ufb34" 0.626351918974264 0.653569881529643 0.192210703793584 0.131688989041427 0.123032714585821 0.0529921212001909 0.151424970188307 0.113790402559927
"ufb35" 0.704550474684195 0.666564017245103 0.190800429725348 0.318408944703502 0.12740470572459 0.083567395355651 0.128812875635172 0.106845137226704
"ufb36" 0.664960193656875 0.653099027755998 0.181472990430936 0.308766342593125 0.124093619065558 0.0905423161416767 0.113777302341391 0.101163722574258
"ufb37" 0.575841425945656 0.553174714021184 0.147556744446449 0.201001172496399 0.0954801412123005 0.0497483330460813 0.100801996442165 0.0670574051386886
"ufb38" 0.634146341463415 0.491247385225146 0.142834950350665 0.633803476697706 0.104426739989062 0.0460040689188706 -0.000146172111796791 0.0334049899282477
"ufb39" 0.716049382716049 0.786367833459246 0.202946693395994 0.715763662162778 0.157996924872737 0.0757625740043906 0.0680970277503685 0.126747105638407
"ufb40" 0.625017885558215 0.564752913029323 0.142930692221054 0.371814823200428 0.0987536901937225 0.0603973547040158 0.0656167348944728 0.0542659468044447
"ufb41" 0.597772876126358 0.554244743332232 0.157521214182719 0.22497164470926 0.102708433355546 0.0585650295814985 0.100407737933597 0.0793365895204159
"ufb42" 0.792340314447923 0.806462414197221 0.242065711262776 0.39649898639796 0.172175373614301 0.115358733692756 0.179712498596207 0.170080170487595
"ufb43" 0.646222533570926 0.627883793409314 0.18149074344682 0.214669493620247 0.122054363308895 0.0730144905153826 0.126016246823702 0.107015576684756
"ufb44" 0.707317073170732 0.743692990385405 0.188641433844361 0.707066843909563 0.144150113519768 0.0692012769330193 0.0508730666659539 0.107358164422815
"ufb45" 0.782445792320778 0.810025583361422 0.238987258804313 0.43370781476188 0.172284598042983 0.111863584737094 0.17060608690018 0.170789828748962
"ufb46" 0.771084337349398 0.750742877119385 0.170497280068986 0.77756740871285 0.135764467112805 0.0654334601335669 0.0327095443997657 0.107428666412519
"ufb47" 0.618396740354516 0.60876558040127 0.169024488264677 0.189979472313916 0.112863920275897 0.048085722828028 0.122350442519556 0.0911236051112874
"ufb48" 0.616927669771894 0.60749705215268 0.168611414486637 0.192146759893627 0.112255785090511 0.050192262199825 0.120604122235141 0.0927277212537857
"ufb49" 0.639608836814989 0.612261573335862 0.171731814127658 0.178668694354687 0.113311228015934 0.0567139501232484 0.123914131702297 0.0865450114460682
"ufb50" 0.638769515000023 0.614940773808966 0.173017600656421 0.192907065582324 0.114270687546176 0.0583821475192248 0.123713567885072 0.0909049329816909
"ufb51" 0.677418266029022 0.698981028605306 0.214071109791334 0.235765705470077 0.14511813311367 0.0963558910500633 0.165439631273887 0.133482798326932
"ufb52" 0.593668980922532 0.539465071594258 0.130787942033368 0.299930862003948 0.0869987914500178 0.0519455726531682 0.0716819539298148 0.0409016152640868
"ufb53" 0.747817576629374 0.668578455797386 0.170497713154398 0.485269882029647 0.119422735193052 0.0795133898588422 0.0875299840607522 0.0929421986732444
"ufb54" 0.6206352472536 0.620846176331493 0.175901687698577 0.141957405556223 0.114888017783094 0.0458824094203799 0.133501546084686 0.0984784063263247
"ufb55" 0.616822956981001 0.598306419917346 0.165440414594453 0.14198148102204 0.11011597462474 0.0509277011830498 0.1172508094362 0.090460414295029
"ufb56" 0.617643457504627 0.589573709576698 0.163975344497888 0.156376577486265 0.104938494108682 0.0518989633905911 0.119084300812063 0.0797386499258694
"ufb57" 0.691101441447166 0.610352264557872 0.157424482253841 0.408077668876104 0.10783338531371 0.0680240278684577 0.0817274245454962 0.0676968681254517
"ufb58" 0.626777394743035 0.613909675643208 0.173314885232322 0.180063957293315 0.113485224200985 0.0520266540284506 0.126903513396694 0.094885868957988
"ufb59" 0.707317073170732 0.567299396031061 0.133093894588677 0.706946531152573 0.101638731713491 0.0463613050646515 -0.0127674336953466 0.041792908110802
"ufb60" 0.743123768809148 0.66774508988016 0.170909305519639 0.473619817415805 0.122102422281882 0.0785027082725095 0.0878426185205068 0.0954359056883012
"ufb61" 0.627263378669478 0.659467126797913 0.194963184563433 0.130178584851633 0.126150520529652 0.0495410192114648 0.154316425252517 0.117801402256994
"ufb62" 0.617170887120697 0.640769885792287 0.18286235464329 0.142139766477411 0.117559928896617 0.0443542867385739 0.141656269323914 0.105643921725408
"ufb63" 0.61592704572658 0.606068329313474 0.167713580801602 0.166116528444098 0.108995769587808 0.0460079980832048 0.124395774111046 0.0882879353018633
"ufb64" 0.618299657537929 0.589386776175029 0.164649010199273 0.166627135799093 0.107025406678644 0.0540687501458787 0.116425032566382 0.0852202957962555
"ufb65" 0.652013648639634 0.630903750139164 0.18451710439195 0.325120125058113 0.130840851834493 0.0635108257217022 0.103358610658557 0.123937819833597
"ufb66" 0.642508488543598 0.658198121263877 0.203127206268574 0.428220769733256 0.149500733536559 0.0848329992197061 0.0972078575620455 0.13500890880534
"ufb67" 0.688045371802509 0.691826781730453 0.19328696902534 0.3926526824823 0.138957770600043 0.0924136070097552 0.112451675008218 0.115630036335005
"ufb68" 0.662656309105562 0.594476928943689 0.151992676256898 0.424403863399914 0.107093487021405 0.0636262606543428 0.0672197965462861 0.0660113932098189
"ufb69" 0.650602409638554 0.592512598992081 0.155785796400778 0.650263478220855 0.115763027879258 0.0496880244599249 0.0152390204736286 0.0501256244638858
"ufb70" 0.703395873013291 0.624390243902439 0.164682584637788 0.419814447268303 0.114007930219346 0.0689527747284781 0.0814489570324984 0.0789374148404216
"ufb71" 0.588632470585194 0.548182448696504 0.131682364903547 0.272294614386454 0.0872926824095355 0.0518857928553746 0.0778521806429427 0.0410218209240314
"ufb72" 0.593033134075301 0.565208949673717 0.144424490628597 0.236116104322467 0.093616344625109 0.0484047861630863 0.0963144204723529 0.0588242125062858
"ufb73" 0.748799854036863 0.756525328155701 0.226322575460472 0.319518373640083 0.152484494160475 0.0929805664177896 0.170892530566815 0.146343385379651
"ufb74" 0.692537933617746 0.623411891754542 0.156050985303237 0.455283603824156 0.113440754367708 0.0636094055776817 0.0603563132590802 0.0725007202915764
"ufb75" 0.62366492060223 0.562978228841277 0.144948302167012 0.307196567819787 0.0964176383251586 0.0607663164656165 0.0794955079336565 0.0588657239121663
"ufb76" 0.61431369776335 0.557010948188102 0.1410766318998 0.295537673792671 0.0936694828447546 0.0578642256350884 0.0794438242306413 0.0532416324380097
"ufb77" 0.622211113867985 0.611782464926291 0.171944646363138 0.168046903592021 0.113647966343449 0.0483112085520173 0.12747154352362 0.0919677228870794
"ufb78" 0.614400714320702 0.587664087461986 0.160739517717419 0.271539910725605 0.108958635499894 0.0531849027564093 0.100564643659716 0.0905565774840826
"ufb79" 0.734939759036145 0.766732830488289 0.188109956752699 0.728185307765901 0.14707428750385 0.072055620635123 0.0529185140479457 0.117197258618688
"ufb80" 0.869047619047619 0.882559354935046 0.193384234107249 0.868870382648598 0.159957071405709 0.0792528996278581 0.0594250177588409 0.153709545350895
"ufb81" 0.746658985487328 0.75719910268736 0.218074095582658 0.52156908269945 0.163382638403626 0.0965787433086273 0.113604511656503 0.154688663795298
"ufb82" 0.636528276142365 0.61460559549252 0.173445173881778 0.44553248520217 0.130706990940013 0.067487287307599 0.0636606580013297 0.103636534849289
"ufb83" 0.69047619047619 0.700510011333585 0.17795061902433 0.69023345571185 0.142210534862608 0.0613020770912421 0.0414282554261997 0.0938034435200359
"ufb84" 0.768292682926829 0.787279032394485 0.19387765639717 0.765221281519467 0.153151899100891 0.0750941310746867 0.058797428536261 0.125106680664653
"ufb85" 0.644452552256444 0.620193262046106 0.175819465086079 0.192907065582324 0.116368636488716 0.0564544498621843 0.12664496446059 0.0932471199000607
"ufb86" 0.721814887436637 0.640485891051758 0.162848489952693 0.443033843209114 0.111339122636779 0.0776878287016453 0.0874082225423295 0.0765117224744249
"ufb87" 0.604673523507048 0.556791632872932 0.138809359987338 0.283726685479286 0.0907220985996931 0.0557032998800014 0.0803637239721766 0.0497504628216728
"ufb88" 0.721203288981027 0.620830152979499 0.161034027308591 0.473260401923213 0.11201926404135 0.0696011068808369 0.0774368460930807 0.0807825950852002
"ufb89" 0.61868145486449 0.619022924128648 0.173636393966579 0.166128944235986 0.113887365112948 0.0473458231889412 0.131499210468513 0.0946817190864015
"ufb90" 0.61217220275899 0.607889682273789 0.167869384456677 0.168093519829574 0.109518882651745 0.0460990736055257 0.125060020298199 0.0890432191076497
"ufb91" 0.700923127151955 0.724224395987024 0.215190706853814 0.271980802674793 0.142449161144492 0.0917270182687371 0.161998463745479 0.132977931629226
"ufb92" 0.726190476190476 0.706369585024435 0.183747403525168 0.722587917834283 0.147020301247216 0.0698926640707498 0.048187744528048 0.114667633807485
"ufb93" 0.661591832416382 0.592998221473369 0.160931123473968 0.334236538666946 0.108960887390332 0.0685902304576269 0.0965266640940371 0.0765328671367477
"ufb94" 0.643952212504714 0.582785281890056 0.152359025758983 0.343614591616603 0.102139245604913 0.0617963052640198 0.0824469207724124 0.0670949041718714
"ufb95" 0.650051810214838 0.615346123803944 0.172309111341462 0.178593160639973 0.114629387091751 0.0593707095205791 0.124519107622726 0.0870601851556009
"ufb96" 0.651195598319076 0.621197374848993 0.175568410990777 0.190625657501192 0.117425937730599 0.0612484251232147 0.126409767336849 0.0933045474012115
"ufb97" 0.631496172682519 0.609907462929273 0.173589892323564 0.154441032183764 0.111226975147684 0.0538803804947111 0.130583048524536 0.0884989214398341
"ufb98" 0.619399103968679 0.589844139817364 0.163907924458359 0.154573046154352 0.104773559424158 0.0532025598070033 0.118997637320132 0.0796431649166794
"ufb99" 0.627471065097201 0.59408290233116 0.166772482220321 0.15644039499563 0.106373314735391 0.0545378800704963 0.121088872922276 0.0823346882798832
"ufb100" 0.784238466422768 0.759230147652979 0.193365381501497 0.568196074949008 0.141223345384507 0.0872875779287085 0.102286370436887 0.131406938160046
"ufb101" 0.619502138941065 0.639533114293124 0.183828301199453 0.143824026975501 0.117123771030138 0.0477152872311418 0.142670926004293 0.106723125073219
"ufb102" 0.636608716301093 0.610453548384661 0.170389981848682 0.180796784099251 0.113286240500115 0.0564372157136893 0.12095911420848 0.0880211656229988
"ufb103" 0.75969656748757 0.731020177753272 0.197678552511509 0.396842336404443 0.14324402519093 0.0790014222501953 0.125496403273072 0.109314964939751
"ufb104" 0.777526340910448 0.741214502689296 0.186855137748 0.612085377849725 0.142114978197303 0.0810913255805966 0.0788494251715952 0.126727437557536
"ufb105" 0.605326134748565 0.554667678129341 0.146789419931949 0.247598637886488 0.0936898784967308 0.0496744622020637 0.0915940495794591 0.0624744748035524
"ufb106" 0.776827980027384 0.778819052987599 0.231153821355446 0.402854404368824 0.16046342655373 0.103879622303504 0.167902916894093 0.161990605691505
"ufb107" 0.645922793734971 0.618040479810562 0.175722191709872 0.178598003252076 0.116385537751986 0.0582435010990208 0.129451271483043 0.0896983777198688
"ufb108" 0.580407329229211 0.582338538663294 0.161377410182337 0.176960037270344 0.101882578851746 0.0521320243457065 0.118604439758215 0.0839704329738253
"ufb109" 0.578450864904221 0.564843446982376 0.151639824248893 0.189105566933024 0.097492500126515 0.0478051779784038 0.106840071037689 0.0715068802603688
"ufb110" 0.588114000435539 0.559090721707642 0.148094495798723 0.212638751324793 0.0985049849536965 0.0444750348032062 0.0953075151472621 0.0710401667534961
"ufb111" 0.622343849266788 0.629191100586414 0.180259438873214 0.143700573679388 0.117020541808401 0.0459828738791888 0.138451108865342 0.102300189442652
"ufb112" 0.628746041506436 0.643158116843674 0.17825931797318 0.284438713187977 0.124389229298784 0.0773942718479949 0.104107279072459 0.100635890191387
"ufb113" 0.79823862811675 0.830204532360284 0.233860965895998 0.572707362106988 0.179992545491935 0.119262429768301 0.147109282526752 0.176247291550534
"ufb114" 0.652064662413828 0.668351312018531 0.196386562232089 0.188967950493742 0.13179097429372 0.0730117386318372 0.151231648833722 0.118210598498945
"ufb115" 0.68610100362296 0.657906203043494 0.18479542810772 0.273564659924059 0.124348674224375 0.0796467998269704 0.122506996865954 0.107680789686897
"ufb116" 0.61688772245926 0.589939224664373 0.162721695757344 0.224777114046269 0.1056674004895 0.0607504567735884 0.108504189437061 0.0793054467575158
"ufb117" 0.620264562376171 0.623488793033178 0.176488615693311 0.157834493449281 0.114034853665568 0.0508131207569931 0.134754789810784 0.0962247309313364
"ufb118" 0.654643696183934 0.673475994090502 0.200579835536495 0.217939218259631 0.135066400100645 0.0804902163961849 0.15570024992124 0.120705871425335
"ufb119" 0.658536585365854 0.516855087358684 0.14038411108019 0.658284755480154 0.107476569316854 0.0476983450603537 -0.00433026607233222 0.0465861973780196
"ufb120" 0.635664648026225 0.607844574079325 0.169805967587859 0.168619910716944 0.110567434397351 0.0526542355815487 0.123180522352124 0.084306309028369
"ufb121" 0.650647505428426 0.627714914708294 0.178664360388702 0.192873090387753 0.120128313630522 0.0618175951888802 0.127868653578811 0.0986997479252651
"ufb122" 0.613473865070449 0.593981031486554 0.16149408428541 0.142104677312522 0.106308345923848 0.0480259666102699 0.115534970016526 0.0831368906367621
"ufb123" 0.716867725199736 0.638847909385241 0.1715919058754 0.436069827499313 0.121846293681941 0.0768459119691469 0.0886964634799457 0.101896482262825
"ufb124" 0.640586784279607 0.615187021755918 0.175750598706964 0.226630100338903 0.116264499752779 0.0646356381066146 0.116698081599541 0.103619558330792
"ufb125" 0.61736247002341 0.603875697186229 0.16795772623882 0.142203199865311 0.109571714720029 0.0490768471572125 0.124012189558738 0.0878630185162598
"ufb126" 0.649855185893376 0.670898780979506 0.191106143375308 0.326694244658874 0.135821684630656 0.0844661968462715 0.110218236592996 0.117111316075039
"ufb127" 0.648092431199649 0.568819412245258 0.155234309107273 0.317995674513433 0.101285755781917 0.0590279727611327 0.0905215226290577 0.0755894549783199
"ufb128" 0.638686569866211 0.571280329731147 0.151653375824919 0.306504897960776 0.0983678923319574 0.0574998496943314 0.0907373018251386 0.065402631184675
"ufb129" 0.695121951219512 0.653754578754579 0.164426655601288 0.691042163542749 0.124400348136152 0.0598692305150721 0.025263308497636 0.080515691821605
"ufb130" 0.607465730529425 0.552083916204316 0.139651827959426 0.308303852160744 0.0918585116485921 0.054588633138012 0.0737006463719049 0.0512084196106639
"ufb131" 0.617786924678152 0.575170033499137 0.161657040136609 0.416434630271256 0.11799915291175 0.0573468796999886 0.0502255281061435 0.0916067582329711
"ufb132" 0.619060661809686 0.588762164022654 0.165952229168984 0.271222530129026 0.110663089240631 0.0612334121063922 0.102166364330779 0.0993763538811401
"ufb133" 0.784068680863283 0.805929396558688 0.227206369511673 0.47029442922885 0.166698855833317 0.11088268404672 0.150225726787312 0.162369071499462
"ufb134" 0.781488528817465 0.796932812779096 0.237574843707195 0.402145173343591 0.169342313368024 0.109334925430506 0.174832262925574 0.162574408716287
"ufb135" 0.797619047619048 0.849357101110462 0.203233249842469 0.797462595242791 0.166918428199572 0.0796328191726592 0.0709097149244039 0.15600708114031
"ufb136" 0.631016235803548 0.663414222078392 0.195156701449524 0.165375247808768 0.12798913344451 0.0776637558172224 0.152647968654535 0.116607265858634
"ufb137" 0.624634887788081 0.560861120103593 0.138818218135586 0.343983577770074 0.0974300976871261 0.0548729063189562 0.0613079976373969 0.0417699425256485
"ufb138" 0.639813155066148 0.58441215323646 0.155716633406597 0.315424610709155 0.103562271580614 0.063999164140508 0.0860814586599476 0.0698759507076319
"ufb139" 0.649418591755585 0.622073040856408 0.177439843167237 0.180728861673456 0.116945848607745 0.0563572063425121 0.129919898906488 0.0934043473758695
"ufb140" 0.614287039818514 0.60192866484626 0.16502170133634 0.166107758219323 0.110453398286123 0.0448077963160224 0.12017678175199 0.0853614982052042
"ufb141" 0.630890838176709 0.597973693917266 0.167886809485228 0.156376577486265 0.107202128950261 0.0549407394057241 0.123186921364556 0.0817549529149803
"ufb142" 0.651051384658176 0.624652323336943 0.177266137755802 0.195145605901687 0.118817732900491 0.0600652176918769 0.128208724993771 0.0931869969295621
"ufb143" 0.647677830346207 0.627740109805945 0.17931794250407 0.205016809111195 0.1196001994719 0.0674091822275539 0.123682883377175 0.105880501488108
"ufb144" 0.716479901066718 0.720791911797616 0.21734001959065 0.283945677685841 0.14343040694381 0.0917827521151192 0.164293451064169 0.136511192428521
"ufb145" 0.770265879941427 0.770472711873379 0.228060915529948 0.402854404368824 0.157785297418208 0.10187944581236 0.164555566036142 0.156759642052199
"ufb146" 0.759961075493799 0.741053635716199 0.202838887427674 0.404097682845966 0.14768880800167 0.0895172731756998 0.131220118189424 0.113860261535023
"ufb147" 0.729700621669813 0.68985164425475 0.187741279155109 0.336449611233172 0.131866563670428 0.0757025258327207 0.120807661098486 0.0950050491340431
"ufb148" 0.722766882433909 0.687254298878483 0.186419264852042 0.320904939029869 0.130397103350244 0.0694101258169961 0.124167934287164 0.0933494803825451
"ufb149" 0.671395253891096 0.602303891808152 0.166990531254745 0.333798715007115 0.112609871993681 0.0702513698686938 0.0980971553201895 0.0885884157162723
"ufb150" 0.636705608463503 0.607975102308506 0.167851213213857 0.225167740547102 0.110377091425938 0.0685550322596521 0.113995034598996 0.0834111250154579
"ufb151" 0.644317351599271 0.617644364633149 0.175527426617387 0.180728861673456 0.116095637705804 0.0585067728904772 0.127928872966665 0.0916578500577626
"ufb152" 0.698857617081902 0.743233738034802 0.219642449804367 0.287129565816719 0.152125400333009 0.0950172799383283 0.163755614632778 0.139177526542399
"ufb153" 0.677792832754712 0.715362004099468 0.211410547485911 0.262552321213682 0.143675908822288 0.0953631939718576 0.157931965032557 0.134854171407619
"ufb154" 0.632400869097546 0.60552565300187 0.167780454109555 0.213342626749628 0.11077389535377 0.0654495700882955 0.116191871410266 0.0842275063061013
"ufb155" 0.621303634653995 0.617078347793566 0.174457148665161 0.143563027940764 0.113939780762463 0.0461733342683449 0.131485213415296 0.0970339518689771
"ufb156" 0.657731526152845 0.635348975125708 0.183622808706292 0.192873090387753 0.122829354640981 0.0623847438069567 0.133133758365237 0.104499450238918
"ufb157" 0.690698741527046 0.65378227145921 0.163663054893424 0.45862908252787 0.116987498471601 0.0676578020266999 0.06877907006244 0.0728211986946394
"ufb158" 0.622696624950459 0.643870183807693 0.185563444049641 0.143824026975501 0.120082261035052 0.047686918491897 0.144493567508756 0.109081749144014
"ufb159" 0.629029427828902 0.64798005470433 0.200465147588805 0.416297396270521 0.146132709276848 0.0834849649801163 0.0941919613265235 0.127632174343033
"ufb160" 0.698820235831256 0.579338390552905 0.1332395388907 0.578018294267769 0.0956282155507416 0.0584636127837263 0.018112351127505 0.0353863680256916
"ufb161" 0.640784125359218 0.606786080593147 0.168203308605482 0.168557958258688 0.110335869162705 0.0553823078565689 0.121510315096054 0.0829080752102616
"ufb162" 0.66328824823911 0.605214753622253 0.158408515943506 0.383521353819808 0.112152393858044 0.0644028021991785 0.0745121351507396 0.0673799155400931
"ufb163" 0.626506024096386 0.508066374740724 0.140616713010985 0.626076086044969 0.100162711039534 0.042717052146657 -0.00237702643236988 0.0221527920470242
"ufb164" 0.630481087961497 0.569668712176913 0.153013509072089 0.298500899160438 0.101117447037601 0.0639827253576967 0.0920304204655227 0.0667482489500076
"ufb165" 0.619633668458265 0.613073980661124 0.170794880486557 0.168093519829574 0.111756737057257 0.0471060315879173 0.128134324875645 0.0906348849070313
"ufb166" 0.67566837031155 0.683972718024419 0.204003316785871 0.212834062303394 0.130843616225047 0.083757885269864 0.154772258056977 0.123092241537175
"ufb167" 0.713496747974853 0.663173078398576 0.177171481066812 0.436273608041854 0.129073480240046 0.077537928330543 0.0833827789800099 0.0993441621628502
"ufb168" 0.643147215580602 0.616277647872873 0.174719023110913 0.16855254258882 0.114417156536265 0.0538735379807937 0.129468235420115 0.0885143837975075
"ufb169" 0.639624406032194 0.612461583678894 0.172989986050916 0.170596423153311 0.112979015486119 0.0543406531190758 0.126543361997559 0.0886399106349608
"ufb170" 0.643508238730323 0.616887174748981 0.173229662404692 0.284476421761417 0.11998636858254 0.0662015824298154 0.110094845054213 0.103737914181311
"ufb171" 0.613951965700961 0.608614697120159 0.167608635792047 0.155975183605204 0.10821311641747 0.0417626040983426 0.124775943904273 0.0879446011321245
"ufb172" 0.661918937237106 0.595786389598073 0.160708426684222 0.322184814898553 0.109244172125189 0.0684157381363511 0.096377744540394 0.0736454506107417
"ufb173" 0.648387420392244 0.584587300804184 0.155833919782504 0.30614714226059 0.106574373596638 0.067629507811847 0.0951881411562732 0.0671056043144582
"ufb174" 0.621648749269502 0.56832737552162 0.151047366318635 0.273871257173472 0.102027029005455 0.0648393135274449 0.0933671093559388 0.0619631715203445
"ufb175" 0.616062002918596 0.569828874204827 0.149293656193752 0.274360799107146 0.100568004608365 0.0642500545718639 0.094215094241129 0.0589752431349736
"ufb176" 0.835890491348885 0.823466531639872 0.216656077195569 0.607725582236042 0.167091063894966 0.0998737007845578 0.12795607617731 0.143321711556279
"ufb177" 0.632179842043321 0.61551562147215 0.174687003635157 0.156213477090667 0.112073179013621 0.0489069897761246 0.132222518786764 0.0903839752070721
"ufb178" 0.63968052608042 0.610681010469695 0.174433719429699 0.284332323001381 0.11979655970688 0.0705019785065956 0.106561222713973 0.106246297641085
"ufb179" 0.642341460439506 0.566242430382904 0.143833983153996 0.349329412688092 0.0975116594881221 0.0593639041349288 0.0667806922612485 0.0491548447018779
"ufb180" 0.671420462713267 0.627710954072074 0.172836294380525 0.307610021685 0.11971473249065 0.0715070462807135 0.109519005868293 0.0880993164889562
"ufb181" 0.633966663026352 0.668839245322243 0.199179974057974 0.181557196683332 0.131628118007555 0.0828737948129409 0.156907007738385 0.119788591132859
"ufb182" 0.633680485374928 0.668332906396463 0.196780592739682 0.153395891225424 0.131505990073622 0.0729239082780048 0.154357627647631 0.119380544493717
"ufb183" 0.667606850036003 0.638593609070996 0.172748669796626 0.404405138969837 0.124756917478182 0.0758914106550876 0.0792385986229954 0.0875278135847936
"ufb184" 0.664221710937563 0.589413863666159 0.150174277628015 0.346967721192988 0.102373217695449 0.0675880979135977 0.0799535630023166 0.0606463655404257
"ufb185" 0.648835634339727 0.585362849139072 0.145261569483619 0.319456664282822 0.098711203714995 0.0663071694459433 0.0797000268320606 0.0502803909973241
"ufb186" 0.672237993368231 0.592372849452246 0.153111486178102 0.374805866668899 0.104410998273396 0.0681859971763899 0.076799202265555 0.0688062758056115
"ufb187" 0.620418656924413 0.60767276222073 0.169454977136533 0.170008742659647 0.110935490218582 0.0471312538211538 0.12392464439379 0.0899739100103517
"ufb188" 0.614712696850744 0.553152317356893 0.139031223090289 0.31554538682271 0.0917319896892425 0.0546948287022426 0.077177669764772 0.0517710308623565
"ufb189" 0.783132530120482 0.802734943264475 0.194848829721621 0.782848378474046 0.160001733687335 0.0761608633439105 0.0604773611779302 0.149001256870863
"ufb190" 0.686500975488604 0.64477818148003 0.181471424319018 0.299436328068849 0.120595179207777 0.0741867597489788 0.122637904616887 0.0957831788681907
"ufb191" 0.585361212110259 0.564620966234472 0.152418960204179 0.19130681984471 0.0969982608670074 0.0456675143165275 0.106893054110058 0.0727816922343789
"ufb192" 0.595130992057179 0.544632342080155 0.147633263021774 0.212735516016637 0.0938964279879603 0.0504303706614077 0.096807339539821 0.0608309780811981
"ufb193" 0.7469812751225 0.717754810940667 0.193135155968247 0.372672405529704 0.138132379471885 0.0742388762730241 0.126646016599498 0.104056702319884
"ufb194" 0.624565094912631 0.591633235234346 0.166036377518395 0.158281130210395 0.105898888372852 0.0558045627098612 0.12033095882371 0.0815750691965166
"ufb195" 0.684336760987973 0.561821493624772 0.13543765569559 0.575836985667012 0.0994279253042966 0.0601855038213364 0.0203124042510251 0.045309032269916
"ufb196" 0.610835650076874 0.557685834401656 0.139833450708084 0.287621647868686 0.0921680199338431 0.0542362683078423 0.0781114374704981 0.0526509259868541
"ufb197" 0.627328720730632 0.64104698612318 0.185299814729022 0.143824026975501 0.118661935076701 0.0503326128219901 0.144216644060349 0.107047447121074
"ufb198" 0.686746987951807 0.566859306496612 0.148866266896935 0.686455415141848 0.115300091209557 0.0528481016973141 0.00716751134358243 0.0635597563985818
"ufb199" 0.683847018356424 0.599399088052643 0.157903484674089 0.385862515737808 0.109305130541576 0.0604122642213215 0.0738218363593642 0.0667431746250965
"ufb200" 0.676347770422601 0.664618568227177 0.183814551544004 0.331368160849258 0.126660994447723 0.091374572593071 0.116312520583546 0.101077480971726
"ufb201" 0.624027930526413 0.61121186274591 0.165552630356799 0.215937071921921 0.109862714858288 0.0616264404634899 0.108831491090245 0.0834164309654767
"ufb202" 0.641991266547053 0.571188747731397 0.143478001506465 0.371906259649744 0.0993073276701888 0.0601008980855048 0.0663549359030611 0.0573850430126503
"ufb203" 0.687879238880677 0.645280528052805 0.169308960487328 0.416772905788316 0.118777765772408 0.0750905149985736 0.0861647154686274 0.0900065262442797
"ufb204" 0.654179258599108 0.604501082266596 0.165611569068164 0.272308177581092 0.112272590016261 0.066701217381343 0.108937285170049 0.0747510921930029
"ufb205" 0.613035549486386 0.602816303731256 0.165759381629455 0.180150133384736 0.110545589781753 0.045905053747844 0.120007891253237 0.0869884671083754
"ufb206" 0.765787907675571 0.706684264162922 0.182597410836993 0.497853720585082 0.130262465441515 0.0781516246831008 0.089568791686447 0.110846358603263
"ufb207" 0.611230009710353 0.60098178022351 0.166055611271567 0.142188145776042 0.104687564746373 0.0478592359108113 0.123526827414304 0.0877706109706895
"ufb208" 0.761812142738826 0.697787752484771 0.168883353137354 0.62479105494068 0.124332118551998 0.076981505225505 0.0573991379301224 0.0961131784673378
"ufb209" 0.621387159974492 0.622451145095185 0.177021081632402 0.145359041237835 0.114792065245205 0.0462216030980359 0.13466873125836 0.0988416696332629
"ufb210" 0.629556385365047 0.617696932326191 0.174562466103795 0.180165147274933 0.115918132921163 0.0489794130501475 0.130226662650776 0.0923599196621211
"ufb211" 0.801031122365645 0.827829741087163 0.219631726182431 0.595725006446652 0.170699021329667 0.105627064254823 0.131268665377124 0.141057056580802
"ufb212" 0.675316600971506 0.59686900147139 0.154260380041427 0.370741176167608 0.106838636998115 0.0668255619802446 0.0779403356505818 0.0720578695815488
"ufb213" 0.761439368792528 0.708290289256198 0.167634733642555 0.64154082925893 0.127550881737443 0.0794873240189596 0.0563494573541556 0.0899390994445025
"ufb214" 0.613405327615446 0.596822081859591 0.164096638720756 0.16805864596371 0.105028674110307 0.0476917961452194 0.119973123965391 0.085552505332234
"ufb215" 0.631836437868718 0.533885335321587 0.135271867462348 0.523833694949156 0.0953365000379531 0.0558519938021402 0.0197441270755292 0.0256405507631767
"ufb216" 0.631006483300581 0.655538447108022 0.193634662859093 0.133270303463725 0.123655619864362 0.0548062517277962 0.152921218000202 0.114659732260214
"ufb217" 0.617477952341696 0.595944456828828 0.163215608103204 0.143723724401247 0.107319615314077 0.051026546159431 0.116235178729048 0.0857508006845636
"ufb218" 0.634866301600428 0.623940262696775 0.176532836130737 0.296279456426322 0.124401295896032 0.0639338952253151 0.108832914645794 0.108846311845084
"ufb219" 0.682673265875224 0.639032282918561 0.160234384986164 0.473915115532575 0.117783608211468 0.0665108984972706 0.0649614111653063 0.080347461038664
"ufb220" 0.726190476190476 0.72974385781495 0.171869322892536 0.722587917834283 0.132829318393693 0.0629795582735538 0.0343370042468542 0.0998218080622577
"ufb221" 0.622423303808466 0.589695694284896 0.166006339417848 0.156449455602253 0.106550017868235 0.0554020216576829 0.119192603445166 0.0836787584631887
"ufb222" 0.649736007382045 0.623906614004132 0.176962901263593 0.192873090387753 0.117540910572145 0.0617508721181774 0.126061967291139 0.0997778587503471
"ufb223" 0.668424712253169 0.619937129730383 0.172881068737526 0.287291274860298 0.118611186442697 0.0742076625557239 0.113531373925671 0.084652055198797
"ufb224" 0.679732988294522 0.635940708418891 0.166984065794038 0.443098896470979 0.121285030636333 0.0711238459142792 0.0722926340386056 0.0867404532750334
"ufb225" 0.777404878833643 0.785734900258589 0.230765259143597 0.408597281903253 0.162267475580624 0.104390843611586 0.161671132200968 0.169958079350232
"ufb226" 0.635890755706727 0.606892267065285 0.172522422447518 0.156314411872973 0.110482082479194 0.0552226048926494 0.128834531780723 0.0860759913481373
"ufb227" 0.657919446735008 0.674674181049665 0.217890157415557 0.440144143195991 0.160012113837438 0.0881760988335879 0.11393308196365 0.15072902477023
"ufb228" 0.621951219512195 0.559638502856168 0.170130385829644 0.62183354100971 0.1314949320147 0.0597338249973261 0.031916985483958 0.0825938694066409
"ufb229" 0.599837417074923 0.563633120845516 0.14602405735333 0.235658518564941 0.0934863927969355 0.0488512964774265 0.0950558036429421 0.0602946668197113
"ufb230" 0.778517788635805 0.705272142341278 0.179798093041682 0.504113065856278 0.130438783134842 0.075420625921172 0.086450883428476 0.113528492576609
"ufb231" 0.66289777015016 0.56930277462956 0.143111423973971 0.425168984242533 0.101351385848311 0.063955846001893 0.0576332170736954 0.0597257492073751
"ufb232" 0.602148562487328 0.576745536433148 0.1564460028292 0.22704414879748 0.10370884131301 0.0470744823511973 0.101920260330777 0.0819889037541618
"ufb233" 0.642578269341267 0.622200610418499 0.177336352756408 0.19520992931355 0.117746535719047 0.0563668169075272 0.126422408190899 0.0977303819852443
"ufb234" 0.638762672252368 0.580769150920733 0.152550285502493 0.313967030595949 0.103842909200076 0.0675335661665504 0.0949696246046193 0.0616998240405312
"ufb235" 0.617242845304721 0.614584504340792 0.172650484157089 0.155969175495255 0.110423427022085 0.0463877460940546 0.130468987674896 0.0930632656419248
"ufb236" 0.608524536624211 0.598516075845012 0.162955513383567 0.154140002447975 0.104766799882437 0.0441813389814502 0.119901541058179 0.0847568356184503
"ufb237" 0.623627143435034 0.591290378897099 0.164060646245367 0.156376577486265 0.104482547216295 0.0501737842458087 0.119139281617765 0.0789956079763227
"ufb238" 0.669182708686368 0.656857276864376 0.182928955378496 0.364341455452923 0.125733086240944 0.090850640146682 0.109300436574674 0.104898536427964
"ufb239" 0.635511192030734 0.631081672307079 0.171833713069798 0.272854134315794 0.113806820001723 0.0734575437377569 0.112303886869015 0.0891860992935381
"ufb240" 0.631591928369506 0.673346008010935 0.200034280369677 0.177167539278371 0.132505565960916 0.0759969934423131 0.157783162565552 0.120423430239669
"ufb241" 0.648218630902615 0.598507970695071 0.159781261098325 0.319287774541464 0.10518690831572 0.0691758130099549 0.0904068550799275 0.074068191377055
"ufb242" 0.627007672486454 0.631010555233245 0.181475806275512 0.143700573679388 0.117940777911779 0.0471377917254706 0.139728286960581 0.102559894478361
"ufb243" 0.594846042266515 0.556307818965704 0.141015819429831 0.247862835731845 0.0923753920557969 0.0474306167701054 0.0913244477028101 0.0553105471825934
"ufb244" 0.746987951807229 0.698677610579115 0.16058535846089 0.740485160782807 0.125512232749607 0.0602199643615444 0.0211511649782175 0.0892712805239016
"ufb245" 0.683133217834412 0.609131230420893 0.151858710780758 0.389801060491325 0.10115985445465 0.0666346850774525 0.075539356443944 0.0646868645164142
"ufb246" 0.618425715361581 0.597767462393592 0.163229721350212 0.142172127883635 0.10729868161636 0.0511633605076177 0.119047619572647 0.084549457435223
"ufb247" 0.667635397538735 0.665795332832182 0.197444891387294 0.189120034164633 0.126829792847115 0.0778202991368799 0.14961711259858 0.116567204588727
"ufb248" 0.659614225240926 0.64393365215 0.189765730414235 0.179486915023231 0.120344602666995 0.069251308059553 0.143011030129694 0.108391157892282
"ufb249" 0.640283844245418 0.578468231606533 0.159748084990256 0.301504305402695 0.104254916757357 0.0647734018846236 0.09525659819611 0.0757366688304899
"ufb250" 0.743149319752575 0.692441407420728 0.183235951167371 0.556922803572034 0.137051045628877 0.074599712962676 0.0743531186845106 0.113613967701241
"ufb251" 0.732626703797471 0.747489297464234 0.224146240716387 0.307771679077713 0.150830577026132 0.0899836038864824 0.168560272528678 0.145908609683687
"ufb252" 0.571428571428571 0.448183041722746 0.147216509512019 0.57125962950958 0.108755056939345 0.0484259252786745 0.00558995950999512 0.0328336556516247
"ufb253" 0.757350059719984 0.758674356861668 0.218783406536923 0.427572537458938 0.15616953628353 0.101406478061025 0.140963723378145 0.16093707218375
"ufb254" 0.76868503193086 0.772780962306757 0.226390986799754 0.420711123489971 0.159208099002907 0.105683408961852 0.156903954398551 0.162655254685987
"ufb255" 0.654989080680912 0.626468871392535 0.179100021151845 0.19283798186876 0.120017028732392 0.0599942460644383 0.131702117442351 0.0927695333862663
"ufb256" 0.631905613509804 0.600666836561332 0.170196147060121 0.15453251668714 0.108761045880933 0.0546839365728336 0.125620313133526 0.0847902088788777
"ufb257" 0.609503455107178 0.556713997405218 0.141284230210651 0.275610809216491 0.0919594398156515 0.0549497163497219 0.0796517702070154 0.0526603614712189
"ufb258" 0.672606235040744 0.6626937941669 0.184112032347664 0.331303781798945 0.126158240260767 0.0913400513408292 0.116728180841411 0.101382538165109
"ufb259" 0.703030460253916 0.72220996856938 0.214360891263003 0.284063420400139 0.141740924225943 0.0917362166831875 0.161112405506897 0.132849870148712
"ufb260" 0.607910652098039 0.589689755170203 0.160688094300787 0.154103243845545 0.103620241310737 0.0472984966465709 0.116384658077253 0.0826326489380419
"ufb261" 0.65527132989836 0.558018959179725 0.137353023878488 0.520293175570032 0.0964864415112 0.057197854383204 0.0224828231484462 0.0387282163739906
"ufb262" 0.616669092088743 0.584213148307094 0.161594954376521 0.158281130210395 0.102894312126963 0.0485595431680698 0.115627016785804 0.0781783359945239
"ufb263" 0.626173104946428 0.656953155359075 0.1939601899368 0.145278250626266 0.126248532107846 0.0584983865593938 0.153260860160968 0.117115262744007
"ufb264" 0.573011901618722 0.545500310984155 0.144157127026404 0.203295659280787 0.0929976215835911 0.04742737486731 0.0960796826052127 0.065017973613718
"ufb265" 0.615365399382467 0.578424430307051 0.157957251968258 0.250803455996107 0.104771232279029 0.0475448510354564 0.100849034825964 0.0865713695589261
"ufb266" 0.613769449920458 0.575288988440462 0.158024963497541 0.262779991273051 0.107949694415517 0.0529842926106707 0.0936774272595928 0.0821524426975424
"ufb267" 0.625546179083563 0.63131800617347 0.179372684114751 0.153809923357686 0.117287902788979 0.0467272673412382 0.137937606448133 0.101003350049035
"ufb268" 0.667284206758236 0.632474287663326 0.175998879560962 0.272743164903078 0.115076217111675 0.0690138805703601 0.116768451731291 0.0926098184583043
"ufb269" 0.602409638554217 0.459115044247788 0.137018426977666 0.602007562326199 0.0953201475703967 0.0415446705014243 -0.00657403527456944 0.0087612875570167
"ufb270" 0.616922338947481 0.598829334967634 0.164763608086117 0.145560489905315 0.108663709959543 0.0487552098452663 0.119891768059565 0.0856291521321504
"ufb271" 0.666666666666667 0.540472175379427 0.141466451577591 0.666450436313619 0.103662117442006 0.0464857994097667 -0.00111504288178738 0.0282327551049628
"ufb272" 0.637966843786129 0.568144178191908 0.148076178825944 0.331715821322074 0.098813284895651 0.0587624814323163 0.077810831306835 0.0628092463401861
"ufb273" 0.629230174993167 0.558404176117181 0.143071935424134 0.323796148491688 0.0956837607264712 0.0601920899804238 0.0774755084178847 0.0572236200972882
"ufb274" 0.612075540560783 0.593511119470756 0.162555862324614 0.142148785513825 0.107663402917567 0.0485117525631789 0.116636316519788 0.0852492341376836
"ufb275" 0.626486193420351 0.617239267011796 0.175211118404713 0.142201971933304 0.114595089327768 0.0512736643357143 0.132273090706807 0.0953827721832577
"ufb276" 0.670763416298452 0.604031833524293 0.154290502107272 0.40235815709975 0.10860324305996 0.0597927110818391 0.0698896102149971 0.0750508505042533
"ufb277" 0.582596615482026 0.559459618350184 0.150007421439309 0.189024906142908 0.0959517459644624 0.0449913023729551 0.103410557398697 0.0714396898782606
"ufb278" 0.586615236309025 0.559592473486589 0.151431271206856 0.205755973111384 0.0974525296157968 0.0514069781352634 0.103763112792815 0.0723172141559299
"ufb279" 0.656357782718107 0.57001004787517 0.133720393614745 0.499579717117947 0.096414352095973 0.0664917755922652 0.0356631282776923 0.0337012067096907
"ufb280" 0.632797789124389 0.558828380364051 0.155368580177441 0.343759523753263 0.107034242791858 0.0765201487314294 0.0794548088335875 0.0661815144889226
"ufb281" 0.619088725014432 0.609211471434701 0.170877130975025 0.157832035224433 0.109164014792894 0.050363324483189 0.128228918054501 0.0899849281728354
"ufb282" 0.58749194291533 0.539099828573513 0.13009522463081 0.263997396163325 0.0855057947252627 0.049698371355436 0.0737790813992952 0.0393237791945606
"ufb283" 0.621370842397568 0.561881682605033 0.145023404064646 0.287616199575086 0.0964157911737768 0.0569162643779953 0.079558502045663 0.0575775321484017
"ufb284" 0.631816764140872 0.660749425878343 0.19634203936831 0.165354888962758 0.126536217805742 0.0782268048540795 0.15230837723647 0.117142658570454
"ufb285" 0.615450971770626 0.601622532528958 0.167769205798849 0.155949420062876 0.106969161354962 0.0495389773766889 0.124464716035601 0.0875245502590931
"ufb286" 0.73235195600663 0.610392053578147 0.136418015911314 0.636273974557013 0.101790768579572 0.0628337937892768 0.0214170088570081 0.0495598342001336
"ufb287" 0.618585351065221 0.638240992445519 0.182949708843507 0.143824026975501 0.115953068312462 0.048333453775046 0.141748028564882 0.104789926216013
"ufb288" 0.618420875214297 0.621525021684463 0.174065491457995 0.141996494260843 0.114842275278847 0.048411143071051 0.131945972192159 0.0964143899725747
"ufb289" 0.646266757943516 0.614632313247634 0.171980406879723 0.180706995740111 0.114139353814104 0.0601726527766942 0.122637588420855 0.090628248406976
"ufb290" 0.68308442620421 0.652972585534579 0.181466078451285 0.294845760009336 0.122512090292492 0.0751213210515392 0.122691672154565 0.0956733159656226
