0.2519973 NA NA 0.1944882 NA
NA 0.01273147 0.1163963 NA NA
0.1511582 0.1071845 0.1976587 NA NA
0.1404776 0.1317279 0.0383497 0.1341369 0.1406129
0.2740742 0.08326931 NA 0.102903 -0.06430864
0.1488777 0.09542289 0.04710391 0.2235564 0.2018045
0.004542444 0.09297922 0.2573736 0.05713106 0.08698381
-0.006241355 -0.0283118 0.074074 0.08483838 0.2363334
0.2227873 0.1053362 0.001935178 0.05559428 0.0204086
-0.03229321 0.09074977 0.03501254 0.1722681 0.1088244
0.02348772 0.06953932 0.1398849 0.03531004 0.2216107
0.169855 0.04304939 0.02180867 0.2470165 0.09745977
0.04630891 0.2471865 0.1860558 0.0933254 0.04580937
0.1095803 0.0525148 0.06492815 0.02791648 0.07425999
0.03380279 0.03915186 0.04554663 0.1722532 0.03294329
0.1321842 0.05782566 0.07685507 0.06254827 0.06751649
0.03688586 0.01620801 0.04546255 0.01599243 0.0117575
0.1109822 0.055474 0.05056901 0.06731501 0.009134926
0.04642113 0.05561117 0.05878077 0.09344357 0.05131174
0.01678864
