NA 0.0816878 NA 0.2410578 0.09756056
NA NA NA NA NA
NA NA 0.1022855 NA NA
NA 0.1706968 0.1026339 0.2762468 0.1081363
-0.06393879 0.2851622 0.1338735 0.1279353 NA
0.2287994 0.08981649 0.03302642 0.1647629 0.06030729
0.1331056 -0.001296944 0.1471937 0.02141526 0.09762305
0.07309563 0.06982819 0.1694772 0.1155246 0.03726044
0.1152368 0.1566246 0.07136701 0.07409281 0.1072173
0.1490856 0.2100119 0.02912996 0.03497575 0.06860226
0.02576469 0.1536805 0.02005887 0.08296597 0.07973866
0.05668015 0.01062719 0.1396436 0.1322562 0.3186122
0.1351485 0.05077056 0.01272578 0.02197642 0.1074388
0.136877 0.05814871 0.1593766 0.03896128 0.02672528
0.05371912 0.05670971 0.02348828 0.03555917 0.1087758
0.1125159 0.1200716 0.1114558 0.04322591 0.1423807
0.02385798 0.0480652 0.01850075 0.05563259 0.01387128
0.01857609 0.08594482 0.02147649 0.06406624 0.003882093
0.01767492 0.1151472 0.02911247 0.004047535 0.07469236
0.0220233
