NA NA 0.006333929 NA NA
NA 0.08405703 0.1351867 NA 0.1645058
0.2447099 NA NA 0.1246181 NA
NA 0.0970179 0.1712411 0.05334031 0.1837688
0.05874793 0.1939246 NA 0.02219578 NA
0.09107632 0.2618164 0.1878747 0.1312812 0.02163597
0.01308288 0.1246181 0.06675137 0.0621295 0.09844974
0.1407722 0.1886684 0.1663068 0.1783058 0.2865408
0.07094267 0.07624626 0.2224074 0.09953747 0.03304727
0.2212299 0.07220751 0.04561523 0.06333744 0.1308978
0.0417421 0.2235513 0.1271772 0.05205724 0.07320282
0.2550271 0.06476843 0.1860309 0.09686972 0.1851902
0.07943988 0.07541161 0.09836621 0.1717405 0.1603601
0.1214175 0.187117 0.1527886 0.07653187 -0.006139705
0.04416481 0.06814212 0.02684558 0.05417072 0.1164573
0.03765023 0.09730623 0.1416405 0.04828676 0.07318261
0.08412893 0.003985533 0.01425268 -0.001771634 0.0377703
-6.349266e-05 0.03460834 0.04617454 0.01924834 0.02626309
0.07470808 0.01125065 0.02428019 0.03851029 0.01266282
0.006715879
