0.1365821 NA 0.1522313 NA 0.2316244
0.1939246 NA NA 0.1229491 NA
0.07280166 NA 0.2086557 0.1942937 NA
NA 0.2204754 NA NA 0.215983
NA 0.01996442 NA 0.1020517 0.1563344
0.09151491 0.02914691 0.2928759 0.1049317 0.1799686
0.09012711 0.0378029 0.02287958 0.04714594 0.07304678
0.04149677 0.09182089 0.06160762 0.1899621 0.1741745
0.1008401 0.1998984 0.09343472 0.04549992 0.03171927
0.04368465 0.08887524 0.02907707 0.0903559 0.001891609
0.02578347 0.09408095 0.04013229 0.09478246 -0.003152877
0.04989832 0.05833422 0.09970797 0.1560737 0.1792437
0.1211171 0.0255307 0.1475058 0.1047834 0.1046787
0.1130202 0.061778 0.05347292 0.06012734 0.1197902
0.01410373 0.01284189 0.09836504 0.05567468 0.102731
0.04971713 0.1444666 0.08811838 0.0588526 0.1668876
0.05515973 -0.03258292 0.01205312 0.01033792 0.05033469
0.01321311 0.04179209 0.02491571 0.02465435 0.02484578
0.02004935 0.01462026 0.04662658 0.006645512 0.03707746
0.02071418
