NA NA NA NA NA
0.1357592 NA 0.2061055 NA NA
0.1316197 NA NA NA NA
NA NA 0.2959893 0.09634429 0.2704436
0.2267729 0.1316197 NA 0.02266205 0.09862373
0.1726885 0.06615055 0.06509728 0.06223053 0.04227912
NA 0.119478 0.1397222 0.03903361 0.1298261
0.1347768 0.03475846 0.1883864 0.09010487 0.2049532
0.08761387 0.06210564 0.05855678 0.08699506 0.09718446
-0.01031575 0.1559985 0.03915164 0.02737528 0.05526772
0.02348621 0.08177279 0.06147167 0.1101525 -0.02403927
0.03272464 0.1083227 0.04265692 0.2295815 0.119734
0.1502234 -0.0213579 0.006556012 0.09621379 0.0724847
0.137856 0.06575153 0.09389444 0.06623759 0.08733742
0.02185578 0.04337876 0.1091499 0.06451854 0.07921117
0.04464637 0.08192633 0.01856933 0.1054694 0.05305778
0.06826851 0.04302515 0.01272577 0.04472524 0.007275275
0.00616395 0.01569194 -0.01068981 0.04591692 -0.01259352
0.04331058 0.005626401 0.003758969 0.02796632 0.05722633
0.05982276
