NA NA NA NA 0.1466501
0.1286192 NA NA 0.2208595 0.1066248
NA NA NA 0.1875945 0.1204911
NA 0.08850538 NA 0.1611625 0.1126743
0.1231864 -0.03671529 NA 0.1134319 0.2770609
0.1681866 0.1473644 0.112578 0.01518439 NA
0.02402193 0.298432 0.0777809 -0.03253905 0.1492815
0.1124035 0.1691311 0.03532479 0.1169941 0.1368424
0.01945939 0.1301312 0.07946609 0.06573348 0.1314251
0.2764831 0.02410634 0.2120663 0.01628321 0.01280767
0.03253684 0.2487776 0.02745766 0.04282823 0.06268893
0.2688676 0.001215183 0.2231897 0.04781283 0.07557923
0.1233091 0.09706603 0.1456274 0.05701946 0.07375213
0.1009364 0.07801008 0.2599264 0.03796886 0.02855126
0.04579595 0.04883481 0.02622802 0.01170606 0.01411548
0.094653 0.04424994 0.1021407 0.01775891 0.1750935
0.03262915 -0.01683074 0.07867714 0.02426549 0.005946243
0.04025782 0.0772456 0.05870239 0.01182174 -0.0007679391
0.01811582 0.02021197 0.04149292 0.03077094 0.01441425
0.02374712
