NA 0.0675699 NA 0.1706968 0.020986
0.2087037 0.1286192 NA NA NA
NA NA NA NA NA
NA 0.09525624 NA 0.09194991 0.09485474
NA 0.3108587 0.06684369 0.1855317 -0.05833853
0.1316197 -0.01067707 0.1049891 NA 0.05253411
NA 0.1096629 0.2860671 0.1240906 0.1663995
0.09130869 0.2437902 0.1716278 0.1461263 0.06403562
0.06532291 0.07150554 0.0970179 0.1921084 0.06516394
0.1155652 0.1620518 0.2400274 0.2510572 0.04556408
0.06358142 0.1628733 0.04929447 0.1623873 0.059889
0.0674409 0.1845227 0.06502885 0.01274447 0.1519321
0.1323539 0.1361056 0.05655735 0.2237322 0.03102349
0.1086335 0.07749293 0.0617598 0.1010678 0.1684548
0.1344063 0.1489449 0.1385177 0.073175 0.09660829
-0.002575172 0.1620605 -0.007610058 0.136024 0.007194778
0.05307546 0.01480812 0.01830978 0.03833182 0.01531297
0.03282845 0.03347961 0.03999697 0.0513035 0.08440962
0.08030324 0.04795323 0.01031745 -0.001986345 0.02678098
0.07221693
