0.08054418 NA 0.1445968 NA NA
0.1565048 0.1944882 0.08054418 NA NA
NA 0.1246181 NA 0.08944328 NA
NA 0.1511582 0.07993224 0.2457143 -0.06727228
0.1820466 0.1241943 0.141164 NA NA
0.1603736 0.1278466 0.1059721 NA 0.1843718
-0.05132762 0.03700837 0.04632298 0.09415516 0.04499232
0.1789232 0.1246181 0.08752852 0.01635578 0.139224
0.06612619 0.1693032 0.1306417 0.05507485 0.1048141
0.1461326 NA 0.04211813 0.1168584 0.09301535
0.06842707 0.1915875 0.04601724 0.0242225 0.1866789
0.195301 0.02016523 0.1170208 0.1120862 0.0559923
0.04264386 0.06461293 0.03478425 0.1023555 0.1305469
0.147388 0.09082271 0.0894968 0.05684126 0.1385793
0.04393004 0.1234247 0.03962323 0.03785087 0.1380374
0.03237531 0.08286402 -0.01246251 0.05607801 0.03513604
0.05960958 -0.0002304029 0.03704663 0.07034005 0.04368694
0.08847151 0.02456805 0.03084016 0.03684209 0.02531086
0.03782645 0.01341979 0.02163452 0.02430091 0.1174043
-0.003783042
