-0.06268043 NA NA NA NA
0.2696639 NA 0.01345768 0.1316197 -0.02794522
0.1246181 NA NA NA 0.08054418
0.0008198804 0.04321071 0.06981859 0.09617495 0.1321803
NA 0.1942804 -0.06282763 0.1760878 0.1571086
NA NA NA 0.1298955 0.2127566
0.02078468 0.1448325 0.07817417 0.03281623 0.08861298
0.07322531 0.2244367 0.1998102 0.2400878 0.2503814
0.04770188 0.204203 0.2545244 0.1572218 0.0576775
0.2514391 0.1592264 0.05512737 0.1093631 0.04736206
0.0940269 0.1033969 0.260897 0.0501958 0.07944258
0.06144104 -0.02291608 0.1424534 0.01757152 0.07868567
0.2286416 0.2902073 0.279367 0.09689694 0.02861148
0.05333975 0.02093865 0.007303418 0.06230982 0.1465375
0.0007838154 0.04714735 0.1189241 0.05972582 0.1227009
0.01167115 0.07329895 0.09796534 0.0343982 0.09625778
0.02708657 0.06113393 0.03682542 0.04785102 0.04043467
0.06670858 0.1037636 0.06773619 0.01412932 0.05023127
0.008270238 0.03315554 0.01344155 0.0606654 0.0003013551
0.04760756
