0.14897 0.08944328 0.1944882 0.1286192 NA
0.1522437 NA 0.1503228 NA NA
0.141892 0.1316197 NA NA NA
NA 0.1313579 0.1771299 0.04098247 0.1133486
0.1887163 0.1056533 NA 0.2442682 0.2850867
0.046475 NA 0.07339585 NA NA
-0.04477009 0.1944882 0.1196201 0.249217 0.07146533
0.05368205 0.1055311 0.05905236 0.2969701 0.04793826
0.1844841 0.009586144 0.04836459 0.1652014 0.04779067
0.07679274 0.1093568 0.2573075 0.002332164 0.1061761
0.04321362 0.1017721 0.1267046 0.05412805 0.1051058
0.09429568 0.08291722 0.1794371 0.2576584 0.06811192
0.2217453 0.2119612 0.1607122 0.02675785 0.220828
0.07559047 0.05260654 0.107177 0.1427156 0.0285566
0.07164451 0.07912419 0.07720322 0.1715076 0.05986613
-0.01293386 0.04239901 0.0822733 0.06559713 0.08594321
0.01933517 5.032521e-05 0.02250988 0.02573621 0.006377328
0.0004369767 0.01569563 0.04481779 0.02956429 0.001687987
0.1308181 0.05849219 0.02156946 0.02106704 0.01142238
0.02564912
