NA NA NA NA 0.1944882
NA NA 0.06180435 NA NA
0.1233469 NA NA 0.1033973 0.1706968
NA 0.04926789 0.05749834 0.1286192 0.1393796
NA 0.1939246 0.1170963 0.200011 NA
0.03810978 0.1543238 0.1558024 0.126422 0.2059398
0.06481595 0.001930828 0.2226473 0.03208214 0.2907504
0.3099676 0.1017082 0.01868925 0.2589522 0.01560561
0.276118 0.2592763 0.100871 0.03047666 0.06738008
0.1456752 0.1390176 0.1215342 0.06023399 0.1325072
0.1385589 0.1286463 0.02985693 0.05070978 0.1790885
0.1943758 0.1956987 0.05147428 0.09230674 0.1284323
-0.003282668 0.2347969 0.08737991 0.0704919 0.1701212
0.04136515 0.1005612 0.01510287 0.1116467 0.1441698
0.03925763 0.1124479 0.0009076015 0.07826747 0.1229173
0.1078188 0.1664162 0.02199898 0.1296326 0.0381769
0.07231579 0.03240482 0.01844389 -0.008152963 0.02021038
0.1409009 0.01827131 0.01154483 0.00076086 0.04163365
0.06519642 -0.01504441 0.01958279 0.03887955 0.08624105
-0.004108113
