NA 0.1015989 0.1124422 0.1099102 0.1060606
NA NA 0.09756056 NA NA
NA NA NA NA 0.1099102
0.1246181 0.06729882 0.07932595 0.2205309 0.0782752
0.2393612 0.131244 0.1965803 -0.005150234 0.02892667
0.08525826 -0.02316729 0.1706968 0.02505834 0.2286793
NA 0.09756056 0.152543 0.09604323 0.00862353
0.1052564 0.07722126 0.2869644 0.1229359 0.03108418
0.1053063 0.08565938 0.1218193 0.09890855 0.03548309
0.176083 NA 0.06122999 0.04003654 0.162281
0.06491173 0.0731169 0.02787012 0.04368196 0.09891929
0.1571253 0.1580179 0.1760329 0.06379505 0.07599052
0.1707421 0.0473978 0.1611213 0.04135128 0.08925509
0.02955266 0.02352125 0.06983296 0.05736884 0.04164159
0.06481313 0.05667309 0.1209138 0.01987469 0.04796622
0.1735993 0.05942179 0.09039602 0.08007778 0.101934
0.01052159 0.1035231 0.03279926 0.00146925 0.005682839
0.03640187 0.09123667 0.03300159 0.01270625 0.0416824
0.03084991 -0.004838106 0.04334764 0.04381201 0.00191114
0.02062923
