NA NA 0.141892 NA 0.2475274
NA 0.08944328 NA 0.2325258 NA
0.247847 0.1300087 NA NA 0.1316197
NA 0.09826261 0.08902436 -0.04477009 0.1448544
0.03101592 0.04695259 0.04240017 0.2802903 0.0313071
0.3080753 0.1890297 0.1050717 0.1540957 0.1473408
0.0668129 NA 0.04631258 0.02439868 0.1126667
0.129985 0.2695379 0.2135998 0.06823387 0.06795673
0.0932995 0.02218718 0.1386396 0.04873343 0.05507573
0.0446827 0.1537492 0.1201329 0.06241164 0.07326383
0.2529921 0.02515628 0.1357614 0.1936743 0.00439826
0.1051088 0.1006144 0.2557975 0.2630241 0.1437897
0.07058191 0.1854802 0.1228999 0.06099045 0.1472529
0.05087228 0.06015489 0.05675762 0.09224189 0.06161995
0.03604642 0.06111345 0.02400114 0.06231259 0.1105438
0.09833328 0.02873785 0.1038331 0.08649138 0.08798534
0.0378723 0.06512865 0.004913773 0.03754517 0.05687434
0.04336147 0.02299719 0.002452556 0.03212857 0.05824402
0.02671936 0.06204861 0.04579425 0.01883892 0.02796667
0.04172445
