0.1939246 0.1944043 NA NA NA
0.0974824 NA 0.141892 0.2794803 NA
NA 0.1316197 NA 0.1292205 0.1246181
0.08618212 0.1096381 0.0897919 0.1187218 NA
0.1852142 0.3069203 0.1482427 0.1603883 NA
0.04411784 0.2839027 NA 0.09197189 0.07525531
0.1055196 0.2399122 0.08152297 0.0892076 0.182205
0.1407551 0.1276788 0.2250601 0.01588818 -0.04023999
0.1521655 0.04530041 0.01901826 0.1291266 0.2777941
0.1630014 0.2262681 0.003746919 0.1072471 0.07036428
0.1981544 0.05187244 0.1988373 0.1133358 0.1428518
0.08424912 0.1276431 0.09955604 0.07441718 0.05940181
0.1099719 0.2172099 0.04785431 0.2168619 0.1316255
0.06245984 0.0228118 0.1212615 0.1220804 0.05276788
0.07347814 0.05200874 0.08354112 0.02362847 0.08857357
0.07418499 0.07652591 0.02770055 0.06553472 0.03312873
0.05578441 0.02332089 0.05859508 0.004069115 0.04585436
0.03822347 0.04531443 0.0404178 0.01338475 0.03469009
0.04236247 -0.004657626 0.04414225 0.02173824 0.05527579
0.08164023
