0.20295 NA 0.1016251 NA 0.09817539
NA 0.2826873 NA NA 0.03120456
0.1467187 NA 0.1033973 NA NA
NA 0.1929161 0.05868746 0.2678528 NA
0.2078727 NA 0.2360253 0.1370731 NA
0.04337415 0.09490206 -0.06282763 0.1129122 0.01628346
0.1466952 0.07772414 0.01695927 0.2553296 0.06824037
0.1087617 0.1806621 0.09928225 0.145352 0.1861047
0.01357597 0.2092806 0.1083512 0.1103579 0.1883162
0.1877156 0.2007846 0.2148369 0.1678773 0.1188135
0.2600075 0.175047 0.195729 0.2179485 0.07703769
0.05586533 -0.001028631 0.08596901 0.1258537 0.1474553
0.03809925 0.1039188 0.09897806 0.02981726 0.03538262
0.1552929 0.08422181 0.03324394 0.1518724 0.14827
0.1720197 0.03264855 0.07947601 0.05035882 0.05401226
0.1032889 0.1266216 0.1049147 0.05585802 0.1125906
0.006035153 0.00105332 0.05345698 0.06424189 0.02954995
-0.01368009 0.02307253 0.02737522 0.01013553 0.04593422
0.1013223 0.04846739 0.04816076 0.04896177 0.05916629
0.09365594
