NA NA NA NA NA
NA 0.3011636 0.07744413 NA 0.08708751
0.1760977 0.3049819 0.2489951 NA NA
0.03135104 0.1970018 0.0732693 0.01667272 0.1613365
-0.04504902 0.07727512 NA 0.06985434 0.2930247
NA -0.04269048 0.1942448 0.1316197 0.1299798
0.03883175 0.1316197 0.1599445 0.0530136 0.1332182
0.1291629 0.07183804 0.218411 0.01150284 0.09118135
0.07920436 0.1812116 0.1383649 0.1992501 0.1028287
0.08881878 0.06703561 0.05216805 0.1928076 0.226657
0.01609761 0.03915919 0.1050933 0.1694677 0.1451692
0.01132661 0.198388 0.1617995 0.1441172 0.08195834
0.1339022 0.2265804 0.1166072 0.2679598 0.0853494
0.07983747 -0.001008448 0.07266368 0.04333935 0.06255348
0.02814918 0.04611961 0.03005075 0.1033447 0.1920679
0.002997244 0.07409019 0.02498633 0.1761773 0.0376034
0.0004182629 0.02436337 0.03742248 0.001583433 0.01364756
0.1104031 0.041575 0.006342096 0.05059682 0.0148054
-0.0008055392 0.01698256 0.04947732 -0.008222391 0.04297561
-0.01580925
