0.1522437 0.1124584 0.1316197 0.0329529 NA
NA NA NA 0.03701154 0.2996547
0.1309624 0.3011636 0.1511582 NA 0.1294487
NA 0.1902353 0.1317363 0.07335894 NA
0.1203853 NA 0.08434114 0.06384573 0.1961265
NA 0.0003659743 0.09904573 0.06998451 0.1705166
0.08430357 0.2176208 0.06299913 0.07547099 0.1145674
0.1450644 0.1400044 0.08989246 0.101635 0.04703431
0.08108308 0.2425501 0.07612272 0.05000956 0.08850394
0.03517109 0.2734937 0.160138 0.09580277 0.05224975
0.2348682 0.1467421 0.05719765 0.2169676 0.1116615
0.1708404 0.1542903 0.1009343 0.03005645 -0.01563111
0.2154359 0.07933367 0.1117397 0.1344282 0.07543141
0.09019612 0.1401395 0.05853383 0.08812304 -0.006179117
-0.001369203 0.04315339 0.08454005 0.1355202 0.05858956
0.09807476 0.07656909 0.07143117 0.08621331 0.06905752
0.0196845 0.02726748 0.07985208 0.02618005 0.07652112
0.03837484 0.06101254 0.03402691 0.02174678 0.1036698
0.02485613 0.02643451 0.02747912 0.03499105 0.005245493
0.01696501
