NA NA NA 0.1099102 0.200011
NA NA 0.04750404 0.1644976 NA
0.1590515 0.1244034 0.2293544 NA NA
NA 0.01870397 0.2519973 0.1865901 0.181521
0.131698 0.04695259 0.1241939 0.02511358 0.245259
0.2939026 0.08177511 0.1039352 0.03696462 0.183988
0.1036118 0.02097681 0.117396 0.1236735 0.09558886
0.2125472 0.2263143 NA 0.2387079 0.1226169
0.034206 0.06533924 0.0870799 0.2752132 0.1772341
0.051927 0.2652945 0.06613865 0.2833166 0.03862483
0.001318469 0.1933898 0.1217049 0.1026847 0.1756984
0.05961985 0.06195797 -0.05046022 0.09666846 0.1045368
0.1056227 0.07238788 0.0742308 0.03350097 0.05198253
0.2102614 0.05503857 0.1643472 0.1215207 0.05996543
0.04492647 0.1260425 0.1119523 0.1438714 0.04888398
-0.003345061 0.1201137 0.08142449 0.01419889 0.07788834
0.03127887 0.03922689 0.01421865 0.03049382 0.04982994
0.06654064 0.0223353 0.004368196 0.01850331 0.08582113
0.02664693 0.03525086 0.03566259 0.03110872 0.04648076
0.07781303
