0.2585947 0.1978993 0.07329486 0.1334821 NA
0.05284028 NA NA NA NA
0.1099102 NA NA NA NA
0.206092 0.113971 0.2788855 -0.002702908 0.1316259
NA 0.1041178 0.1562665 0.1107042 0.1068197
0.1230801 0.1652275 NA NA NA
0.07986838 0.3102081 0.07624503 NA 0.1457105
0.1875375 NA 0.1690037 0.0360246 0.1392069
0.1009775 0.01881826 0.1889965 0.1484261 -0.04056669
0.04205551 0.06508298 0.05793271 0.09294113 0.1806165
0.08028815 0.2368514 0.1319798 0.06152652 0.1722651
0.0532004 0.05705899 0.02603166 0.09982302 0.1994346
0.08924038 0.1437386 0.1167033 0.07847988 0.1073013
0.03571687 0.09617397 0.04526356 0.1017696 0.05016182
0.07943236 0.06351519 0.06302548 0.1544323 0.1086047
0.05295292 0.03667899 0.1068235 0.08651202 0.1474377
0.01409563 0.05579646 0.0133718 0.005497541 0.001614032
0.01099254 0.04909669 0.02161122 0.04926679 0.05311131
0.1109216 -0.001625245 0.04911445 0.01513577 0.01096219
0.03924904
