NA 0.3264802 NA NA NA
NA NA NA NA NA
NA 0.1522437 NA NA NA
NA 0.1112716 -0.01123494 0.1878735 0.1141959
0.133001 0.2750409 0.182759 0.1349214 0.08174663
0.02228468 0.2225039 0.08475561 0.2528248 NA
0.04089831 0.08881688 0.07574162 0.07565181 0.06694697
0.114675 0.1105469 0.2385617 0.2402166 0.1091858
0.115168 0.239482 0.1465639 0.06076188 0.04483028
0.05816851 0.167813 0.1044758 0.04022817 0.1216883
0.1298879 0.0428746 0.01491536 0.1356222 0.05164416
0.1794555 0.2041733 0.1471982 0.05054272 0.09187605
0.07542378 0.3303525 0.2010216 0.03459993 0.09250219
0.05894967 0.06485821 0.06412358 0.04578573 0.02816508
0.08174353 0.03591635 -0.004943157 0.01222074 0.1542867
0.1228842 0.03852572 0.04170183 0.0360173 0.1333835
0.05398899 0.01113896 0.05761834 -0.008137784 0.0383648
0.05324836 0.03425207 -0.009134568 0.02706002 0.0832779
0.003335532 0.05483741 0.04810918 0.02716531 0.01592989
-0.0004474941
