0.2296056 NA NA NA NA
0.1939246 NA NA NA 0.2784782
NA 0.03701154 0.20295 0.1812116 NA
NA 0.1928332 0.1238219 0.02944427 0.04162171
0.1121167 0.2256224 0.1194299 0.3091897 0.05759498
-0.01252228 0.2315934 0.1268938 0.1095822 0.1939246
0.07717541 -0.02932587 0.03722177 0.1878231 0.03069117
-0.01712538 0.2755307 0.06003124 0.158549 0.2093982
0.06346055 -0.0002991213 0.102491 0.04272278 0.1160811
0.1539824 0.2375655 0.04248015 0.07116966 0.07899818
0.06848294 0.08054005 0.07472773 0.02729797 0.006026241
0.0814839 0.1108793 0.181811 -0.02657018 0.05445768
0.06020872 0.1661678 0.2956165 0.138727 0.01064272
0.1659096 0.04957799 0.09345529 0.05357059 0.1573046
0.05233539 0.1251824 0.1440369 0.0918637 0.1549146
0.0953878 0.04625536 0.2453326 0.003800641 0.08911246
0.02216431 0.06345608 0.02767383 0.03672093 0.06623742
0.04604999 -0.02218126 0.05962474 0.06128691 0.05167138
0.0261337 0.05343865 0.04959577 0.04431515 0.0106087
0.004720165
