NA NA 0.1299592 0.2439717 NA
0.2907384 NA 0.1751106 NA NA
NA NA NA NA 0.2940434
NA -0.0597088 0.1434364 0.09562436 0.2569408
-0.04664 0.2007612 0.1437349 0.07341856 0.156793
0.2052736 0.2076495 0.2321005 0.2195888 NA
0.2339514 0.1334821 0.07918795 0.06916324 0.1457308
0.07377781 0.08421798 -0.006053133 0.1158586 0.1499925
0.06657214 0.249529 0.1082478 0.009562608 0.03796716
0.02974048 0.01904105 0.1035971 -0.009752455 0.107074
0.03460037 0.0414474 0.1114372 0.05612379 0.1332794
0.1843496 0.08679738 0.0976718 0.09693446 0.09959629
0.03659261 0.06045323 0.09398605 0.1303856 0.08424688
0.1532807 0.08348107 0.02227695 0.08783499 0.03491632
0.06092606 0.01584234 0.1527326 0.0396125 0.1360798
0.02488918 0.11564 0.02149213 0.06608108 0.08397809
0.07057402 0.04251446 0.01216286 0.03422695 0.03071176
0.05221912 0.02183281 0.01327164 0.05840531 0.02047185
0.01626898 0.08615407 0.02635743 0.004022833 0.05110873
0.0326174
