0.1944882 NA NA NA 0.1099102
0.1533694 NA NA NA NA
NA NA 0.1084809 0.06709683 0.1246181
NA -0.006865408 0.1477674 0.1984902 0.04711463
0.1135948 NA 0.1303531 NA 0.2016829
0.1112056 0.1786233 0.1645533 NA 0.07841294
0.1036751 NA 0.171938 0.1844329 0.1035055
0.1100781 NA 0.2548459 0.108108 0.09247163
0.05436019 0.1825937 0.2365355 0.2022369 0.09404663
0.2143582 0.240589 0.1609721 0.1455279 0.1553096
0.1984264 0.1282962 0.1318853 0.1696325 0.267926
0.06223595 0.1961534 0.09233441 0.1661326 0.1012266
0.1080235 0.09707893 0.1205279 0.07795829 0.06444489
0.04121503 0.07068917 0.1448095 0.1170343 0.1825409
0.03015867 0.1718781 0.02826612 0.05701375 0.07645599
0.07522811 0.1106461 0.2579358 0.09655723 0.1117792
0.01235526 -0.001963858 0.02263856 -6.399087e-06 0.002572561
0.006773561 0.02637964 -0.0001626621 0.06702417 0.07533664
0.009341869 -0.007000261 -0.002714481 0.04752475 0.02126593
0.02625786
