0.08113185 0.1412794 NA 0.3018709 NA
0.1346185 NA NA NA 0.1033973
0.07217468 NA 0.05494487 0.2499348 NA
NA 0.1182928 0.0422237 NA 0.1706968
0.1706586 0.09185241 0.2456919 0.2535521 0.132044
0.1010824 0.229885 0.02085106 NA 0.04306571
-0.04928274 0.1793756 0.2308988 0.2498295 0.04498564
0.2505186 0.1517172 0.1885697 0.04029279 0.3027225
0.1209856 0.3636953 0.1951943 -0.01355235 0.1987224
0.05220881 0.09982318 0.01226951 0.08011007 0.01716701
0.1120282 0.07865557 0.06673592 0.1738255 0.03756516
0.1771972 0.2063004 0.1893465 -0.01044786 0.1505842
0.05760908 0.1016093 0.1530616 0.05260481 0.009729015
0.05017167 0.2086847 0.09703554 0.1149027 0.1099229
0.06284264 0.03391935 0.05647918 0.09972991 0.0645852
0.01848018 0.06977606 0.1231505 0.09949253 0.1460748
0.02908282 0.06306602 0.03602875 -0.005186358 0.05246258
0.04638571 0.04142514 0.003234203 0.02516891 0.008649615
0.04247251 0.02286147 -0.005097431 0.06896862 0.003033931
0.06649816
