0.06771514 NA 0.1625137 NA 0.1228903
NA NA 0.1278205 NA NA
0.2329282 -0.04585556 NA NA NA
0.1549604 0.225549 0.1521985 0.1357455 0.03559693
NA NA NA 0.1789603 0.1334806
0.02906494 0.04914326 0.1759522 -0.06560554 0.2638414
-0.06105222 0.02144111 0.03204709 0.1118182 0.06409609
0.06360381 0.05836052 0.01764874 0.03023336 0.054367
0.09541751 0.1307839 0.09457545 0.2081884 0.1171793
0.1693915 0.04628152 0.05931163 0.05182488 0.1559948
0.1104309 0.06273708 0.1322235 0.1033225 0.09310333
0.1189061 0.1003516 0.1189644 0.1347366 0.2287058
0.1411491 0.05186392 0.08781498 0.1234265 0.1814702
0.06719443 0.03257222 0.06977906 0.05426574 0.04300025
0.1788461 0.03164706 0.08558681 0.1007974 0.03742829
0.2351732 0.1585987 0.1355548 0.03853852 0.04870702
0.01305133 0.05270851 0.03510455 0.00770316 0.02918785
-0.000567432 0.02579004 0.05660613 0.113405 -0.0005891072
0.03937167 0.07910279 0.02788992 0.08070439 0.1082971
0.02850918
