NA NA 0.04506621 NA 0.1099102
0.08944328 NA NA NA 0.1916859
NA NA NA 0.04960656 0.02463358
NA 0.01800805 NA -0.01919158 0.1724175
0.1866455 0.09737327 0.09696912 NA 0.2797621
NA 0.1375169 0.1003433 0.1482934 NA
NA NA 0.178346 0.1188339 0.1043327
0.01472963 0.1140276 NA 0.05431639 -0.05821534
-0.02483879 0.1132314 0.1364947 0.06460669 0.2724163
0.07116383 0.04827383 0.03706304 0.03664618 0.04298474
0.1021073 0.2104512 0.05274129 0.1572096 0.193343
0.06041962 0.1331064 0.08032251 0.02177075 0.1835001
0.09920521 0.08768004 0.2564283 0.22032 0.1810873
0.1960123 0.05907372 0.08934391 0.02236397 0.09292009
0.0310557 0.1277477 0.029204 0.08955282 0.06181469
0.06402868 0.06099428 0.0830947 0.02533176 0.07903791
0.03222677 0.05264893 0.03161219 0.06550845 0.06912149
0.07092183 0.01485399 -0.007466117 0.05145906 0.0179672
0.02356055 0.06481481 0.02510134 0.03233381 0.04512058
0.01754016
