NA NA NA 0.01167463 0.08944328
0.2492232 0.1922223 NA NA NA
0.1944882 NA NA 0.09445716 0.1511582
NA 0.1186625 0.1017953 -0.001100138 0.01294772
0.02150159 NA 0.08686513 0.2657262 0.1976736
0.08521858 0.08653139 0.2296317 NA 0.2596722
0.02741403 -0.02493651 NA 0.09459956 0.1011835
0.1220589 0.03598345 -0.02818795 0.03446962 0.2157281
0.07227714 0.05772095 0.236744 NA 0.07012859
0.0226612 0.05552542 0.1569217 0.009427669 -0.01171196
0.3300429 0.05533949 0.06790769 0.06546039 0.02219129
0.07353287 0.0355851 0.09203813 0.05670214 0.08536481
0.1207348 0.1049029 0.1019674 0.02835803 0.0977016
0.1113656 0.1770903 0.1590672 0.08439243 0.1076506
0.0736732 0.05431277 0.04955923 0.08426617 0.2314263
0.06146359 0.06700302 0.05794175 0.1222153 0.03187635
-0.004173923 0.002452128 0.01952841 0.04506785 0.04566949
0.03918424 2.124306e-05 0.04409599 0.02217718 0.01766157
0.04259835 0.06721224 0.01293489 0.06526493 0.03322969
0.03828301
