NA 0.1978993 0.2026031 0.0383003 NA
NA NA 0.1939246 NA 0.1124584
NA 0.278421 0.1503228 NA NA
0.05550822 0.08086163 NA 0.1160116 0.08249668
0.09820482 0.01433332 0.04446044 0.03096232 0.02216667
0.2215273 0.2887605 0.1699005 0.1146445 0.03263696
0.03904529 0.03246794 0.05158388 0.2043934 0.05559554
0.1413397 0.05075195 0.07477835 0.1347028 0.08867309
0.1890515 0.2252085 0.156447 0.08864854 0.09410484
NA 0.005197118 0.1290351 0.1315414 0.1086562
0.165451 0.08100239 0.05203607 0.08904203 0.0207093
0.1502237 0.06946202 0.1710918 0.04257399 0.1344948
0.09737911 0.1482275 0.1084351 0.1119707 0.03670774
0.08745055 0.1631104 0.04161883 0.05870097 0.2979143
0.1082719 0.07377024 0.02154679 0.1047716 0.1124818
0.03774704 0.1018296 0.05055334 0.07556065 0.02253597
0.02564616 0.03068493 0.120116 0.09987528 0.02994859
0.07770277 0.01113071 0.0631408 0.02345394 -0.009321736
0.0207222 0.04403521 0.01349324 0.0001513664 0.006106395
0.04957625
