"quartet" "wQuartet" "cluster" "phylo" "mutual" "shared" "clusterNorm" "wNrqs"
"mb49" 0.963855421686747 0.97578425976885 0.245139465150324 0.963810213991021 0.209607963688362 0.106240316548907 0.123060105479704 0.228540822897443
"mb50" 0.804878048780488 0.78609794628752 0.178800848187561 0.804823231031454 0.145680936504422 0.070814238408379 0.0458642540707276 0.119651334033182
"mb51" 0.836158729308071 0.849491665140136 0.228887370880921 0.757587369374046 0.18331921280083 0.119829736430349 0.129971989334848 0.174425502138838
"mb52" 0.783681149967234 0.853107116135164 0.264099693583305 0.665999849798264 0.214484281741763 0.130803494322858 0.169674694016398 0.222232633187247
"mb53" 0.865853658536585 0.910236425045466 0.226547953888387 0.865752059026707 0.186954069989746 0.0927900387009984 0.100870503559572 0.195812091802381
"mb54" 0.731707317073171 0.832676378177663 0.235027978259672 0.731443965293491 0.186433451908465 0.0903117286753888 0.110880201509425 0.19152916727121
"mb55" 0.790847900921921 0.82468137254902 0.223239986135196 0.636507661782168 0.172842869667344 0.107787485175734 0.12395807835448 0.168590389199727
"mb56" 0.817073170731707 0.859745146668947 0.191159800545972 0.816912752214628 0.153006324143663 0.0727471707210057 0.0605775713408728 0.130288174375314
"mb57" 0.621396693142889 0.703928020524934 0.218562197767251 0.108498570727886 0.147413831615444 0.090940724585177 0.181254728515097 0.141285638077731
"mb58" 0.883143478326565 0.903739256066802 0.246137307074045 0.755983639339917 0.197528906362578 0.124467535728369 0.149381988458897 0.194050556590978
"mb59" 0.653272052575494 0.672629043806548 0.188080242256386 0.205726461484074 0.133914094008354 0.081830522354139 0.100538473764157 0.12108751573063
"mb60" 0.720352447458184 0.784522696130674 0.214110470769074 0.602109813761951 0.166628371828901 0.103707613526424 0.11358817496787 0.169981384599908
"mb61" 0.708369787595447 0.730867929636168 0.21565130847946 0.371867950805877 0.146875937390063 0.0965937013751117 0.148759677757408 0.156175764767433
"mb62" 0.641930866840045 0.683349175014014 0.204355723143506 0.180231261951396 0.133432282061283 0.0864279995099749 0.163234118631422 0.120697088684353
"mb63" 0.759456504550083 0.788019270975366 0.198353940249126 0.589566565552429 0.154723580153642 0.101728463582044 0.11182008930415 0.129491677222439
"mb64" 0.706286891191863 0.711717843607394 0.199306557809812 0.348781204200557 0.135594691850613 0.089194926575253 0.141501375589577 0.122966597093145
"mb65" 0.722995674294304 0.772755516027242 0.235025279522647 0.446923205932121 0.174226971495825 0.104113617311844 0.152517843766416 0.175254339227803
"mb66" 0.77223957509441 0.786839674434007 0.221974170981565 0.480348561219615 0.154962358465698 0.110698349975748 0.14850717093465 0.153153393664191
"mb67" 0.642107867797355 0.713296320253711 0.225083181028495 0.144250580963571 0.151201260767613 0.0918320319171623 0.188093842210021 0.143153303167097
"mb68" 0.79665189196717 0.791882349421023 0.200969733071223 0.543387980959388 0.146926732668536 0.0933034877236986 0.114844173795153 0.130343395991547
"mb69" 0.698795180722892 0.746319530060193 0.196419329694995 0.494593742122717 0.155722780159088 0.0748649496054401 0.0664607358283031 0.129643487352807
"mb70" 0.795750113992059 0.802580258025803 0.209409772980643 0.617280989483315 0.157280837630779 0.0948100119558839 0.108048762375054 0.142226902154878
"mb71" 0.829268292682927 0.891709844559585 0.255493089740344 0.829242884437494 0.214978265512888 0.103393406455006 0.134162388118588 0.23537315292184
"mb72" 0.788878299972523 0.793166765033773 0.181453324655047 0.668617838683188 0.137712399900417 0.0805864562156035 0.0760522578312473 0.0988257900124399
"mb73" 0.804878048780488 0.845018191995522 0.210523683847237 0.804714939445507 0.167878213026567 0.0820598407824291 0.0815262687238709 0.165405533525485
"mb74" 0.841463414634146 0.883280069726903 0.196049654720952 0.841514231125012 0.16080839005855 0.077155292630877 0.0654712089080112 0.153448025158713
"mb75" 0.601927452041388 0.657722509099112 0.18551671464751 0.132822324541568 0.129434516761448 0.0761651605022897 0.141114671951048 0.106269619775646
"mb76" 0.640923889592149 0.706340135653137 0.219758544526836 0.14421379159888 0.146698319810922 0.0854185652955577 0.182275206923019 0.138318227375567
"mb77" 0.636793801702194 0.696860402980604 0.213348531592368 0.144174127058839 0.141646743146174 0.0884276446234472 0.175212838687574 0.131766808106248
"mb78" 0.695616312248871 0.712706251607011 0.204970709100467 0.311696806657645 0.13876749458828 0.079670592089109 0.142950752375074 0.14289496313661
"mb79" 0.612415116878262 0.640981141820426 0.173398896868237 0.144646519036603 0.120973368087567 0.0741018186207095 0.123129339529553 0.097193287732033
"mb80" 0.707183830222462 0.71037654563594 0.192490471513959 0.337640360819273 0.133555554051617 0.0841180805594253 0.134156109473169 0.113747495097326
"mb81" 0.597032693554324 0.639028389088722 0.172973269897789 0.135827067998261 0.120631648489305 0.0724079614386221 0.124678601373232 0.0954535628488053
"mb82" 0.810536631875994 0.83399609938958 0.197809648947316 0.726893299277217 0.157402320012745 0.0969289671139484 0.0946757010328515 0.138423965751325
"mb83" 0.662650602409639 0.749338040600177 0.209650343566261 0.662466386701553 0.166571294837405 0.0774994482989746 0.0818315273493821 0.166031408555428
"mb84" 0.771163803505217 0.780999416577344 0.209046085932262 0.516219472298144 0.154145213946117 0.102519516298423 0.123981681553278 0.14568715706907
"mb85" 0.589714787661714 0.655577507365042 0.185533630784271 0.120710599020703 0.129653901103072 0.077703497459563 0.14234992844237 0.105833854067249
"mb86" 0.756375268583766 0.754180068412723 0.210026206528327 0.420316579081693 0.14348127993624 0.0926856600653573 0.142791306717022 0.139726249733768
"mb87" 0.807228915662651 0.875841542059386 0.219495179472853 0.804702925511609 0.176344829415361 0.0867574640256032 0.0932685133394053 0.180951526836179
"mb88" 0.753713668274259 0.714730687262063 0.162041360933237 0.540640512330153 0.121094394159788 0.0721001417833479 0.0711636523243241 0.0716451508093407
"mb89" 0.777777777777778 0.754928122578979 0.168331778227282 0.777655692646384 0.135171123522907 0.0638366482319571 0.0315587924365359 0.111768290475123
"mb90" 0.595972006030556 0.643556434713183 0.175917011645638 0.134355494394835 0.123070532296227 0.071960173216914 0.12951593153632 0.0980035748107382
"mb91" 0.70795866447634 0.715347459889803 0.199003984863554 0.360732515341238 0.135763476822327 0.0931640105996044 0.136548237892298 0.126175834540795
"mb92" 0.654446867430648 0.67823346144887 0.189089525645151 0.26478111489405 0.126541435541728 0.0717740719587121 0.130522443996946 0.122150332140964
"mb93" 0.719512195121951 0.785490795313978 0.207864694317066 0.719476116854739 0.162857590259037 0.0786959819869447 0.0783377037538889 0.149011640089773
"mb94" 0.604513395512459 0.625511290845386 0.167654421633104 0.144599170816418 0.117002672990168 0.0759111621593639 0.114498848590459 0.095053683301217
"mb95" 0.640435487688315 0.680765209852619 0.201469398764384 0.162203330459312 0.132065060958865 0.0781094795993184 0.161043270608724 0.118665845187031
"mb96" 0.795180722891566 0.838148777617989 0.206329264838319 0.795043407341797 0.167238437671027 0.0801358010259354 0.0779733491894197 0.168951817244995
"mb97" 0.598316515080101 0.649220391837842 0.178060963406563 0.134355494394835 0.124035989456555 0.0717393048890281 0.131809670237282 0.098886699178683
"mb98" 0.757686805382014 0.745176240837264 0.193770064092813 0.52236060325912 0.14489028395525 0.0895578951428625 0.106879797188155 0.133018796311051
"mb99" 0.704151320227557 0.706893119205172 0.186935259745761 0.395123016835464 0.134531104336294 0.0972969877200254 0.123468106150318 0.107199406630527
"mb100" 0.765098816882074 0.7789857789108 0.189751487831311 0.664831647827277 0.149496401960644 0.0927614972739381 0.085577960738191 0.128870338984257
"mb101" 0.766326333542591 0.778217409412745 0.211815299004965 0.479901256750361 0.153706632676131 0.0969587449735508 0.127048714077201 0.147146287098766
"mb102" 0.879518072289157 0.922299273122232 0.199345822779682 0.879426810666409 0.164633479695487 0.0799104111154012 0.0698605142224817 0.152650024524913
"mb103" 0.74390243902439 0.689957963568426 0.157807107173353 0.743653791996511 0.122067844792622 0.0567431801730737 0.0214845138610659 0.0864539751443426
"mb104" 0.745327820026641 0.724309171005206 0.189164315801604 0.47809795523425 0.14071014004867 0.0923644837826637 0.112471721249572 0.122316012499285
"mb105" 0.611276761665112 0.613094858280478 0.161959347801366 0.180186551281641 0.112790489681795 0.0724338006425633 0.0904165859950021 0.0924974390316578
"mb106" 0.636161259375604 0.691096175413885 0.209661815406535 0.137222588942135 0.138016747278005 0.0855478590210894 0.17088998429026 0.128105671053634
"mb107" 0.605799548533989 0.617339961759082 0.165201397054698 0.158433270083866 0.114540253282374 0.0734538852238551 0.108745521567689 0.0915416488227548
"mb108" 0.631696008679992 0.625069703020164 0.167928634690363 0.195815194506309 0.117296655222086 0.0740311456208367 0.089071673205092 0.100970887721761
"mb109" 0.6875 0.626882217090069 0.161110609958559 0.687400342871097 0.128955576893873 0.0583163228717543 0.0250849188799835 0.0820873795299061
"mb110" 0.60932253264198 0.624342810922966 0.167566458358386 0.173507209854762 0.118103256648547 0.0707654943517457 0.0886466437305732 0.100414948481491
"mb111" 0.719512195121951 0.781542479866502 0.207260867464837 0.719415964094816 0.163494926409034 0.0793972981554889 0.0776351414022706 0.148197476246979
"mb112" 0.610631128823578 0.647914694114413 0.175646388819854 0.148241281028968 0.122495217098976 0.0709801002186139 0.127571355122421 0.0969076756740112
"mb113" 0.611584601388552 0.628977595117238 0.167624756342302 0.158502771501115 0.117328714057365 0.0721047931703239 0.114501331794073 0.0920265217866487
"mb114" 0.74895914088455 0.74836936014231 0.196645760039643 0.504423768807758 0.148735321061579 0.094208209730531 0.110030848992975 0.133967584137993
"mb115" 0.624018793165315 0.691312276231912 0.208869792480482 0.12061051676943 0.140220465430177 0.080148780086171 0.170852641955832 0.131534677546263
"mb116" 0.75609756097561 0.726860168289685 0.155124654565996 0.75586361869953 0.122542503463723 0.0569870444585705 0.0180641938437203 0.0873411236940958
"mb117" 0.718738755630949 0.704770763780932 0.185472426795042 0.423346558409052 0.132577080521382 0.0940692005095502 0.115956766248528 0.11426422012933
"mb118" 0.719904789294794 0.711356110776641 0.186191717106226 0.435627573688914 0.135867788856294 0.0922905908321314 0.116828403250839 0.111729686876275
"mb119" 0.724588927800505 0.710840680269676 0.182026007069133 0.469236791623562 0.131516988176663 0.08973374971624 0.104658250296377 0.111757396231637
"mb120" 0.6573288540573 0.674840000949315 0.191305801379509 0.239664848568186 0.125499570763288 0.0754859559677721 0.144143051996695 0.107902995392529
"tnt1" 0.622418859519858 0.629571806834597 0.167567074294298 0.158485574206667 0.117324588100821 0.0740570137352107 0.114451848879003 0.0908580640456329
"tnt2" 0.725892786707791 0.713957624299496 0.186364996404338 0.418972424794753 0.132778812327097 0.0951926235151723 0.117039513763534 0.110454756223605
"ufb1" 0.649480131218999 0.634346426852743 0.171572728043223 0.252678375628147 0.113245192260732 0.0680026116056242 0.121145637051485 0.0894865403166192
"ufb2" 0.662745156462908 0.664419803217242 0.16779675585707 0.395092257647323 0.12207364752617 0.077589998382257 0.0967928353192179 0.0901473158209955
"ufb3" 0.637141219846544 0.656180892215267 0.181339794963226 0.198760871250947 0.118544483259684 0.0621817737798069 0.135338026551031 0.0988765154795719
"ufb4" 0.622917706842096 0.64810708266688 0.181350587284703 0.179660285504267 0.11905802536976 0.0709682249502272 0.139013812217076 0.0970681560337588
"ufb5" 0.612203410497228 0.683025265174213 0.202592618295934 0.132276572645487 0.136270302873808 0.0813739251479422 0.164273823018529 0.127217329408147
"ufb6" 0.808331751390317 0.793343392467369 0.209118804672499 0.528182880476248 0.156915456982465 0.0859960111461045 0.123800311583272 0.146785049904381
"ufb7" 0.759571458480536 0.674010861132661 0.154017323544236 0.600122182002049 0.115064491897867 0.0630106840812756 0.0454633202695756 0.0895034855223494
"ufb8" 0.804878048780488 0.80510987757585 0.179680894305585 0.802435035321597 0.146320154185845 0.0690722385206032 0.0456438851568335 0.125290671749984
"ufb9" 0.640074335941044 0.680504334927496 0.20060754411864 0.180263920002978 0.132654862231996 0.0781815753641894 0.160132883169308 0.117104417571468
"ufb10" 0.668597269965276 0.689560707611249 0.183578192335971 0.344498228050005 0.13378122072511 0.093392421665408 0.124446112534796 0.0982169881830493
"ufb11" 0.660877846492723 0.6809490751454 0.182019829047055 0.340093686584356 0.132384134980557 0.094022249883791 0.126534881306253 0.0959869524623423
"ufb12" 0.620511412878452 0.622031825914375 0.166879430314432 0.275124887201648 0.11510825014072 0.0692236758930053 0.0880516621969396 0.0963293021728138
"ufb13" 0.780470429887783 0.776445909499551 0.203804812407468 0.572784687346552 0.150232843831164 0.0877610485160668 0.101964330780242 0.14182812915179
"ufb14" 0.74390243902439 0.72727935813275 0.177800942957993 0.740808194317513 0.143198987893216 0.0673270371989971 0.0436375792425481 0.113691592967402
"ufb15" 0.625963647492543 0.620943731281308 0.162346562486468 0.311330949280869 0.115353955609708 0.0701751735346151 0.0830899058418506 0.0916874828268238
"ufb16" 0.824997652642839 0.830509384817808 0.204773140052373 0.677920811145861 0.156808723582209 0.0934750175195731 0.102817670037403 0.146400931880168
"ufb17" 0.618782846265288 0.69140520150558 0.207183833082759 0.122501691863056 0.138465422851753 0.0758371949254598 0.169095643878637 0.132232699938894
"ufb18" 0.613536903654329 0.653157151845994 0.179323939401213 0.22345614546627 0.124886889721852 0.0670846836399928 0.133168261387583 0.102079816121538
"ufb19" 0.677215628925299 0.676837449684441 0.190111255429596 0.448178165603915 0.141890752769747 0.0746532322307239 0.0858798070916648 0.128815611849741
"ufb20" 0.672796803896084 0.643668854228813 0.172887404736264 0.426151583576311 0.129168178285208 0.0803192257855326 0.0833014101807241 0.108448501463061
"ufb21" 0.619577090244158 0.628319485268591 0.169979786476331 0.28791681147195 0.12028746450206 0.0799768320671192 0.105190482053997 0.100811883263926
"ufb22" 0.614665979970329 0.63777815202349 0.17336464355694 0.25479947323948 0.11785538214873 0.0811851135890739 0.113575023237576 0.104030343529611
"ufb23" 0.618325920839168 0.651299146160987 0.176781945009093 0.240010442367681 0.12108058021651 0.0815646704018964 0.121067204171765 0.102578252153182
"ufb24" 0.739613486090763 0.772098515519568 0.223321456520045 0.479990164308504 0.166866841385029 0.103961110343002 0.139535113721737 0.16574956537916
"ufb25" 0.630494924868457 0.618405653381934 0.165849136160085 0.306659506009928 0.116803367540545 0.0709981420405397 0.0869523957346016 0.0941521694806709
"ufb26" 0.675128352740778 0.68678302326919 0.188969971685757 0.304374474613433 0.128107601249319 0.0787545950862474 0.134177641143978 0.110820631409684
"ufb27" 0.673034520354957 0.6715280329152 0.187971096814303 0.255318878027901 0.12417520920226 0.0760742833319804 0.138589199057884 0.107773597481369
"ufb28" 0.612296647866809 0.692362567733996 0.208917428024038 0.120365537062904 0.140398214021539 0.0750493641956052 0.171292761324833 0.135407932690454
"ufb29" 0.853658536585366 0.826303204208513 0.16073674202174 0.853482079563765 0.132535735019615 0.0632199593544057 0.023710205405809 0.109245634092891
"ufb30" 0.780487804878049 0.8599121522694 0.240027798572118 0.780403577625415 0.197715157092443 0.0941096185617905 0.11617675146751 0.209939719984815
"ufb31" 0.579838442507251 0.656861727119572 0.187982601756007 0.180172995570797 0.13265181802639 0.0780814762011483 0.145953008195051 0.109145334726798
"ufb32" 0.6625 0.634686346863469 0.164804283130288 0.662332169765656 0.130899501797446 0.0584796115259505 0.0285145792939222 0.0825651479573149
"ufb33" 0.612927461551586 0.607569743770542 0.161146444993483 0.251143707828037 0.112912794543035 0.0733069353911315 0.100536398947421 0.0882944326566333
"ufb34" 0.698795180722892 0.743722445850105 0.202210422688677 0.698596742014193 0.161168856038532 0.0761534012391274 0.0731883898048732 0.162904108378878
"ufb35" 0.679012345679012 0.594364108268446 0.150018385314238 0.678885041947164 0.120035938603958 0.0521398357781876 0.0123207433223109 0.0659999844909544
"ufb36" 0.664313816919032 0.668985641679711 0.17070394341395 0.371297647125895 0.123803842623889 0.0858459514146809 0.0998064102851471 0.0925901503669276
"ufb37" 0.63634679648411 0.675791228520133 0.196236100350215 0.180263920002978 0.130210500406109 0.0784938459876242 0.155540105432711 0.113207709197738
"ufb38" 0.636396204197621 0.676740133165604 0.195786772793033 0.162249798779437 0.129807625017806 0.0723874919659739 0.155777166631075 0.11343971398957
"ufb39" 0.635295546365576 0.699821499927778 0.214017162545256 0.14421379159888 0.143222592504947 0.0830130064557595 0.176258004991579 0.133237479482991
"ufb40" 0.758424148904434 0.744116858751005 0.191715819290908 0.534691436079401 0.146813943950259 0.0881117510056851 0.104787326181575 0.12951567514563
"ufb41" 0.756757778947891 0.692365164604249 0.158003847995293 0.482275582730918 0.114101758915149 0.0691929741186236 0.0779659593259312 0.0692481397414077
"ufb42" 0.632464778825217 0.679495821385325 0.198631948400948 0.157609789848567 0.130452109004703 0.0774328717781609 0.158753510722457 0.118205758753776
"ufb43" 0.711903107281647 0.712882142302571 0.19229738093772 0.386289232453224 0.133178833152376 0.0873476129683601 0.129279575588316 0.119009129368709
"ufb44" 0.756627817964362 0.714088206829808 0.164153708130253 0.610554727782247 0.12339074343526 0.0689204207670017 0.0564765123108223 0.083401207970882
"ufb45" 0.620639558051889 0.610314671257692 0.165244618956818 0.265821848943652 0.116572320490028 0.073348225716583 0.100163599319383 0.0904046659967778
"ufb46" 0.615579777408332 0.687825346692256 0.206645989729646 0.108249314296237 0.137901122912775 0.0667064268838037 0.168913291186761 0.132078206971108
"ufb47" 0.716049382716049 0.711126259183519 0.175059992695482 0.715921830687973 0.139365469026665 0.0628734847579814 0.0390342090161913 0.108458982679206
"ufb48" 0.659846456288493 0.679632194694977 0.189179854005416 0.276973573127681 0.127108375771719 0.068182960471151 0.125928058200807 0.125487618422315
"ufb49" 0.891566265060241 0.870338051838924 0.21079170875522 0.890178468651653 0.177851865460802 0.0890680347828915 0.0831574791275 0.18422783455539
"ufb50" 0.704267590671292 0.733982611291466 0.201828790059593 0.426449542113921 0.148265788671832 0.0866885447452927 0.115723866511472 0.146875226187607
"ufb51" 0.638819283826794 0.697429163345208 0.213435626095952 0.137252293454027 0.141051406439868 0.0829981042484869 0.175302101281637 0.13231713075558
"ufb52" 0.611039095783341 0.670945989956669 0.196396348518967 0.112226567861413 0.130485345041713 0.0623048809340517 0.158225531091545 0.12217963715768
"ufb53" 0.607798364639334 0.61169420401328 0.1585879180387 0.24183081808229 0.110782915309025 0.0723054480850347 0.0928216859918981 0.0882998939635219
"ufb54" 0.633237682867248 0.640427491583561 0.173344986276207 0.227746642919169 0.113586079780437 0.0659146357165596 0.120562594944979 0.102006664385043
"ufb55" 0.70591643972238 0.717053062975053 0.198268680481893 0.45458819679453 0.143778609459576 0.0722823269783025 0.0954397986709166 0.142198460271748
"ufb56" 0.704121572553448 0.713740570341086 0.196471733598275 0.35385628438854 0.133778771294439 0.0890245016906549 0.133818540395947 0.120476584642485
"ufb57" 0.632678583579313 0.679021279221013 0.198737044065502 0.138796654997129 0.129888363404629 0.0770764514780411 0.158155186386371 0.117957472791696
"ufb58" 0.642217506046701 0.656494493677927 0.17214102041612 0.252347976601654 0.11713162108323 0.0630554405275176 0.119272968054741 0.0932384517065942
"ufb59" 0.790390534791963 0.762054745592103 0.162169434662539 0.691014908999343 0.125938721904167 0.0795219564553717 0.0543825159802532 0.0937348286691263
"ufb60" 0.612512843149946 0.622202470607646 0.164929666463431 0.19302527423342 0.107077270779701 0.0532535209548913 0.111518571706074 0.0943477726949855
"ufb61" 0.705480880239932 0.676408928351215 0.158064695396954 0.610223717615247 0.123678798483932 0.0694544491121897 0.049060945115905 0.0845055770281162
"ufb62" 0.666168225695597 0.688606501758065 0.182204490159548 0.336001827795389 0.132609529407608 0.092525847996388 0.126789949195102 0.0936505489528361
"ufb63" 0.666666666666667 0.574971708789136 0.155344046691036 0.666585937900103 0.121921007698609 0.0541547172663304 0.018509165729421 0.0651844420194337
"ufb64" 0.713618347095358 0.71521051163417 0.183740690717523 0.415008849497732 0.131526617092468 0.0823360565437156 0.106398749855724 0.107380941577919
"ufb65" 0.768292682926829 0.854600590535472 0.216809663336299 0.768208010761981 0.173426786624631 0.082007252647651 0.0892488092987349 0.158914160286068
"ufb66" 0.616987922401645 0.672922237672478 0.196661060869916 0.144416768527049 0.13172296182407 0.0761982166750953 0.157701321635646 0.120655699406728
"ufb67" 0.716049382716049 0.730658456649121 0.174291429823901 0.715780970048133 0.133098573982296 0.0601266534591125 0.0408650362218946 0.084533347206027
"ufb68" 0.72289156626506 0.632564575645756 0.151117002323312 0.722784047529162 0.119804515373923 0.0531507839377567 0.0138319171886343 0.0734505880100488
"ufb69" 0.677318593460946 0.67459386231479 0.188817250796553 0.266771605797632 0.125603576936615 0.0671149835993746 0.130161293970966 0.127545579693843
"ufb70" 0.629942035043051 0.673568478893146 0.191312051679247 0.144242391349856 0.127563371186581 0.0644070196416925 0.151041209132763 0.111516861808763
"ufb71" 0.671047174070098 0.674224449323606 0.192622330336653 0.337949261555679 0.136994462339718 0.0753209427388048 0.116207681875415 0.125016706281862
"ufb72" 0.700445766773495 0.693463774280448 0.185297088670612 0.341248545606204 0.127725432950766 0.0803741234928978 0.121716746840792 0.111888057203288
"ufb73" 0.666021906024444 0.687723854100255 0.185102847388338 0.340202963682751 0.134457706689025 0.0957471788288811 0.132958144296425 0.0975396415382606
"ufb74" 0.643687666728228 0.655536966613987 0.17942330026736 0.237060081973145 0.118725052061475 0.0652676611939218 0.123899598439047 0.111399966077743
"ufb75" 0.706452683876438 0.723794408497131 0.210736527194499 0.395767244038316 0.148258879807144 0.0916277318589862 0.136025458409421 0.152684783386294
"ufb76" 0.60802681173523 0.669907454636697 0.19591908852025 0.108238219363124 0.12934649983376 0.0648120726910762 0.157725601454327 0.121468600260486
"ufb77" 0.765432098765432 0.785390884394808 0.184844179756808 0.765357354498319 0.148066697912788 0.06953357839515 0.0510570061114915 0.129973922167085
"ufb78" 0.593992174704722 0.638644417484047 0.170841532078829 0.203316887600133 0.119044269248745 0.060896453545537 0.124238060476275 0.093767742460785
"ufb79" 0.642872109572469 0.676481384373361 0.196338302249677 0.228319228525645 0.130099363336044 0.0807595884346477 0.151165692895732 0.111048190939246
"ufb80" 0.733788318785104 0.753524215813601 0.190504435895457 0.50724220160243 0.146955971174322 0.092553236406837 0.113837922282689 0.117289264341608
"ufb81" 0.632778889853257 0.6727744529029 0.198318862248753 0.192308182088228 0.129681174780287 0.0812726506703879 0.155885207072951 0.116130122795903
"ufb82" 0.631439159479081 0.685238356296426 0.206887918156991 0.158178111805089 0.136971890891459 0.0842156251173846 0.16741673557553 0.124483774873274
"ufb83" 0.59651159300229 0.631510825271288 0.176568912009925 0.120689087526403 0.114917405797749 0.0575178517931665 0.137018538639527 0.101381960257311
"ufb84" 0.74640406248965 0.725896875974865 0.187975349234574 0.485900448294276 0.138970713922601 0.0942504802447149 0.111322843813779 0.117253585256906
"ufb85" 0.588854454987934 0.654593748770936 0.184709121447676 0.192287322621762 0.130197784474605 0.0766941930088827 0.141481702916727 0.105776353884154
"ufb86" 0.879518072289157 0.828208328605469 0.14865544913267 0.879367379970069 0.119638592410416 0.0580853288658119 0.0109722708093366 0.0858234499321647
"ufb87" 0.668073085292959 0.672640010665363 0.185296358561358 0.266771605797632 0.124618045921891 0.065572606775091 0.126402607891268 0.124149113852872
"ufb88" 0.636214349161503 0.626441353706599 0.171643132185494 0.203311638414253 0.110420752302849 0.0612916195433617 0.121293132343397 0.102450476665463
"ufb89" 0.708040805561004 0.653514493906514 0.151125388575797 0.609492086440169 0.114273464487342 0.069245525589333 0.0422526238638089 0.0736115240930952
"ufb90" 0.610810685075535 0.650016117286088 0.182383136975815 0.131665411007842 0.120066905053445 0.0573746149117741 0.141694127328085 0.109183370397864
"ufb91" 0.603695055190148 0.63342162876346 0.174649193847115 0.131646045498721 0.114738608101242 0.0553496192573283 0.132848994825959 0.103709813782275
"ufb92" 0.633164675097664 0.680138971992342 0.199056786064808 0.157951319256268 0.131745485918688 0.0750667252541851 0.159195726131237 0.118565760373799
"ufb93" 0.737803336452845 0.712045398182322 0.182507815032071 0.455842632958567 0.132081193902011 0.0727982447380392 0.09458930984238 0.123378704921863
"ufb94" 0.748039289267162 0.682779273420249 0.16088275778948 0.58799421766954 0.118558615596888 0.0679411366307831 0.0532097067994014 0.0905367748010396
"ufb95" 0.755721272502396 0.702005180850043 0.172593448496382 0.516217685749742 0.121815800049211 0.0784334836969297 0.0833449170659138 0.102601525745654
"ufb96" 0.610939690591953 0.607065481717292 0.161492800097514 0.290628822061446 0.114478188893396 0.0643056913294822 0.0820139792870533 0.0945565061301294
"ufb97" 0.757589641821714 0.686332795362472 0.15855652842501 0.469827953609136 0.11203021927741 0.0721411259478824 0.086549755302689 0.0634329033659369
"ufb98" 0.780487804878049 0.814804508139697 0.207491757422287 0.780356937303305 0.163354063132718 0.080014624198522 0.0779989370997267 0.156708630607628
"ufb99" 0.640857229798088 0.682219343664694 0.201035909886205 0.162249798779437 0.133075779823175 0.0745887798081181 0.161287448282285 0.118537744752627
"ufb100" 0.737548436651141 0.693552198364814 0.174961690678937 0.438536955687111 0.126546712406114 0.0676758479525636 0.0858095415772768 0.101741311695913
"ufb101" 0.614912781953944 0.614707290331547 0.160872982249466 0.242249399245493 0.112200563763093 0.0718362263124778 0.104133522896743 0.0860591990085757
"ufb102" 0.675187897951539 0.618578352180937 0.148689299902055 0.556022108713373 0.112100490965025 0.066290378341251 0.0388676190732639 0.0692724804776174
"ufb103" 0.615729147323441 0.671183680512491 0.194959523820826 0.144416768527049 0.130030808062747 0.0664257603294957 0.155917264698001 0.119356582378165
"ufb104" 0.574294583498959 0.586014999072496 0.154629392784522 0.263028205390716 0.108672261388195 0.0603815223523621 0.0746425569966659 0.0833951863752615
"ufb105" 0.771426500718969 0.714731938989862 0.162078114588406 0.565842498487609 0.121767607035253 0.0753710605142962 0.0714333167793849 0.0755174995500243
"ufb106" 0.734939759036145 0.683237316483925 0.161371677815366 0.734786528023172 0.128652110824203 0.0586139807593999 0.0257450238211496 0.0865686020753112
"ufb107" 0.699825911815176 0.686744108226971 0.158168012962043 0.563592761466009 0.122860925617303 0.0804069406721251 0.0667528608836013 0.0820589196244154
"ufb108" 0.678798302804841 0.687592452974242 0.18090696195945 0.38590549021446 0.133860583061343 0.0917194506545601 0.116869620009654 0.0999323926083132
"ufb109" 0.661318573229546 0.674536100221191 0.19789651947217 0.204144476977144 0.128443861452863 0.0781571145615558 0.154258169225832 0.116690812225833
"ufb110" 0.770063659843745 0.735042212161997 0.162046581599188 0.660350475636563 0.125845253001439 0.0756674558221805 0.054189890335546 0.0989134112229534
"ufb111" 0.730518756323847 0.717710627644235 0.162155114042334 0.553709615369458 0.123158432942836 0.0829835958849469 0.0713948828307675 0.0892610793965994
"ufb112" 0.615398624361353 0.616703194623859 0.159131147222297 0.263069487148047 0.111083831773472 0.0734746223346529 0.0934781318450607 0.0868188416525719
"ufb113" 0.667899594986665 0.665249455684775 0.17842464158321 0.304180516431654 0.12158414369432 0.067939782215954 0.12286161436128 0.100747744951014
"ufb114" 0.634580542928513 0.621698992499223 0.166431472738123 0.237088648462125 0.107965256289649 0.0668065797193674 0.117789308739841 0.0821292305837449
"ufb115" 0.64547241895017 0.682448212835093 0.188419338114353 0.463085759542618 0.138134896080303 0.0827137547006723 0.0843271941136985 0.110824362075605
"ufb116" 0.638975372485662 0.711167121795199 0.220498127369684 0.120627757845861 0.149332267242134 0.0842462659374571 0.183427617685248 0.141509203389092
"ufb117" 0.610270967961115 0.680843820217764 0.20016903639435 0.132276572645487 0.134546841939176 0.0678784131032379 0.16173377776226 0.125092587405051
"ufb118" 0.694887502787322 0.698075127839782 0.18117992768637 0.368112514656805 0.129811942437666 0.0849775689173632 0.122008250533571 0.0959744483722512
"ufb119" 0.75609756097561 0.828361161668117 0.211746900511296 0.755998935161103 0.169325588081146 0.0797612760776044 0.0833614572014763 0.151670821059232
"ufb120" 0.706135684259753 0.701785236097474 0.181929666174398 0.423337113356887 0.13134226259569 0.0870687551684478 0.104398512992063 0.11606512923554
"ufb121" 0.658536585365854 0.653319110527611 0.172001008772796 0.658426983339641 0.127511337242896 0.0607476645661216 0.0366097230245328 0.081016741986684
"ufb122" 0.664788450236662 0.664662193041002 0.178694915829681 0.274326156101042 0.118444215788071 0.0651424531487491 0.123138747965192 0.100942816488865
"ufb123" 0.597378656831463 0.608477790320357 0.162273133898055 0.220131387742673 0.112072018820328 0.0719965669169336 0.101727730429058 0.0900449634575638
"ufb124" 0.685631975316693 0.684152858233419 0.178889070089306 0.40670094420432 0.131147726055036 0.0831176452449116 0.1009080709523 0.109036995872718
"ufb125" 0.694398302049983 0.685789429900621 0.179376984903555 0.399382151528835 0.132433865523844 0.0880902029704498 0.109215664879094 0.104946472731369
"ufb126" 0.677201835432633 0.679246923779295 0.178183614313532 0.37332977560902 0.128986526969277 0.0902222735599229 0.113864008850721 0.100053469060433
"ufb127" 0.69137310619755 0.688069420909858 0.179789013361546 0.372704050773214 0.129863619319777 0.0870008305352073 0.120446732896833 0.0985309454155034
"ufb128" 0.653355437818434 0.64553744911997 0.173649269919811 0.26781806470118 0.115802142055294 0.0652881166504429 0.1209016521193 0.0943387372189341
"ufb129" 0.601540542481709 0.631324727227012 0.168420362942521 0.215148187412813 0.117213198310651 0.0732632109176512 0.117848037199957 0.0928499367489945
"ufb130" 0.689775820050208 0.685914273484318 0.182734812335965 0.337733614554057 0.124777898408101 0.0820778362582299 0.118970925356312 0.108706418634587
"ufb131" 0.595098742958944 0.62508226707138 0.165527494604735 0.211407138443098 0.116233417307713 0.066562883318196 0.114730827122854 0.0889036136328759
"ufb132" 0.649439891571614 0.674277307552685 0.182251597161865 0.267556365043414 0.121504635034144 0.0736147890755411 0.126998355461625 0.104528787812407
"ufb133" 0.642986870788258 0.667507295264102 0.180869642551556 0.246316491195647 0.119214627128783 0.0735032348589978 0.128638458056126 0.101735310380171
"ufb134" 0.61713062755641 0.654751872891242 0.183137355668209 0.18049902948529 0.120024240260502 0.0726831499370414 0.138695061230554 0.103354208841159
"ufb135" 0.669082373859229 0.592890838616628 0.151542043364345 0.481728407264505 0.112511869297921 0.0568196659275242 0.043016686403198 0.0737851085993928
"ufb136" 0.703495613864067 0.693096929795972 0.18231456142347 0.372770695756317 0.125852642108032 0.080770705951904 0.112617109777034 0.114930703868702
"ufb137" 0.667224781807765 0.640780585439079 0.171739303354894 0.442667235446933 0.126722568285043 0.0615622672513692 0.0655078025882912 0.108765400797634
"ufb138" 0.618542656952804 0.637425178009062 0.169939278938561 0.267075457287151 0.11955841755004 0.0774251474225085 0.109955702455528 0.0968217396715018
"ufb139" 0.675151230800303 0.677776594611862 0.19356299416149 0.313755897933815 0.13564608291194 0.0731561313778058 0.117237375281074 0.125150425890512
"ufb140" 0.603754250556904 0.60739554339206 0.158105074474465 0.239342863912408 0.110584429601996 0.0711443879270116 0.101178456816301 0.0837447871933413
"ufb141" 0.621450635026128 0.624348418019564 0.165653793731146 0.287331878040697 0.114618297307507 0.0749571679759964 0.100534677903623 0.0964719088099282
"ufb142" 0.636650364141657 0.57750375843649 0.146004025789403 0.384600698357099 0.102983970668911 0.0604490141282549 0.0536899109158403 0.0711400565726399
"ufb143" 0.639098860689184 0.702123787820118 0.21610248218002 0.137279761798897 0.143981220866598 0.0842231173000403 0.178442068980014 0.134897597309147
"ufb144" 0.757509936743294 0.715771596253568 0.177040329907585 0.412977687517078 0.12678004321092 0.0682525457403086 0.0990394909753783 0.105251442332733
"ufb145" 0.690131911502238 0.684629036858619 0.180259563480648 0.287662496569674 0.127504337855444 0.0705959944058843 0.124774154216503 0.099735345328721
"ufb146" 0.684033847963273 0.680243145745423 0.180973835205592 0.289195838894989 0.122668611662231 0.0733096381313833 0.12559752597659 0.100786331303844
"ufb147" 0.603027357524977 0.646531233798273 0.175139558550049 0.209787518110858 0.12065977688322 0.0734227982009848 0.12237165803644 0.098267356263607
"ufb148" 0.736891702102476 0.722129039472213 0.190931204573689 0.420033118872106 0.131824015369781 0.0774157428211233 0.1145328961698 0.126515382480589
"ufb149" 0.6 0.535225782274686 0.150655941230504 0.599864648417905 0.115794117868554 0.0496445541079824 0.0126218720784578 0.0484282691720474
"ufb150" 0.686743603547325 0.681216647116163 0.153698033336178 0.527480079709527 0.118334043427932 0.078268065229835 0.0618342208403159 0.0733817395679804
"ufb151" 0.671638288781843 0.684070800755182 0.178304082086994 0.342486820342904 0.128656426595119 0.0920794686948891 0.114082811340191 0.095008618235417
"ufb152" 0.638749511014042 0.631087414568782 0.171253934476465 0.233551455981124 0.111731616596183 0.0570878911136367 0.115067274985011 0.106172141125667
"ufb153" 0.695121951219512 0.614246934381728 0.150179114717684 0.694936157928854 0.117256055507366 0.0530738554743885 0.0126218069804955 0.0707601777030444
"ufb154" 0.730293871387301 0.697695381470124 0.17560343570923 0.445157584411472 0.126541112787049 0.0784159392777269 0.0976282024847497 0.104012229363971
"ufb155" 0.62962962962963 0.545370603542349 0.149254766929051 0.629344969353271 0.113090332370775 0.0515336449936099 0.0105563369522314 0.0641966846716354
"ufb156" 0.674698795180723 0.725722491473703 0.18917788749517 0.682664811241336 0.142938691670512 0.0667617775547533 0.0580481758046777 0.0981539097072651
"ufb157" 0.664363599591522 0.678475809373567 0.18516848090574 0.300646141494421 0.124191303586485 0.0757337184648123 0.130110535774825 0.106840171614202
"ufb158" 0.699423175782975 0.639511788826243 0.153864669959368 0.599772458557348 0.117727657672894 0.0669192267021474 0.044710627677279 0.0759242501764197
"ufb159" 0.697879948330853 0.692042656818668 0.175835157792714 0.379105839039797 0.125501346094912 0.0762637874428116 0.105622434324433 0.097625197562295
"ufb160" 0.760727824384136 0.69521101633495 0.157615323036278 0.557347878221616 0.118004942360325 0.0709282270539486 0.06648774891487 0.0666413672394489
"ufb161" 0.599753929946326 0.620898089057194 0.164242209274904 0.217390290436662 0.113869873479397 0.0706431516473236 0.110902905548042 0.0883075285924841
"ufb162" 0.605842216611061 0.603988808379367 0.15919873634384 0.241767011985137 0.111203074227959 0.0697215449716716 0.0985023286921498 0.0823835707328543
"ufb163" 0.698795180722892 0.713076386814062 0.168525421385152 0.698418449925173 0.124331562134448 0.0579371677891685 0.034055702207273 0.0796444169115661
"ufb164" 0.707317073170732 0.741608613046232 0.165089334352259 0.703420973416097 0.124655197905551 0.0543720862121905 0.0299402558392076 0.0740953259038171
"ufb165" 0.72825062173379 0.693994222289798 0.158767899885163 0.617666998081706 0.123389673392368 0.0747334587118111 0.0501707560869202 0.0900527594731758
"ufb166" 0.563176924030417 0.649601551067852 0.183457438285047 0.132310803043579 0.124870753126313 0.0768025129098993 0.142788763153831 0.110304222845564
"ufb167" 0.623164955253171 0.612479431999274 0.157894867175669 0.291071222582473 0.110709264713183 0.0716295634323888 0.0860105073223613 0.0882610181817231
"ufb168" 0.617442769776959 0.607847036443657 0.159544517778694 0.266157743244685 0.111730133588133 0.0700669875254072 0.0988730716629053 0.0833467704829314
"ufb169" 0.600396149210974 0.647934277375419 0.17637807953612 0.207510444376108 0.122678828611709 0.072647578914321 0.126173572899038 0.0982932616434729
"ufb170" 0.654478914564624 0.571148665197159 0.151159481178046 0.433466010787878 0.105877650651803 0.0527078614795313 0.0425851910935742 0.0710360399432831
"ufb171" 0.675 0.62001287001287 0.15276418190172 0.683332414196785 0.115653713188338 0.0525893946824528 0.0127000761883926 0.0582011566684667
"ufb172" 0.567542042909285 0.662367405451947 0.192398703334226 0.132294772772817 0.130929601911528 0.0822269026403081 0.15276367745973 0.118793112711751
"ufb173" 0.64292626390444 0.572910291512321 0.14418301528542 0.521114696054486 0.10792043982716 0.0594453800750995 0.0337800099756436 0.0636619686043154
"ufb174" 0.637897590577468 0.678694078787584 0.197434569763782 0.180292045954048 0.131753164067391 0.074827591240616 0.157503171386661 0.114548281022864
"ufb175" 0.597068406288908 0.622933753029009 0.163479292578509 0.211381863339839 0.114811206413349 0.0663722319558847 0.112533530761397 0.0857208966253052
"ufb176" 0.609083437466323 0.680090977919547 0.199249699463927 0.132276572645487 0.134448529693435 0.0633879898953813 0.160770262806356 0.125409883490455
"ufb177" 0.609206048584464 0.6176610237798 0.163736899148628 0.197380450859756 0.105531261813829 0.056459698889322 0.11281151762354 0.0907409196818394
"ufb178" 0.665235594951376 0.585884047533309 0.15317646930672 0.481316542585812 0.113310547900971 0.0594539370041554 0.0445506773117583 0.0726606045124263
"ufb179" 0.681836085056187 0.678565646754088 0.174808366602734 0.413144445634365 0.12921050329472 0.0842458699231438 0.0965960730508617 0.100743782071395
"ufb180" 0.749265477365234 0.700270964349989 0.172201303598853 0.468333883794021 0.119578919885144 0.0776327285835894 0.0938527877579935 0.0989337632856727
"ufb181" 0.630766176119946 0.619654109791992 0.15926843872288 0.279543533939172 0.111303209411907 0.0737163687861809 0.0936461340570793 0.0867937858009227
"ufb182" 0.762715716286056 0.680152510061428 0.154742038562327 0.612609461178355 0.114145480644255 0.0610866791234122 0.0462524278478778 0.0759540370702493
"ufb183" 0.634970746070958 0.684456436132503 0.201500625719817 0.138887077632826 0.133915058943996 0.0751944113581328 0.16233944849983 0.121063980078179
"ufb184" 0.600142058014788 0.648855621575739 0.177836347037702 0.210993481598222 0.123998741155922 0.064106571270121 0.133061090151395 0.100655827399298
"ufb185" 0.680426077877611 0.681645441095414 0.178214354747884 0.268060199030009 0.121728186190809 0.066977339527766 0.122601979005056 0.0979194706216253
"ufb186" 0.674041537903775 0.649100039496699 0.17298067082347 0.351267006603113 0.120752559387486 0.0632639331344473 0.0836223999011406 0.110413129371848
"ufb187" 0.630865849233452 0.626095442442417 0.159402798132379 0.289152642238058 0.11262162283248 0.067921002466269 0.0875475103105004 0.0903677925300639
"ufb188" 0.714702976734655 0.709326388400084 0.191588208847759 0.455932185172914 0.140852831146996 0.0862517216469114 0.104645991625307 0.11981501780215
"ufb189" 0.670201779349945 0.635817449982242 0.172028900959646 0.479068138721676 0.125964712084131 0.0710386190433478 0.0658199321553606 0.0936942628973809
"ufb190" 0.51219512195122 0.473152733275075 0.169488354567138 0.512118168441313 0.124938254723206 0.0562729435931065 0.0337859233494773 0.0355957122413675
"ufb191" 0.635044051108726 0.628281864491364 0.167029823642666 0.239811750150277 0.109260763783996 0.0623858304213051 0.110667526591079 0.0990187636613686
"ufb192" 0.745920342769172 0.673265801788994 0.15186629211814 0.476664088706994 0.109141466564725 0.0664865324409894 0.0712449839012812 0.0595777512793775
"ufb193" 0.5932519719988 0.616195548529559 0.155325740448744 0.203905779684237 0.108354702419454 0.0655988616674998 0.0980372911171623 0.0832620304492753
"ufb194" 0.583457173948684 0.585524297687489 0.145614051248662 0.233671099116697 0.102473266592674 0.063609889086051 0.0787376725679572 0.0727005485638267
"ufb195" 0.662907432676643 0.670537574404762 0.182915143724588 0.228133430528785 0.124150435356263 0.0739373229668651 0.136949134465031 0.0950523855499981
"ufb196" 0.617550434587637 0.656607988964194 0.177124096823429 0.227985646996596 0.121188474696551 0.0706726707327626 0.124573279815239 0.10091959219221
"ufb197" 0.655523322039153 0.610102121934813 0.155196075756962 0.506048850496768 0.116413244532997 0.0665013701531188 0.0458371721306666 0.0817643014255958
"ufb198" 0.691358024691358 0.696872193953906 0.176296712551999 0.691245038579201 0.138793600848267 0.0641642108025344 0.0412904571880218 0.108426581640476
"ufb199" 0.635919237555496 0.667456238815391 0.185258757236859 0.191977033816768 0.121393064619842 0.0650813696203826 0.139463383403675 0.102762216522335
"ufb200" 0.583852023174025 0.663295125246671 0.194360032877147 0.120203192676884 0.130585158553876 0.0736506093221019 0.154820573955777 0.120517643538333
"ufb201" 0.663162197384576 0.671605950341638 0.173971800392118 0.356247309119277 0.126477674551405 0.0928752247920724 0.114143444325586 0.086519338103775
"ufb202" 0.613920483127264 0.591913875355 0.16686099495856 0.205295486989899 0.110834462376384 0.0589302092529411 0.101689006072032 0.0858125517869801
"ufb203" 0.608108717042748 0.582773168447314 0.160169207804497 0.205116373878077 0.104896811778623 0.0600831560582179 0.0993731586660509 0.0779452097178758
"ufb204" 0.607744005863443 0.585106456614431 0.158552173011802 0.20497612632475 0.10264024542691 0.0602043719309752 0.101615603984593 0.072969193786794
"ufb205" 0.608794980383779 0.661981804380091 0.18417730022025 0.205090185521712 0.128051959070243 0.0758172342884527 0.136502770698941 0.104246386050266
"ufb206" 0.607842460164908 0.672978150986467 0.193713950834577 0.121014370515673 0.129091966939112 0.0653968822169136 0.154632346023569 0.120144379457302
"ufb207" 0.639811107612691 0.683319983173035 0.200028051874192 0.162292788547625 0.134022104434649 0.0749030688818339 0.160803071381444 0.11789645836471
"ufb208" 0.71724909700669 0.687938342967245 0.190704074653174 0.460416344593874 0.14129876031815 0.069937509748947 0.0866010410841039 0.138177171843715
"ufb209" 0.779367902693133 0.754474303541131 0.195714027870042 0.529072818214974 0.150086053605402 0.0915737742028135 0.109040593241381 0.134967135429291
"ufb210" 0.595691107034125 0.630742328896809 0.175960418664115 0.120622511022867 0.113175005706139 0.0562929159121598 0.136382327644948 0.101206445514894
"ufb211" 0.607359484298305 0.634536072291642 0.1685786521814 0.217611741365364 0.117781389347149 0.0688588948108943 0.118043672403414 0.090444199457661
"ufb212" 0.71492285580718 0.71116798767063 0.187947703579165 0.438811241559955 0.141710536134386 0.0867336639430935 0.100217050995103 0.11845470964682
"ufb213" 0.731707317073171 0.630725942599887 0.145331915024583 0.731504118053414 0.111338797568405 0.0509768497868866 0.00698465360910205 0.0497813938232794
"ufb214" 0.767009822925096 0.741775877776999 0.189877907594176 0.522593680634125 0.143444510815457 0.0846836427506643 0.102751752699448 0.125705218542555
"ufb215" 0.591444210410488 0.655110836567857 0.18164327328243 0.120286786994538 0.12119207194263 0.0591689238304498 0.141956292989742 0.110918006171655
"ufb216" 0.658783223176909 0.659716690016391 0.173776600790376 0.352086612402366 0.124410989125637 0.0776654151478126 0.0956003237023725 0.0987836440290094
"ufb217" 0.693520815075321 0.684857892715401 0.179164390512763 0.301205143173907 0.125244295927339 0.0690969581406109 0.123665740419513 0.0972918828729696
"ufb218" 0.700814194636761 0.675751137517392 0.175638922670301 0.372655434924155 0.120961886282706 0.0734523531282635 0.0976519075807333 0.113110060667696
"ufb219" 0.668559391479195 0.677486797223795 0.183539886798386 0.276448135729169 0.124023976043715 0.07575848393208 0.128371898004576 0.10478330931577
"ufb220" 0.594083817882031 0.624121262838636 0.174754802384014 0.112840684280267 0.112112475928928 0.0572066764249332 0.134758692075033 0.0989799716324698
"ufb221" 0.670731707317073 0.611510128913444 0.154043878411626 0.670535405954958 0.116509034294416 0.0532133523783745 0.0162601490977451 0.0673969488394334
"ufb222" 0.667942119585609 0.675501710008389 0.183484373178657 0.265143417991659 0.123991894431043 0.0775219964977353 0.131332657053351 0.102564889214337
"ufb223" 0.632730819664411 0.688586883479543 0.207944215487179 0.158205932396689 0.138420363954872 0.0813668092718476 0.169096460942956 0.126099217854644
"ufb224" 0.634771049422304 0.69571674992229 0.212568345518483 0.151666408726859 0.143065729663609 0.0835402932149379 0.174401326723967 0.130792541988346
"ufb225" 0.641975308641975 0.596053643119501 0.156087445971164 0.637304533596794 0.118774088724197 0.0533458083676853 0.0181951655274314 0.0759442480956876
"ufb226" 0.607113541382707 0.655501057197564 0.184950677222709 0.13715138177609 0.123184898145209 0.0619800331462217 0.144958877526088 0.110226854385934
"ufb227" 0.642389072119422 0.567678033354217 0.152219997862977 0.426517319885887 0.107696572338773 0.0538987944703398 0.0434876227182715 0.0739434235686204
"ufb228" 0.633141139794818 0.618755763410619 0.166778072074979 0.240387231503532 0.107996276896554 0.0691457053211537 0.119928059601402 0.0794290214870209
"ufb229" 0.684819334237871 0.712253977421422 0.177871509213787 0.397880846641228 0.128620615894359 0.079302369023417 0.100008543775516 0.101125619131746
"ufb230" 0.69557896944681 0.713535325203511 0.179732009618975 0.39776573485457 0.131638464538496 0.082378207260035 0.109851006354365 0.100927533935334
"ufb231" 0.654873716082252 0.661569766955007 0.194008361569846 0.301573253801071 0.13872853111025 0.0731731933840136 0.117724894702329 0.127370495327689
"ufb232" 0.544318385090307 0.571001648804617 0.160082329159085 0.096594828559617 0.104522583242608 0.0474056212820034 0.114322085292336 0.0881057437918898
"ufb233" 0.615322206021125 0.614307892861921 0.163531871151344 0.245198564179733 0.114811019248464 0.0756310858904372 0.106977222416698 0.0894914121851071
"ufb234" 0.618190866988874 0.607940606111008 0.162553501497266 0.260308629834212 0.114465063504494 0.0733123349177566 0.102107098524703 0.0866173834507216
"ufb235" 0.75 0.650219415605266 0.14243382645321 0.749721870605136 0.109662537721142 0.0518831712039894 0.000661917591470034 0.063487153323401
"ufb236" 0.564882173414818 0.611297768598159 0.173785799375495 0.0838663055792259 0.111646155003127 0.0471451919942007 0.133236428061015 0.0983055325773556
"ufb237" 0.565646565594582 0.587744882946597 0.171001445751615 0.132381158199821 0.110712416015513 0.0571544332436808 0.122694030807836 0.10158101304007
"ufb238" 0.766759367385913 0.694638694638695 0.159026344141958 0.539555946311274 0.117388932562469 0.0791631108419665 0.0792423828382114 0.0669617879017963
"ufb239" 0.604965994522784 0.655909247528426 0.188639248029084 0.0876794388122871 0.123489981975759 0.0605952366038748 0.150053026336444 0.113797244406783
