0.1431472 NA -0.05118567 NA NA
NA NA 0.2003863 NA 0.04315342
NA NA NA NA NA
NA NA 0.296727 0.1217112 0.3050568
0.1750148 0.04773983 0.08618212 NA 0.143465
0.1035224 0.2717952 0.1503228 NA 0.09338833
0.2819882 0.1919044 0.06336791 0.2809966 0.0381709
0.1059051 NA 0.1532823 0.1121841 0.1867026
0.1118559 0.02473129 0.02213458 -0.05232209 0.2006539
0.0947946 0.2120049 0.02114736 -0.005520951 0.1022998
0.1554301 0.01048581 0.2220987 0.2378474 0.07858051
0.1025624 0.05039839 0.08577343 0.1391686 0.162798
0.2522073 0.1025705 0.1762405 0.01138753 0.05568267
0.06299155 0.1180865 0.1778483 0.04147315 0.1082071
0.03159363 -0.002049724 0.05949574 0.1188299 0.1457178
-9.932527e-05 0.05960453 0.09688141 0.05464368 0.1006895
0.003321346 0.01633175 0.04968421 0.09553103 -0.006666525
0.02861321 0.03118988 0.02933784 0.09973651 0.008455336
0.1008258 0.01615297 0.05094676 0.04546074 0.1047367
0.01636548
