0.1521985 NA 0.1246181 NA 0.1811704
NA 0.1706968 NA 0.1521985 NA
0.05695438 0.213649 NA 0.1540085 0.2424353
NA 0.1322791 0.182175 0.2417759 NA
0.1241315 NA 0.06527858 NA 0.1230382
0.2413319 0.1246181 0.0611356 0.1116545 0.04104059
0.2555642 NA 0.2571279 0.1547416 -0.01327562
0.2862395 0.1996967 0.0844783 0.1672756 0.2526174
0.05089691 0.2077201 0.03755776 0.1191426 0.1840135
0.0692059 0.3236621 0.1292396 0.1558359 0.07868272
0.01565508 0.1160746 0.05342221 0.104462 0.09172476
0.1535646 0.2146198 0.115835 0.2561815 0.1667555
0.1742477 0.1539526 0.2362694 0.1182167 0.1300298
0.05509776 -0.005138111 0.07529449 0.05260759 0.04576283
0.1625721 0.06295698 0.08325076 0.04169538 0.06919868
0.08141982 0.02936602 0.08438207 0.1617187 0.04176843
0.04910172 0.01574552 0.007099422 0.04551778 0.01942639
0.03262504 0.01760219 -0.004965738 0.0176118 -0.006998294
-0.005786777 0.07359859 0.01725128 0.0001412448 0.01647121
0.0186
