NA 0.07759308 0.1246181 0.06693945 NA
0.1124584 0.1251068 0.1706968 NA NA
0.08013493 NA 0.1217007 NA NA
NA 0.04476766 0.06810562 0.07587531 0.2335158
NA 0.2963437 0.1134626 0.02568886 0.2810931
0.1418159 NA 0.09376873 0.06853491 0.2140236
0.2150428 0.09616641 0.05258067 0.02333753 0.04453042
0.03661661 0.1639614 0.07730045 0.07016997 0.09585204
0.01504127 0.1000153 0.1973688 0.1301996 0.0451659
0.1562665 0.05917265 0.07187394 0.07777742 0.02758366
0.09712588 0.1758971 0.07966147 0.0639864 0.06133442
0.05231714 0.09588065 0.1212581 0.08099458 0.1534034
0.1308661 0.1190766 0.1274265 0.04561404 0.02092168
0.09995178 0.05092223 0.08008736 0.04511391 0.03713268
0.02658374 0.06294128 0.04863477 0.1333149 0.03049197
0.02397605 0.0404647 0.02973023 0.1072859 0.01722473
0.0025762 0.04448034 0.08006937 0.03299401 0.04044541
0.06295299 0.06639309 0.02524121 0.01954629 0.0650911
0.01131507 0.06274086 0.005761929 0.01924089 0.0196369
0.02645446
