NA NA 0.3101295 NA 0.2024397
0.1987224 NA 0.1706968 0.3022467 0.02889426
0.2086557 NA NA NA 0.1976736
NA -0.03857289 0.106712 0.2437145 0.189804
0.1944882 0.06314748 0.1949723 NA 0.2266833
0.1016033 -0.06268043 0.1420283 0.1138334 0.1094485
0.07879467 0.2853877 0.06543857 0.2232733 0.1130367
0.2333014 0.03868461 0.1157178 0.03503725 0.1178884
0.06653677 0.08640468 0.08402165 0.1987568 0.05863429
0.2035615 0.1235331 0.306001 0.07420657 0.05294585
0.04579825 0.1103839 0.02543205 0.07602058 0.1182783
0.1885531 0.04947359 0.01054901 0.04258169 0.1032673
0.08680804 0.09928386 0.05760161 0.101027 0.1102012
0.04863981 0.09933675 0.03558847 0.09406559 0.1655681
0.07565735 0.1164776 0.09888615 0.1069633 -0.0004805575
0.01396942 0.03532558 0.03446543 0.07419511 0.06751814
0.04144866 0.0382083 0.07080921 0.01037074 0.03500162
0.05693241 0.05143851 0.02338881 0.05084372 0.01833885
0.01820515 0.07105188 0.02027399 0.01488026 0.1083171
0.111645
