NA NA NA NA 0.141892
0.07268378 NA 0.006294475 NA NA
NA NA NA NA NA
NA NA 0.2719578 0.1382743 0.05186258
0.08822114 0.1651248 0.08154587 0.05971857 0.1244034
NA NA 0.1996698 NA 0.1049061
0.1706968 -0.01949226 0.1965313 0.04095031 0.09866814
0.1430237 0.002245278 0.1638736 0.04141219 0.09428905
0.1142717 0.04412808 0.04118257 0.0002832531 0.1709838
0.05807826 0.03529491 0.2019484 0.08125173 0.149652
0.1107135 0.05954488 0.074332 0.1086095 0.04601433
0.1164742 0.1116132 0.1898754 -0.006281982 0.2411794
0.08927201 0.02300952 0.0378333 0.04351443 0.03628219
0.01430404 0.1057427 0.05420252 0.123058 0.1653352
0.05084612 0.08175569 0.03322107 0.08827682 0.07058395
0.06788665 0.08924146 0.1311755 0.02303268 0.09142035
0.03233799 0.03702435 0.01481656 0.05487504 0.005113983
0.032881 0.08277865 0.06472267 0.07810017 0.03817683
0.02266655 0.02605122 0.02932256 0.0296926 0.02317153
0.02495999
