0.06106377 0.03430578 0.02112238 NA 0.07959619
NA NA 0.2762468 NA NA
0.08944328 0.1939246 NA NA NA
NA 0.1307198 0.09199694 0.07624503 0.07936421
0.04594315 NA 0.1073569 0.0914706 0.267994
0.06609321 0.1974777 0.05395997 0.1381984 0.1760977
NA -0.02088963 0.09261417 0.1259812 0.04551079
0.1897147 0.07528445 0.1049883 0.2816386 0.1252229
0.05882443 0.159485 0.1121142 0.1490619 0.1019615
0.05840946 0.2033206 0.04383636 0.06965628 0.08072492
0.1189922 0.1316197 0.03954561 0.0759762 0.02203792
0.06634509 0.2409226 0.03097715 0.1068033 0.02238218
0.07606078 0.1199406 0.04562678 0.0144482 0.11677
0.06120082 0.05215865 0.1041612 0.04783929 0.09568
0.08490442 0.0525684 0.1096624 0.08631244 0.0624234
0.04684615 0.105293 0.1507512 0.19144 0.04189212
-0.00653648 0.03802981 -0.003823417 0.01755558 0.01394197
0.01515816 0.01335982 0.07225601 0.03031938 0.02233849
0.02720147 0.05312023 0.005279287 0.02041739 0.004635708
0.1306231
