0.1933927 NA 0.08499144 NA 0.1521985
NA NA NA 0.1706968 NA
NA 0.1841319 NA 0.1283632 0.194955
NA NA 0.04689397 0.05854282 0.07463221
NA 0.1630479 0.1034641 0.01074905 0.1760977
0.01764475 0.0696772 0.1520443 0.111625 0.1238161
0.1823277 0.03340384 0.1468916 0.0241601 0.07186854
0.1511582 0.0851838 0.1862687 0.0402401 0.1416274
0.1776655 0.01224963 0.1261256 0.2412778 0.01916652
0.1049717 0.2853543 0.01807709 0.1482206 0.09778887
0.0619428 0.1369519 0.02532946 0.0727319 0.08629612
0.06687517 0.2861414 0.01574276 0.04639899 0.06606909
0.1907564 0.0714133 0.1626181 0.102103 0.0407205
0.1644712 0.02879495 0.0630575 0.05327707 0.04244017
0.1095555 0.1277384 0.1262285 0.005393834 0.09299053
0.05133566 0.1069644 0.110832 0.09427259 0.04561069
0.04436114 0.0253547 0.0278779 0.06609152 0.04288463
0.06601703 0.01819657 0.07583646 0.07323146 0.0144067
0.07882414 0.03431485 0.01459719 0.09798142 0.1404552
0.07778685
