0.05426843 NA 0.3292106 NA NA
NA 0.1099102 NA 0.1004043 NA
NA 0.2674575 0.1519506 NA 0.1316197
NA NA NA 0.2522728 0.1084809
0.1516339 NA 0.1925463 0.0486188 0.1361032
0.1434721 0.1316197 0.05823025 0.0878906 0.1466832
0.03795997 0.1065091 0.248721 0.083733 0.05809192
0.1326711 0.1047095 0.0168295 0.1135562 0.04137231
0.1996811 0.1574852 0.1303467 0.1666891 NA
0.04631989 0.21588 0.08359354 0.1463809 0.1521793
0.0395227 0.1434059 0.1634892 0.0517241 -0.002616743
0.04295961 0.1054722 0.1025069 0.1852228 0.01523797
0.1213202 0.0676977 0.058021 0.1020968 0.134298
0.02864195 0.03643783 0.01205924 0.01261773 0.1176021
0.03200205 0.07049879 0.1852542 0.01269991 0.3310625
0.1880761 0.09832567 0.08707279 0.0631801 0.09239679
0.06982023 0.05920327 -0.01422276 0.01736675 0.03501368
-0.009882226 0.05921808 -0.009619436 0.06536804 0.02476615
0.002236997 0.05053883 0.02467813 -0.002084604 0.06346116
0.03394784
