0.1580105 NA NA NA 0.14897
NA 0.1580105 NA NA NA
NA NA NA NA NA
0.06311517 0.05712928 0.2246577 0.1446418 0.1706968
0.2807391 NA 0.1973011 0.1155976 0.3050418
NA 0.2287035 0.04218613 0.1318964 0.1403978
NA 0.1411635 0.1460703 0.2319162 0.2238467
0.1650104 0.1045764 0.04863867 0.2009961 0.1421781
0.09567779 0.0525375 0.1212252 0.06098899 0.08209324
0.1184657 0.2042457 0.131338 0.1140214 0.1385563
0.04515051 0.1668222 0.09614139 0.05221818 0.07460412
0.09207301 -0.01319523 0.1642238 0.1712981 0.00720462
-0.005479379 0.04712038 0.04194887 0.03932836 0.005295358
0.01320678 0.08606303 0.09844731 0.04662518 0.07968988
0.07998155 0.05469161 0.1777919 0.03547101 0.0542851
0.01902172 0.05031145 0.1571645 0.1080623 0.1486463
0.06254059 -0.002000192 0.09211542 0.02023182 0.03217803
0.03287873 0.0946786 0.05986176 0.02246342 0.03279581
0.04653318 0.07680367 0.01609433 0.09529374 0.00801063
0.08052844
