0.1251068 0.09756056 0.1964528 NA NA
NA NA NA 0.2996547 0.2940434
NA NA NA 0.14897 0.1939246
0.20295 0.2996547 0.08000515 0.1539259 0.0177407
0.08099793 0.1044024 0.03106743 0.0387907 0.1283956
0.0692607 NA 0.05352387 0.07771966 NA
NA 0.05704394 0.04388901 0.268277 0.1666298
0.05934812 0.2613803 0.1414079 0.1743748 NA
0.1535399 -0.01719642 0.07987567 -0.04727134 0.1022804
0.05822174 0.237451 0.1801068 0.08577708 0.08411344
0.2277347 0.01418985 0.2056731 0.07240007 0.1319456
0.05527904 0.0482868 0.2366278 0.2708245 0.04869125
0.06787734 0.07661825 0.04692773 0.02883536 0.08876823
0.1253015 0.06003219 0.05519618 0.1069225 0.1424152
0.02595255 0.0159134 0.1043638 0.06045025 0.1667465
0.08427648 0.1963646 0.0462891 0.09884664 0.07430349
0.008186789 0.04494589 0.02970138 0.04340873 0.03576052
0.004221507 0.03801897 0.021843 0.01261639 0.0482237
0.001758518 0.03038543 0.006448237 0.07414942 0.1150385
0.04147007
