NA NA NA 0.1066248 0.06951234
0.1563156 0.0395405 NA NA NA
NA 0.1118902 NA 0.1260701 NA
NA 0.1428984 0.2209055 0.2009423 0.2368648
0.1494807 0.1618479 NA NA 0.2339514
0.1620667 0.08234332 0.1227183 0.0472334 0.1428646
0.165526 0.06481342 0.009589085 0.0271845 0.08364388
0.2011409 0.1151745 0.009091865 0.05028406 0.1410663
0.02549094 0.1332575 0.2847019 0.03398569 0.2611573
0.09968002 0.05687875 0.07435603 0.1958252 0.1546898
0.1252019 0.1069222 0.009647042 0.0287156 0.08536867
0.126279 0.1321219 0.2019762 0.09469557 0.1899701
0.009767149 0.04080119 0.1053544 0.1584001 0.08459267
0.04006857 0.04509184 0.1213143 0.06528856 0.07642079
0.05382328 0.02985778 0.05202172 0.1082622 0.1630464
0.1100001 0.182105 0.04900417 0.0471734 0.02628748
0.01733533 0.002981983 0.02998064 0.07474559 0.04807888
0.0855541 0.009426422 0.03550684 0.001656605 0.02874351
0.03152696 -0.009121477 0.08353595 0.05415428 0.02247722
0.01831426
