0.05900772 NA NA NA 0.1316197
0.1417827 NA -0.0463983 NA NA
NA NA 0.2819882 NA 0.02763591
NA NA 0.1413942 0.1138555 0.2652687
NA NA 0.155305 0.3148619 0.03703246
0.1648857 0.194506 0.329494 0.00602258 0.1036523
0.2741216 0.07814314 0.04316544 0.09515495 0.2433167
0.07815568 0.1492926 0.1274356 0.1863853 0.1749613
0.193147 0.145644 0.01039863 0.1033566 0.02972327
NA 0.1697521 0.1070598 0.1296434 0.1356964
0.1828362 0.0268724 0.09058019 0.004913106 0.03298297
0.08429084 0.1565576 0.1282618 0.1176273 0.1360518
0.07234947 0.1046002 0.04462698 0.1236755 0.03129927
0.05513152 0.1101627 0.06549814 0.1299067 0.09614936
0.06848942 0.1091531 0.08387274 0.03978027 0.08974575
0.2132908 0.15152 0.02143328 0.113176 0.1652735
0.0838801 0.03047254 0.02116134 0.005930844 0.02479449
0.02870353 0.04120761 0.0006033429 0.00348138 0.0822214
0.02467422 0.06596541 0.08621929 0.008784689 0.03706511
0.04184558
