0.1729759 NA 0.1316197 0.2959614 0.1343161
NA 0.2777212 NA NA NA
NA 0.07408947 NA 0.08647057 NA
0.1316197 0.1056859 0.1543238 0.2377469 0.2389023
0.135515 0.2697283 0.0640789 0.2517615 -0.05019746
0.1950327 0.07714722 0.01996743 0.1578859 0.1378301
0.2628194 0.1718164 0.04232489 0.08773691 0.0389993
0.003086333 NA NA 0.0632894 0.2226807
0.163668 0.05226912 0.0812688 0.0608301 0.02474896
0.2496408 0.05544735 0.2076482 0.04389146 0.1982104
0.08547365 0.2281465 0.180385 0.05949644 0.1205902
0.03272405 0.1491309 0.02702576 0.1363195 0.06666922
0.1158828 0.05727968 0.07356002 0.175862 0.0536628
0.04998671 0.07093778 0.1271198 0.08356417 0.07170675
0.04158388 0.04051327 0.04863975 0.1671797 0.06981254
0.08674703 0.07328215 0.1157993 0.003804232 0.05603147
0.01133032 0.01694431 0.07192625 0.004052138 0.03471685
-0.0005276894 0.1141553 0.03123519 0.02601048 0.07977745
0.02155333 0.001344409 0.06004753 0.05606296 0.01062158
0.009741617
