NA NA NA 0.2996547 0.1316197
NA NA NA NA NA
0.1980294 NA 0.1939246 0.1316454 NA
NA -0.06593686 0.08981471 NA 0.04754935
0.1133335 0.1128837 0.09107694 0.06340315 0.14897
0.07812746 0.1246181 0.08944328 0.1066679 0.1535003
0.1039352 0.1897493 0.01502561 0.1492021 0.1342896
0.06307937 -0.01805665 0.06302423 0.07488226 0.03044502
0.1553118 0.06265003 0.1757668 0.3181809 0.2905062
0.07442734 0.1402844 0.163833 0.09763039 0.2126227
0.07575842 0.1417175 0.04303237 0.17842 0.09432363
0.1390088 0.04513078 0.1106795 0.2738833 0.1300358
0.101551 0.201359 0.0830658 0.07168078 0.0430332
0.113579 0.1368128 0.03762494 0.2166189 0.03282043
0.0622272 0.04261729 0.00935042 0.0281855 0.04322197
0.06870085 0.08795328 0.2203967 0.01288296 0.04423185
0.01966782 0.03002057 0.0555081 -0.01177388 -0.002037359
0.0176079 0.02210767 -0.000808921 0.1030844 0.08043269
0.04553057 0.03843904 0.04813077 -0.002047537 0.02866764
0.03794731
