0.0725323 0.2320074 NA 0.02483563 NA
NA -0.06485138 NA NA 0.08944328
NA 0.1854636 0.09756056 0.02687129 NA
0.1363231 0.1402656 0.1450419 NA 0.07530846
0.1595405 0.032207 0.3023938 0.08451966 0.07054333
-0.007333764 0.1231761 0.1695973 NA 0.1331414
0.1130266 0.09390439 0.1305229 0.1134036 0.164252
0.1934511 0.1143616 0.1949515 0.2368345 0.2273611
0.2790112 0.02325471 0.03836295 0.08745889 0.02180451
0.05762288 0.03473493 0.02195802 0.03269163 0.1344802
0.2233026 0.1536915 0.09267095 0.120067 0.2669639
-0.009712667 0.1214693 0.01868293 0.09077427 0.1058063
0.06832675 0.04664848 0.1354841 0.1023501 0.05192138
0.07842369 0.1127312 0.1960996 0.08644688 0.03288774
0.1067029 0.07712863 0.06450304 0.05388443 0.1787876
0.02764485 0.0387472 0.06882616 0.09378207 0.04460298
0.03063918 -0.006261637 0.01234584 0.009430173 0.04759759
0.01210868 0.1145723 0.03798694 0.03245979 0.015315
0.02823504 0.05356217 0.01433983 0.02012092 0.003782744
0.02001899
