NA NA 0.1092135 0.1402656 NA
NA 0.05127611 NA NA 0.2325258
NA NA 0.1558024 0.1976736 0.09737385
NA 0.1532923 0.1064455 0.1474488 0.1245171
0.1083836 0.1246181 0.1297839 0.1191267 0.03717706
NA 0.07249697 NA 0.1827797 0.07998726
0.2020037 0.2800651 0.02748123 0.1111225 0.1454642
0.2006841 0.09884777 0.08291372 0.07138024 0.1443704
0.04971155 0.03977453 0.06867118 0.3095914 NA
0.1679034 0.1389842 -0.01421145 0.03048321 0.0728572
0.121977 0.1143838 0.002310821 0.1484531 0.1730863
0.06547025 0.08451283 0.05715375 0.01509324 0.1196772
0.1626746 0.2372222 0.008478301 0.08368841 0.09993938
0.0673379 0.04966377 0.075293 0.03252352 0.1190766
0.1492464 0.02950925 0.1578989 0.08644499 0.07532369
0.04167946 0.1116217 0.09516771 0.2055457 0.1621127
0.02880288 0.0733633 0.006639773 0.06075367 0.06124425
0.05329766 0.02651472 0.03212052 0.05039186 0.04130988
0.06102787 0.05627427 0.04430681 0.03456485 0.04917956
0.05000869
