NA 0.1246181 NA 0.1503228 NA
NA NA NA NA 0.1976587
NA NA NA -0.04477009 0.09756056
0.2739178 0.06772239 0.1118168 0.07724836 0.1742278
-0.01926141 0.1099102 0.0445619 0.02607746 0.1197646
0.1119319 0.01592191 0.01763055 0.2614283 0.2052968
0.1528012 0.09310496 0.0558684 0.1405872 0.1117928
0.2476628 0.2617846 -0.006808929 0.1117966 0.1284631
0.1760001 0.2671758 0.09457241 0.1629914 0.07704378
0.04823801 -0.02316847 0.001745722 0.07562038 0.07504262
0.08726709 0.1553419 0.08898582 0.1498885 0.07514363
0.1185827 0.09663636 0.1407801 0.1093866 0.06049834
0.1050067 0.02218805 0.04764157 0.02036878 0.03551616
0.05486372 0.05739508 0.08091032 0.07622753 0.1462654
0.1751556 0.08431365 0.04506275 0.09544772 0.08097551
0.01888574 0.2052308 0.04227832 0.02161281 0.1056002
0.04628086 0.01697388 0.02562401 0.03847129 0.05716509
-0.004228593 0.005071449 0.03701088 0.04056516 -0.008844826
0.04444991 0.1035797 0.04167776 0.04951126 0.03953051
0.09234311
