0.02054172 NA 0.200011 NA 0.1223527
0.09756056 0.1944882 NA NA 0.03631471
0.1503228 NA NA 0.1944882 0.1099102
0.1252021 0.1229642 0.2613617 0.1672188 -0.03756591
-0.03781637 NA NA 0.09383443 0.2704321
0.04280104 0.05851338 0.0913881 -0.05939665 -0.0212033
0.06559322 0.1036524 0.1449842 0.08186146 0.04290119
0.09798782 0.2069518 0.05443878 0.02456008 0.1540097
0.2718695 0.06682646 0.1564411 0.09606668 0.2618911
0.05343342 0.1514544 0.06253652 0.1349284 -0.006150006
0.1455446 0.05773235 0.2438007 0.07511418 0.2504916
0.1348597 0.1884069 0.143649 0.1478581 0.1093284
0.08623908 0.1059885 0.2238779 0.1828745 0.0125232
0.08059792 0.1353922 0.08282079 0.1760779 0.04060772
0.01768637 -0.01030241 0.104137 0.1004442 0.08013156
0.08529593 0.02863705 0.03123554 0.05793895 0.05279894
0.02503747 0.04927911 0.06059523 0.02411882 0.003611879
0.04367809 0.0375162 0.0130972 0.06453979 0.008038402
-0.01446076 0.06315012 0.03260723 0.04104874 0.03822291
0.0378998
