0.197395 0.2996547 NA NA 0.2041386
0.03701154 NA NA NA NA
NA 0.1118902 NA 0.2578012 0.1939246
NA 0.1347203 0.1334893 0.1132595 0.2218554
0.0643775 0.1099102 NA NA 0.1286192
0.1625569 0.1503228 0.146671 -0.03527583 0.09586897
-0.04550358 0.05256965 0.1461555 0.07918682 0.05008478
0.2682335 0.1008105 0.2458842 0.07361777 0.05840309
0.1327017 0.1079121 0.1812405 0.2784228 0.09410293
0.04029589 0.1404055 0.05454272 0.1245098 0.03593204
0.05222661 0.1051462 0.07014512 0.2666948 0.03607545
0.1018924 0.117188 0.201048 0.06230043 0.09799349
-0.004220308 0.06176854 0.08540273 0.04911139 0.08964112
0.04643134 0.06866796 0.08188485 0.08361872 0.1218991
0.1252958 0.07201787 0.06403363 0.03037096 0.06611434
0.105247 0.0469933 0.1346433 0.1857716 0.1143211
0.03505927 0.05041875 0.03802547 0.05677204 0.05349403
0.02169081 0.01739079 0.03543548 0.05486637 0.1202872
0.05541274 0.002108012 0.01847992 0.1027384 0.04478656
0.01198578
