NA 0.0468276 0.14897 0.1706968 NA
NA NA 0.1503228 0.1497051 NA
0.1286192 0.08736893 0.141892 NA 0.1246181
NA NA NA 0.1817783 0.1472141
0.1733754 0.2107967 -0.04152612 0.1238161 0.3211849
0.2025207 0.165321 0.1392564 0.1955654 0.02105588
0.185575 0.2958647 0.08293392 0.08067896 0.04591368
0.06925699 0.08441112 0.1531265 0.211358 0.1201214
0.2184445 0.02653013 0.1133205 0.187245 0.05677843
0.01336264 0.03202544 0.1475718 0.1186963 0.0348036
0.06095066 0.07168303 0.1142265 0.1014843 0.1445191
0.06837257 0.06773397 0.2473675 0.01420241 0.2152341
0.01284993 0.2109562 0.1091277 0.1275824 0.1343509
0.03716763 0.08329628 0.112687 0.07445036 0.1291798
0.06593473 0.1016822 0.03765946 0.1056205 0.1454895
0.088951 0.04650777 0.1088309 0.09362379 0.08735243
0.01565773 0.0603067 0.02214287 0.0281731 -9.031886e-05
0.008017551 0.01556294 0.01229006 0.0232864 0.03550848
0.04798609 0.04888548 0.04407077 -0.008359094 0.01109071
0.0366617
