NA NA NA 0.1265425 NA
NA NA 0.08054418 NA NA
0.1539376 0.1316197 NA 0.2968801 NA
0.1294487 NA 0.151161 0.1132285 NA
0.1090491 0.08902595 0.1511582 0.2370887 0.1351867
0.1508388 NA 0.1031716 NA 0.1879325
0.1362733 0.1245093 0.02159169 0.04695916 0.0791658
0.194812 0.2634744 0.191796 0.05600021 NA
0.140309 0.2587125 0.02527035 0.08083254 0.2167638
0.1339403 0.1703595 0.09614947 0.02245475 0.1598147
0.03800967 0.04483839 0.05027739 0.008869313 0.1007785
0.03635663 0.0415987 0.1059563 0.110618 0.1636325
0.06652265 0.05482244 0.09769205 0.05708449 0.03948381
0.01643497 0.0291736 0.1021101 0.05496088 0.03614527
0.04836779 0.04548961 0.04071848 0.0458158 0.08883398
0.002144632 0.09769253 0.04499068 0.0460909 0.02891132
0.02378672 0.02124645 0.09593549 0.07560624 0.118174
0.04269388 0.06541337 0.07035242 0.02837643 0.02118527
0.04152247 0.0543724 0.02722125 0.08047271 0.0369878
0.02694992
