NA NA 0.104578 NA NA
NA NA NA 0.07624503 NA
NA 0.1246181 NA 0.0785747 NA
NA 0.1989646 NA 0.1251466 0.2284326
0.2293544 0.08840819 0.03695297 0.1968853 0.0416529
0.221108 0.02388548 -0.06338321 0.1777804 0.2344105
0.2512546 NA 0.1685852 0.07000043 0.09436926
0.06227033 0.143344 0.09563451 NA 0.06806294
0.1371108 0.1125851 -0.0009929365 0.01162031 0.132254
0.2159198 0.05661345 0.08624899 0.2045328 0.03686035
0.1193269 0.0105776 0.06377553 0.03650726 0.09547576
0.1196315 0.2218991 0.05316613 0.0715481 0.02333738
0.04855795 0.02662205 0.1418491 0.0612862 0.1206184
0.02002407 0.1228602 0.1547438 0.0382921 0.09641116
0.03010802 0.08012946 0.08445027 0.08829108 0.04021884
0.1980847 0.1095047 0.1208257 0.1025778 0.09250097
0.02264965 0.02343139 0.01035234 0.0397553 0.04226684
0.001903079 0.01131003 -0.01327922 0.0035354 0.04762614
0.05616773 0.04017455 0.06185025 0.01505772 0.07363764
0.07342573
