0.2325258 0.2007394 NA 0.2049118 0.1060444
0.1487638 0.2031699 0.277848 NA NA
0.1316197 -0.05128294 NA 0.1944882 NA
0.1482271 0.1316197 0.05733396 0.157281 0.1251466
0.1457324 0.1263012 NA 0.08106801 0.1927355
0.148931 NA 0.1309624 NA 0.08774586
0.09503394 NA 0.1559934 0.02126848 0.01771754
0.2769618 0.1504603 0.08157124 0.3041046 0.1448629
0.1892245 0.08211308 0.1025568 0.008021057 0.1916275
-0.03290388 0.09328795 0.01688634 0.1447237 0.1229449
0.03111854 0.03793464 0.1190832 0.04370652 0.02871025
0.04758915 0.1770415 0.2674394 0.1444712 0.1065146
0.0941131 0.1406268 0.2337642 0.1091932 0.07879826
0.09987329 0.05776122 0.1542003 0.08087494 0.09376003
0.07628009 0.1197194 0.07692316 0.06724621 0.06375864
0.1161378 0.02474318 0.07671581 -0.00371703 0.08585842
0.019134 0.01396939 0.01427064 0.01341123 0.0003176497
0.026482 0.009241666 0.05585425 0.02384848 0.05965248
0.01291898 0.02231298 0.05138583 0.05628262 0.04850337
0.02248515
