"quartet" "wQuartet" "cluster" "phylo" "mutual" "shared" "clusterNorm" "wNrqs"
"mb49" 0.768004454985115 0.806310242559051 0.231559063072316 0.502609132999446 0.167460957637037 0.106494192306334 0.148002919319691 0.172925879294548
"mb50" 0.80682617951214 0.823237699597559 0.212931428857452 0.734620823732018 0.169466517333619 0.108998524562838 0.112675702554856 0.1548025746814
"mb51" 0.781854974606851 0.800219347441362 0.207185610647397 0.65870836162311 0.158793826332203 0.0992899796248989 0.105482450585377 0.152609764800378
"mb52" 0.693491946428735 0.693118330426557 0.196585290822653 0.406950659782398 0.142488542065144 0.078223224893978 0.109268546470151 0.133359919773219
"mb53" 0.766194137942026 0.806063219730524 0.22982363056572 0.513053708923252 0.17123621725651 0.11250761540945 0.145930551556191 0.172460986585797
"mb54" 0.740740740740741 0.833656871276525 0.231337608406602 0.740560581700484 0.186463005988114 0.0875281144626718 0.107414960867051 0.181463318415497
"mb55" 0.735869381192592 0.743495929471169 0.21853195202388 0.281131283565549 0.158273866674028 0.100731526150167 0.133445516519218 0.168533442916087
"mb56" 0.776262454615243 0.833288926236396 0.239261007776095 0.590138018802106 0.18125597874865 0.114181056548062 0.142016132495827 0.192706754178328
"mb57" 0.740687252648826 0.755723564383656 0.223588807252106 0.348072615751305 0.15615257386159 0.102527583507661 0.166531374948193 0.153408114660226
"mb58" 0.914634146341463 0.958369528900768 0.22401719638091 0.914570693803554 0.186634632548622 0.0934922705870676 0.0987407028734901 0.199062878298387
"mb59" 0.846464290184328 0.843321226795803 0.209120011096511 0.721117407110628 0.165971891120732 0.0992802635833102 0.108453101168021 0.16513288109521
"mb60" 0.596538144498291 0.683706393447983 0.210325828172433 0.096262575094496 0.133354889709384 0.07427183867175 0.171228728440065 0.134431645959166
"mb61" 0.74390243902439 0.844283606211791 0.224166157894052 0.743835151159866 0.175268740930217 0.0846600955591306 0.0996970273927623 0.174815796666426
"mb62" 0.75 0.797482136781218 0.227390891943578 0.563203817449164 0.186647808465545 0.08929947097651 0.10232841538819 0.175537993766127
"mb63" 0.719420200339354 0.694228089962184 0.182374280798264 0.433033230510607 0.128793905425041 0.0878390927758448 0.112051638077437 0.111173017586838
"mb64" 0.74390243902439 0.829176437149151 0.217560936999929 0.743667687468265 0.16982095404649 0.082165806035369 0.0912278466175806 0.163277813930019
"mb65" 0.783132530120482 0.806705821128541 0.195492770414281 0.782868804306271 0.157275702055503 0.0763946497540832 0.0670263189631008 0.1429805906265
"mb66" 0.746114901267992 0.767389757241888 0.21852925671317 0.556179205353895 0.168943699673404 0.0932756519227047 0.118372241171835 0.163587965717081
"mb67" 0.590977780792627 0.677379434405361 0.20598570866431 0.0960841113140003 0.131959820269752 0.0688238304192526 0.166107755894034 0.134029566791716
"mb68" 0.827160493827161 0.834952748569147 0.210733912742703 0.826989334536518 0.172181663702435 0.0843502111104644 0.0827713085424761 0.176676499370303
"mb69" 0.743422251229084 0.754910325613791 0.217355375049521 0.376071142491542 0.1526161218191 0.102142096895659 0.155489125574778 0.149239172791292
"mb70" 0.790607332864885 0.791197283660711 0.174828689543338 0.684723411476103 0.133743897754153 0.0834149787850336 0.0693694570936722 0.104884399404491
"mb71" 0.737671230875717 0.776865435519096 0.219334829971188 0.455952606907334 0.160867644584021 0.107674108718754 0.144528931087992 0.152619513362691
"mb72" 0.610540905847267 0.679954928907991 0.203960613070745 0.0601606793586397 0.128122247379095 0.0588836742796028 0.164551594782884 0.125758197085786
"mb73" 0.580683302675738 0.679360942476115 0.207221182828953 0.0962798058397833 0.132590228461778 0.0723174746916792 0.167736963577978 0.133349254887677
"mb74" 0.676785828196931 0.665934428392374 0.185173673182462 0.170422281113772 0.122375919245021 0.0777425259844022 0.114807292105295 0.123530282302913
"mb75" 0.747099781230489 0.753172681389853 0.197058266605859 0.553975581901309 0.149009179067657 0.094612632568863 0.11014425573739 0.127157122528055
"mb76" 0.722269294449116 0.720311184649772 0.187325720331975 0.469521853933498 0.135545276403787 0.0892015535578082 0.109844797941883 0.113816505917029
"mb77" 0.783132530120482 0.79077908535677 0.198599256561441 0.782809359398223 0.161841039527509 0.0768848966490989 0.0706288593868813 0.152358589736791
"mb78" 0.594125092777503 0.656932171125138 0.189249621449897 0.14404378118001 0.12480993234374 0.0683065867651079 0.146035210531146 0.11681394226819
"mb79" 0.787698303193699 0.784073455196044 0.185584476854024 0.573978343148409 0.133887568504157 0.089087234860266 0.0968075985036456 0.106978095471288
"mb80" 0.588394236558513 0.672858636795165 0.201945310577362 0.107869122117086 0.129396265158945 0.0729732935673411 0.161426446227588 0.129551200732245
"mb81" 0.695338967855781 0.68593960064604 0.196230554799687 0.197212594326301 0.135670140855582 0.0814869427258393 0.119245829903356 0.141367546986576
"mb82" 0.707317073170732 0.641994101417563 0.149784571535163 0.707013568299178 0.112501095682256 0.051059849603481 0.0138267835324874 0.0667954799781442
"mb83" 0.616861406013423 0.655751036894467 0.184707280988405 0.0726056215994859 0.118293521318008 0.0660771551515173 0.140281315083797 0.102456572388309
"mb84" 0.627288643767855 0.648501265366006 0.181082185330566 0.0847601310442476 0.117203656928425 0.0719166227269493 0.130186471472287 0.106057440774834
"mb85" 0.620465417831495 0.65640659851148 0.183438516600263 0.0726293891810783 0.118858696598619 0.0708100872191423 0.137751358315209 0.101804577049973
"mb86" 0.703703703703704 0.742684063373719 0.184157931565751 0.703654229186599 0.14541727924459 0.0660120182488642 0.0527334849884367 0.0939651694814886
"mb87" 0.749814159140806 0.792484810555686 0.219037835135689 0.534825037379429 0.159861554969978 0.0906765449316129 0.118911891501084 0.164055531797912
"mb88" 0.634501992428788 0.665959042670902 0.188496860191247 0.191842204473204 0.125191891398477 0.0731488372697031 0.140026052250778 0.110307053172571
"mb89" 0.804878048780488 0.829879740980573 0.17537552747681 0.804655656426417 0.139996442191922 0.0650736536784643 0.0438290425753185 0.111665176219505
"mb90" 0.695121951219512 0.795285798467884 0.224598816673332 0.694939892842037 0.179058855019475 0.0856995245609702 0.0999437862595247 0.175035333330574
"mb91" 0.599108237269876 0.661195873925249 0.192801929485302 0.0601868372935293 0.121559383872692 0.0577343536700441 0.152609061443727 0.114868125406881
"mb92" 0.777844748426248 0.771258723184285 0.182960817731569 0.617827619338106 0.13757520880803 0.082527276671006 0.0779168017626394 0.110266053616535
"mb93" 0.771084337349398 0.839441107978919 0.213383304137973 0.768091748398325 0.171104835742131 0.0848927882632604 0.0877736739775529 0.167056575182866
"mb94" 0.627046884810737 0.65040589202143 0.179006308808133 0.0856957387303814 0.11628076855495 0.0668787886311827 0.130029764442238 0.101335869257661
"mb95" 0.628345283985998 0.664982192433888 0.189238955314193 0.0725857142966837 0.119849341195289 0.0676015996084485 0.146047849388686 0.106038642520115
"mb96" 0.654215846850828 0.667097002490633 0.192478065581663 0.227521061110534 0.127506059674903 0.0737414074564249 0.14427485732059 0.121809042836313
"mb97" 0.778681949229726 0.753103355974169 0.175507301861968 0.605483567449055 0.127282667198838 0.0771225126922632 0.0698423687892275 0.0985201655420823
"mb98" 0.75609756097561 0.781081874205224 0.168742056557654 0.75586469602235 0.131444230340749 0.0610006340973345 0.0361373811571087 0.0915677825346611
"mb99" 0.7875 0.841171251109139 0.222414076281839 0.787347561083108 0.183848468711592 0.0882047936702228 0.094748289946317 0.173380224474673
"mb100" 0.691137404288449 0.650491425964709 0.165600458360206 0.372787128481791 0.114557895995337 0.0650547490854541 0.0998042187318659 0.0903521482393223
"mb101" 0.759036144578313 0.739978233266824 0.160045284908848 0.755804528703244 0.124040767457508 0.0601114104220084 0.0259184583755267 0.0894848850206532
"mb102" 0.731707317073171 0.835016631387965 0.227222513338422 0.731575984237126 0.182541962772737 0.0869998010793391 0.102989273598418 0.180076437941208
"mb103" 0.617078152846324 0.647994602787463 0.180030081348697 0.073452784707316 0.116237667481171 0.0692441229419923 0.132739993799319 0.101782342252335
"mb104" 0.695826787951915 0.680594690790449 0.190078956285315 0.18488145648678 0.131464673264807 0.0807983103448304 0.112343472314095 0.134023957366774
"mb105" 0.795180722891566 0.762385804638089 0.162864312114967 0.795114636866178 0.131544891339568 0.0607668326700493 0.0291876374365903 0.104387859875524
"mb106" 0.829268292682927 0.824970484061393 0.164441920900926 0.829021052968897 0.129761757034751 0.0626102724383607 0.0300036685228887 0.101253243660162
"mb107" 0.879518072289157 0.865167659041053 0.193686294092369 0.879457422815109 0.161616896114348 0.0799408750614579 0.0649313783562559 0.153189257957207
"mb108" 0.78657815765969 0.803329864724246 0.215021355648668 0.597611264418336 0.156239186524024 0.089889167587623 0.114814052985908 0.166547847268752
"mb109" 0.71997925890184 0.629352619509614 0.137995345525324 0.607366705352966 0.0994664392835871 0.0579976233408913 0.027917735096934 0.0538663934315041
"mb110" 0.710165599605246 0.684834157174583 0.17417318138483 0.457147114130975 0.124083088604114 0.0746735312999568 0.0843271943436085 0.110211367900627
"mb111" 0.74390243902439 0.633073322932917 0.144364923369222 0.743727851085211 0.111250073230449 0.051701849273588 0.00621355979102933 0.0595403637711261
"mb112" 0.620436218913662 0.652390765022689 0.180094021497731 0.0735027473969754 0.117238021947629 0.0703130356860546 0.132838074263705 0.101089217025885
"mb113" 0.74390243902439 0.6619841010563 0.140767674983148 0.740515837953234 0.105609674599318 0.0491692872100838 0.00203549747710315 0.0563111897571615
"mb114" 0.855421686746988 0.841927471435668 0.165934898818248 0.855265684506863 0.134362501017786 0.0649291551664243 0.0327485458711579 0.0994326034808306
"mb115" 0.731707317073171 0.661405486659151 0.149422007070653 0.731318797522552 0.114640667058524 0.0519888184484767 0.0134062414531839 0.0678386652202446
"tnt1" 0.622329131114779 0.636293750313348 0.177628599045404 0.0848007505765254 0.11539606741533 0.0718833615169 0.124059071991972 0.106861159306174
"tnt2" 0.579486413201758 0.609696450661338 0.171168432396089 0.060263823183221 0.10608747495187 0.0595567281339651 0.127851330416337 0.0945243637974216
"tnt3" 0.58532051833689 0.620380257879582 0.173312849875194 0.0609428068568558 0.108782896237205 0.0537434574563242 0.130801280408878 0.0953528953187842
"tnt4" 0.595656513285546 0.646465703759341 0.184438662287784 0.0480855564758198 0.115648926568246 0.0513703353419436 0.143491415085007 0.106030517435255
"ufb1" 0.676957468197928 0.603869009988621 0.136092535274018 0.517811245975597 0.0957908079899967 0.0617446177708639 0.0424080492042244 0.04894198409327
"ufb2" 0.829268292682927 0.841663487218619 0.171432318868082 0.826978557376238 0.138865031912201 0.0653318356359849 0.0378695193031902 0.112972994003483
"ufb3" 0.707317073170732 0.657245401525348 0.14450730521381 0.707091759690121 0.107084605344224 0.0473880875669904 0.0063789306954574 0.0515268451557832
"ufb4" 0.65115169086964 0.652943221103262 0.171896226039396 0.273180843580147 0.112713470230637 0.0691505815770463 0.120408599634679 0.0917579691539737
"ufb5" 0.665253961747449 0.65596295352309 0.172477546349958 0.285062400295464 0.111621715348865 0.0666774707816936 0.115519745246758 0.0984566109499923
"ufb6" 0.673773709931721 0.655514081087643 0.176444205709204 0.33323725329038 0.117246548902054 0.0759379172693675 0.111365868376025 0.11245876398422
"ufb7" 0.681952834482798 0.65767767543368 0.178627507702732 0.348238086520248 0.119568118025886 0.0732508475336336 0.107816375388171 0.120787401549554
"ufb8" 0.668704075256444 0.646709399766635 0.167773433827522 0.324145797457138 0.113317152477556 0.0729067624145747 0.102148543304041 0.0925588564542265
"ufb9" 0.781969435907691 0.774450215493425 0.186884468342994 0.613931502577188 0.136972766632853 0.0815674126768111 0.0833109155636514 0.127277289812156
"ufb10" 0.716007799295959 0.716762751526312 0.204533217506934 0.287618237460311 0.140780366565582 0.0801452045211136 0.149688553026757 0.131734852865595
"ufb11" 0.679012345679012 0.664821530826494 0.171099549969192 0.674990785121282 0.13282537012133 0.0589723046804301 0.0378239649757022 0.077835280651876
"ufb12" 0.587865259319462 0.631692173728519 0.178544337821981 0.13064093541139 0.111542181019938 0.0549221034816172 0.136861686095096 0.100971593494345
"ufb13" 0.579605560818651 0.585024637842244 0.161341212492571 0.16680587919817 0.10255584331241 0.059968016569504 0.112974204647591 0.0891632671621111
"ufb14" 0.719901632049681 0.629752504810563 0.140764247868485 0.60504338884397 0.101667654745487 0.0563449549518346 0.0309567023434112 0.059585841635469
"ufb15" 0.728589016475427 0.749980340392069 0.211643679479351 0.407702513382228 0.153761174145991 0.107216994319199 0.14364709538128 0.145326571813426
"ufb16" 0.630552334917121 0.662531044808468 0.183760977651723 0.191812203454134 0.123165034123121 0.0701553741302512 0.132964125921302 0.109716995780373
"ufb17" 0.588118084558341 0.672079356990152 0.20023471574739 0.084147191844808 0.126702960984 0.0598171987369135 0.160402536646753 0.126341629266211
"ufb18" 0.606328742467906 0.663140373793658 0.193663082379505 0.118584452814997 0.120992091731103 0.0526874411170136 0.153513093782151 0.115024408786553
"ufb19" 0.708105297744113 0.692379135678105 0.175213421761959 0.389781540298449 0.122267839375827 0.0762452290631375 0.104402103629285 0.094863960074474
"ufb20" 0.666985886262677 0.666402782097317 0.189091117730303 0.438280548082133 0.137997979636613 0.0701171248550216 0.0848861479164252 0.123001035604668
"ufb21" 0.675213862865939 0.676442857142857 0.179654600484173 0.422682193920108 0.12985595732722 0.0773470690317663 0.0901709055165411 0.109438578940818
"ufb22" 0.694874217662098 0.708930930843727 0.201028529210141 0.266567254540376 0.137787404226015 0.0753973523576125 0.145938700396788 0.129940177781887
"ufb23" 0.725850427328769 0.733879335902757 0.198771143730535 0.406217187214337 0.139304428972959 0.0800026350733061 0.122266911285244 0.134779904925491
"ufb24" 0.627385032882534 0.656108119356303 0.187667254112047 0.203427878090079 0.124869262313556 0.0700334986863664 0.142230112406275 0.114763976097405
"ufb25" 0.621295518047027 0.659049474396493 0.188654670110509 0.208438917313921 0.126015890935404 0.0693884932545659 0.144451653276834 0.116168072954391
"ufb26" 0.75609756097561 0.741486810551559 0.163782631171894 0.756000045167186 0.129961216671008 0.0604635830205288 0.0293506702911903 0.0879181309746138
"ufb27" 0.61156394126296 0.58069452181987 0.154447470439333 0.215776903288408 0.0953990116354369 0.061879238952812 0.10196222057389 0.0766428455243462
"ufb28" 0.644230045371739 0.590353226793471 0.161186520439014 0.304426098334862 0.112875949207666 0.0530798507461796 0.0809898887532503 0.0866859710737024
"ufb29" 0.773466025234206 0.749260571824456 0.187613727916302 0.621527326705138 0.140706890395521 0.0836294284720967 0.083782366500672 0.129039125719941
"ufb30" 0.766219857139376 0.764779926991986 0.193209778952254 0.560466853785275 0.138653242739424 0.0927508080446813 0.105632750019047 0.132143593668624
"ufb31" 0.592051039489838 0.661512929113724 0.195241918341906 0.084114582571006 0.122918951796819 0.0491203971120083 0.155535751439116 0.120800327116508
"ufb32" 0.597231527236829 0.64592800281757 0.186060573032288 0.108395969467092 0.114306855743905 0.0514122224424449 0.145192719566354 0.107748684323314
"ufb33" 0.746227903933738 0.716693047948563 0.187578863398248 0.528331613874041 0.13933531490519 0.0855145118395404 0.0996893431723366 0.130597850518082
"ufb34" 0.658536585365854 0.633852631578947 0.170796017373672 0.658342942533324 0.131076568612847 0.0606819099320767 0.0380206058631172 0.0787873975648808
"ufb35" 0.764223749971758 0.788057520160764 0.216175695360334 0.590932067063399 0.161942337127118 0.0985032126364775 0.115682801239887 0.155353820079378
"ufb36" 0.669708100320219 0.663766487795745 0.179098036610971 0.289830505248394 0.116110499614114 0.0717376795572739 0.118870284804481 0.109461732323596
"ufb37" 0.645792798568816 0.68631906193478 0.184114161024443 0.275907200296741 0.124680087840738 0.0877715377536671 0.124290951055378 0.112996121559537
"ufb38" 0.590593792451102 0.668407998695047 0.197036363310623 0.120269891863864 0.12420517109685 0.0583016282575983 0.157418820866538 0.122643780785614
"ufb39" 0.638388719546943 0.627349639006393 0.165441866677157 0.296733079175935 0.111644247313644 0.0673146434338431 0.104152221458073 0.0940105694482791
"ufb40" 0.707099688240749 0.704668160282073 0.191898077453826 0.35756969818659 0.134759988834843 0.071656325362533 0.11473757975307 0.128090187147686
"ufb41" 0.666463767083601 0.655674566911531 0.182287298914089 0.264267935917253 0.12118620532421 0.0709887353659709 0.122407112487518 0.114476479905601
"ufb42" 0.69633165029204 0.690231995385416 0.177695958496352 0.426258371215361 0.124526391045385 0.0877591761040205 0.106949923261578 0.0989594825384167
"ufb43" 0.674698795180723 0.546540567446491 0.141780930636941 0.674512614773239 0.105660389429048 0.0467193655905227 0.00473758987593832 0.0469416899800531
"ufb44" 0.732183339336504 0.737097326707566 0.210503195866113 0.347965690207174 0.145362708965691 0.091859710026288 0.147996003307915 0.145849369763883
"ufb45" 0.622636162067082 0.649977738653641 0.179802826203542 0.180336248074353 0.11568655516993 0.0661376046785841 0.132507346009272 0.0995500238867558
"ufb46" 0.620851592298292 0.644867556527719 0.179031887330014 0.171207630110732 0.114811701807921 0.0673386854184934 0.130020899065188 0.101561219753088
"ufb47" 0.687919297893245 0.684072979269033 0.196755256893291 0.287081378464402 0.130955917031273 0.0794707283731175 0.133366531080545 0.134772069729913
"ufb48" 0.594440794358531 0.647041396493721 0.184813017454544 0.119978930002937 0.116781329772389 0.0535030754551959 0.1438907982263 0.107495481986779
"ufb49" 0.591006422316205 0.633709996029804 0.178070612118225 0.119945256754847 0.112266644423002 0.0524432379291865 0.136363922400693 0.100469441205424
"ufb50" 0.707924201112852 0.738213833768611 0.208572986990128 0.471731612192946 0.154303012333832 0.0866099364607393 0.107206152589459 0.151958170460245
"ufb51" 0.687374483033572 0.684475150112132 0.18110042747563 0.332166296404644 0.129602149621901 0.0817020268325284 0.116351943104415 0.105545847428541
"ufb52" 0.630686167081928 0.674819837913191 0.189537073034881 0.191776924620408 0.125433801418604 0.0802209840493853 0.139180184979864 0.117513109930201
"ufb53" 0.707317073170732 0.733800482218204 0.18722201295721 0.703427688837095 0.146384548863486 0.0692535400562331 0.0567133556325587 0.120296549201142
"ufb54" 0.65491026201353 0.621425447371605 0.154389425974887 0.396712667088038 0.108632616819115 0.06751610643746 0.0736164485723241 0.0832981381631599
"ufb55" 0.61791203516967 0.64604853636091 0.178696422777903 0.171207630110732 0.116289474076537 0.06985182945337 0.129692207431069 0.10318944658247
"ufb56" 0.617571339341431 0.635428281591898 0.175194027332937 0.190633275489934 0.110724699601227 0.0649839195931462 0.12598083671146 0.0999070202716984
"ufb57" 0.724925307766627 0.724670879410216 0.207459050914099 0.504016988792381 0.151584290209818 0.0861430011874588 0.105620932468796 0.150006568483737
"ufb58" 0.740753615068849 0.705236851801419 0.174752526007024 0.487200334130128 0.125436290710687 0.0665702317104806 0.0854768868129725 0.106227978749536
"ufb59" 0.729657261919402 0.687963957020031 0.179173468035637 0.473933320773997 0.130252290139302 0.0854891321475575 0.100951829482253 0.117522823861414
"ufb60" 0.68572177596807 0.690514828901159 0.194343861253843 0.26664738694177 0.132434349015774 0.0763566387480265 0.141795621129302 0.119095536013877
"ufb61" 0.638663442623794 0.665909851822453 0.185291045848172 0.19708403435843 0.124429304675643 0.070308414577436 0.134587654239522 0.109281033541637
"ufb62" 0.635371095817565 0.633024479486565 0.178567852871219 0.238065385253479 0.117762492447574 0.0713190522870877 0.122070812967696 0.110057361497859
"ufb63" 0.637796701927564 0.631436510230959 0.181775107041984 0.23774943927227 0.118857739334556 0.0736551629512177 0.121815718566728 0.118469912259011
"ufb64" 0.630789452565955 0.662203686443964 0.185926888527371 0.166369218882024 0.119373158676382 0.0604714181276717 0.14156738003331 0.103842450089542
"ufb65" 0.73019838054325 0.755277280858676 0.214050796230338 0.400572802700516 0.153654573400855 0.103255532273679 0.146131791226162 0.149057106216264
"ufb66" 0.580322181486362 0.637896901341363 0.183461305427865 0.0954051722578772 0.113988433619146 0.0441243759844391 0.143219720745878 0.108999476427507
"ufb67" 0.569371797740396 0.617179658383738 0.173277025259787 0.0954358220121982 0.107481072531747 0.04408004007152 0.13248548454357 0.0989587364714935
"ufb68" 0.587771402894637 0.629857673454797 0.177364367024637 0.119945256754847 0.110020025007857 0.0504612273008694 0.135613818124263 0.0987791517081893
"ufb69" 0.721689769732467 0.690270423600605 0.179801404969856 0.461770402850692 0.129111448777404 0.0832573538067261 0.101469051420923 0.111161402335435
"ufb70" 0.667749874406328 0.652743098027719 0.175910393356964 0.321273937752987 0.115354860261441 0.0716669385166417 0.110789873550451 0.108819220591288
"ufb71" 0.69400578459386 0.701627010124069 0.188323057569125 0.362770977076625 0.127727356080017 0.0810420546987828 0.118412004955069 0.12339358650064
"ufb72" 0.579300242701618 0.638179494594664 0.182909026136292 0.107535048869891 0.115080767944031 0.0493300956395145 0.142640223400798 0.108773760769589
"ufb73" 0.581214974478361 0.569508957717961 0.147954199806585 0.204612750130438 0.101888691084902 0.0567779782248431 0.0924456058969101 0.0744846293322584
"ufb74" 0.658650985634186 0.629051278760068 0.164196726495887 0.303797402026131 0.109897613158804 0.0693857699970678 0.102914542486862 0.0881145424036681
"ufb75" 0.600459423635369 0.660146831054086 0.193060723007205 0.108370012768542 0.119706821635119 0.0525104234793524 0.152879208767003 0.115453491032098
"ufb76" 0.59158903984515 0.641924391509374 0.185445038540581 0.118710118335143 0.113285304686677 0.0573141533745031 0.144546279121973 0.106873368727477
"ufb77" 0.589004877219686 0.629761099230601 0.179991066303886 0.118715519003605 0.109780044992606 0.0558512261374252 0.138371236265649 0.100945618621904
"ufb78" 0.626558734226328 0.63195459570045 0.178105118791995 0.216613596069654 0.11653870586151 0.0726934811501939 0.121576252637417 0.111724607218483
"ufb79" 0.698480128277059 0.628603859250851 0.148893139428767 0.580989372773794 0.10790070135867 0.0623296019310057 0.0401244399105776 0.0635204755164605
"ufb80" 0.565894883954645 0.588058849780886 0.162821595398778 0.13075192986288 0.0994172046493029 0.0580924087991857 0.118219561597371 0.0877839103036603
"ufb81" 0.570803333291483 0.562456878219366 0.154079964113846 0.16659199119325 0.0957009716306804 0.056426841496855 0.101473844744143 0.0872801958268068
"ufb82" 0.734187834170548 0.698708381171068 0.177363203172534 0.481425885876765 0.127560236981826 0.0824346743641285 0.0987979912812819 0.109682955655221
"ufb83" 0.698691775520475 0.70725265473507 0.188197319531011 0.376825647166283 0.130165134795956 0.0809412159084219 0.118402724153367 0.12004139209156
"ufb84" 0.603438252341472 0.629034744273515 0.175855986368211 0.131787358641678 0.10886587126831 0.0494208361601348 0.134469691967857 0.0963746800306765
"ufb85" 0.684378276413761 0.638143415563512 0.147862652181269 0.612213088047554 0.112968660075581 0.0658405863107464 0.0389622597312359 0.0596482581182829
"ufb86" 0.614114063118617 0.640456040939788 0.175065154411031 0.191937251113581 0.11409869520187 0.0677354362489406 0.12749860591973 0.0956438639717588
"ufb87" 0.627721918006196 0.625987811739808 0.171808656241834 0.229739625523354 0.113533903745622 0.0670217398980108 0.117920667666037 0.0992464667891956
"ufb88" 0.564021449736069 0.602319980272736 0.166816480886523 0.0966033369242174 0.1033664370463 0.0461363542162474 0.12556495020521 0.0916882575533766
"ufb89" 0.722209919767939 0.689270412723854 0.176552939014363 0.481394635356269 0.128010859357361 0.073020267054127 0.0874193396115999 0.10822481169271
"ufb90" 0.62941149611743 0.592223290084895 0.159479436051059 0.313017638843308 0.111050792464849 0.0570280368308299 0.0790810494466348 0.0851063519484762
"ufb91" 0.583957445936764 0.620168979544918 0.173712575724623 0.108401274940554 0.107809513548799 0.0540137094935522 0.131218352800066 0.0973047671890113
"ufb92" 0.58110613233529 0.594719879402804 0.164573298749053 0.16687470318413 0.104759961221429 0.0631671589756893 0.117825022223378 0.0903920908289182
"ufb93" 0.581394692936531 0.574141282673808 0.158096575996105 0.166713801564018 0.100352547173213 0.0583236987740081 0.107836538872744 0.08687953463451
"ufb94" 0.589925115305274 0.652197977353792 0.188844735306168 0.132082223528621 0.122792828134648 0.0638356457589387 0.146433760799291 0.117439967981125
"ufb95" 0.652320424384012 0.612270701733647 0.155517660420975 0.316126659482099 0.106447476524861 0.0577548564778985 0.0888511399830004 0.0792849473474642
"ufb96" 0.634137412075604 0.587438587173018 0.144975447226109 0.304149033371949 0.0973049085784527 0.0491062383344367 0.0822977640857852 0.0662732710201494
"ufb97" 0.620621338668725 0.643447082004479 0.177122900937691 0.181449467241537 0.112335221727958 0.0625899040048108 0.129695710756191 0.098725636927064
"ufb98" 0.583163351067869 0.640229061414231 0.181790270375882 0.120143848915664 0.116910263728897 0.0534275189841245 0.139696294235909 0.109378478544828
"ufb99" 0.584500916803333 0.644169665503759 0.18661875348641 0.120160747025202 0.120021465823346 0.0597489481375949 0.145330779643558 0.114001093102469
"ufb100" 0.73764125193952 0.745202302660475 0.210811554438335 0.375816319574191 0.148022176108649 0.0918976148440115 0.142743198656752 0.149520394770963
"ufb101" 0.602641644071469 0.613625896879693 0.169422365329996 0.214232519714433 0.109131469793025 0.0681215552795696 0.112237861517676 0.103084487910782
"ufb102" 0.72957372926163 0.649368741837179 0.166778991343927 0.492157533271682 0.122528729865228 0.0643516306434986 0.0766392948322757 0.108017272731904
"ufb103" 0.581896306314666 0.605612208147683 0.159706222410268 0.154527981385611 0.103188212655789 0.0525022188756584 0.112679833478491 0.0860371864963705
"ufb104" 0.654026655526746 0.605918479464073 0.153785431470463 0.32844440350862 0.10448368978131 0.0602265652282651 0.0917536157848594 0.0740556430409937
"ufb105" 0.588898388261798 0.681455943777763 0.206030469254179 0.0733644419570483 0.12890406719339 0.054251567927108 0.166855073730058 0.130530313634138
"ufb106" 0.616239249293331 0.649369946900766 0.179944523080866 0.180478768413133 0.115062713746429 0.0652353405545837 0.134081275972668 0.100230135412671
"ufb107" 0.65 0.754536847088528 0.209916733921617 0.645438201779723 0.163589784300967 0.073243198124063 0.080199106122849 0.139836048560964
"ufb108" 0.57173648849278 0.619653882357566 0.17328522718711 0.0965794383820945 0.107508341729761 0.0439006639480964 0.132495621379078 0.0987398780278693
"ufb109" 0.628016096562955 0.639128200310568 0.177728922754531 0.216865668333776 0.117130139860113 0.0705701904204167 0.124212865539758 0.106587039072639
"ufb110" 0.657513174414545 0.568441707828676 0.135418469887601 0.54292514795117 0.0955876108341506 0.0531380224175119 0.0249277512548597 0.0479041094760952
"ufb111" 0.570130067696264 0.558598353202038 0.141487602647008 0.204595999511558 0.0971812758862251 0.0529197941321637 0.0881261644550416 0.0667695987021009
"ufb112" 0.768292682926829 0.714357128574285 0.151124488352724 0.768031584781379 0.120709781297251 0.0548662985463986 0.0146575793547944 0.0849522213794478
"ufb113" 0.699096949561676 0.686910783296768 0.192665724765555 0.342711103294343 0.132269543678337 0.0787806045138846 0.115339561834824 0.139502988242646
"ufb114" 0.582853757644816 0.657941116835719 0.193725555332412 0.096244896820536 0.122287147974948 0.0537918436543068 0.15394457220334 0.119679367386109
"ufb115" 0.634650458006525 0.606325956376843 0.155714060286017 0.263968407287046 0.10195061129817 0.0610640358010782 0.0938840388622891 0.0803121343035409
"ufb116" 0.650497385703913 0.590817684459559 0.146590588290153 0.337238167777868 0.0951203242963378 0.0575945185820252 0.0731865909596111 0.0693455613139962
"ufb117" 0.827160493827161 0.872523931380912 0.179059279439494 0.824823515682112 0.146921698005562 0.0686746556013821 0.0456995069022044 0.121288249872549
"ufb118" 0.610943298309895 0.6512720459901 0.185260931522021 0.131123268256363 0.118173159356405 0.0663709580932128 0.14082377364014 0.108752593802018
"ufb119" 0.602620023822763 0.631578947368421 0.177302558340221 0.130531334558848 0.112127157531368 0.052273851526596 0.134312189806729 0.0963684581100989
"ufb120" 0.683935319659542 0.688145735494622 0.19268831355092 0.254498798171623 0.12946265187432 0.0761573460236454 0.140038695653028 0.11832658992509
"ufb121" 0.5576741201266 0.569546080436807 0.155650200393719 0.132216815610797 0.0948410479621172 0.0565124805040801 0.109637677459909 0.0826748641499897
"ufb122" 0.707317073170732 0.641180232027039 0.16051967410271 0.707195437811992 0.122479627209913 0.056311890944882 0.0262785343167114 0.0747286631477787
"ufb123" 0.615111305228725 0.633253248283291 0.17259104591494 0.189522927721638 0.111033345419165 0.0653752549285036 0.123204804509089 0.0949612039723441
"ufb124" 0.716173120271406 0.695724961424811 0.175271490192612 0.426389296015264 0.124562438055247 0.0774746522862124 0.096678973103724 0.0984274641274006
"ufb125" 0.65939911016483 0.642583588149782 0.175858890663844 0.3006787594752 0.117473864618336 0.0725054386858593 0.110657573126809 0.108697528210278
"ufb126" 0.721623130321724 0.762421154779233 0.207513114149693 0.46700455897718 0.153399389948363 0.0915925339368798 0.121506212920367 0.145556546926697
"ufb127" 0.658536585365854 0.63037761649311 0.15896488801208 0.654263036654479 0.116776262730318 0.0516733618221807 0.0247695871977388 0.0515999964088652
"ufb128" 0.75529022072061 0.716568830375623 0.16586862513516 0.599871459377453 0.121384399168312 0.0731687327425071 0.0589366164846803 0.0875012667405061
"ufb129" 0.665301176379574 0.61777646763399 0.153417494655645 0.312976297208216 0.100604312694882 0.0634123665434655 0.0866594496556319 0.0721653586766512
"ufb130" 0.698795180722892 0.57335599702539 0.140496279614189 0.698704353081484 0.106922514400695 0.0473434097700553 0.00324780140733492 0.0462695755160052
"ufb131" 0.615584614999184 0.545835860864934 0.144389542437777 0.277008819089229 0.0975127443180785 0.0500186485138257 0.0707316838342039 0.0655048084789446
"ufb132" 0.608706011291813 0.635495574134945 0.181991374836916 0.143828983088374 0.122133583253678 0.0593557114350209 0.13839368883093 0.112897361679655
"ufb133" 0.845843493232052 0.852856262367405 0.181232143826584 0.762197888462158 0.142190015323632 0.0889287261905786 0.0763067479596015 0.116398670343197
"ufb134" 0.611622066346713 0.637868757108403 0.173988823576313 0.189756682297843 0.112757418881282 0.0688373626629149 0.126358087354723 0.0946587630539275
"ufb135" 0.619352172872518 0.634119536731761 0.17268317942126 0.183543317744402 0.111954792973673 0.0659580364612482 0.121276546622537 0.0979673456077626
"ufb136" 0.708270679549592 0.670246367656349 0.171750891599974 0.45725378155206 0.122656687067492 0.0775839405424354 0.0926496807726196 0.108701667084238
"ufb137" 0.731707317073171 0.799191695063 0.191938155885506 0.728091295008397 0.14816758301911 0.070341219149278 0.061671994050617 0.121269922892264
"ufb138" 0.708977051257696 0.619646099619041 0.137889495844973 0.629338232642893 0.102219971170603 0.0620348465000555 0.0281585020392323 0.0485723367798144
"ufb139" 0.627864862172477 0.667869368311444 0.18729003927962 0.16829765272752 0.122747670004219 0.072894269223894 0.138778227431206 0.114100597064286
"ufb140" 0.574941104404394 0.637576898332031 0.181724723076024 0.0965501664146244 0.112993427454503 0.0445426307574107 0.141397554175881 0.107617934986057
"ufb141" 0.631007709207607 0.584450100687949 0.158551186923672 0.304340681810532 0.110654381779755 0.0566529934222605 0.0780640104247347 0.0837570589589494
"ufb142" 0.64013278518773 0.672971606280499 0.186594748178758 0.19710915220806 0.126270819985433 0.068633660145102 0.133491610709019 0.114179744293245
"ufb143" 0.634156475070061 0.645135858829727 0.182961344538432 0.203580690345017 0.120667657623033 0.063758030213603 0.135867081586545 0.111871327840424
"ufb144" 0.689622841498921 0.664527116735187 0.182938449881495 0.367077139186952 0.127923524990158 0.0710087465522998 0.104680612345053 0.127316639290472
"ufb145" 0.624275236695184 0.637467515654817 0.173717078765602 0.20807526222462 0.114666500232333 0.0661101963210931 0.122413438476917 0.0994535640335329
"ufb146" 0.589666052662629 0.612907266460876 0.168864599475097 0.131844700250809 0.104967375552709 0.0503543383899808 0.126672239614327 0.0899995434354444
"ufb147" 0.59855913532659 0.620759677691517 0.171435969598342 0.131989693801301 0.109329166014851 0.0524171297526914 0.12731466495762 0.0922473603494712
"ufb148" 0.580865213145376 0.617925375048083 0.173784292096866 0.12066644763606 0.108047896509052 0.060877119964585 0.131293757394373 0.0970338061353792
"ufb149" 0.583700146680321 0.618750376280796 0.174645359353994 0.132387673369527 0.107853689168579 0.058258138301106 0.13219910752802 0.0968281556242522
"ufb150" 0.666180668337099 0.649248823701617 0.162758537298213 0.32308166855903 0.107779162198944 0.0725703201408126 0.101461789543644 0.0765097140299126
"ufb151" 0.693647774848511 0.671778876249271 0.169538325719758 0.352129973679417 0.114043638467741 0.0742787620710131 0.104150309804918 0.0853540477142023
"ufb152" 0.601672870432909 0.618607688157237 0.171277401453677 0.119714241985423 0.106094266637155 0.0447170076909611 0.129207526821293 0.0915378244211868
"ufb153" 0.753229705287927 0.721047042277776 0.179857045829576 0.534688754974248 0.134356998257145 0.0772673818977718 0.0911321622547716 0.121739867433811
"ufb154" 0.645864030059763 0.660047447346722 0.189074272334009 0.230336550737095 0.125603566546922 0.0719146160417901 0.142332359698825 0.114968979856493
"ufb155" 0.588848763358149 0.604985607097353 0.165722744898055 0.119767819529726 0.10350736978391 0.0451947602268112 0.122798014045653 0.0868317195674074
"ufb156" 0.627492439443614 0.606181754174414 0.178224478327664 0.167960187315548 0.113818193012077 0.0626603197781702 0.129118274805959 0.104097610375827
"ufb157" 0.591039681919475 0.646428675393229 0.187405464013152 0.05982584664421 0.116320396748979 0.0429318887217325 0.14730938549832 0.112670818497705
"ufb158" 0.598426127228627 0.65879100791144 0.193387970486731 0.0948546005440841 0.118430132171377 0.042665018339684 0.153635602954197 0.118238525548001
"ufb159" 0.740343126618922 0.721197660098522 0.182216719718881 0.517606787660475 0.134372681219784 0.0747864995297106 0.0936961933166059 0.117824454897263
"ufb160" 0.622529227869369 0.634581228405456 0.177739288194496 0.155783495506 0.115366053806661 0.0607358778146948 0.131708611293314 0.0975056175742643
"ufb161" 0.605056238278394 0.676017813898896 0.199818011620256 0.130970431460973 0.124591554461891 0.0508603898075096 0.160339252947521 0.123773031891928
"ufb162" 0.669673733595362 0.662591724033588 0.181307775307909 0.296953634263067 0.119015639799877 0.0747234457467179 0.116613762904726 0.117302482185372
"ufb163" 0.680064692322626 0.665483315407101 0.183078214051075 0.311504840804465 0.122827916957424 0.0728365352641005 0.112650780434828 0.123274796237803
"ufb164" 0.676147605235082 0.660436581538023 0.173392947084021 0.373356921109174 0.126081724284369 0.0751020969549329 0.0942955962234859 0.102860650633062
"ufb165" 0.601975741626541 0.637631455643482 0.176729327634906 0.131055001405448 0.113930499455988 0.0609107778699648 0.130620172770049 0.103772252364706
"ufb166" 0.682940053015303 0.652420915384377 0.167475806306882 0.348367259825442 0.114238482389918 0.0659675874014198 0.101827446485191 0.0939972958875577
"ufb167" 0.625598304973769 0.613327104058727 0.158556656194929 0.26243649343591 0.103888920456807 0.0621555270608509 0.103719152289422 0.0810073029879792
"ufb168" 0.63798880784346 0.622135769506655 0.164666772554293 0.299165129022638 0.112085043491837 0.0634753999806121 0.0986737909596708 0.0955066237636333
"ufb169" 0.663969936782715 0.645748262769539 0.179211307917366 0.302991891051365 0.122323225813659 0.0691861145966502 0.108347582818538 0.1161708494546
"ufb170" 0.709696595722332 0.648571279862593 0.149017663418204 0.546904373942269 0.110080179499093 0.0700389381874352 0.0564378199148305 0.0631665846362181
"ufb171" 0.710843373493976 0.6100798307204 0.142436893238243 0.710651609965487 0.109910054700472 0.0487614427756513 0.00549829881708009 0.0637609289176073
"ufb172" 0.697089505777052 0.678597868447151 0.174020512901285 0.377560580243754 0.120149901314934 0.0755662413956181 0.103078511747984 0.097546988073589
"ufb173" 0.654262100739275 0.677821301800004 0.179337094319975 0.283185165098583 0.123332301241153 0.0826272339111632 0.114564918572271 0.105986233688688
"ufb174" 0.629903724237468 0.636347220215804 0.177081036872834 0.228892029709954 0.115956846951644 0.0705909553951781 0.123475841450362 0.105277600748612
"ufb175" 0.733474160780699 0.727664818237831 0.212056709383321 0.528904466451002 0.160376940057046 0.094476201258272 0.110886553490504 0.157729141674627
"ufb176" 0.75609756097561 0.692997310489093 0.155184577348839 0.75593988155024 0.121676907104828 0.0567448989886748 0.0193703763015501 0.0836187201038207
"ufb177" 0.676252879858057 0.625504946045462 0.161250893444246 0.324442221864001 0.108537222029778 0.0605019041209957 0.0951116706271481 0.08799090429388
"ufb178" 0.666047655157675 0.69955938319534 0.196799218388251 0.246531566710602 0.135055502270839 0.0758674929927758 0.141361414778237 0.123932872839766
"ufb179" 0.572750538703847 0.646372654390847 0.18564898439962 0.120143848915664 0.120193912561841 0.0640171974428981 0.143753525351494 0.114194418546129
"ufb180" 0.707317073170732 0.71881673653405 0.180280729409209 0.707013568299178 0.141872484509037 0.066819991558942 0.0495987289376134 0.108575980416318
"ufb181" 0.740224236616059 0.670421746811972 0.152343159630939 0.53152281732141 0.110354046594822 0.0675486467009772 0.0603416070143966 0.0755786176285929
"ufb182" 0.601988521830272 0.556478009616657 0.141519706536478 0.241834612166432 0.0908759542507108 0.0531239905593231 0.0785067349419341 0.0677105323318381
"ufb183" 0.605181316149432 0.640727076509932 0.182829699841254 0.142720119124558 0.114541164145371 0.0602498961339634 0.140809281900015 0.101531095373339
"ufb184" 0.728817728396777 0.684323103888773 0.171432937880881 0.491848611506638 0.125148325648228 0.0673301401792293 0.0817967156264373 0.107577553348067
"ufb185" 0.707317073170732 0.760295021511985 0.198185820241614 0.69607346647752 0.151759387316059 0.0698092517559652 0.0695485936065555 0.134405759289486
"ufb186" 0.744491278835868 0.696054142244244 0.17490399494485 0.478011167951385 0.122694360846961 0.0707896519775707 0.0851375169049874 0.113747982574536
"ufb187" 0.688470028616832 0.648691627122593 0.169667765870226 0.352767952577525 0.11699365816248 0.0709947605960742 0.104099419481165 0.0964040530925251
"ufb188" 0.695707706133204 0.697071831138648 0.198031888579706 0.264733457378508 0.134594326379293 0.0719893946835832 0.142738980110544 0.12652541394214
"ufb189" 0.588366870516666 0.632727896867794 0.168382091240369 0.142301405235964 0.109326054363674 0.0495608592991169 0.124907904875782 0.0905884487082391
"ufb190" 0.665982265918041 0.678529823946746 0.190323944652547 0.248323665473153 0.127038816459911 0.0746214227585307 0.139976176839951 0.11429059465601
"ufb191" 0.580228589213244 0.60185941922585 0.165917670492892 0.11973197957323 0.103648009105891 0.0443738256290093 0.124381324062852 0.0891906455521536
"ufb192" 0.565927825734404 0.617781386379783 0.173346443234055 0.0954325530319619 0.107267212148254 0.0468917254260422 0.132559857788675 0.0988059159170545
"ufb193" 0.704933070296694 0.70563240791029 0.176912904585781 0.4693980822464 0.127414942744073 0.0698541150924306 0.0878182694693229 0.105416514624589
"ufb194" 0.645097306076098 0.666047712246381 0.186124056557073 0.208689376016852 0.123631038522608 0.0740584591235522 0.13547761577711 0.109868122384642
"ufb195" 0.578693845284071 0.675346967935958 0.203771327090276 0.084147191844808 0.128931138259961 0.0614580112221254 0.164115288338806 0.131091466830859
"ufb196" 0.587563912447619 0.630886527425637 0.178171952396986 0.109718271055463 0.109672441607062 0.0502789420483863 0.136459792618774 0.100606546711582
"ufb197" 0.569632873063833 0.58806414069572 0.160558995053381 0.132270751441741 0.0989744411112041 0.0555024505269598 0.115837452751373 0.0867450750352868
"ufb198" 0.669126960277557 0.565766211724772 0.133222770974683 0.55837653074359 0.094709528107377 0.0544780457773734 0.0225357049019418 0.0443457828200893
"ufb199" 0.629020173333924 0.618593388295496 0.180847916509057 0.249445761931212 0.11687490086313 0.0689770190165971 0.116209321998654 0.12270639066935
"ufb200" 0.617237130312922 0.654351917294084 0.189532786071056 0.142767026202629 0.118233429498803 0.0614477359156032 0.148409039379066 0.108479832696042
"ufb201" 0.682003546158515 0.702914234718475 0.188195249650917 0.36130117330911 0.126906019467317 0.0864233363936479 0.124132170020544 0.12097835181297
"ufb202" 0.601179732353242 0.665591367455533 0.195995325090797 0.145198174876971 0.127507017828728 0.0694818460219496 0.154632639613418 0.125132050563053
"ufb203" 0.730100986890822 0.728284254403657 0.202662499655936 0.380680895965563 0.142339295838088 0.0827436247931417 0.12648636607956 0.146090943698071
"ufb204" 0.729469869488453 0.732435624852351 0.201843799347069 0.380969307462342 0.142096900484453 0.0880363680879542 0.133175297376688 0.138697575336927
"ufb205" 0.783132530120482 0.793766475422546 0.195399006288187 0.782928249214319 0.159113990410669 0.0748209464709981 0.0669175822623553 0.143543657280573
"ufb206" 0.702299760871064 0.652871754523997 0.16098421208464 0.426219631360822 0.110400719877665 0.0655515453764102 0.0810301885903091 0.0843624871026383
"ufb207" 0.571487082559972 0.633560406449609 0.182375878108064 0.0954035042482585 0.113627588921068 0.0512565784844699 0.142080586189454 0.108234533764463
"ufb208" 0.663370006332965 0.627757284059588 0.158253986672618 0.324397531301389 0.107096590178778 0.0601487608368386 0.0966099729691553 0.0803919706542883
"ufb209" 0.673619795507402 0.607854753941711 0.155417940611105 0.40867016547683 0.110860513337953 0.0670622569079897 0.074743207237202 0.082397947950683
"ufb210" 0.734939759036145 0.62121502491376 0.137447622396861 0.734843348273733 0.105991123434798 0.0497999407869631 -0.000287675766357043 0.0503893979846227
"ufb211" 0.641049022796225 0.632926386676613 0.167831678023936 0.288370144494855 0.112722395000884 0.0688358521690882 0.10207276872966 0.0998685161756983
"ufb212" 0.686460554257312 0.664691943127962 0.172162670290547 0.33633410926603 0.121873075126151 0.0720863625403698 0.100847542095435 0.100540358173518
"ufb213" 0.777777777777778 0.796193744637704 0.187253334028412 0.777587364844117 0.147920751558992 0.0703269858918485 0.0566541124276665 0.137638648659404
"ufb214" 0.615272762491667 0.631334510939065 0.174547761423162 0.171128455691029 0.112819289409757 0.0678720755229111 0.123213933100308 0.100678623369451
"ufb215" 0.656439734766431 0.649197631613434 0.1760442666169 0.27666396986564 0.115803956158572 0.0710451391090086 0.115533257786141 0.107153678838812
"ufb216" 0.670731707317073 0.611598804632051 0.148932046980793 0.670435389825905 0.113622168461037 0.049503069797481 0.0128379319382292 0.0601834357923841
"ufb217" 0.69810712551676 0.692888066916061 0.169476323638854 0.417289864745746 0.120678320817729 0.0790331155534756 0.0900048519842665 0.0875572191753949
"ufb218" 0.702176669997363 0.644009402644942 0.142515413118751 0.546983895343956 0.1047736660746 0.0672926497828167 0.0495274414727136 0.0540311552917508
"ufb219" 0.66338199383937 0.601999809282494 0.15147180171165 0.360527135701941 0.106210264572947 0.0623367820917463 0.0784840686393967 0.075718878091068
"ufb220" 0.627066983339262 0.626790487970315 0.175317084542437 0.228659531470646 0.11449496305016 0.0703686395481797 0.118538426709114 0.108720111389344
"ufb221" 0.555927328034007 0.585905311020376 0.161040709775733 0.0965784474650937 0.0998802434859544 0.0509235956775072 0.119259191148757 0.0862058971556881
"ufb222" 0.635362259302083 0.631362779689679 0.173632983030398 0.168166308532858 0.115039902079853 0.0584306767411492 0.124281132042019 0.104583428193288
"ufb223" 0.641124261652706 0.674914871837724 0.181673471587049 0.275639496607581 0.125263026004669 0.0871971659285704 0.11699982689928 0.115282917300696
"ufb224" 0.585330372475148 0.607187031724052 0.164410647333742 0.154542647043452 0.103967319435902 0.052508572354009 0.119897964371162 0.0888476294267521
"ufb225" 0.676154014956248 0.668891358258913 0.176578255130556 0.348641403175224 0.126708106068953 0.0785330544903327 0.105532578770097 0.106601883701583
"ufb226" 0.594066988786617 0.621397733334384 0.172885799807779 0.154897104570184 0.108606927256594 0.0490576113160568 0.129646502280108 0.0943922164610959
"ufb227" 0.702862676247165 0.605976348021963 0.135169920670536 0.607449144672326 0.100163730544571 0.059912884951551 0.0247032101695341 0.0488775135153156
"ufb228" 0.559715534125629 0.556654555241556 0.140534213302559 0.180341894621285 0.0969473082489698 0.0514667643910583 0.0871135165294309 0.0673950688570212
"ufb229" 0.589959492721009 0.642929972580593 0.183385688750429 0.108395969467092 0.113850252070128 0.0512022634172019 0.142383529493122 0.10620651198843
"ufb230" 0.684931493813614 0.635251021661338 0.157852962214092 0.419679994657963 0.10540656312514 0.0619569568180434 0.0776005462111539 0.0824467047333898
"ufb231" 0.625000283192127 0.593470913445397 0.142838199991906 0.324160179751037 0.0948616559431437 0.0620437462511168 0.075268718305872 0.0600709886628302
"ufb232" 0.586528775396536 0.663319293168785 0.19626902685929 0.120010536639536 0.124986125015747 0.0711188178652087 0.154908979949555 0.124616253002964
"ufb233" 0.727571579158352 0.744293575451494 0.212855597482874 0.363995093392719 0.151375816803275 0.100936841077515 0.150534652696755 0.14466482313605
"ufb234" 0.573575392242569 0.596379269390754 0.161376097290173 0.122086491332559 0.100388010672067 0.0503971453039471 0.117551957093885 0.0858358409248805
"ufb235" 0.64296610422424 0.67482570685553 0.178582600858324 0.307293053303929 0.124972506009326 0.0769243017028851 0.107818217308782 0.105890119226823
"ufb236" 0.577446778224676 0.61832203638551 0.171505814156402 0.118715519003605 0.104787703107545 0.0494891175601333 0.129455312283142 0.0938431079106296
"ufb237" 0.565615247476043 0.591825878348804 0.159347046177012 0.118710242797675 0.0978550367502534 0.0437268650168158 0.116103942430153 0.0825240095395805
"ufb238" 0.616650853279567 0.570456982384478 0.15102965373101 0.251798571886561 0.0971116767975981 0.0613608902382259 0.0926726433017731 0.0787415432520084
"ufb239" 0.629604565250827 0.614491846483281 0.155725712483838 0.273907512183011 0.103087786508055 0.0562142166694515 0.0975498876187911 0.082972718462465
"ufb240" 0.679179804130856 0.662953858931167 0.181588044645333 0.335931959065516 0.119939397176623 0.0773851503736039 0.110912017578903 0.123200164166543
"ufb241" 0.652442434825844 0.649681300580105 0.171171984483435 0.285789638025342 0.112678806733347 0.069647567416941 0.114107940335538 0.0990068849193714
"ufb242" 0.727285983506635 0.669548991944659 0.164242763862661 0.492234316937867 0.120802791229814 0.0630693438700613 0.0738286926376142 0.0998280282648541
"ufb243" 0.599190953932031 0.540888952408175 0.144825399116715 0.267807627715855 0.0965508816239225 0.0549491886358854 0.0710687476381192 0.0689420872733533
"ufb244" 0.657351327840033 0.652099695552418 0.172429596480196 0.264499584768339 0.111155345872267 0.0655751382239846 0.118496202664425 0.0949615383206018
"ufb245" 0.627526411422652 0.64468088286955 0.178552223551478 0.166580409113928 0.113021175569348 0.0598202466348947 0.131176903577074 0.0999464489385845
"ufb246" 0.768787319385209 0.733880154932786 0.160914435216041 0.682627499241398 0.123641666226579 0.0753747999245083 0.0536545577403857 0.09054803058483
"ufb247" 0.562898287234469 0.558069772260629 0.15147260747629 0.166482181386847 0.0937578772990307 0.0577495152709749 0.0987441924511255 0.0866403466244532
"ufb248" 0.637207212253132 0.622958570234966 0.159549949697974 0.277550396142687 0.106165052430706 0.0637768806695401 0.0979086072156332 0.0873858005791132
"ufb249" 0.589645504250072 0.631638806761957 0.178456147797271 0.120126433423462 0.110327646440159 0.0520188414189029 0.136766424934739 0.10153185358321
"ufb250" 0.650602409638554 0.49751926528027 0.132832410235676 0.650499211189138 0.095800316881862 0.0451455451423917 -0.00563986070695002 0.0219475423078803
"ufb251" 0.597830317184192 0.656682193438651 0.1834057906481 0.154492018370357 0.117143202850733 0.0599403924043099 0.141959684635114 0.103924632412541
"ufb252" 0.703703703703704 0.582975154628368 0.145573116650126 0.703549496258553 0.107327838079579 0.0503791932710744 0.00800596379266247 0.0531904301708971
"ufb253" 0.634473339909064 0.5446613325976 0.132057733117217 0.547614201516615 0.0945962201064234 0.0550868414940015 0.0207434779001645 0.0369886372335454
"ufb254" 0.657872243635795 0.605785712695621 0.135118702450595 0.475076487855045 0.0950868036985912 0.0645130273384581 0.0523765990698163 0.0440595473287857
"ufb255" 0.603522778542264 0.580251618936707 0.15094879284102 0.20343334446455 0.0943572201369842 0.0547128585308563 0.103462693966328 0.0681632176531416
"ufb256" 0.665413570695985 0.6516251153323 0.170504524309774 0.353149478971463 0.121920506836245 0.0696151112067419 0.0909523300688481 0.104153740966951
"ufb257" 0.570073745341449 0.5858283976238 0.160955310777929 0.13075192986288 0.100900855660091 0.0529159033286112 0.116253847644273 0.0861438486097826
"ufb258" 0.58163145559931 0.580831711618573 0.160944656375598 0.142611617989851 0.101995112828691 0.0598469700982964 0.112583956560537 0.0879249340808448
"ufb259" 0.662509296935954 0.605918348858086 0.152677488908852 0.324502449942811 0.10321567771519 0.0581158352213668 0.0906250887097906 0.0752290848765453
"ufb260" 0.658453024925664 0.653899987688001 0.175208807388166 0.268962593434037 0.11278694246252 0.0662109768367173 0.118375490679228 0.101462602888656
"ufb261" 0.571010725026701 0.557226317226317 0.153543746980754 0.16830456290686 0.0968147485695027 0.0569006861814962 0.0984146044199625 0.0916626068858092
"ufb262" 0.712043005855181 0.678906532820648 0.171512855017305 0.428865483956941 0.122849154792672 0.0768130905916791 0.0924043175501756 0.105740117339576
"ufb263" 0.628600157618701 0.584787978592013 0.158594623515789 0.300777586459043 0.111930824381889 0.059329621353756 0.0781116018609753 0.0829834448147685
"ufb264" 0.600718679593873 0.659400686598066 0.1933814420087 0.108370012768542 0.119977281652243 0.0532654168386592 0.153217429673341 0.114947916777434
"ufb265" 0.634421853496213 0.654782139847291 0.185660526333869 0.220766721252861 0.123759110308862 0.0696445573959988 0.140113227426734 0.112989408403594
"ufb266" 0.647222630170859 0.651052260776038 0.181502843355447 0.190749487773008 0.12105056232091 0.0671144656181229 0.130573102266939 0.113530569855022
"ufb267" 0.623849112678236 0.615645678479836 0.170248042304912 0.229604759147088 0.112448496861474 0.0665015973580083 0.113195160545368 0.101478882627796
"ufb268" 0.686108439260795 0.646920276255536 0.176413057368384 0.336231937604077 0.120935384203839 0.0595017808413384 0.0975753223770944 0.11788373710804
"ufb269" 0.735253428674199 0.666455822624675 0.157077564560517 0.61704213748463 0.115787975769605 0.0663151559848896 0.0489721217369086 0.0764052984341355
"ufb270" 0.617045626098273 0.623608877298364 0.168881303084552 0.225780137150093 0.112088071497754 0.0689419854787433 0.117277411042283 0.0932072106742402
"ufb271" 0.660948726074536 0.620014339854553 0.156316362024218 0.377459379443914 0.106186224753013 0.0610336792591312 0.0757307213972401 0.0831472577844067
"ufb272" 0.733093368743494 0.732242124768376 0.199235964169477 0.547322929613326 0.151505378429119 0.0875512944327434 0.0970637198893813 0.142500643784632
"ufb273" 0.722403271490905 0.62101592721065 0.135658044836484 0.537877858619794 0.09421897157685 0.0593818375935143 0.0419264414364153 0.0491288989832376
"ufb274" 0.632911392405063 0.732529350690839 0.210280609814249 0.632827989542903 0.160171344808942 0.0712434859850362 0.0799575723824914 0.132039268793625
"ufb275" 0.626087705570057 0.651528816027684 0.181254288109329 0.157038976656992 0.115571800724507 0.0600763105137722 0.135438432071835 0.101659214662092
"ufb276" 0.564710491215598 0.585387978611285 0.156981780634974 0.118373714284795 0.0971809782245708 0.0494155060103521 0.11292800573767 0.0807545740457675
"ufb277" 0.612042276739771 0.640876438782226 0.184831168098001 0.15544384949791 0.124265445158142 0.0700204370681499 0.140403975211911 0.115106965631197
"ufb278" 0.677132870464423 0.648214408250091 0.165724543361467 0.342222079820162 0.115610634905423 0.0645125216039308 0.0858643401129371 0.0969847929867947
"ufb279" 0.674855040116824 0.668434939591723 0.186460854553013 0.275202443049248 0.120789022022452 0.0747842428948363 0.12688629293744 0.120137417738862
"ufb280" 0.611346856194211 0.64600289524347 0.186890308596797 0.155482590955959 0.124038446657951 0.0678317416923925 0.143553722742152 0.115086375224121
"ufb281" 0.60107186436373 0.653559904597152 0.190986675902325 0.146889421200518 0.125567781895318 0.0705043749294512 0.148689219284162 0.119839058256043
"ufb282" 0.569791166891068 0.617104333547853 0.17465811582618 0.0965502744163501 0.10791689604241 0.0498207665375345 0.133934068287957 0.100029581761321
"ufb283" 0.58055527153536 0.616846207496933 0.173397910608407 0.109726068471057 0.106283137979953 0.0542337205550981 0.130877581920598 0.0953136018646024
"ufb284" 0.588165555668911 0.663717106208662 0.194505321082279 0.0949073950791322 0.12022310790625 0.0422378747599954 0.154764449001972 0.11819107898769
"ufb285" 0.611933920296983 0.61384676388237 0.173821742025777 0.22855053727188 0.112432336692153 0.0696642768044609 0.113279532242105 0.111942774940519
"ufb286" 0.636814896974974 0.661057352096417 0.181474030807072 0.194744152597057 0.120572607206731 0.0742936640232713 0.128178752790408 0.109394079961587
"ufb287" 0.73545859022922 0.762500513410276 0.211647011349212 0.395175668651978 0.151330690685925 0.0926241625496683 0.136104440452781 0.147926599871155
"ufb288" 0.583723046224248 0.599262739852271 0.163159739699414 0.157276051050193 0.102638073424883 0.0551879618060024 0.117560710746284 0.0874629227197455
"ufb289" 0.722181599144558 0.675821485920182 0.170821609569412 0.448018400771497 0.121452222500199 0.0771195321090621 0.0914693756172563 0.106475738057988
"ufb290" 0.66011508396899 0.63928233026204 0.166125905875468 0.3021106143541 0.107712458001934 0.0649235776325072 0.104966865424926 0.0943264555512057
"ufb291" 0.725385176180047 0.69430967968202 0.177544050602029 0.465097328835377 0.127368763940178 0.0742221280464558 0.0878539238660377 0.117967321624338
"ufb292" 0.666359700194768 0.682443493279267 0.188899612257958 0.245406724996172 0.12780678931966 0.0719079181746004 0.135999343567104 0.116330560342231
"ufb293" 0.603041023574834 0.63121960293994 0.173422373375418 0.133141598978494 0.11204947954402 0.059454036117901 0.125703761575023 0.102555309162802
"ufb294" 0.634146341463415 0.654439383041637 0.19670256269586 0.62959927852001 0.157679227645947 0.0682712074565643 0.0671240467213122 0.116827739590423
"ufb295" 0.649778405276766 0.649108150334172 0.171259016231274 0.269194662002305 0.113109571099388 0.0674410009109691 0.11723592455099 0.0952094092705225
"ufb296" 0.683571393952041 0.69657743747626 0.177017026960355 0.421395451311382 0.127124751126627 0.0827831761289933 0.0985532666842218 0.0978728688559257
"ufb297" 0.580125211667693 0.591289587319024 0.157914191234542 0.15445820829372 0.0994772011904466 0.0473075250653193 0.112029334833008 0.0834403167054264
"ufb298" 0.686746987951807 0.552487289402851 0.135533201682197 0.694800786368385 0.101122653495508 0.045186599077168 -0.00250779769382871 0.041745381007118
"ufb299" 0.630348100349601 0.65432902542963 0.185766812772944 0.205763867876524 0.123576641300362 0.0684072820339235 0.138831598462205 0.115863916045315
"ufb300" 0.577923203404741 0.652313201145638 0.188119444480044 0.110855708395464 0.122183472438165 0.0684323934057295 0.145658000421536 0.118233205162165
"ufb301" 0.559827267634186 0.559999422725642 0.150594400580435 0.166619805723007 0.0932839826872042 0.0562613980918113 0.0998892666518039 0.0835060547304758
"ufb302" 0.587134120347606 0.609843519845389 0.172379256185336 0.0718949351675473 0.112053683245745 0.0416431835202208 0.130806949188206 0.0987665100025147
"ufb303" 0.703266169233753 0.697407200386189 0.20352930626608 0.311076551428081 0.138075832681204 0.0801430415927921 0.134939118768183 0.148750500053041
"ufb304" 0.723446111569022 0.751156725155643 0.209106267120763 0.400174961154742 0.151993474900604 0.0926408472771032 0.133143524386308 0.146047428599934
"ufb305" 0.604508071677589 0.622615593038912 0.167544791529781 0.192188691778561 0.110242297469125 0.0668361516411461 0.117860063699223 0.0893461630724162
"ufb306" 0.590495762426217 0.618238082853329 0.169300384132969 0.156477902146171 0.106033596174492 0.0489789528127381 0.125877550828066 0.0920801188673479
"ufb307" 0.566956835961798 0.576183869061384 0.157549519847131 0.18085077064144 0.0984245452340365 0.0585794469351409 0.108963838054343 0.0869664249817466
"ufb308" 0.58147591005225 0.599047563826346 0.163262770232094 0.145008444869061 0.104369486426972 0.0569179890466753 0.117663767488669 0.0888907265104643
"ufb309" 0.629665550673108 0.554897038757591 0.148424164051825 0.336983848378174 0.104732548806254 0.0536265426147949 0.0671357666648598 0.0700703424101232
"ufb310" 0.584126520770456 0.592477070146883 0.160047537785712 0.121236423769824 0.0998477570134188 0.045519510942987 0.116137707004874 0.0816469094913498
"ufb311" 0.58430409121934 0.605484513307108 0.161419010377362 0.156271405661354 0.103160440517968 0.0503464234137644 0.111354837917301 0.0896318460986633
"ufb312" 0.626914849060727 0.634636327714652 0.172982825808465 0.220220776532661 0.112783321116376 0.0656592128712463 0.121594812009638 0.0978133591526172
"ufb313" 0.647767069550873 0.6752000960898 0.187987549331334 0.254881905490705 0.122911626283699 0.0791802390161915 0.13516199827477 0.119339501513952
"ufb314" 0.792792482397298 0.678846948615512 0.148996928720498 0.66248347064342 0.110856458340718 0.0674434084920624 0.0405973125688653 0.0670027284674996
"ufb315" 0.645320721953852 0.607057844092127 0.155359498442652 0.288182024349352 0.102611883891437 0.0606603170528273 0.0935035112112039 0.0799988302860101
"ufb316" 0.591851230065233 0.656038267494856 0.190816503170252 0.121434855719948 0.122590288747599 0.0691280853548695 0.149176966712794 0.119175486484382
"ufb317" 0.65251892772312 0.596812031335093 0.150877095321401 0.361674977187524 0.0997150803972758 0.0567079201221246 0.0697719154120931 0.0751494471662714
"ufb318" 0.597198960008595 0.644495818066553 0.185221706804454 0.108395969467092 0.114898180013522 0.0518836517176099 0.144313774262527 0.105972498852186
"ufb319" 0.745760719595282 0.684754614394048 0.145970932364702 0.629363288249383 0.109543122004351 0.0648571539360023 0.0368838596219771 0.0637492970513358
"ufb320" 0.709585012875583 0.653715616681455 0.146483803051732 0.504567444818268 0.106141871329873 0.0712241002871424 0.0648289845174828 0.0567027443838588
"ufb321" 0.706929312437599 0.619145687604304 0.136735595459218 0.612156330379 0.102157556799043 0.060673544169473 0.026857731112553 0.052812513618299
"ufb322" 0.641931427032323 0.606120021149101 0.135665849440692 0.43301211431791 0.0947226901059991 0.0635731343587098 0.0531473020203304 0.0472090847967972
"ufb323" 0.677133559261808 0.617806731813247 0.146642722578723 0.473557671879603 0.106048617990983 0.0638585223259769 0.0538404188383585 0.0657416737775022
"ufb324" 0.654413857190783 0.611814878931297 0.149465788644693 0.357454234111039 0.0993818967159926 0.0650156377973661 0.0763382509622099 0.0696311550980994
"ufb325" 0.666844338415387 0.643958653395424 0.168240030781066 0.286130835349296 0.116229922470495 0.0684739633696587 0.111001726671212 0.0860533761355548
"ufb326" 0.59216268851721 0.64145010412118 0.184063171227255 0.131834262934258 0.115953220305185 0.0518359791289212 0.143669139082763 0.106291886018306
"ufb327" 0.63250916536891 0.592404444133883 0.163886867553151 0.286860277673195 0.110511727532715 0.0596501663131106 0.0920017435171428 0.100445511665837
"ufb328" 0.685802775499519 0.585207120966909 0.137097587905279 0.560659814195225 0.100541140733782 0.0543503884435057 0.0268214551154926 0.0501548089183849
"ufb329" 0.617409910539862 0.646141662294786 0.179216829720016 0.180478768413133 0.113275440900899 0.0618551923815328 0.133293465245167 0.0981170669896465
"ufb330" 0.635708412786569 0.610315503075954 0.159820873552872 0.274328367459122 0.102975952836602 0.0604039369350164 0.101943853805964 0.0845574131168882
"ufb331" 0.610956583569192 0.578255646059056 0.15109392298888 0.206398696638509 0.093946112238089 0.0573403600741206 0.100477001498508 0.0696643640212832
"ufb332" 0.723404955794775 0.664843777212721 0.145346267540462 0.564444159745144 0.105316205355576 0.0709101009125746 0.0528894462117894 0.0631189879734166
"ufb333" 0.679153723370997 0.655022655649802 0.168278228371611 0.41416419147918 0.119142699016112 0.06038571203385 0.0780306383166947 0.0994683463751968
"ufb334" 0.705181964748904 0.680107131294699 0.174107174566331 0.409070471932518 0.122512095029989 0.0705950199818791 0.0953659869701156 0.0986983665860297
"ufb335" 0.618106908222179 0.630705552300797 0.172601902479286 0.214367420786242 0.11373990946947 0.0699861022693169 0.121179139335102 0.0995405317047064
"ufb336" 0.642006381513824 0.634192664299967 0.165993992143272 0.29752139491574 0.109973482433981 0.0672196141387967 0.10480482573058 0.0954226572914814
"ufb337" 0.75609756097561 0.66264422568011 0.140169841511399 0.755879717933295 0.108942511412021 0.0501458511465761 0.00134113744681253 0.0631064552499492
"ufb338" 0.625251757610794 0.608082348455966 0.144719298029346 0.30009056414628 0.0968813818988475 0.0632112546928943 0.0821018480061866 0.0575731648471549
"ufb339" 0.6375 0.735281416438751 0.205283824639743 0.637400955060461 0.157178429936001 0.0702349167967342 0.0766912116556289 0.137812663358729
"ufb340" 0.753930030180758 0.79538898140113 0.21334903936548 0.565419541300494 0.15933894291508 0.0924718211409062 0.112298140420708 0.163635790491698
"ufb341" 0.613892808318453 0.642743179514302 0.182518072377417 0.130593410281432 0.114337245817354 0.0538661545136007 0.140481629971914 0.10156056936434
"ufb342" 0.593336732147657 0.610014647220145 0.16903802809965 0.120589894124616 0.106976275518393 0.0549328422819208 0.123774240704521 0.0923769348855112
"ufb343" 0.583407713060523 0.657442328845808 0.194470137909446 0.0728300596854919 0.121143278713976 0.0492947805495542 0.154725891932507 0.119499802060606
"ufb344" 0.559837138832455 0.598316299885599 0.165978664481046 0.0977411008610539 0.103105447197572 0.0492745680952267 0.12468143489765 0.0917148239798526
"ufb345" 0.577864124976212 0.647389843384129 0.184626429923308 0.120260389504067 0.116154033130172 0.0519200876440473 0.144257086137516 0.110503295701834
"ufb346" 0.720571103532402 0.650625330280078 0.138545729290662 0.633839978743696 0.103505205080048 0.064417592578515 0.0288982620720781 0.055458725104332
"ufb347" 0.615571246108925 0.637869896496732 0.173466788855714 0.19465979069768 0.114560182574442 0.0701423068382807 0.12416247584241 0.0973617829694328
