NA NA 0.07442872 NA NA
0.1760977 NA 0.1503228 0.1318185 0.2068788
0.1046555 NA 0.1503228 0.1246181 0.2246753
NA 0.03915948 NA 0.03905725 0.2470326
0.2733399 0.01818749 NA 0.2790744 0.1048841
0.2750671 0.03802306 0.2996547 0.1968053 0.1004724
0.1094985 0.1944882 0.2347266 0.05090978 -0.01454
0.06249596 0.1063708 0.06624284 0.1554331 0.1265134
0.130675 0.1705067 0.1473926 0.03554211 0.01534243
0.07017778 0.08421506 0.01733866 0.03501106 0.09614883
0.108909 0.02010924 0.1116454 0.08344105 0.06986125
0.06885182 0.2560774 0.09136351 0.04716929 0.1841171
-0.01235892 0.2276122 0.1506184 0.09886498 0.009153575
0.0816101 0.1728999 0.06916373 0.05325323 -0.00306463
0.026891 0.04461497 0.0285605 0.03988666 0.1385016
0.01285078 0.03961347 0.1294135 0.1181588 0.07731622
0.02193813 0.0628116 -0.003361455 0.02936721 -0.00737245
-0.002982586 0.01493135 0.0161521 0.01915127 0.04153099
0.0596482 0.05273504 0.155744 -0.01580135 0.1014443
0.06102907
