0.1511582 0.0816878 NA NA 0.2325258
NA 0.1949723 0.05900772 NA NA
NA 0.09552355 0.114238 NA 0.1831963
NA 0.2063758 0.1804436 NA 0.08589969
0.1855391 0.3804981 0.2067751 0.04719768 NA
0.1066248 0.1952451 0.06301176 0.03499417 0.04909212
0.09280234 0.2793529 0.1536933 0.07644766 0.1760891
0.1143234 0.05698679 0.06543136 0.07045531 -0.02199091
0.02879108 0.03148364 0.07566065 0.1267996 0.007521675
0.198252 0.104639 0.07431632 0.1219321 0.08573191
0.0596274 0.01283096 0.1068141 0.04852234 0.01554464
0.103986 0.1008691 0.1798588 0.1102848 0.2035438
0.1210593 0.02573956 0.1721888 0.07777602 0.03802978
0.1019448 0.07668921 0.1419287 0.09600812 0.0960317
0.1219332 0.1499884 0.06480993 0.05121416 0.05196651
0.04949452 0.02581415 0.1294801 0.03686508 0.03434159
0.01688322 0.009438642 0.01500762 -0.007276634 0.02186331
0.06474477 0.009046871 0.08142836 0.05104106 -0.002172368
0.04427061 0.02928271 0.07591911 0.05860358 -0.003355409
0.03272519
