0.1454245 0.08054418 0.1435256 NA 0.1987224
NA 0.09756056 NA 0.08535169 NA
NA NA NA NA 0.06499438
0.1706968 0.1719394 0.260886 0.1717222 0.02808608
0.0764897 0.1942448 0.07636757 NA 0.2819882
0.03392622 0.1569181 0.1714067 0.06487838 -0.02121289
0.1026416 0.02485643 0.1794189 0.0267905 0.1316242
0.2374581 0.09225781 0.02564353 0.09039521 0.09110363
0.06659641 0.1104787 0.07428514 -0.02033644 0.04580695
0.08516749 0.187546 0.1102357 0.2420256 0.1035048
0.1611031 0.06390436 0.1963478 0.1218162 0.1735806
0.06655587 0.03217289 0.102554 0.09669359 0.09432242
0.08022621 0.0236668 0.09705067 0.1635928 0.02162336
0.08241782 -0.01902494 0.02922137 0.05052498 0.02098881
0.05359898 0.08074746 0.05656004 0.0119709 0.08240171
0.07594212 0.06140975 0.0680659 0.1599672 0.0788681
0.02432974 0.03830627 0.04300221 0.01254349 0.04559219
-0.001134622 0.01698847 0.002897903 0.01149326 0.06711452
-0.0004768212 0.03822877 0.02532003 -0.002069027 0.03304544
0.03355775
