NA NA NA 0.01438832 0.2705171
NA 0.1286192 0.2917492 NA NA
0.1978993 0.1939246 0.2062429 NA NA
0.07275928 0.1794189 NA NA 0.1461951
NA 0.03634971 NA 0.1477331 0.3210906
0.2616978 -0.04755036 0.08242767 0.07921084 0.1241493
0.03974982 0.029395 0.01297029 0.1724895 0.2439727
0.1235525 0.2331908 0.1164687 0.1918412 0.01096246
0.2446542 0.1827677 0.2126366 0.06977816 0.001672624
0.09917714 0.1578367 0.03164985 0.2027912 0.08829158
0.1295027 0.06121859 0.06871426 0.155885 0.1162659
0.1954661 0.03461653 0.1587442 0.02045486 0.1191602
0.155526 0.0713766 0.06123688 0.2558489 0.1411367
0.1935687 0.1053394 0.1056679 0.06067674 -0.01258751
0.1028322 0.09432063 0.1614071 0.04864554 0.04911068
0.02896292 0.06909937 0.02548914 0.1243987 0.1458127
0.04220385 0.01613797 0.0003916162 0.03853359 0.01949436
-0.001226654 0.04087767 0.05083982 0.03439228 0.04282578
-0.007519234 -0.009911515 0.1162414 0.01379783 0.005006443
0.02935374
