NA 0.08054418 NA NA 0.02632855
0.04540977 NA NA NA 0.07392113
NA NA NA NA NA
NA 0.1449563 0.07145 0.1195294 0.1356952
0.02540315 0.03494951 0.1349736 0.01674075 0.1902353
0.2578367 0.1976736 0.09447288 0.1060022 0.1241939
0.1511582 0.105658 0.02098753 0.1885381 0.09528179
0.1530353 0.2092997 0.2174992 0.002431017 0.07556859
0.03807062 0.1132209 0.03935426 0.1435156 0.1246181
0.1319328 NA 0.2251423 0.02788424 0.1811653
0.03554985 0.1599558 0.2052862 0.08445596 0.1533344
0.04348041 0.169847 0.04331148 0.1679962 0.1152633
0.06426595 0.05882149 0.02502905 0.215606 0.1483
0.1220987 0.06210516 0.1481853 0.03552196 0.1113643
0.04542267 0.1688808 0.2460453 0.07098583 0.07044183
0.04047061 0.116219 0.1485284 0.04771129 0.1739841
0.05618651 0.02729766 0.06635441 0.01905237 -0.004415542
0.003625325 0.02605922 0.01223159 0.0252971 0.01234371
0.1452883 -0.0104301 0.04597678 0.01476224 0.02677465
0.01289148
