"quartet" "wQuartet" "cluster" "phylo" "mutual" "shared" "clusterNorm" "wNrqs"
"mb49" 0.747472630495046 0.766612343602145 0.202624303405878 0.606987262424101 0.155668495914126 0.0941478049007718 0.0949030499282916 0.133943129307375
"mb50" 0.80952380952381 0.919812269527322 0.26599518673106 0.809462054892978 0.22029698492381 0.108130077322867 0.141353325223376 0.21546496117532
"mb51" 0.705357776191098 0.752251196953749 0.221205515355379 0.319636805086256 0.158966522745188 0.093299014833984 0.161549644740225 0.147066416656185
"mb52" 0.738095238095238 0.859444734249116 0.263914940345101 0.737966296728697 0.213725664130649 0.105239358122055 0.138919830769756 0.205509978580809
"mb53" 0.769322972255241 0.791972790923222 0.201127669623961 0.581753563950665 0.151280772623344 0.102324880245147 0.11004205008052 0.123930873803017
"mb54" 0.808030547783059 0.851692594771109 0.267233394760061 0.62893794410126 0.209494550359433 0.123650868832213 0.167948274446009 0.227534462187711
"mb55" 0.819277108433735 0.911890963726121 0.278045633861776 0.819115814734271 0.230396002851817 0.116041940736719 0.155267806216274 0.248575510899927
"mb56" 0.763036502688012 0.792175472411648 0.246389469271024 0.452543345570425 0.181708451274145 0.105549770741069 0.159802203167499 0.192706384081747
"mb57" 0.94047619047619 0.937720163449345 0.227773130563877 0.940420201529766 0.196240835028341 0.0994892756774806 0.0966407554448274 0.170929587533168
"mb58" 0.897797720715325 0.934451219512195 0.237326073158067 0.833357234289654 0.19382733394524 0.12618293813014 0.134292845853793 0.177605674534494
"mb59" 0.719447994475613 0.754841181387573 0.241792163396641 0.440556138997491 0.180165030592913 0.119684880575607 0.155296521674638 0.168353348271101
"mb60" 0.845687778685669 0.812528656579551 0.209715779174347 0.714043109173696 0.164117744293836 0.102347047498185 0.102952546692445 0.125388867390548
"mb61" 0.803580478366038 0.819802646333259 0.221293484596113 0.605115573561551 0.170416082344834 0.123675781650449 0.143038161916714 0.143197052959304
"mb62" 0.622879568374819 0.669318621040203 0.200732887013683 0.119056489650895 0.12921659775307 0.0587119759847643 0.159923102098853 0.124098535158412
"mb63" 0.709995768666739 0.731924391050369 0.203894472235364 0.571301980174236 0.152511861690657 0.0903894389758377 0.0963448118713192 0.119341987626329
"mb64" 0.621089525898254 0.676921324235119 0.202393054449214 0.119092957348631 0.130743646860358 0.0598317096280838 0.161079322860226 0.125790563676413
"mb65" 0.771845567579743 0.779343568502094 0.23070657365962 0.34674466776845 0.167618617055021 0.106922165618685 0.142794207159513 0.166475416704946
"mb66" 0.773809523809524 0.834763601036269 0.195476946763352 0.773714175810838 0.157430916977001 0.074200974805488 0.0588603344898291 0.126712879800493
"mb67" 0.635042185242957 0.672893373329697 0.204823220330749 0.118665157344857 0.13540845227931 0.0645315472371334 0.161034432480875 0.126282973637508
"mb68" 0.732083891839268 0.758980833237691 0.207761070881857 0.47582688478175 0.153015441877781 0.103296714347928 0.128333047097157 0.142518368260569
"mb69" 0.789562616097923 0.769782615417916 0.183965821357951 0.602137020117464 0.136204949721055 0.080432578939262 0.0733803510175243 0.106912046854187
"mb70" 0.619047619047619 0.698263218834427 0.207647927475891 0.61898281478482 0.160510364228328 0.0713159992203808 0.0730980777970565 0.114970086781755
"mb71" 0.771084337349398 0.844568714570247 0.220376352835659 0.615006229903477 0.177977524578278 0.0876449430866832 0.087420369667686 0.166828807115986
"mb72" 0.721766192177715 0.761300692920911 0.24777660336843 0.48808308398937 0.18665634701778 0.109958142045616 0.146155187608669 0.178328206683285
"mb73" 0.621932291741303 0.677107984595977 0.202634232702276 0.119112241557281 0.13090896005208 0.0599332040714103 0.160871464194095 0.128054395948525
"mb74" 0.869047619047619 0.934850482203566 0.217682951738032 0.86910189268019 0.181333270815449 0.0877438255622781 0.0848371564219172 0.171485000568274
"mb75" 0.678571428571429 0.751009421265141 0.204414460457077 0.678503908256191 0.158312557706293 0.0727892363162013 0.0693155335228035 0.125780814687788
"mb76" 0.745780214336502 0.765570860005692 0.210081769597624 0.439177622890811 0.149813790031008 0.110766819540275 0.144766967951474 0.126216501813996
"mb77" 0.825953150307074 0.843667755838938 0.219408643696492 0.621774866846762 0.169745346049062 0.112569504893911 0.130219604106255 0.152483460843775
"mb78" 0.662712583485615 0.691493869660686 0.208116505175906 0.26210592150603 0.13740189786944 0.0939427753056113 0.147522732243068 0.123817308566998
"mb79" 0.713543809449648 0.721336961772058 0.197429602732024 0.356088177064368 0.143748347654276 0.0935854018080916 0.142874638872201 0.105733447800814
"mb80" 0.643620179894483 0.64608552903523 0.199673754086854 0.167680713794112 0.130073428858009 0.0711491834173276 0.138165852054556 0.127108410911966
"mb81" 0.679012345679012 0.643404255319149 0.167190716644663 0.6788187700118 0.12864890771788 0.0594745093398786 0.0219459487602072 0.0620770144805584
"mb82" 0.777860297126085 0.789896589451889 0.213907130425724 0.491819443627587 0.157128089406673 0.109750081007709 0.142865001658303 0.132324821734275
"mb83" 0.845238095238095 0.837656170088405 0.189401109487935 0.845209933975119 0.158208557617317 0.0750989511307494 0.0517527551133583 0.13550123318608
"mb84" 0.738763109195309 0.753826346038967 0.204578528009647 0.403426446642006 0.147270179303565 0.0992234329769991 0.143626069888974 0.11800998091854
"mb85" 0.613783844921932 0.650655600695873 0.190903921033564 0.107292502016694 0.123224807433175 0.0519994265176922 0.147913625639441 0.113231139528548
"mb86" 0.7026574140048 0.745015222331804 0.211523611915056 0.343232720823222 0.152194799679386 0.095448466472429 0.146413903039407 0.141537264074967
"mb87" 0.740560160645219 0.764310431360118 0.205067917970578 0.547373533069238 0.157012759845802 0.103950811939251 0.11438280863622 0.140260273683397
"mb88" 0.617664227913939 0.660421433657081 0.19929678720911 0.107046170124248 0.130578549732565 0.0587937511438045 0.158554873692335 0.121914087561517
"mb89" 0.621546979492616 0.671239610903406 0.199745347261693 0.119074460444142 0.128470776489563 0.0544237109956226 0.158641371536863 0.12330987365268
"mb90" 0.610357469399483 0.654948252580398 0.192993626886733 0.107331553653831 0.125761227507129 0.0570370060188896 0.15118048554225 0.115086925278798
"mb91" 0.713463789248618 0.739172117874701 0.204390935887031 0.365681958933423 0.145803747032661 0.0929237796558376 0.132627438891475 0.136362906724723
"mb92" 0.806120459809156 0.795789952491661 0.194903167249734 0.698711687811281 0.152438508789501 0.0946270131118858 0.0858230799921986 0.127314892329761
"mb93" 0.620073600986813 0.669915693717375 0.198671150356025 0.119074460444142 0.128054195826993 0.053766470810347 0.157511999989744 0.122750551873957
"mb94" 0.707317073170732 0.614493644936449 0.15216694983498 0.707208550766977 0.117430112024213 0.0536824786541815 0.00555525751285149 0.0584730272737431
"mb95" 0.698795180722892 0.736529646050951 0.185491249371709 0.698663485888263 0.145056011737805 0.068096193363747 0.0457309816251379 0.103453817202808
"mb96" 0.845238095238095 0.869790169588962 0.197536876519319 0.845092523977392 0.162617740792572 0.0786257475408206 0.0612700623325631 0.155389683490918
"mb97" 0.783194159361148 0.804189314596314 0.19226670804071 0.662463776686628 0.146343869892223 0.0897938869610683 0.0831461980263183 0.120130000708107
"mb98" 0.713021175230535 0.751754177824481 0.210568243155899 0.402220407318751 0.155314273978447 0.10521562473466 0.139272217638058 0.144301822508917
"mb99" 0.648024972241397 0.676534281814364 0.200995768493106 0.143049155444733 0.132772026320518 0.0700159661935016 0.154690228733564 0.120893826370559
"mb100" 0.714285714285714 0.759880803011292 0.183662271924456 0.71407567234174 0.143930089148175 0.06518420198821 0.0450394016013849 0.106724556419332
"mb101" 0.648458454558117 0.611463000154488 0.174263539006794 0.333003087647445 0.119253482142668 0.0758029104759518 0.0997825674964031 0.0805420839425918
"mb102" 0.708282084911431 0.742614513638703 0.210601222147718 0.329131670739895 0.150729860079004 0.0914519213157066 0.145483105175111 0.142014841935801
"mb103" 0.857142857142857 0.813482399822891 0.150508793822221 0.857067188670302 0.123235855736271 0.0604078058305363 0.00625610861045277 0.0780719009801212
"mb104" 0.612104121976801 0.650252173875814 0.190212761351735 0.119038808544859 0.120712940490792 0.0414685837742906 0.149011782897134 0.114010422361051
"mb105" 0.606843847902508 0.648134943463359 0.189697577698972 0.109860310102194 0.123858475973762 0.0521725149939943 0.14724151712152 0.113021521261584
"mb106" 0.619500244811583 0.58162069319391 0.162284411383433 0.268044407851778 0.107251327223037 0.0695374690340495 0.0931058816056413 0.0670614420336026
"mb107" 0.695121951219512 0.705665437479048 0.178980827995364 0.695166899537858 0.140442455279393 0.065940255312709 0.0379152244090017 0.0978306077430982
"mb108" 0.649980634359639 0.621119878555954 0.172876920227141 0.390094761244158 0.121979855951058 0.0685780703127087 0.0783445911333769 0.0882995170448177
"mb109" 0.715479934399695 0.7473915616809 0.209477064270373 0.416366491956486 0.153183809715416 0.101178093794978 0.13817233323843 0.144633397933141
"mb110" 0.783132530120482 0.788634541729759 0.177762471147819 0.782998387112751 0.146603690448134 0.0689824004525263 0.0375890913788426 0.110851871461201
"mb111" 0.748995538264595 0.768841607565012 0.205215512206408 0.467698320575593 0.150256418750419 0.104993500333755 0.133296232232208 0.12501043660515
"mb112" 0.612812459694174 0.641936008295546 0.190987035869646 0.118961042692015 0.120696224970828 0.0623203653614542 0.149683867304211 0.111545919653261
"mb113" 0.706056460143956 0.720201164347992 0.189094312005087 0.487777642719575 0.139071361437128 0.0883584147641502 0.0965869486238843 0.117875460724152
"mb114" 0.615392303748828 0.653678611855535 0.19189862274512 0.109860310102194 0.124701610624548 0.0588879756981028 0.149558218983855 0.11359431641787
"mb115" 0.710491983970262 0.716141243235373 0.193992302800387 0.355988450637441 0.139858460173044 0.0876914124919822 0.136069233469277 0.107084440711552
"tnt1" 0.697714259996319 0.682689003014621 0.200784819583062 0.262836658745788 0.141248930337482 0.0839022020392449 0.120545713111364 0.130765259905565
"tnt2" 0.645940022029439 0.675824977703305 0.199595854107265 0.148730509866937 0.131211571548594 0.0780885722581249 0.151704556189821 0.121638062090503
"tnt3" 0.695150376802296 0.676263256674359 0.198272460916066 0.282387543172554 0.139394042087393 0.066152011276489 0.117314994440852 0.131285377146785
"tnt4" 0.659823995621142 0.622568120030953 0.174985069675811 0.26048471769766 0.117568095337488 0.057915137041489 0.100129945701036 0.0954004386402718
"ufb1" 0.698783016819746 0.729388453782301 0.201538221664903 0.390641383591581 0.148376738997598 0.0978899387887916 0.129426666955252 0.132326370712294
"ufb2" 0.763345302360185 0.76707898878615 0.199082224491145 0.474018009812231 0.149180693440759 0.0983352501189212 0.126700313978929 0.118171076660988
"ufb3" 0.758716580779167 0.763022235540344 0.20293552788606 0.455849466564825 0.148730412414727 0.102997946702162 0.13709949834243 0.118510059806488
"ufb4" 0.608392581731431 0.643456539868879 0.187756778056846 0.135746859887677 0.121165786423539 0.0627960644079594 0.143858554614014 0.111923410744756
"ufb5" 0.664999909725677 0.654243251356011 0.190337592336396 0.335761883225745 0.133543883193517 0.0801976859393095 0.117127498696038 0.115606079383049
"ufb6" 0.696782321810837 0.693905952917655 0.203839481928451 0.383632984887715 0.144691240717752 0.0886724218071121 0.123781626155922 0.129009009502601
"ufb7" 0.727237714792359 0.73147446630063 0.198452245529242 0.356758534524503 0.143011048642815 0.091984332549164 0.140849686253798 0.107560987853024
"ufb8" 0.636166410435933 0.661882316542445 0.192445876007805 0.166243629414967 0.128821213745637 0.0670093236805765 0.142338618110897 0.117049634813152
"ufb9" 0.819277108433735 0.826139269063017 0.188945248944857 0.81918621036853 0.154395520581917 0.0748826111436711 0.0497776475198779 0.125437449075838
"ufb10" 0.71913236479078 0.734901560267012 0.199586583330913 0.381416715528523 0.145016562109237 0.0966944346855703 0.138251596815312 0.117475910333288
"ufb11" 0.761904761904762 0.788889822674174 0.197747822671334 0.761739511117927 0.160389074806206 0.0744090635099147 0.0615168293955443 0.121048871355803
"ufb12" 0.650602409638554 0.684304679408719 0.174594171370216 0.65034998458455 0.129362949865967 0.0593475146363447 0.0344148754646151 0.0628372630351793
"ufb13" 0.702380952380952 0.711577522004062 0.175481716885352 0.702278456963535 0.135595205753691 0.0642391512955525 0.0354697008921062 0.0934893622115364
"ufb14" 0.732269143713569 0.717309983651528 0.177340737256451 0.597517888109474 0.136852778500253 0.0822704509862444 0.0659211381062946 0.106740019109657
"ufb15" 0.604156956933365 0.629359955820702 0.1846647203711 0.10740003315169 0.115850246077461 0.0489836056580803 0.14279274408522 0.105973625415974
"ufb16" 0.667011997038932 0.69670782550357 0.212217648145753 0.333361570224735 0.151519263218756 0.0934381395433874 0.133236430383712 0.13066514066528
"ufb17" 0.661583396827704 0.680019941933781 0.203467008835355 0.297598332703382 0.139477514376921 0.0888705317210631 0.131620174131385 0.123680799293191
"ufb18" 0.66762537703155 0.679517420567709 0.204662528834869 0.27699902397822 0.13643782054097 0.0895139508075788 0.139070389627683 0.123473195023357
"ufb19" 0.650885579488089 0.672061803240311 0.196459963689275 0.236373666089313 0.130594478679111 0.0812147220342651 0.146558440989382 0.119206390988524
"ufb20" 0.653434455157702 0.671367212050943 0.198190510505281 0.248172621838533 0.131920742575148 0.0859058918706467 0.146229888845723 0.120144211464372
"ufb21" 0.656501371210649 0.661396152144717 0.192611807021562 0.250748187994693 0.12894628021801 0.0823646932916174 0.137735035079358 0.115875153706754
"ufb22" 0.703176896424962 0.683140148583033 0.194696730887269 0.39111156154465 0.137130772318448 0.0816337458014338 0.113846396289479 0.119959978782529
"ufb23" 0.590187276565247 0.6279166478226 0.177666469338298 0.0953706281923638 0.111260973987856 0.0370517721131145 0.135672531542449 0.102779065375718
"ufb24" 0.603390815961388 0.631509854927606 0.183049919108233 0.142738719883695 0.118124963879806 0.0574340980155659 0.138000959814563 0.107880495383632
"ufb25" 0.602167135321697 0.625285112156906 0.181443137904376 0.142745210371036 0.11713010707653 0.0640044418464787 0.135229258651485 0.105906415025811
"ufb26" 0.619847090193636 0.628821777241235 0.1909640003702 0.193139511436821 0.124810335613606 0.0679945991996124 0.132655306886931 0.115386726765007
"ufb27" 0.707317073170732 0.706397103198552 0.181421856673695 0.707250675740287 0.144707846575911 0.0693336205840176 0.0407756649544633 0.110607818058794
"ufb28" 0.761904761904762 0.800595238095238 0.20233078167179 0.761856921115655 0.163026900755669 0.0773523326604906 0.0668780238117684 0.143322111603313
"ufb29" 0.708595594973255 0.750541516245487 0.216329105665994 0.377779708442597 0.159474224639397 0.102722286540825 0.151616218183929 0.146145520345796
"ufb30" 0.746606295347227 0.766754417276459 0.232740925116227 0.523699002277874 0.176418900795229 0.0997003813551226 0.129088268480764 0.170925376103848
"ufb31" 0.716027898181425 0.740128415087473 0.183413131976752 0.590173793397631 0.139713293717734 0.0840520652509455 0.072776295270969 0.107284039372583
"ufb32" 0.60599664951386 0.634355494167939 0.183893643549787 0.142738719883695 0.118173901300329 0.0641969382707598 0.138891209630079 0.108659776219794
"ufb33" 0.692247554553623 0.68480086697372 0.197781947796419 0.294680104751102 0.14079721986076 0.0679710509857598 0.116896958590747 0.125270853581741
"ufb34" 0.619574748960587 0.67339636100869 0.199202996253098 0.108434000503885 0.129622679130998 0.0576986326474161 0.1566831913501 0.125968494792535
"ufb35" 0.593110974097149 0.618026094895885 0.179747291531053 0.111302899231421 0.113415408227507 0.0500898191974995 0.137268264747571 0.102373464283306
"ufb36" 0.584247962973039 0.614765895513228 0.176198747392758 0.143130761913555 0.115341182567896 0.0578730528379269 0.131717606193049 0.100540067565634
"ufb37" 0.576653240426301 0.599940356586544 0.1668599125764 0.143169008339959 0.110647771266565 0.0541137851978006 0.120968585636388 0.0919689942045359
"ufb38" 0.702380952380952 0.755330634278003 0.207488372762325 0.702454571960126 0.168499068430585 0.0782985263096362 0.0729114289879865 0.140615765660875
"ufb39" 0.550867517372594 0.517951944103775 0.143662715647333 0.130740378855379 0.0912403698990746 0.0412383358540151 0.0953251086987043 0.0645397565311308
"ufb40" 0.634439225031785 0.586595693201065 0.156143550667177 0.39280209281846 0.112872168831046 0.0580778483658881 0.0598771952134068 0.0649650315688863
"ufb41" 0.631044799010296 0.649750390790068 0.195039339777224 0.142212351905116 0.124903893012607 0.068887700391024 0.152890754177241 0.111516886831512
"ufb42" 0.633905099969036 0.662842312283101 0.195593334802752 0.189439884336593 0.130011146914107 0.0701479418468223 0.15128934859603 0.112505441001419
"ufb43" 0.632840951191928 0.663874998861473 0.196115822924269 0.182025853663216 0.130688831166773 0.0679605554478368 0.150793919674989 0.116100961277724
"ufb44" 0.687456949568573 0.651008021033388 0.18406820635255 0.343323078136325 0.125955432462684 0.0707787534707113 0.102150795787392 0.108003443466595
"ufb45" 0.689936801146335 0.694481471607571 0.18695920872859 0.279417344597768 0.13489601421088 0.0765744505521852 0.134322702991965 0.0972593170459688
"ufb46" 0.610693102804428 0.646637760959461 0.192075132081183 0.107025970354568 0.125194303479803 0.049418451630542 0.150816998511218 0.115442984137262
"ufb47" 0.916666666666667 0.942270771267792 0.214209912467172 0.916588282141672 0.182737613467101 0.0900432618983204 0.080774357966943 0.177916858615595
"ufb48" 0.682894527641628 0.685854592918505 0.183554457302079 0.260573627314347 0.131305332124071 0.0686015011118545 0.13289394987884 0.0928319106737254
"ufb49" 0.857142857142857 0.913832360893696 0.210441475765875 0.857185932986144 0.17466954596547 0.0841471866235419 0.0763660004409694 0.161278700000886
"ufb50" 0.839950277835432 0.852558874503007 0.220199640802328 0.658399946882254 0.172571412493246 0.115767091004245 0.131110051518758 0.150712435998383
"ufb51" 0.62956992098414 0.660381414793549 0.193480402482235 0.176441809939622 0.128053615282079 0.0694008499347204 0.146731464650656 0.116240352757219
"ufb52" 0.626167750128488 0.64238502473688 0.190747002761028 0.142161448741061 0.122109664156613 0.0574243279645239 0.147782257415167 0.108822847373809
"ufb53" 0.690563738907667 0.712122242009815 0.189308068803271 0.475504970631242 0.14180857918787 0.091931449997478 0.0966424519738828 0.119591556077803
"ufb54" 0.710884512719369 0.743974814230289 0.203773342670919 0.463285377439823 0.155343713374481 0.107764025247406 0.123820991575003 0.137936709870741
"ufb55" 0.607575778495736 0.651168434365302 0.190930309605255 0.0867230560562984 0.123191135079643 0.0505634774586916 0.149766168634232 0.115326343662056
"ufb56" 0.597978860300166 0.634335721658874 0.182793404704337 0.0867297739386098 0.115756797096829 0.0403263776655865 0.141262738277287 0.107998737284814
"ufb57" 0.645994439685207 0.67105155011176 0.198438072818414 0.224549049542829 0.130563310817943 0.0742635622693232 0.148659394847035 0.12050444347961
"ufb58" 0.720570089724385 0.66537811469786 0.165143689857796 0.46217536809751 0.114641440611442 0.0708624217886709 0.0696661361749517 0.0876017718357768
"ufb59" 0.592329460816471 0.622640597924959 0.179019488217812 0.136133586788319 0.115652898188721 0.0541124497201134 0.135432107333241 0.101402852039915
"ufb60" 0.718591940841694 0.733501567166021 0.199347192685638 0.36915799322732 0.146354318810651 0.0979180774423486 0.141831033042966 0.112738932195915
"ufb61" 0.670119790887995 0.679108502630068 0.20652338037808 0.301133755294204 0.142178530406244 0.0917315090415051 0.134974433116212 0.128519866250621
"ufb62" 0.678571428571429 0.657622739018088 0.156118604092528 0.678445203257327 0.116324369095648 0.054470629405658 0.012818524615976 0.0418216244481905
"ufb63" 0.605774847256021 0.625833765145585 0.178162192271677 0.178788439958413 0.119893779080393 0.0657094810594557 0.124947573753453 0.0971575162287333
"ufb64" 0.599360080938404 0.614801735465282 0.17233860791444 0.15486707514855 0.114839444935707 0.0578955064603234 0.120977769832152 0.0901488860848251
"ufb65" 0.602252275792255 0.576903266876935 0.16615191666528 0.213434937689203 0.108047477457484 0.0558301788127103 0.10935938947888 0.0859984601142892
"ufb66" 0.6 0.561317995710665 0.166275562526608 0.599826881432129 0.123274358341777 0.0556994931019537 0.0202403986335218 0.0464991548133896
"ufb67" 0.804878048780488 0.793502935420744 0.176814769935396 0.804713521875967 0.145274363663347 0.0706466015175256 0.0352891175820996 0.117407750450752
"ufb68" 0.649969553213772 0.667975291894949 0.194544003325563 0.2083022930256 0.128015324943124 0.0687674340179911 0.146360496569233 0.115888313671434
"ufb69" 0.600845306606491 0.628794997153859 0.184105033937107 0.111283639325597 0.117476991984702 0.0545404868585337 0.142203236291979 0.105959775063124
"ufb70" 0.71447023976332 0.621099671019391 0.161090476615461 0.413628683488818 0.111252106874693 0.0734270718914086 0.0768574220320312 0.0660503885256908
"ufb71" 0.601217044759271 0.639274747584836 0.185411059442769 0.113904732758461 0.121395766013254 0.0562716804334336 0.142125774734167 0.110651204166546
"ufb72" 0.741069732037116 0.658521419088113 0.17203847926309 0.463106912440479 0.125472325011605 0.0762176358939429 0.0774103243133216 0.0795142923324875
"ufb73" 0.676715637629312 0.648250045954224 0.179361516059211 0.189559037855778 0.121530435925942 0.0569742117355088 0.131823196010031 0.0874386007191222
"ufb74" 0.715481431406406 0.656042200676102 0.155908445232245 0.59236019119271 0.115700296539612 0.0677127698710423 0.0413623243390862 0.0506832159460908
"ufb75" 0.618654345038253 0.623269168114683 0.166636102995405 0.190702989504161 0.112244898354019 0.0553116649543842 0.118360619419504 0.0804201931277009
"ufb76" 0.627214529241347 0.618244839647816 0.170865446417404 0.143205784336654 0.114189838469594 0.0477084613327507 0.126106645056107 0.0823745819859918
"ufb77" 0.79580869869619 0.803196688322888 0.234417462535287 0.529841962377165 0.172001754540499 0.100034767370838 0.130991297267764 0.16825213825143
"ufb78" 0.629930639194739 0.666534487696341 0.200257415862326 0.120098994202889 0.131056296582539 0.0588853876097844 0.157065334622055 0.122217272947624
"ufb79" 0.691738950686443 0.685809851657321 0.201394830157878 0.321109225858329 0.143906532380607 0.0755119894524084 0.120874115914613 0.132252886286665
"ufb80" 0.692359368438754 0.63823249021318 0.181928170246783 0.343406023136483 0.126495110762112 0.0680316978935279 0.0997959056734033 0.106019703278306
"ufb81" 0.61961420916036 0.666399761647611 0.196587444920833 0.107141767686209 0.125299679250287 0.0460662708725586 0.154972999559098 0.122028307338506
"ufb82" 0.618612071181017 0.65994190131886 0.194106420832588 0.107122578666299 0.123895222581733 0.0460606026939432 0.152712809434584 0.119146952867519
"ufb83" 0.592877975612069 0.60551496113946 0.171415705654014 0.144397001581595 0.111173083420396 0.0605715328081502 0.123334980711827 0.0962667534560697
"ufb84" 0.617539618626706 0.613762345545271 0.181067347933289 0.19084905784632 0.117458683017418 0.0597669188099996 0.122090230271431 0.104861060095506
"ufb85" 0.608518022224773 0.637585224315603 0.182862363578944 0.0979075252749905 0.115816915230752 0.043422241141765 0.141335226795062 0.106790698784463
"ufb86" 0.600712891038343 0.577964556556236 0.174529396208015 0.215000020006377 0.111084572290372 0.0680406825329462 0.106172550596393 0.102242542701729
"ufb87" 0.635366877949694 0.645212715108381 0.190480447746733 0.145432521627006 0.122283366896007 0.0540283435659094 0.14677440700796 0.107884383958364
"ufb88" 0.646175480961264 0.572511487533647 0.165314342612425 0.284322389916391 0.106133051742703 0.0639015161597868 0.0963904827343432 0.0817384305435819
"ufb89" 0.610595999061855 0.637253476921553 0.186492985075107 0.0956440344960507 0.117448661966632 0.0544942758817954 0.145150332351303 0.107714624419622
"ufb90" 0.611257345585856 0.637668731659602 0.187310651119259 0.0956484008973636 0.117491862912159 0.0538115145744237 0.145964102268695 0.10817013766756
"ufb91" 0.726190476190476 0.607950116913484 0.151207726504825 0.726050337034651 0.121966898693064 0.0559078101004391 0.00707372753196689 0.0617196647189707
"ufb92" 0.646866493172294 0.674427134144071 0.196802126790263 0.154120760413993 0.131435445632578 0.0657758250404771 0.146968732656852 0.118022921942738
"ufb93" 0.599348652850378 0.556649802585159 0.164262842376069 0.178775227612084 0.104440547595216 0.0523803789931933 0.11003529615449 0.0823437403696251
"ufb94" 0.658881972271281 0.624798467266746 0.182901176372203 0.282288872085743 0.122799315140377 0.0744289544348423 0.109078977741686 0.107546696069584
"ufb95" 0.634512015957799 0.527264448070428 0.134783117538024 0.500761653596164 0.0964929060614201 0.0561772218656634 0.0166382055666478 0.0246628566221413
"ufb96" 0.621169259776735 0.615266021464734 0.183584223150465 0.214788544196293 0.119923030827017 0.0594942201650315 0.124788363428986 0.108274914520609
"ufb97" 0.60407409540376 0.567887355979949 0.154008094131155 0.237197658291808 0.0998617740301882 0.0656651869506357 0.0892007795977508 0.0599054474828493
"ufb98" 0.728012563581905 0.732605938525813 0.198280300316895 0.356605986982401 0.1401093906381 0.0904067980236324 0.136820357580971 0.112647935020845
"ufb99" 0.678571428571429 0.681224818694601 0.191876943473655 0.678503908256191 0.151741962593936 0.0687658535460388 0.0546490121687715 0.110867254410247
"ufb100" 0.655011629220349 0.682218014315835 0.200887001920132 0.27699902397822 0.137025023716988 0.0900811051699311 0.134967551392386 0.118387321143615
"ufb101" 0.737427992835198 0.731918978592685 0.193870099117194 0.398263954992284 0.139956215051496 0.0942048430590687 0.132127130117945 0.106900334148086
"ufb102" 0.645937582617704 0.667730836339522 0.196981803286693 0.2083022930256 0.129749787246976 0.0665477787333807 0.148944129141185 0.117771602410648
"ufb103" 0.639046996937635 0.649597893827516 0.187207330843614 0.214806830530942 0.123108499874741 0.0659432055375674 0.136768737037254 0.109714113026763
"ufb104" 0.652032841946794 0.650129394375396 0.202043094971811 0.256365990629437 0.134385882251226 0.0769366736822565 0.136067688024696 0.134890027335513
"ufb105" 0.678403782647752 0.631262594677229 0.157698082244769 0.552198033032641 0.119341000587663 0.0662922663595281 0.0430756949136902 0.0581565537737428
"ufb106" 0.628819091823188 0.579410906969962 0.162559466126067 0.308614444813573 0.109077029508168 0.0681813511883742 0.0869276599524159 0.0714007616840708
"ufb107" 0.609756097560976 0.496957991308547 0.147194690807726 0.609751698004067 0.109601457202619 0.0502417248059273 -0.000276830357483228 0.0299199823340988
"ufb108" 0.785714285714286 0.770074461662306 0.165970486396545 0.785512725507157 0.131855615286319 0.0626212403722886 0.0243433618210089 0.0844487125993381
"ufb109" 0.613220004563464 0.641969380973117 0.189048634454784 0.0976194697918503 0.123014781903214 0.0471067874954 0.147385996988248 0.110735848373949
"ufb110" 0.679012345679012 0.646069166060858 0.167149255667598 0.678879640273243 0.126519187549703 0.0568622191521963 0.0218972568479084 0.0614352372218128
"ufb111" 0.720738231027987 0.714298249964709 0.190231665759881 0.384004140889754 0.135362936964212 0.0870016160475915 0.128210022470371 0.106628343681973
"ufb112" 0.608489414399228 0.645637344703119 0.191717588672809 0.0951101862669455 0.12408597156227 0.0532595969132268 0.150640451756731 0.115464824562087
"ufb113" 0.79142636058608 0.765662570130911 0.175335209371641 0.650310852676627 0.132413920019257 0.0809298109011074 0.0636188010307144 0.0947793633215715
"ufb114" 0.702380952380952 0.708355712422313 0.175163982076694 0.702218417646557 0.136236961629844 0.0639432179068826 0.0350980113173471 0.0998132575382235
"ufb115" 0.651041085982939 0.672480607561156 0.185291207772519 0.213064521178521 0.1269380984506 0.0680484687273418 0.132503208227838 0.114224135090687
"ufb116" 0.626880375341747 0.647299007798783 0.174759637056912 0.189272046628749 0.118935911984258 0.0580502118292377 0.123519715202513 0.102323500397416
"ufb117" 0.605830020267904 0.630468308260561 0.182895936296578 0.110959070974684 0.118353821725398 0.0457921298786472 0.140558354848986 0.106016125194078
"ufb118" 0.618044817829789 0.652195549895015 0.193509293593811 0.0976240983649658 0.12573474193817 0.0527866186782615 0.152324558811386 0.115389913022304
"ufb119" 0.602653699002515 0.622327873196549 0.178575314751172 0.107048828064486 0.115537195279954 0.0539878260425862 0.136013863817784 0.100862291042592
"ufb120" 0.605317016156778 0.632558484560346 0.181993298308397 0.130771582027977 0.116710513619262 0.0617606977244396 0.137783583781403 0.106057141231643
"ufb121" 0.635436412096877 0.587945527641385 0.156879176786002 0.392726517886791 0.111889051222975 0.0573747222299042 0.0606967408726833 0.0705402840633531
"ufb122" 0.622414255338327 0.560721881778171 0.143877578609532 0.368955746118624 0.102083393473843 0.0618397953406056 0.0580447451680989 0.0555899428298809
"ufb123" 0.73917146521128 0.770569754606436 0.227706564509688 0.517781349786597 0.169842915401827 0.0949319366102124 0.123125082946078 0.161117828493159
"ufb124" 0.705113398126583 0.679228699063964 0.193000748909211 0.333109847330749 0.136240176971018 0.066486031682824 0.111633687255383 0.121769925261384
"ufb125" 0.737617367773479 0.709240151449464 0.211572758322482 0.487945915338383 0.154732829220037 0.0803437624131319 0.105060393934972 0.142701012162905
"ufb126" 0.684912853640174 0.633172473061413 0.190086286145175 0.357761356169081 0.128319911912796 0.0721907265280705 0.0974019373504254 0.106052580613656
"ufb127" 0.669922002954244 0.696379757697101 0.202126122325805 0.248746930016787 0.139184104216783 0.0832833088496736 0.152617319741032 0.116638320689491
"ufb128" 0.6060920259062 0.615258432064927 0.172923953675973 0.119186281277359 0.109404450638862 0.0491267079578451 0.129013990655392 0.0893230675215514
"ufb129" 0.627352215521941 0.533855847548794 0.156440816854848 0.441229967588627 0.114084330361739 0.0615426184169565 0.0414992589506591 0.0685608774559731
"ufb130" 0.658486397046454 0.653345561446268 0.19018069969593 0.247487586235679 0.128450284982027 0.081415637919229 0.132004000427607 0.117255109271928
"ufb131" 0.710843373493976 0.695174783388109 0.175036373508068 0.710781104740646 0.138735406150678 0.0643772859871876 0.0334821701545034 0.0980306411004659
"ufb132" 0.61842269522166 0.665250019437378 0.195578394092143 0.107141767686209 0.125256517916111 0.0470271984636207 0.153911682817569 0.121308091813201
"ufb133" 0.738095238095238 0.622639672960872 0.149791928037487 0.737966296728697 0.120471176335093 0.0549303251801948 0.00541751135441873 0.0641016698655074
"ufb134" 0.746987951807229 0.742747505755948 0.175652781471845 0.74676214062798 0.142067520016365 0.0679219799636263 0.0349599506736313 0.108171108594846
"ufb135" 0.602233640592203 0.589955379705708 0.172395169399668 0.160775807177018 0.112071155622649 0.052230545499233 0.116016078612868 0.0933662522643221
"ufb136" 0.61123050283048 0.631524793482614 0.185822383809832 0.107095622386412 0.116689070285724 0.0500321630127534 0.144392767088978 0.107666936043085
"ufb137" 0.60972528675518 0.636275047664572 0.18610162984999 0.0956484008973636 0.117957890868028 0.0538100698189281 0.144693570587064 0.107479228840203
"ufb138" 0.579356370590916 0.616341952602542 0.173090732371024 0.0867608633614725 0.110134751489886 0.0428877472032718 0.130606932293369 0.100096356111684
"ufb139" 0.613016395347659 0.656449441307908 0.196167780734694 0.107065690578952 0.127094558990027 0.0569892435063755 0.15531680381674 0.118032956065446
"ufb140" 0.687135520971408 0.683220683461738 0.179764821130439 0.271607541664575 0.128462430239834 0.0680625324530436 0.126662548573568 0.0883276373758777
"ufb141" 0.808101517477811 0.796522532569575 0.197997675354341 0.666440131277334 0.1513270844856 0.0921532358768168 0.0896513888149058 0.15013517609366
"ufb142" 0.621328742899807 0.654572609535888 0.184596786584439 0.142950593692652 0.123669730486614 0.0598322760269371 0.138612269816589 0.11093219824943
"ufb143" 0.777106049989346 0.789793822576823 0.191457781765381 0.64079284536531 0.14415256418189 0.0908206217602295 0.0819108898528263 0.116315598737215
"ufb144" 0.68597673611451 0.653832865910661 0.191793928821806 0.306699645305351 0.130287549068267 0.0709248743063285 0.11045365495873 0.118513202141029
"ufb145" 0.593082876200451 0.54473415590695 0.156212875211498 0.178691548670916 0.0998682817426888 0.0526040431053877 0.103754929805999 0.072011484312785
"ufb146" 0.62487168895361 0.606512922090172 0.179632391289617 0.195805785364044 0.11589749301128 0.0617755162310243 0.12055193227655 0.101750615925398
"ufb147" 0.686785322561042 0.658591549295775 0.203716923155355 0.431930332875263 0.14730123338113 0.0753398105705046 0.0956585767944335 0.120942366757995
"ufb148" 0.603547957183178 0.619666553586419 0.176533357994472 0.109962174655257 0.112357074144715 0.0489100068180602 0.133416388997617 0.0938648662855923
"ufb149" 0.65102138797791 0.540794246802011 0.154221577137598 0.449328034006382 0.11026827340919 0.0591500287622269 0.0396889960321709 0.0671050181819174
"ufb150" 0.654123386678344 0.687088601427562 0.189731171450819 0.216214901350804 0.130862409290916 0.072010828938197 0.134680784983538 0.119315604949883
"ufb151" 0.695121951219512 0.735729548229548 0.201153432143122 0.695045270857535 0.161794853104013 0.0737618096161641 0.0652078315982846 0.127262752240013
"ufb152" 0.703131355557758 0.679554699985471 0.194110675071451 0.333109847330749 0.136194228643768 0.0664288333595268 0.112855523596414 0.122526882105574
"ufb153" 0.597353479944882 0.62874063667577 0.180576478596038 0.14296315284817 0.116377102604547 0.0536147746173667 0.137670602394616 0.101641396406138
"ufb154" 0.609205775795001 0.597435970512236 0.176693012935764 0.214616315930619 0.121288302294909 0.0756481078748113 0.108679301289423 0.0997615485716999
"ufb155" 0.606017852592302 0.638020957387992 0.179588267104816 0.143058080130084 0.117323739094686 0.0597339376767011 0.133319830406778 0.107569341314035
"ufb156" 0.674698795180723 0.663125496425735 0.167564990073465 0.674882451645667 0.12872319417501 0.05830678406769 0.0256531644939234 0.0718025827936934
"ufb157" 0.594706706044123 0.542906964816904 0.152225935662542 0.296542857987793 0.101722208945376 0.0628728871286519 0.0671028120774737 0.0684015994131821
"ufb158" 0.598238504706924 0.625732808972319 0.172731079010086 0.131090453265388 0.111953617542621 0.056621666894091 0.127156781521004 0.0998691178278732
"ufb159" 0.608419990445412 0.649413206632233 0.19019730951509 0.107025970354568 0.124181070020347 0.0510487591242663 0.148843281565178 0.11410294018701
"ufb160" 0.630774291152393 0.627497153907334 0.174348133161836 0.13119761355816 0.11602048333756 0.0515700845632136 0.130513411294011 0.0870099343994045
"ufb161" 0.69047619047619 0.696743952456684 0.172958696238318 0.690362497269488 0.132829214349484 0.0620884917667982 0.032518244376011 0.0860514723998651
"ufb162" 0.673648640370826 0.641070944229454 0.175099433234763 0.212835252546588 0.11805182138838 0.0596962700753727 0.125767334218488 0.0823109007570578
"ufb163" 0.63344662021533 0.650674156304717 0.187460609326775 0.22906228426795 0.124571529237741 0.0686628996971396 0.12910219091462 0.101912776626557
"ufb164" 0.600581516420783 0.626637602481847 0.179994008548049 0.0975885973858368 0.116587835030973 0.0483948867944607 0.137864875441084 0.103247748532826
"ufb165" 0.718096301305564 0.713982909459541 0.19022633289972 0.384182011770063 0.138380270320209 0.0920900857898134 0.1320767357668 0.1021181870929
"ufb166" 0.632047225744813 0.663075886092142 0.196935977015399 0.118685268473584 0.130133878042384 0.0526561242542669 0.153578340378445 0.117201176535834
"ufb167" 0.554836526723597 0.513380580546597 0.146744725548147 0.201775560605771 0.0939470787042346 0.0563004463069903 0.0813225157089547 0.0749754662176521
"ufb168" 0.663019389211439 0.626574094336244 0.182401088422583 0.317637519667299 0.126206666300114 0.0690031970927672 0.100193108269748 0.106581683976638
"ufb169" 0.668204285430096 0.689283543728282 0.19912225183529 0.248627843941826 0.134630736598719 0.0804812368863839 0.147271781423353 0.116274605686166
"ufb170" 0.617283950617284 0.509176470588235 0.148599983346936 0.607537275246217 0.107408637606323 0.0459367957267299 0.000112928426783685 0.0262708384979597
"ufb171" 0.647133604677848 0.7124089540778 0.200724294382694 0.224505016161351 0.14311904707797 0.0779267270168567 0.143327855799496 0.127263673462452
"ufb172" 0.723238055090287 0.720619337319512 0.188117749049975 0.560895294414564 0.146899848255662 0.0827332540384955 0.0781577704115548 0.129531737988075
"ufb173" 0.604299939705227 0.64423143432343 0.187139176668694 0.123211041638018 0.122924219330231 0.0575658326233342 0.144546984334505 0.111036866736585
"ufb174" 0.620207572878441 0.633889324430267 0.185614581790364 0.147194306924369 0.120128190388355 0.0570788574685251 0.141641848483976 0.105378045979037
"ufb175" 0.591116148341289 0.58690912496574 0.160066854606088 0.119216844364594 0.102695665226121 0.0447278086780534 0.114714672000954 0.079443120844313
"ufb176" 0.6681993281388 0.67458103875474 0.186127196259569 0.271665993429925 0.124990404777831 0.0778839970483293 0.130773721967212 0.106720167509904
"ufb177" 0.665598753185461 0.627483245572044 0.176473362628863 0.478783148642935 0.128515691459739 0.0733735070095563 0.0646439323090508 0.0962835291100489
"ufb178" 0.619047619047619 0.637006103437199 0.178141001221922 0.618747994789366 0.134540430829897 0.0610664646737444 0.0385805601284546 0.0857216550127064
"ufb179" 0.73306309000341 0.739719943570719 0.189270422775292 0.582948457062227 0.14367798570884 0.0864340595306418 0.0797451304155819 0.129120179418019
"ufb180" 0.678571428571429 0.722406442444339 0.189465730662479 0.678386498258463 0.144923965335667 0.0673239649241051 0.051828349653938 0.110594755771478
"ufb181" 0.719200646990945 0.711025595131555 0.213083152869293 0.49366012460546 0.155600414641805 0.0865337701647829 0.106480415825768 0.132191899355776
"ufb182" 0.684425199554372 0.664322903823527 0.191041965135655 0.359841617790525 0.131542815994211 0.0827221486250249 0.117895561248092 0.117675146052262
"ufb183" 0.658068508567645 0.693570562728301 0.211993870592546 0.285679374106502 0.147302306270205 0.0888186059722349 0.132990217415929 0.133230090973134
"ufb184" 0.596864540144059 0.639948609317738 0.182762049004239 0.0953734994928384 0.11602607282546 0.0412122399721916 0.14117880393889 0.10719209381023
"ufb185" 0.613084842215601 0.569260095255581 0.155728304899463 0.195876532279864 0.102133106028015 0.0538941146109533 0.085708447396404 0.0689777006102022
"ufb186" 0.648844243620814 0.597971098137584 0.1681179428704 0.282288872085743 0.111133044084387 0.0642148782508104 0.0929601275820033 0.0902184160896754
"ufb187" 0.609045752783522 0.645531495272474 0.190434264799633 0.11090383685138 0.124779495040699 0.0521141223819022 0.149091657925541 0.113980302796549
"ufb188" 0.660683089181768 0.605178455690918 0.169627456105337 0.342704776785398 0.112618469923251 0.0697376000327731 0.0861731149004482 0.0793681000943595
"ufb189" 0.581810677065535 0.535047947840484 0.150650990341499 0.158863883832049 0.0962225547811344 0.0505854604697912 0.0997651133479587 0.0660982635176618
"ufb190" 0.621613847275281 0.611134417822586 0.179518562312375 0.202818801021306 0.116516996681016 0.0579619797450874 0.120429905671619 0.105362668045923
"ufb191" 0.583429511482078 0.60058121081057 0.168970808157484 0.107397245387795 0.108341116193477 0.0472485456200256 0.125455118088242 0.092005085643702
"ufb192" 0.667119512778709 0.665563907893585 0.20392044570048 0.285556350499962 0.134444231271129 0.073702082742174 0.131696745345651 0.140555101476286
"ufb193" 0.597053835091013 0.613546162731118 0.176308922057123 0.107042599752505 0.113539014257938 0.0428714154483841 0.133149585982575 0.098914009825661
"ufb194" 0.718191019627082 0.620258557126706 0.169076947064239 0.452095683441447 0.123798481766809 0.0758874823406941 0.0742860213897494 0.0783517700852959
"ufb195" 0.55839988312268 0.521686902444831 0.146931400961195 0.122251312070674 0.0939183092729765 0.0448968495618844 0.097422501979778 0.067738214948258
"ufb196" 0.615649710880328 0.667350659340276 0.19774935210491 0.119132611972477 0.128981193364633 0.0585473286436345 0.155141059883352 0.122166805217345
"ufb197" 0.682824859070219 0.646537114450345 0.178524167917831 0.331977213594455 0.119541798953395 0.0790791156531668 0.110659530712354 0.0919582957213261
"ufb198" 0.586709849859432 0.590136126686711 0.156845930478877 0.155074890984816 0.1045925782743 0.0519540876243165 0.107973519566857 0.0793680681637715
"ufb199" 0.56108995999243 0.507327740280494 0.141872318754646 0.237424837731699 0.0953990376114228 0.0551060803260579 0.0642809268852279 0.0652972582354331
"ufb200" 0.714285714285714 0.683282842192234 0.172858785466829 0.71407567234174 0.13579496471889 0.0648394058023996 0.0324013676877893 0.0776804386838989
"ufb201" 0.608668250429495 0.611903797012372 0.18098640511745 0.193005745871416 0.117243725086147 0.0577045483499167 0.125165286335499 0.105812794178569
"ufb202" 0.670731707317073 0.665023492259108 0.175337372369478 0.670634461092031 0.136583281956155 0.0633528207500354 0.0336457587159566 0.0986197797914358
"ufb203" 0.694947330004505 0.68676195507832 0.182415574007464 0.452248592272417 0.132418764609277 0.0813684385963923 0.0891463064344174 0.109352626958557
"ufb204" 0.723649438797202 0.722606657551829 0.179167193707115 0.520602654573375 0.133054079249653 0.0840161129740149 0.0853424307091097 0.109605954177776
"ufb205" 0.607133310417338 0.642079455232729 0.18295235412142 0.119038808544859 0.118462927639896 0.0433745575289047 0.14138197507912 0.108132158796645
"ufb206" 0.60940711118234 0.638464646671304 0.184603394096189 0.123350291990662 0.119098890235123 0.0614131118756571 0.141278328183189 0.106770863788586
"ufb207" 0.608700562753657 0.601234338614512 0.175976117900014 0.180898018335299 0.113191828727751 0.0585073638815546 0.119813515362916 0.0975249426880206
"ufb208" 0.78837711017493 0.787335872506766 0.203600195425003 0.65465804501009 0.16112281645002 0.0962590059255166 0.0960107798150724 0.153080746399828
"ufb209" 0.63038473764947 0.651947980533942 0.186623101622441 0.19415507695657 0.123314306045396 0.0665545656180321 0.137955806690478 0.109290627217942
"ufb210" 0.649582732977094 0.656665009917271 0.187394416968988 0.238880965724661 0.125015338417699 0.0782548929734869 0.134763599054952 0.111288047077429
"ufb211" 0.56840672108431 0.51696205851411 0.144426199580591 0.165742917453491 0.0881202022635366 0.0513580716347048 0.0862946622032418 0.0648394710287433
"ufb212" 0.698795180722892 0.698588604286461 0.167227549805635 0.698585767322078 0.130882496085035 0.0600943393088432 0.025258198096293 0.0734745385614225
"ufb213" 0.657524228977737 0.62735630803573 0.17750179286078 0.271681218203295 0.117998278021253 0.0727461738698185 0.118367909653826 0.0990300321921519
"ufb214" 0.648514230446755 0.610377942728549 0.170424430095439 0.271419188045503 0.114059256627423 0.0684585851770607 0.10679535210435 0.0937078537868299
"ufb215" 0.735953331147261 0.750583598605427 0.207794610417827 0.544951880643136 0.152480035058251 0.0924156904969939 0.10051671637153 0.133084132548027
"ufb216" 0.75 0.737903979077153 0.176668406118055 0.749823551423881 0.140878644644625 0.0677393636616504 0.0368579026385167 0.0879371075422476
"ufb217" 0.659799168938457 0.561892453784346 0.144097327212854 0.330561663474055 0.0989918532386045 0.0643118866443702 0.0667628317283006 0.0425851560391322
"ufb218" 0.611162970740323 0.595625930094326 0.171114604789379 0.202683585223267 0.112183257578561 0.0571977636998781 0.114657426320185 0.095932181210124
"ufb219" 0.743603984800279 0.745061056704147 0.197439372117769 0.426438496613786 0.145240132737422 0.0934281176117762 0.124908990942133 0.122751880099336
"ufb220" 0.714230127506783 0.724670951943679 0.190601497072964 0.407747972370334 0.140705438279136 0.0933769981604074 0.123675958913856 0.111431358241972
"ufb221" 0.611410962582939 0.654557181562462 0.194575253822789 0.107065690578952 0.126674588099499 0.0566320474069728 0.153643344244311 0.117417635558484
"ufb222" 0.674512584854275 0.56310958118187 0.139275768256548 0.566849225675073 0.102918171488274 0.0616348530864911 0.0222770116635768 0.0396494266552643
"ufb223" 0.606929520639624 0.635246832678025 0.183800833150566 0.12334829218831 0.118448267290934 0.0472818472522697 0.139692435401053 0.106793074887649
"ufb224" 0.618976730094617 0.625174566792543 0.167268126101639 0.16603051042033 0.113254728343026 0.0548745050167343 0.120278287356104 0.0851482016961744
"ufb225" 0.710124910782155 0.661190436812026 0.157217122898681 0.516315074802636 0.11635253892525 0.0744841469901553 0.0605768834989079 0.0603516735795862
"ufb226" 0.700246390716758 0.699899371787913 0.183016662801954 0.37997212438498 0.135150346754452 0.0899489802180271 0.124304838278071 0.0958437077070764
"ufb227" 0.734939759036145 0.736700336700337 0.170493277786874 0.734762604375224 0.130704154795316 0.061389116055134 0.029617524023627 0.0823407157311519
"ufb228" 0.600877417208256 0.653714848192439 0.192574345576828 0.0953771103814981 0.124312252367649 0.0519588832908054 0.151540749284865 0.116815380774323
"ufb229" 0.655830598232897 0.621379467631056 0.178416381649785 0.27349618001804 0.120041061780723 0.0702423151523851 0.110473650540566 0.101614285257616
"ufb230" 0.661282473639016 0.588164066092394 0.183238084083215 0.274760578463716 0.124154621984741 0.0735023149124318 0.115602400957368 0.0982501543434431
"ufb231" 0.769553399170439 0.685995299852032 0.175669540177984 0.499729091627047 0.128653078770341 0.0783386165003945 0.0816306913674579 0.0828920667602465
"ufb232" 0.668581787544099 0.674474848194115 0.187911740434485 0.283403439891165 0.126003481743581 0.0828869046525456 0.129527782011115 0.111094740890691
"ufb233" 0.548847923032313 0.507810990765902 0.13773439410303 0.146428316583461 0.0838889612132566 0.0472619008202577 0.0819076276326823 0.0564313550081631
"ufb234" 0.662844343092133 0.684922396455157 0.210985760216873 0.313201554412602 0.14930416144767 0.0916049335512825 0.13191295902623 0.135071120965234
"ufb235" 0.586577214051092 0.528021938848261 0.152989028613192 0.154430445214569 0.0915787672098586 0.0510452631059393 0.0980661601355201 0.066409122380194
"ufb236" 0.695121951219512 0.694436112777445 0.178782900826111 0.695045270857535 0.141667388002018 0.0657088813846874 0.0376832898541133 0.108499763301539
"ufb237" 0.704863646143334 0.706816059757236 0.174779607678234 0.585310889252239 0.134497001519497 0.0814834230531091 0.0630131334074776 0.100941781512551
"ufb238" 0.638044007639668 0.669126704216455 0.19169942954815 0.154089363806368 0.129661851687614 0.0615768975138685 0.139373110203905 0.116470349804691
"ufb239" 0.617738662205223 0.657113225011431 0.194678507666029 0.118641115629526 0.129157071195073 0.0638097643330571 0.149282610179444 0.119012927148488
"ufb240" 0.674894983591211 0.65187441898703 0.180974508848454 0.177661251311297 0.120952550644951 0.0576615108487631 0.134816977724185 0.0884978559581496
"ufb241" 0.617866140058664 0.628785069108813 0.168724489622955 0.154103443235757 0.113094752926138 0.0552746470577069 0.122905652939281 0.0864339577718676
"ufb242" 0.597956088596422 0.622744541326214 0.177019659606207 0.158128115578771 0.114817284911643 0.0510110113458229 0.132586869583605 0.100334457091239
"ufb243" 0.590860777625065 0.608369426118798 0.175919073877778 0.107426036581629 0.110650082339455 0.0491580042240789 0.133243345182367 0.0971409349910151
"ufb244" 0.595560625842701 0.53308461893401 0.149446465022316 0.224694531697946 0.0965496416112792 0.0558101603741488 0.0883418882328331 0.067439514444161
"ufb245" 0.594479046770512 0.640128641107897 0.180133670735457 0.131090453265388 0.117464780917732 0.0596589235800167 0.134967182495486 0.10880508668132
"ufb246" 0.599555717629357 0.656188961486563 0.188442465776903 0.120502507771576 0.122348534369121 0.0611984634077972 0.145339352973927 0.11661162293072
"ufb247" 0.663316550994677 0.681469899747258 0.203842330545848 0.262175396575405 0.136899198269236 0.0895980639563398 0.13818254890724 0.123953199017852
"ufb248" 0.628528934204171 0.649145435409589 0.190411199692507 0.106754112179863 0.124806483613782 0.0416352718644642 0.147424578014778 0.111040987702519
"ufb249" 0.641921937883987 0.649810618645757 0.198783938163517 0.277122098389422 0.141307796671898 0.0812758619635126 0.118291152129384 0.120409972208712
"ufb250" 0.713080880642275 0.725260617264931 0.196718555682502 0.414533667123443 0.145197621805101 0.0931842957347148 0.116183435127294 0.129777456418339
"ufb251" 0.67985752855299 0.628389239596751 0.180289636639401 0.346838152850605 0.12155808299101 0.0717604346212554 0.0977773252279091 0.0940028584132317
"ufb252" 0.596154989480452 0.565578238917448 0.158453100968807 0.189545741132692 0.102556012407611 0.0515320912224563 0.103850061819749 0.0787966724112031
"ufb253" 0.753188565504782 0.76204621329618 0.201556712172068 0.536546770690397 0.156802103700684 0.100157384758962 0.110291168600368 0.146263177605686
"ufb254" 0.631496726247647 0.615619591872805 0.168973527549149 0.15867811654441 0.113333765433873 0.0488757815707131 0.1232193293995 0.0795987584348432
"ufb255" 0.551016982442657 0.519324039471966 0.14130500024478 0.130743243946647 0.0907343644585083 0.0415209249807466 0.0939623559792019 0.0613551794111817
"ufb256" 0.701093090701358 0.700156782756941 0.183213067376125 0.381416715528523 0.134022380404729 0.0861203992952765 0.12059806848517 0.0999350373333994
"ufb257" 0.654580089957857 0.619871729614171 0.174333910723044 0.285160671048887 0.12122431755684 0.0700227189642918 0.0995144644129051 0.0957552442609038
"ufb258" 0.667111461307193 0.707424461398851 0.202145822985683 0.227056557542164 0.143764954619441 0.0724097078928128 0.144860027072236 0.128908543163735
"ufb259" 0.659322109887429 0.686982897272547 0.196247218470322 0.189015403598607 0.136309656479113 0.0709909388845691 0.141645953189634 0.120979120739663
"ufb260" 0.668935534558849 0.693396132162992 0.19440470756751 0.236231793182894 0.136372735924951 0.0647302732869938 0.136554455895837 0.118189076836714
"ufb261" 0.634991760377954 0.569173395126543 0.1599466914374 0.292989222486096 0.107447906718807 0.0630162651068113 0.0839895735394108 0.078491432656631
"ufb262" 0.628936679768882 0.674586557573185 0.18972890636726 0.167839708053933 0.131595055953139 0.0649598414104395 0.134678366008184 0.114284766383031
"ufb263" 0.605121978096453 0.647724057787607 0.18695263191158 0.132044288954446 0.124815875374643 0.0660799139773285 0.139837982458585 0.111800160419527
"ufb264" 0.738857922870303 0.692023144365186 0.167716382190968 0.485309863485725 0.122068351202146 0.0829467800546661 0.0839384429030004 0.0765850311985895
"ufb265" 0.653762621073807 0.669901941753284 0.201387022597227 0.264943258715075 0.138409479631374 0.0866699840742098 0.129374922442265 0.125551943438708
"ufb266" 0.774520103159264 0.764092713535664 0.190342657326432 0.639073895796679 0.149822822887233 0.0880151475896128 0.0806840165559913 0.14125877614893
"ufb267" 0.595378356192715 0.622999886518384 0.177576103749761 0.0956440344960507 0.112610469099312 0.0397310408126934 0.135780292637338 0.102448755265311
"ufb268" 0.650111575061486 0.655996993364758 0.18949409483147 0.250748187994693 0.127444060520806 0.0804225562648244 0.134369611522333 0.114528401456504
"ufb269" 0.599180139057899 0.584855881589198 0.159108381536538 0.16689699434073 0.10841403879401 0.0551639989498418 0.110406204680451 0.0692974096481529
"ufb270" 0.587108724506845 0.613194816820516 0.171335227597763 0.0836923507851932 0.109211704182963 0.0389531319201016 0.129170217886355 0.0975182294068534
"ufb271" 0.601647799695242 0.52445176901634 0.141593950298074 0.24841680446161 0.0936602468324119 0.0575536599966017 0.0798979214729244 0.0536349220970478
"ufb272" 0.630302857204372 0.638472784622513 0.18600567676958 0.150672658875115 0.119583173063263 0.0563245623492562 0.141169277296293 0.10531755613745
"ufb273" 0.663116432950037 0.633618443904133 0.179393962860121 0.311500333883827 0.120179786716456 0.0717604140847029 0.105194340582717 0.105194408138631
"ufb274" 0.674411738293368 0.680809664081291 0.18198385181894 0.511645697252124 0.136430002272154 0.0785818382379644 0.0714741821320491 0.107326389720611
"ufb275" 0.713326818621413 0.733028589759012 0.194075407855893 0.499696820789508 0.143194203838075 0.0953083995619232 0.102136283236273 0.126877348770428
"ufb276" 0.719720949352069 0.708423951044736 0.186353891907866 0.410527156849315 0.133988273431674 0.0897195756525016 0.119119555332884 0.106322904324338
"ufb277" 0.542955761314211 0.506342948240278 0.137165949311458 0.142313684201534 0.0836173709683532 0.046975665556165 0.0836260975111142 0.0567889311637637
"ufb278" 0.594935719231355 0.544897456825631 0.150803147969675 0.189498896682127 0.0952969234403384 0.0584648926626577 0.085750318139364 0.0593202997053292
"ufb279" 0.691021568006653 0.657704050631956 0.183070410899634 0.218859794855339 0.123987454812202 0.0614744409386543 0.134224992629095 0.0895708216045538
"ufb280" 0.610248132580071 0.568732727157655 0.152114493701829 0.344353919752294 0.103726091174378 0.0631495634842982 0.0669801804753302 0.0651309287825031
"ufb281" 0.574972735665887 0.592494395830726 0.16374353342014 0.0836982213125156 0.104321466615819 0.0374848364318285 0.121037894037846 0.0897094945082072
"ufb282" 0.618386490476254 0.649327143295801 0.190629210986793 0.118641115629526 0.125187353517645 0.0608332299605853 0.145005055023695 0.115824980898318
"ufb283" 0.631409905069989 0.632996332865527 0.174194351274462 0.201699547614443 0.116167194029962 0.0722052516833016 0.122841707879795 0.0907662623126088
"ufb284" 0.717553198072906 0.736920556920557 0.201436106301348 0.464071856793352 0.150941393266559 0.0981321211273948 0.121373956347542 0.138308677923107
"ufb285" 0.697388598612754 0.689203739927857 0.176444649535402 0.391042005237748 0.124836408118559 0.0698154514832741 0.0939102348020543 0.0964904663237529
"ufb286" 0.640880000244988 0.652941965683278 0.189095550415894 0.202480207170223 0.125179065126149 0.0696133930420601 0.13091653569483 0.104057791196872
"ufb287" 0.590271185474923 0.61816177623897 0.172908764221506 0.142947756275862 0.113339961439476 0.0571972602966014 0.127370891439051 0.0920903902936653
"ufb288" 0.559231808047275 0.511841847033756 0.138165426712061 0.165959076379633 0.0855550727123851 0.0477730585562614 0.07622298036683 0.0535162645002759
"ufb289" 0.713770811169683 0.650537444310869 0.156273619335565 0.485946358457439 0.111513431408621 0.0718101231733625 0.0596498184080467 0.0681497501693783
"ufb290" 0.696942995405055 0.628417314392924 0.153697705383533 0.39061282979259 0.107809477878875 0.0712786945778012 0.0683802158448884 0.0621301093060213
"ufb291" 0.697309532706179 0.696205462303644 0.184655892554937 0.290626011528669 0.133457597075413 0.0769135269253953 0.12923524029311 0.0946132039959277
"ufb292" 0.602686164045873 0.637212824427481 0.182832413677458 0.12172528605751 0.118611128812777 0.054476764174279 0.140016650584562 0.105367030479253
"ufb293" 0.600654659109461 0.632439262065103 0.180534873604662 0.130470072212826 0.11754493427858 0.0491340729523483 0.13699326511356 0.104264488447045
"ufb294" 0.63855421686747 0.555435103971617 0.154430394887717 0.638291038900168 0.116638385675157 0.0511585837418424 0.0108266695777262 0.0457879466812346
"ufb295" 0.628391403979302 0.653226590849575 0.193621510176525 0.106737698310757 0.127624035281966 0.047527887981087 0.150084924608064 0.115004474513662
"ufb296" 0.722502774574883 0.740296669793621 0.211254947101564 0.509084419298922 0.154489412878687 0.0916599976893744 0.104445640667777 0.139528466736214
"ufb297" 0.619270486864006 0.655653995034885 0.190314214787718 0.130464232651032 0.126043234008821 0.065465306464237 0.141888019345316 0.115542188367676
"ufb298" 0.62502572195362 0.656010444980607 0.192078768105919 0.119960451187759 0.126587099909746 0.0608995014993931 0.145263139572309 0.116648845376747
"ufb299" 0.634842502251011 0.666815462905098 0.199298549581763 0.118641115629526 0.13127848358505 0.0623904522599022 0.154163083427493 0.122859677322333
"ufb300" 0.660511268902274 0.706183117010954 0.197022671808413 0.237261773389308 0.139464452036266 0.0732299797520344 0.139360417623352 0.123294748469719
"ufb301" 0.609512204462614 0.644386288503645 0.186862484960001 0.113904732758461 0.121802168577563 0.0587925987904764 0.143654689554521 0.110699966075474
"ufb302" 0.58200575750048 0.600126388390042 0.173506269108112 0.1237159286348 0.109430204886064 0.0501090336942829 0.130228072155822 0.094910315215126
