NA NA NA 0.1705166 NA
0.1671056 NA 0.2006708 NA NA
0.1706968 NA 0.02897686 0.2332051 NA
NA 0.3192441 0.09292745 0.05506298 0.157915
0.1111025 0.1265425 0.2432251 0.1542784 0.294529
0.08794273 0.193194 0.148073 0.1508511 0.1693733
0.1230405 0.1181545 0.05944687 0.1525001 0.006251845
0.1229896 0.05803727 0.08197692 0.3030903 0.2853484
0.3114368 0.07808941 0.02900048 0.09026588 -0.01223891
0.05724768 0.1840711 0.03359814 0.06660162 0.02051664
0.07128119 0.02284657 -0.01933815 0.1281204 0.08577909
0.1284868 0.0880833 0.2216851 0.03213134 0.07723767
-0.001374657 0.05071511 0.02031066 0.1933885 0.0744217
0.08296567 0.1498289 0.04268892 0.05230165 0.04771713
0.03623218 0.204648 0.0808469 0.02032443 0.04670219
0.02346567 0.09375584 0.02203246 0.1081804 0.0152864
0.02583253 0.003050903 -0.008943752 0.01216796 0.05352095
0.04134473 0.07033029 0.06949653 0.04892593 0.07694863
0.0276261 0.04209226 0.02318406 0.03332401 0.000247655
0.01134152
