NA NA NA NA 0.1002309
0.08054418 NA 0.1279741 0.1567786 0.1316197
NA NA NA NA NA
NA NA 0.2763362 0.2217612 0.0877098
0.2647245 0.1450654 NA NA 0.1431545
NA 0.1331056 0.02352787 0.1579413 0.2883337
NA 0.02540315 0.08577967 0.2293544 0.09419322
0.124465 0.1126803 0.251582 0.08015117 0.1648649
NA 0.2236373 0.04484156 0.1418665 0.04106393
0.1183777 0.06225536 0.2449283 0.08940832 0.1045619
0.1072816 0.07661522 0.03435891 0.0652984 0.1050298
0.1530567 0.03134375 0.05395482 0.1369024 0.02639232
0.1777347 0.07557226 0.0469859 0.1566053 0.1842537
0.1138071 0.1382351 0.03043592 0.03133878 0.04509892
0.06038521 0.009299217 0.1836138 0.1971967 0.01858435
0.05526638 0.03096928 0.0978641 0.05788888 0.08644859
0.05478699 0.07366452 0.01155325 0.06373852 0.03353469
0.03750714 0.03591185 0.03391088 0.01500925 0.04718483
0.06415086 0.03620143 0.00653792 0.01717362 0.06166936
0.06067802
